{ :name "Armature|mage_idle_pass" :length 3.333333 :bones { 
	"Skelet" [
		[ 0 [ 0 1 2 3 ] ]
		[ 0.04166667 [ 0 1 2 3 ] ]
		[ 0.08333334 [ 0 1 2 3 ] ]
		[ 0.125 [ 0 1 2 4 ] ]
		[ 0.1666667 [ 0 1 2 5 ] ]
		[ 0.2083333 [ 0 1 2 6 ] ]
		[ 0.25 [ 0 1 2 7 ] ]
		[ 0.2916667 [ 0 1 2 8 ] ]
		[ 0.3333333 [ 0 1 2 9 ] ]
		[ 0.375 [ 0 1 2 10 ] ]
		[ 0.4166667 [ 0 1 2 11 ] ]
		[ 0.4583333 [ 0 1 2 12 ] ]
		[ 0.5 [ 0 1 2 13 ] ]
		[ 0.5416667 [ 0 1 2 14 ] ]
		[ 0.5833334 [ 0 1 2 15 ] ]
		[ 0.625 [ 0 1 2 16 ] ]
		[ 0.6666667 [ 0 1 2 17 ] ]
		[ 0.7083334 [ 0 1 2 18 ] ]
		[ 0.7500001 [ 0 1 2 19 ] ]
		[ 0.7916667 [ 0 1 2 20 ] ]
		[ 0.8333334 [ 0 1 2 21 ] ]
		[ 0.8750001 [ 0 1 2 22 ] ]
		[ 0.9166667 [ 0 1 2 23 ] ]
		[ 0.9583334 [ 0 1 2 24 ] ]
		[ 1 [ 0 1 2 25 ] ]
		[ 1.041667 [ 0 1 2 26 ] ]
		[ 1.083333 [ 0 1 2 27 ] ]
		[ 1.125 [ 0 1 2 28 ] ]
		[ 1.166667 [ 0 1 2 29 ] ]
		[ 1.208333 [ 0 1 2 30 ] ]
		[ 1.25 [ 0 1 2 31 ] ]
		[ 1.291667 [ 0 1 2 32 ] ]
		[ 1.333333 [ 0 1 2 33 ] ]
		[ 1.375 [ 0 1 2 34 ] ]
		[ 1.416667 [ 0 1 2 35 ] ]
		[ 1.458333 [ 0 1 2 36 ] ]
		[ 1.5 [ 0 1 2 37 ] ]
		[ 1.541667 [ 0 1 2 38 ] ]
		[ 1.583333 [ 0 1 2 38 ] ]
		[ 1.625 [ 0 1 2 38 ] ]
		[ 1.666667 [ 0 1 2 38 ] ]
		[ 1.708333 [ 0 1 2 38 ] ]
		[ 1.75 [ 0 1 2 38 ] ]
		[ 1.791667 [ 0 1 2 37 ] ]
		[ 1.833333 [ 0 1 2 37 ] ]
		[ 1.875 [ 0 1 2 36 ] ]
		[ 1.916667 [ 0 1 2 35 ] ]
		[ 1.958333 [ 0 1 2 34 ] ]
		[ 2 [ 0 1 2 33 ] ]
		[ 2.041667 [ 0 1 2 39 ] ]
		[ 2.083333 [ 0 1 2 31 ] ]
		[ 2.125 [ 0 1 2 30 ] ]
		[ 2.166667 [ 0 1 2 29 ] ]
		[ 2.208333 [ 0 1 2 28 ] ]
		[ 2.25 [ 0 1 2 27 ] ]
		[ 2.291667 [ 0 1 2 26 ] ]
		[ 2.333333 [ 0 1 2 25 ] ]
		[ 2.375 [ 0 1 2 24 ] ]
		[ 2.416667 [ 0 1 2 23 ] ]
		[ 2.458333 [ 0 1 2 22 ] ]
		[ 2.5 [ 0 1 2 21 ] ]
		[ 2.541667 [ 0 1 2 20 ] ]
		[ 2.583333 [ 0 1 2 19 ] ]
		[ 2.625 [ 0 1 2 18 ] ]
		[ 2.666667 [ 0 1 2 17 ] ]
		[ 2.708333 [ 0 1 2 40 ] ]
		[ 2.75 [ 0 1 2 15 ] ]
		[ 2.791667 [ 0 1 2 14 ] ]
		[ 2.833333 [ 0 1 2 13 ] ]
		[ 2.875 [ 0 1 2 12 ] ]
		[ 2.916667 [ 0 1 2 11 ] ]
		[ 2.958333 [ 0 1 2 10 ] ]
		[ 3 [ 0 1 2 9 ] ]
		[ 3.041667 [ 0 1 2 8 ] ]
		[ 3.083333 [ 0 1 2 7 ] ]
		[ 3.125 [ 0 1 2 6 ] ]
		[ 3.166667 [ 0 1 2 5 ] ]
		[ 3.208333 [ 0 1 2 4 ] ]
		[ 3.25 [ 0 1 2 3 ] ]
		[ 3.291667 [ 0 1 2 3 ] ]
	]
	"Bedro_L" [
		[ 0 [ 41 42 43 44 ] ]
		[ 0.04166667 [ 41 42 43 44 ] ]
		[ 0.08333334 [ 41 42 43 44 ] ]
		[ 0.125 [ 41 45 46 44 ] ]
		[ 0.1666667 [ 41 45 46 44 ] ]
		[ 0.2083333 [ 41 47 48 44 ] ]
		[ 0.25 [ 41 49 50 44 ] ]
		[ 0.2916667 [ 41 49 50 44 ] ]
		[ 0.3333333 [ 41 51 52 44 ] ]
		[ 0.375 [ 41 53 54 44 ] ]
		[ 0.4166667 [ 41 55 56 44 ] ]
		[ 0.4583333 [ 41 57 58 44 ] ]
		[ 0.5 [ 41 59 60 44 ] ]
		[ 0.5416667 [ 41 61 62 44 ] ]
		[ 0.5833334 [ 41 63 64 44 ] ]
		[ 0.625 [ 41 65 66 44 ] ]
		[ 0.6666667 [ 41 67 68 44 ] ]
		[ 0.7083334 [ 41 69 70 44 ] ]
		[ 0.7500001 [ 41 71 72 44 ] ]
		[ 0.7916667 [ 41 73 74 44 ] ]
		[ 0.8333334 [ 41 75 76 44 ] ]
		[ 0.8750001 [ 41 77 78 44 ] ]
		[ 0.9166667 [ 79 80 81 44 ] ]
		[ 0.9583334 [ 79 82 83 44 ] ]
		[ 1 [ 79 84 85 44 ] ]
		[ 1.041667 [ 79 86 87 44 ] ]
		[ 1.083333 [ 79 88 89 44 ] ]
		[ 1.125 [ 79 90 91 44 ] ]
		[ 1.166667 [ 79 92 93 44 ] ]
		[ 1.208333 [ 79 94 95 44 ] ]
		[ 1.25 [ 79 96 97 44 ] ]
		[ 1.291667 [ 79 98 99 44 ] ]
		[ 1.333333 [ 79 100 101 44 ] ]
		[ 1.375 [ 79 102 103 44 ] ]
		[ 1.416667 [ 79 104 105 44 ] ]
		[ 1.458333 [ 79 104 105 44 ] ]
		[ 1.5 [ 79 106 107 44 ] ]
		[ 1.541667 [ 79 108 109 44 ] ]
		[ 1.583333 [ 79 108 109 44 ] ]
		[ 1.625 [ 79 108 109 44 ] ]
		[ 1.666667 [ 79 110 111 44 ] ]
		[ 1.708333 [ 79 110 111 44 ] ]
		[ 1.75 [ 79 110 111 44 ] ]
		[ 1.791667 [ 79 110 111 44 ] ]
		[ 1.833333 [ 79 110 111 44 ] ]
		[ 1.875 [ 79 108 109 44 ] ]
		[ 1.916667 [ 79 108 109 44 ] ]
		[ 1.958333 [ 79 106 107 44 ] ]
		[ 2 [ 79 104 105 44 ] ]
		[ 2.041667 [ 79 112 103 44 ] ]
		[ 2.083333 [ 79 100 101 44 ] ]
		[ 2.125 [ 79 98 99 44 ] ]
		[ 2.166667 [ 79 96 97 44 ] ]
		[ 2.208333 [ 79 94 95 44 ] ]
		[ 2.25 [ 79 113 114 44 ] ]
		[ 2.291667 [ 79 90 91 44 ] ]
		[ 2.333333 [ 79 88 115 44 ] ]
		[ 2.375 [ 79 84 85 44 ] ]
		[ 2.416667 [ 79 116 117 44 ] ]
		[ 2.458333 [ 41 80 81 44 ] ]
		[ 2.5 [ 41 77 78 44 ] ]
		[ 2.541667 [ 41 75 76 44 ] ]
		[ 2.583333 [ 41 73 74 44 ] ]
		[ 2.625 [ 41 118 72 44 ] ]
		[ 2.666667 [ 41 69 70 44 ] ]
		[ 2.708333 [ 41 67 68 44 ] ]
		[ 2.75 [ 41 63 64 44 ] ]
		[ 2.791667 [ 41 119 62 44 ] ]
		[ 2.833333 [ 41 61 120 44 ] ]
		[ 2.875 [ 41 59 60 44 ] ]
		[ 2.916667 [ 41 55 56 44 ] ]
		[ 2.958333 [ 41 53 54 44 ] ]
		[ 3 [ 41 51 121 44 ] ]
		[ 3.041667 [ 41 49 50 44 ] ]
		[ 3.083333 [ 41 49 50 44 ] ]
		[ 3.125 [ 41 47 48 44 ] ]
		[ 3.166667 [ 41 45 46 44 ] ]
		[ 3.208333 [ 41 45 46 44 ] ]
		[ 3.25 [ 41 42 43 44 ] ]
		[ 3.291667 [ 41 42 43 44 ] ]
	]
	"Koleno_L" [
		[ 0 [ 122 123 124 125 ] ]
	]
	"Koleno_L_end" [
		[ 0 [ 126 127 128 129 ] ]
	]
	"Bedro_P" [
		[ 0 [ 130 131 132 133 ] ]
		[ 0.04166667 [ 130 134 135 133 ] ]
		[ 0.08333334 [ 130 134 135 133 ] ]
		[ 0.125 [ 136 137 138 133 ] ]
		[ 0.1666667 [ 139 140 138 133 ] ]
		[ 0.2083333 [ 141 142 143 133 ] ]
		[ 0.25 [ 144 145 146 133 ] ]
		[ 0.2916667 [ 147 148 149 133 ] ]
		[ 0.3333333 [ 150 151 152 133 ] ]
		[ 0.375 [ 153 154 155 133 ] ]
		[ 0.4166667 [ 156 157 158 133 ] ]
		[ 0.4583333 [ 159 160 161 133 ] ]
		[ 0.5 [ 162 163 164 133 ] ]
		[ 0.5416667 [ 165 166 167 133 ] ]
		[ 0.5833334 [ 168 169 170 133 ] ]
		[ 0.625 [ 171 172 173 133 ] ]
		[ 0.6666667 [ 174 175 176 133 ] ]
		[ 0.7083334 [ 177 178 179 133 ] ]
		[ 0.7500001 [ 180 181 182 133 ] ]
		[ 0.7916667 [ 183 184 185 133 ] ]
		[ 0.8333334 [ 186 187 188 133 ] ]
		[ 0.8750001 [ 189 190 191 133 ] ]
		[ 0.9166667 [ 192 193 194 133 ] ]
		[ 0.9583334 [ 195 196 197 133 ] ]
		[ 1 [ 198 199 200 133 ] ]
		[ 1.041667 [ 201 202 203 133 ] ]
		[ 1.083333 [ 204 205 206 133 ] ]
		[ 1.125 [ 207 208 209 133 ] ]
		[ 1.166667 [ 210 211 212 133 ] ]
		[ 1.208333 [ 213 214 215 133 ] ]
		[ 1.25 [ 216 217 218 133 ] ]
		[ 1.291667 [ 219 220 221 133 ] ]
		[ 1.333333 [ 222 223 224 133 ] ]
		[ 1.375 [ 225 226 227 133 ] ]
		[ 1.416667 [ 228 229 230 133 ] ]
		[ 1.458333 [ 231 232 233 133 ] ]
		[ 1.5 [ 234 235 236 133 ] ]
		[ 1.541667 [ 237 238 239 133 ] ]
		[ 1.583333 [ 237 240 239 133 ] ]
		[ 1.625 [ 237 240 241 133 ] ]
		[ 1.666667 [ 242 243 244 133 ] ]
		[ 1.708333 [ 245 243 244 133 ] ]
		[ 1.75 [ 245 243 244 133 ] ]
		[ 1.791667 [ 242 243 244 133 ] ]
		[ 1.833333 [ 237 240 241 133 ] ]
		[ 1.875 [ 237 240 239 133 ] ]
		[ 1.916667 [ 237 238 239 133 ] ]
		[ 1.958333 [ 231 235 236 133 ] ]
		[ 2 [ 228 232 233 133 ] ]
		[ 2.041667 [ 225 226 230 133 ] ]
		[ 2.083333 [ 222 223 224 133 ] ]
		[ 2.125 [ 216 220 221 133 ] ]
		[ 2.166667 [ 213 246 215 133 ] ]
		[ 2.208333 [ 247 211 248 133 ] ]
		[ 2.25 [ 207 208 209 133 ] ]
		[ 2.291667 [ 249 205 250 133 ] ]
		[ 2.333333 [ 201 202 203 133 ] ]
		[ 2.375 [ 198 199 200 133 ] ]
		[ 2.416667 [ 251 196 252 133 ] ]
		[ 2.458333 [ 189 253 194 133 ] ]
		[ 2.5 [ 254 255 256 133 ] ]
		[ 2.541667 [ 186 184 257 133 ] ]
		[ 2.583333 [ 258 181 259 133 ] ]
		[ 2.625 [ 177 178 260 133 ] ]
		[ 2.666667 [ 174 175 176 133 ] ]
		[ 2.708333 [ 171 172 173 133 ] ]
		[ 2.75 [ 168 169 170 133 ] ]
		[ 2.791667 [ 165 166 167 133 ] ]
		[ 2.833333 [ 162 163 261 133 ] ]
		[ 2.875 [ 159 262 161 133 ] ]
		[ 2.916667 [ 156 263 158 133 ] ]
		[ 2.958333 [ 264 154 265 133 ] ]
		[ 3 [ 150 148 152 133 ] ]
		[ 3.041667 [ 144 266 149 133 ] ]
		[ 3.083333 [ 141 145 267 133 ] ]
		[ 3.125 [ 141 142 143 133 ] ]
		[ 3.166667 [ 139 140 138 133 ] ]
		[ 3.208333 [ 136 137 268 133 ] ]
		[ 3.25 [ 130 134 135 133 ] ]
		[ 3.291667 [ 130 134 132 133 ] ]
	]
	"Koleno_P" [
		[ 0 [ 269 270 271 125 ] ]
		[ 0.04166667 [ 272 270 271 125 ] ]
		[ 0.08333334 [ 273 270 271 125 ] ]
		[ 0.125 [ 273 270 271 125 ] ]
		[ 0.1666667 [ 273 274 275 125 ] ]
		[ 0.2083333 [ 273 274 275 125 ] ]
		[ 0.25 [ 273 274 275 125 ] ]
		[ 0.2916667 [ 276 277 275 125 ] ]
		[ 0.3333333 [ 276 278 275 125 ] ]
		[ 0.375 [ 276 279 280 125 ] ]
		[ 0.4166667 [ 276 279 280 125 ] ]
		[ 0.4583333 [ 281 279 280 125 ] ]
		[ 0.5 [ 281 282 283 125 ] ]
		[ 0.5416667 [ 281 284 283 125 ] ]
		[ 0.5833334 [ 281 285 283 125 ] ]
		[ 0.625 [ 286 285 287 125 ] ]
		[ 0.6666667 [ 286 285 288 125 ] ]
		[ 0.7083334 [ 289 290 288 125 ] ]
		[ 0.7500001 [ 289 290 291 125 ] ]
		[ 0.7916667 [ 292 290 291 125 ] ]
		[ 0.8333334 [ 292 293 291 125 ] ]
		[ 0.8750001 [ 292 294 295 125 ] ]
		[ 0.9166667 [ 296 297 295 125 ] ]
		[ 0.9583334 [ 296 297 298 125 ] ]
		[ 1 [ 296 297 298 125 ] ]
		[ 1.041667 [ 296 299 298 125 ] ]
		[ 1.083333 [ 300 299 301 125 ] ]
		[ 1.125 [ 300 302 303 125 ] ]
		[ 1.166667 [ 300 302 303 125 ] ]
		[ 1.208333 [ 304 305 306 125 ] ]
		[ 1.25 [ 307 305 306 125 ] ]
		[ 1.291667 [ 307 308 306 125 ] ]
		[ 1.333333 [ 307 308 306 125 ] ]
		[ 1.375 [ 307 308 309 125 ] ]
		[ 1.416667 [ 307 310 309 125 ] ]
		[ 1.458333 [ 311 312 313 125 ] ]
		[ 1.5 [ 311 312 313 125 ] ]
		[ 1.541667 [ 311 312 314 125 ] ]
		[ 1.583333 [ 311 312 314 125 ] ]
		[ 1.625 [ 311 312 315 125 ] ]
		[ 1.666667 [ 311 312 315 125 ] ]
		[ 1.708333 [ 311 312 315 125 ] ]
		[ 1.75 [ 311 312 315 125 ] ]
		[ 1.791667 [ 311 312 315 125 ] ]
		[ 1.833333 [ 311 312 314 125 ] ]
		[ 1.875 [ 311 312 314 125 ] ]
		[ 1.916667 [ 311 312 313 125 ] ]
		[ 1.958333 [ 307 316 313 125 ] ]
		[ 2 [ 307 310 309 125 ] ]
		[ 2.041667 [ 307 308 309 125 ] ]
		[ 2.083333 [ 307 308 306 125 ] ]
		[ 2.125 [ 307 308 306 125 ] ]
		[ 2.166667 [ 304 302 306 125 ] ]
		[ 2.208333 [ 300 302 303 125 ] ]
		[ 2.25 [ 300 302 301 125 ] ]
		[ 2.291667 [ 296 299 301 125 ] ]
		[ 2.333333 [ 296 317 298 125 ] ]
		[ 2.375 [ 296 297 298 125 ] ]
		[ 2.416667 [ 296 297 295 125 ] ]
		[ 2.458333 [ 292 293 295 125 ] ]
		[ 2.5 [ 292 318 319 125 ] ]
		[ 2.541667 [ 292 318 291 125 ] ]
		[ 2.583333 [ 289 290 291 125 ] ]
		[ 2.625 [ 289 320 288 125 ] ]
		[ 2.666667 [ 286 285 288 125 ] ]
		[ 2.708333 [ 281 285 287 125 ] ]
		[ 2.75 [ 281 321 283 125 ] ]
		[ 2.791667 [ 281 282 283 125 ] ]
		[ 2.833333 [ 281 282 283 125 ] ]
		[ 2.875 [ 276 279 280 125 ] ]
		[ 2.916667 [ 276 279 280 125 ] ]
		[ 2.958333 [ 276 278 322 125 ] ]
		[ 3 [ 276 277 275 125 ] ]
		[ 3.041667 [ 273 274 275 125 ] ]
		[ 3.083333 [ 273 274 275 125 ] ]
		[ 3.125 [ 273 274 275 125 ] ]
		[ 3.166667 [ 273 270 271 125 ] ]
		[ 3.208333 [ 273 270 271 125 ] ]
		[ 3.25 [ 272 270 271 125 ] ]
		[ 3.291667 [ 269 270 271 125 ] ]
	]
	"Koleno_P_end" [
		[ 0 [ 126 127 128 129 ] ]
	]
	"Tors" [
		[ 0 [ 323 324 325 326 ] ]
		[ 0.04166667 [ 323 324 325 326 ] ]
		[ 0.08333334 [ 327 328 329 326 ] ]
		[ 0.125 [ 330 328 331 326 ] ]
		[ 0.1666667 [ 332 333 334 326 ] ]
		[ 0.2083333 [ 335 336 337 326 ] ]
		[ 0.25 [ 338 339 340 326 ] ]
		[ 0.2916667 [ 341 342 343 326 ] ]
		[ 0.3333333 [ 344 345 346 326 ] ]
		[ 0.375 [ 347 348 349 326 ] ]
		[ 0.4166667 [ 350 351 352 326 ] ]
		[ 0.4583333 [ 353 354 355 326 ] ]
		[ 0.5 [ 356 357 358 326 ] ]
		[ 0.5416667 [ 359 360 361 326 ] ]
		[ 0.5833334 [ 362 363 364 326 ] ]
		[ 0.625 [ 365 366 367 326 ] ]
		[ 0.6666667 [ 368 369 370 326 ] ]
		[ 0.7083334 [ 371 372 373 326 ] ]
		[ 0.7500001 [ 374 375 376 326 ] ]
		[ 0.7916667 [ 377 378 379 326 ] ]
		[ 0.8333334 [ 380 381 382 326 ] ]
		[ 0.8750001 [ 383 384 385 326 ] ]
		[ 0.9166667 [ 386 387 388 326 ] ]
		[ 0.9583334 [ 389 390 391 326 ] ]
		[ 1 [ 392 393 394 326 ] ]
		[ 1.041667 [ 395 396 397 326 ] ]
		[ 1.083333 [ 398 399 400 326 ] ]
		[ 1.125 [ 401 402 403 326 ] ]
		[ 1.166667 [ 404 405 406 326 ] ]
		[ 1.208333 [ 407 408 409 326 ] ]
		[ 1.25 [ 410 411 412 326 ] ]
		[ 1.291667 [ 413 414 415 326 ] ]
		[ 1.333333 [ 416 417 418 326 ] ]
		[ 1.375 [ 419 420 421 326 ] ]
		[ 1.416667 [ 422 423 424 326 ] ]
		[ 1.458333 [ 425 426 427 326 ] ]
		[ 1.5 [ 428 429 430 326 ] ]
		[ 1.541667 [ 431 432 433 326 ] ]
		[ 1.583333 [ 434 435 436 326 ] ]
		[ 1.625 [ 437 438 439 326 ] ]
		[ 1.666667 [ 440 438 439 326 ] ]
		[ 1.708333 [ 441 442 443 326 ] ]
		[ 1.75 [ 441 442 443 326 ] ]
		[ 1.791667 [ 440 438 443 326 ] ]
		[ 1.833333 [ 440 438 439 326 ] ]
		[ 1.875 [ 437 438 436 326 ] ]
		[ 1.916667 [ 444 435 445 326 ] ]
		[ 1.958333 [ 446 429 430 326 ] ]
		[ 2 [ 425 426 427 326 ] ]
		[ 2.041667 [ 447 448 449 326 ] ]
		[ 2.083333 [ 450 420 451 326 ] ]
		[ 2.125 [ 452 453 454 326 ] ]
		[ 2.166667 [ 455 411 456 326 ] ]
		[ 2.208333 [ 407 408 457 326 ] ]
		[ 2.25 [ 458 459 460 326 ] ]
		[ 2.291667 [ 461 462 463 326 ] ]
		[ 2.333333 [ 464 465 466 326 ] ]
		[ 2.375 [ 467 468 469 326 ] ]
		[ 2.416667 [ 470 471 472 326 ] ]
		[ 2.458333 [ 473 474 475 326 ] ]
		[ 2.5 [ 476 384 477 326 ] ]
		[ 2.541667 [ 380 381 478 326 ] ]
		[ 2.583333 [ 377 378 379 326 ] ]
		[ 2.625 [ 374 375 479 326 ] ]
		[ 2.666667 [ 480 372 481 326 ] ]
		[ 2.708333 [ 482 369 483 326 ] ]
		[ 2.75 [ 365 366 367 326 ] ]
		[ 2.791667 [ 484 363 485 326 ] ]
		[ 2.833333 [ 486 487 488 326 ] ]
		[ 2.875 [ 489 490 491 326 ] ]
		[ 2.916667 [ 492 493 494 326 ] ]
		[ 2.958333 [ 495 496 497 326 ] ]
		[ 3 [ 498 499 500 326 ] ]
		[ 3.041667 [ 501 502 503 326 ] ]
		[ 3.083333 [ 504 339 505 326 ] ]
		[ 3.125 [ 506 336 337 326 ] ]
		[ 3.166667 [ 507 333 508 326 ] ]
		[ 3.208333 [ 330 328 331 326 ] ]
		[ 3.25 [ 327 328 329 326 ] ]
		[ 3.291667 [ 323 324 325 326 ] ]
	]
	"Golova" [
		[ 0 [ 126 127 128 509 ] ]
		[ 0.04166667 [ 510 127 511 509 ] ]
		[ 0.08333334 [ 512 513 514 509 ] ]
		[ 0.125 [ 515 513 516 509 ] ]
		[ 0.1666667 [ 517 518 519 509 ] ]
		[ 0.2083333 [ 520 521 522 509 ] ]
		[ 0.25 [ 523 524 525 509 ] ]
		[ 0.2916667 [ 526 527 528 509 ] ]
		[ 0.3333333 [ 529 530 531 509 ] ]
		[ 0.375 [ 532 533 534 509 ] ]
		[ 0.4166667 [ 535 536 537 509 ] ]
		[ 0.4583333 [ 538 539 540 509 ] ]
		[ 0.5 [ 541 542 543 509 ] ]
		[ 0.5416667 [ 544 545 546 509 ] ]
		[ 0.5833334 [ 547 548 549 509 ] ]
		[ 0.625 [ 550 551 552 509 ] ]
		[ 0.6666667 [ 553 554 555 509 ] ]
		[ 0.7083334 [ 556 557 558 509 ] ]
		[ 0.7500001 [ 559 560 561 509 ] ]
		[ 0.7916667 [ 562 563 564 509 ] ]
		[ 0.8333334 [ 565 566 567 509 ] ]
		[ 0.8750001 [ 568 569 570 509 ] ]
		[ 0.9166667 [ 571 572 573 509 ] ]
		[ 0.9583334 [ 574 575 576 509 ] ]
		[ 1 [ 577 578 579 509 ] ]
		[ 1.041667 [ 580 581 582 509 ] ]
		[ 1.083333 [ 583 584 585 509 ] ]
		[ 1.125 [ 586 587 588 509 ] ]
		[ 1.166667 [ 589 590 591 509 ] ]
		[ 1.208333 [ 592 593 594 509 ] ]
		[ 1.25 [ 595 596 597 509 ] ]
		[ 1.291667 [ 598 599 600 509 ] ]
		[ 1.333333 [ 601 602 603 509 ] ]
		[ 1.375 [ 604 605 606 509 ] ]
		[ 1.416667 [ 607 608 609 509 ] ]
		[ 1.458333 [ 610 611 612 509 ] ]
		[ 1.5 [ 613 614 615 509 ] ]
		[ 1.541667 [ 616 617 618 509 ] ]
		[ 1.583333 [ 619 617 620 509 ] ]
		[ 1.625 [ 621 622 623 509 ] ]
		[ 1.666667 [ 624 622 625 509 ] ]
		[ 1.708333 [ 624 622 625 509 ] ]
		[ 1.75 [ 621 622 623 509 ] ]
		[ 1.791667 [ 626 617 627 509 ] ]
		[ 1.833333 [ 628 617 629 509 ] ]
		[ 1.875 [ 630 614 631 509 ] ]
		[ 1.916667 [ 632 611 633 509 ] ]
		[ 1.958333 [ 634 605 635 509 ] ]
		[ 2 [ 636 602 637 509 ] ]
		[ 2.041667 [ 638 599 639 509 ] ]
		[ 2.083333 [ 640 641 642 509 ] ]
		[ 2.125 [ 643 593 644 509 ] ]
		[ 2.166667 [ 645 590 646 509 ] ]
		[ 2.208333 [ 647 587 648 509 ] ]
		[ 2.25 [ 649 584 650 509 ] ]
		[ 2.291667 [ 580 581 582 509 ] ]
		[ 2.333333 [ 577 578 651 509 ] ]
		[ 2.375 [ 574 575 652 509 ] ]
		[ 2.416667 [ 653 572 573 509 ] ]
		[ 2.458333 [ 654 569 655 509 ] ]
		[ 2.5 [ 656 566 657 509 ] ]
		[ 2.541667 [ 658 563 659 509 ] ]
		[ 2.583333 [ 660 560 661 509 ] ]
		[ 2.625 [ 662 557 663 509 ] ]
		[ 2.666667 [ 664 554 665 509 ] ]
		[ 2.708333 [ 666 667 668 509 ] ]
		[ 2.75 [ 669 670 671 509 ] ]
		[ 2.791667 [ 672 545 673 509 ] ]
		[ 2.833333 [ 674 675 676 509 ] ]
		[ 2.875 [ 677 539 678 509 ] ]
		[ 2.916667 [ 679 536 680 509 ] ]
		[ 2.958333 [ 681 682 683 509 ] ]
		[ 3 [ 684 685 686 509 ] ]
		[ 3.041667 [ 687 688 689 509 ] ]
		[ 3.083333 [ 690 524 691 509 ] ]
		[ 3.125 [ 692 521 693 509 ] ]
		[ 3.166667 [ 694 695 696 509 ] ]
		[ 3.208333 [ 515 513 516 509 ] ]
		[ 3.25 [ 512 513 514 509 ] ]
		[ 3.291667 [ 510 127 511 509 ] ]
	]
	"Golova_end" [
		[ 0 [ 126 127 128 697 ] ]
	]
	"Kluchitsa_L" [
		[ 0 [ 128 126 127 698 ] ]
	]
	"Kluchitsa_L_end" [
		[ 0 [ 126 127 128 699 ] ]
	]
	"Kluchitsa_P" [
		[ 0 [ 700 701 127 698 ] ]
	]
	"Kluchitsa_P_end" [
		[ 0 [ 126 127 128 699 ] ]
	]
	"Ruka_L" [
		[ 0 [ 702 703 704 705 ] ]
		[ 0.04166667 [ 706 707 708 705 ] ]
		[ 0.08333334 [ 706 709 710 705 ] ]
		[ 0.125 [ 711 712 713 705 ] ]
		[ 0.1666667 [ 714 715 716 705 ] ]
		[ 0.2083333 [ 717 718 719 705 ] ]
		[ 0.25 [ 720 721 722 705 ] ]
		[ 0.2916667 [ 723 724 725 705 ] ]
		[ 0.3333333 [ 726 727 728 705 ] ]
		[ 0.375 [ 729 730 731 705 ] ]
		[ 0.4166667 [ 732 733 734 705 ] ]
		[ 0.4583333 [ 735 736 737 705 ] ]
		[ 0.5 [ 738 739 740 705 ] ]
		[ 0.5416667 [ 741 742 743 705 ] ]
		[ 0.5833334 [ 744 745 746 705 ] ]
		[ 0.625 [ 747 748 749 705 ] ]
		[ 0.6666667 [ 750 751 752 705 ] ]
		[ 0.7083334 [ 753 754 755 705 ] ]
		[ 0.7500001 [ 756 757 758 705 ] ]
		[ 0.7916667 [ 759 760 761 705 ] ]
		[ 0.8333334 [ 762 763 764 705 ] ]
		[ 0.8750001 [ 765 766 767 705 ] ]
		[ 0.9166667 [ 768 769 770 705 ] ]
		[ 0.9583334 [ 771 772 773 705 ] ]
		[ 1 [ 774 775 776 705 ] ]
		[ 1.041667 [ 777 778 779 705 ] ]
		[ 1.083333 [ 780 781 782 705 ] ]
		[ 1.125 [ 783 784 785 705 ] ]
		[ 1.166667 [ 786 787 788 705 ] ]
		[ 1.208333 [ 789 790 791 705 ] ]
		[ 1.25 [ 792 793 794 705 ] ]
		[ 1.291667 [ 795 796 797 705 ] ]
		[ 1.333333 [ 798 799 800 705 ] ]
		[ 1.375 [ 801 802 803 705 ] ]
		[ 1.416667 [ 804 805 806 705 ] ]
		[ 1.458333 [ 807 808 809 705 ] ]
		[ 1.5 [ 810 811 812 705 ] ]
		[ 1.541667 [ 813 814 815 705 ] ]
		[ 1.583333 [ 816 817 818 705 ] ]
		[ 1.625 [ 816 819 820 705 ] ]
		[ 1.666667 [ 821 822 820 705 ] ]
		[ 1.708333 [ 821 823 820 705 ] ]
		[ 1.75 [ 824 825 826 705 ] ]
		[ 1.791667 [ 824 827 828 705 ] ]
		[ 1.833333 [ 829 830 815 705 ] ]
		[ 1.875 [ 831 832 833 705 ] ]
		[ 1.916667 [ 834 835 836 705 ] ]
		[ 1.958333 [ 837 838 839 705 ] ]
		[ 2 [ 840 841 842 705 ] ]
		[ 2.041667 [ 843 844 845 705 ] ]
		[ 2.083333 [ 846 847 848 705 ] ]
		[ 2.125 [ 849 850 851 705 ] ]
		[ 2.166667 [ 852 853 854 705 ] ]
		[ 2.208333 [ 855 856 857 705 ] ]
		[ 2.25 [ 858 859 860 705 ] ]
		[ 2.291667 [ 861 862 863 705 ] ]
		[ 2.333333 [ 864 865 866 705 ] ]
		[ 2.375 [ 867 868 869 705 ] ]
		[ 2.416667 [ 870 871 872 705 ] ]
		[ 2.458333 [ 873 874 875 705 ] ]
		[ 2.5 [ 876 877 878 705 ] ]
		[ 2.541667 [ 879 880 881 705 ] ]
		[ 2.583333 [ 882 883 884 705 ] ]
		[ 2.625 [ 885 886 887 705 ] ]
		[ 2.666667 [ 888 889 890 705 ] ]
		[ 2.708333 [ 891 892 893 705 ] ]
		[ 2.75 [ 894 895 896 705 ] ]
		[ 2.791667 [ 897 898 899 705 ] ]
		[ 2.833333 [ 900 901 902 705 ] ]
		[ 2.875 [ 903 904 905 705 ] ]
		[ 2.916667 [ 906 907 908 705 ] ]
		[ 2.958333 [ 909 910 911 705 ] ]
		[ 3 [ 912 913 914 705 ] ]
		[ 3.041667 [ 915 916 917 705 ] ]
		[ 3.083333 [ 918 919 920 705 ] ]
		[ 3.125 [ 921 922 923 705 ] ]
		[ 3.166667 [ 924 925 926 705 ] ]
		[ 3.208333 [ 927 709 710 705 ] ]
		[ 3.25 [ 706 928 929 705 ] ]
		[ 3.291667 [ 706 930 931 705 ] ]
	]
	"Lokot_L" [
		[ 0 [ 932 933 934 935 ] ]
		[ 0.04166667 [ 936 937 938 935 ] ]
		[ 0.08333334 [ 936 939 940 935 ] ]
		[ 0.125 [ 941 942 943 935 ] ]
		[ 0.1666667 [ 944 945 946 935 ] ]
		[ 0.2083333 [ 947 948 949 935 ] ]
		[ 0.25 [ 950 951 952 935 ] ]
		[ 0.2916667 [ 953 954 955 935 ] ]
		[ 0.3333333 [ 956 957 958 935 ] ]
		[ 0.375 [ 959 960 961 935 ] ]
		[ 0.4166667 [ 962 963 964 935 ] ]
		[ 0.4583333 [ 965 966 967 935 ] ]
		[ 0.5 [ 968 969 970 935 ] ]
		[ 0.5416667 [ 971 972 973 935 ] ]
		[ 0.5833334 [ 974 975 976 935 ] ]
		[ 0.625 [ 977 978 979 935 ] ]
		[ 0.6666667 [ 980 981 982 935 ] ]
		[ 0.7083334 [ 983 984 985 935 ] ]
		[ 0.7500001 [ 986 987 988 935 ] ]
		[ 0.7916667 [ 989 990 991 935 ] ]
		[ 0.8333334 [ 992 993 994 935 ] ]
		[ 0.8750001 [ 995 996 997 935 ] ]
		[ 0.9166667 [ 998 999 1000 935 ] ]
		[ 0.9583334 [ 1001 1002 1003 935 ] ]
		[ 1 [ 1004 1005 1006 935 ] ]
		[ 1.041667 [ 1007 1008 1009 935 ] ]
		[ 1.083333 [ 1010 1011 1012 935 ] ]
		[ 1.125 [ 1013 1014 1015 935 ] ]
		[ 1.166667 [ 1016 1017 1018 935 ] ]
		[ 1.208333 [ 1019 1020 1021 935 ] ]
		[ 1.25 [ 1022 1023 1024 935 ] ]
		[ 1.291667 [ 1025 1026 1027 935 ] ]
		[ 1.333333 [ 1025 1028 1029 935 ] ]
		[ 1.375 [ 1030 1031 1032 935 ] ]
		[ 1.416667 [ 1033 1034 1035 935 ] ]
		[ 1.458333 [ 1036 1037 1038 935 ] ]
		[ 1.5 [ 1036 1039 1040 935 ] ]
		[ 1.541667 [ 1041 1042 1043 935 ] ]
		[ 1.583333 [ 1044 1045 1046 935 ] ]
		[ 1.625 [ 1044 1047 1048 935 ] ]
		[ 1.666667 [ 1044 1049 1048 935 ] ]
		[ 1.708333 [ 1044 1050 1051 935 ] ]
		[ 1.75 [ 1052 1053 1054 935 ] ]
		[ 1.791667 [ 1052 1055 1056 935 ] ]
		[ 1.833333 [ 1057 1058 1059 935 ] ]
		[ 1.875 [ 1060 1061 1062 935 ] ]
		[ 1.916667 [ 1060 1063 1064 935 ] ]
		[ 1.958333 [ 1065 1066 1067 935 ] ]
		[ 2 [ 1065 1068 1069 935 ] ]
		[ 2.041667 [ 1070 1071 1072 935 ] ]
		[ 2.083333 [ 1073 1074 1075 935 ] ]
		[ 2.125 [ 1076 1077 1078 935 ] ]
		[ 2.166667 [ 1079 1080 1081 935 ] ]
		[ 2.208333 [ 1082 1083 1084 935 ] ]
		[ 2.25 [ 1085 1086 1087 935 ] ]
		[ 2.291667 [ 1088 1008 1089 935 ] ]
		[ 2.333333 [ 1090 1091 1092 935 ] ]
		[ 2.375 [ 1001 1093 1094 935 ] ]
		[ 2.416667 [ 1095 1096 1097 935 ] ]
		[ 2.458333 [ 995 1098 1099 935 ] ]
		[ 2.5 [ 1100 1101 1102 935 ] ]
		[ 2.541667 [ 989 1103 1104 935 ] ]
		[ 2.583333 [ 986 1105 1106 935 ] ]
		[ 2.625 [ 1107 1108 1109 935 ] ]
		[ 2.666667 [ 980 1110 1111 935 ] ]
		[ 2.708333 [ 974 1112 1113 935 ] ]
		[ 2.75 [ 971 1114 1115 935 ] ]
		[ 2.791667 [ 1116 1117 1118 935 ] ]
		[ 2.833333 [ 965 1119 1120 935 ] ]
		[ 2.875 [ 1121 1122 1123 935 ] ]
		[ 2.916667 [ 1124 1125 1126 935 ] ]
		[ 2.958333 [ 1127 1128 1129 935 ] ]
		[ 3 [ 1130 1131 1132 935 ] ]
		[ 3.041667 [ 947 1133 1134 935 ] ]
		[ 3.083333 [ 1135 1136 1137 935 ] ]
		[ 3.125 [ 1138 1139 1140 935 ] ]
		[ 3.166667 [ 936 1141 1142 935 ] ]
		[ 3.208333 [ 936 1143 1144 935 ] ]
		[ 3.25 [ 932 1145 1146 935 ] ]
		[ 3.291667 [ 932 937 938 935 ] ]
	]
	"Lokot_L_end" [
		[ 0 [ 126 127 128 1147 ] ]
	]
	"Ruka_P" [
		[ 0 [ 1148 1149 1150 1151 ] ]
		[ 0.04166667 [ 1152 1153 1154 1151 ] ]
		[ 0.08333334 [ 1155 1156 1157 1151 ] ]
		[ 0.125 [ 1158 1159 1160 1151 ] ]
		[ 0.1666667 [ 1161 1162 1163 1151 ] ]
		[ 0.2083333 [ 1164 1165 1166 1151 ] ]
		[ 0.25 [ 1167 1168 1169 1151 ] ]
		[ 0.2916667 [ 1170 1171 1172 1151 ] ]
		[ 0.3333333 [ 1173 1174 1175 1151 ] ]
		[ 0.375 [ 1176 1177 1178 1151 ] ]
		[ 0.4166667 [ 1179 1180 1181 1151 ] ]
		[ 0.4583333 [ 1182 1183 1184 1151 ] ]
		[ 0.5 [ 1185 1186 1187 1151 ] ]
		[ 0.5416667 [ 1188 1189 1190 1151 ] ]
		[ 0.5833334 [ 1191 1192 1193 1151 ] ]
		[ 0.625 [ 1194 1195 1196 1151 ] ]
		[ 0.6666667 [ 1197 1198 1199 1151 ] ]
		[ 0.7083334 [ 1200 1201 1202 1151 ] ]
		[ 0.7500001 [ 1203 1204 1205 1151 ] ]
		[ 0.7916667 [ 1206 1207 1208 1151 ] ]
		[ 0.8333334 [ 1209 1210 1211 1151 ] ]
		[ 0.8750001 [ 1212 1213 1214 1151 ] ]
		[ 0.9166667 [ 1215 1216 1217 1151 ] ]
		[ 0.9583334 [ 1218 1219 1220 1151 ] ]
		[ 1 [ 1221 1222 1223 1151 ] ]
		[ 1.041667 [ 1224 1225 1226 1151 ] ]
		[ 1.083333 [ 1227 1228 1229 1151 ] ]
		[ 1.125 [ 1230 1231 1232 1151 ] ]
		[ 1.166667 [ 1233 1234 1235 1151 ] ]
		[ 1.208333 [ 1236 1237 1238 1151 ] ]
		[ 1.25 [ 1239 1240 1241 1151 ] ]
		[ 1.291667 [ 1242 1243 1244 1151 ] ]
		[ 1.333333 [ 1245 1246 1247 1151 ] ]
		[ 1.375 [ 1248 1249 1250 1151 ] ]
		[ 1.416667 [ 1251 1252 1253 1151 ] ]
		[ 1.458333 [ 1254 1255 1256 1151 ] ]
		[ 1.5 [ 1257 1258 1259 1151 ] ]
		[ 1.541667 [ 1260 1261 1262 1151 ] ]
		[ 1.583333 [ 1263 1264 1265 1151 ] ]
		[ 1.625 [ 1266 1267 1268 1151 ] ]
		[ 1.666667 [ 1266 1267 1268 1151 ] ]
		[ 1.708333 [ 1263 1269 1270 1151 ] ]
		[ 1.75 [ 1271 1261 1262 1151 ] ]
		[ 1.791667 [ 1257 1272 1273 1151 ] ]
		[ 1.833333 [ 1274 1255 1275 1151 ] ]
		[ 1.875 [ 1251 1252 1276 1151 ] ]
		[ 1.916667 [ 1277 1249 1250 1151 ] ]
		[ 1.958333 [ 1278 1246 1279 1151 ] ]
		[ 2 [ 1242 1280 1281 1151 ] ]
		[ 2.041667 [ 1239 1240 1282 1151 ] ]
		[ 2.083333 [ 1236 1237 1283 1151 ] ]
		[ 2.125 [ 1284 1285 1235 1151 ] ]
		[ 2.166667 [ 1286 1231 1287 1151 ] ]
		[ 2.208333 [ 1288 1289 1290 1151 ] ]
		[ 2.25 [ 1291 1225 1292 1151 ] ]
		[ 2.291667 [ 1293 1222 1294 1151 ] ]
		[ 2.333333 [ 1295 1296 1297 1151 ] ]
		[ 2.375 [ 1298 1299 1300 1151 ] ]
		[ 2.416667 [ 1301 1302 1303 1151 ] ]
		[ 2.458333 [ 1304 1305 1306 1151 ] ]
		[ 2.5 [ 1307 1308 1309 1151 ] ]
		[ 2.541667 [ 1310 1311 1312 1151 ] ]
		[ 2.583333 [ 1313 1314 1315 1151 ] ]
		[ 2.625 [ 1316 1317 1318 1151 ] ]
		[ 2.666667 [ 1319 1320 1321 1151 ] ]
		[ 2.708333 [ 1322 1323 1324 1151 ] ]
		[ 2.75 [ 1325 1326 1327 1151 ] ]
		[ 2.791667 [ 1328 1329 1330 1151 ] ]
		[ 2.833333 [ 1331 1332 1333 1151 ] ]
		[ 2.875 [ 1334 1335 1336 1151 ] ]
		[ 2.916667 [ 1337 1338 1339 1151 ] ]
		[ 2.958333 [ 1340 1341 1342 1151 ] ]
		[ 3 [ 1343 1344 1345 1151 ] ]
		[ 3.041667 [ 1346 1347 1348 1151 ] ]
		[ 3.083333 [ 1349 1350 1351 1151 ] ]
		[ 3.125 [ 1352 1353 1163 1151 ] ]
		[ 3.166667 [ 1354 1355 1356 1151 ] ]
		[ 3.208333 [ 1155 1357 1157 1151 ] ]
		[ 3.25 [ 1152 1153 1154 1151 ] ]
		[ 3.291667 [ 1358 1359 1150 1151 ] ]
	]
	"Lokot_P" [
		[ 0 [ 1360 1361 1362 935 ] ]
		[ 0.04166667 [ 1360 1363 1364 935 ] ]
		[ 0.08333334 [ 1365 1366 1367 935 ] ]
		[ 0.125 [ 1368 1369 1370 935 ] ]
		[ 0.1666667 [ 1371 1372 1373 935 ] ]
		[ 0.2083333 [ 1374 1375 1376 935 ] ]
		[ 0.25 [ 1377 1378 1379 935 ] ]
		[ 0.2916667 [ 1380 1381 1382 935 ] ]
		[ 0.3333333 [ 1383 1384 1385 935 ] ]
		[ 0.375 [ 1386 1387 1388 935 ] ]
		[ 0.4166667 [ 1389 1390 1391 935 ] ]
		[ 0.4583333 [ 1392 1393 1394 935 ] ]
		[ 0.5 [ 1395 1396 1397 935 ] ]
		[ 0.5416667 [ 1398 1399 1400 935 ] ]
		[ 0.5833334 [ 1401 1402 1403 935 ] ]
		[ 0.625 [ 1404 1405 1406 935 ] ]
		[ 0.6666667 [ 1407 1408 1409 935 ] ]
		[ 0.7083334 [ 1410 1411 1412 935 ] ]
		[ 0.7500001 [ 1413 1414 1415 935 ] ]
		[ 0.7916667 [ 1416 1417 1418 935 ] ]
		[ 0.8333334 [ 1419 1420 1421 935 ] ]
		[ 0.8750001 [ 1422 1423 1424 935 ] ]
		[ 0.9166667 [ 1425 1426 1427 935 ] ]
		[ 0.9583334 [ 1428 1429 1430 935 ] ]
		[ 1 [ 1431 1432 1433 935 ] ]
		[ 1.041667 [ 1434 1435 1436 935 ] ]
		[ 1.083333 [ 1437 1438 1439 935 ] ]
		[ 1.125 [ 1440 1441 1442 935 ] ]
		[ 1.166667 [ 1443 1444 1445 935 ] ]
		[ 1.208333 [ 1446 1447 1448 935 ] ]
		[ 1.25 [ 1449 1450 1451 935 ] ]
		[ 1.291667 [ 1452 1453 1454 935 ] ]
		[ 1.333333 [ 1455 1456 1457 935 ] ]
		[ 1.375 [ 1458 1459 1460 935 ] ]
		[ 1.416667 [ 1461 1462 1463 935 ] ]
		[ 1.458333 [ 1464 1465 1466 935 ] ]
		[ 1.5 [ 1467 1468 1469 935 ] ]
		[ 1.541667 [ 1470 1471 1472 935 ] ]
		[ 1.583333 [ 1473 1474 1475 935 ] ]
		[ 1.625 [ 1473 1476 1477 935 ] ]
		[ 1.666667 [ 1473 1474 1475 935 ] ]
		[ 1.708333 [ 1470 1471 1472 935 ] ]
		[ 1.75 [ 1467 1468 1469 935 ] ]
		[ 1.791667 [ 1464 1465 1466 935 ] ]
		[ 1.833333 [ 1478 1462 1479 935 ] ]
		[ 1.875 [ 1480 1481 1482 935 ] ]
		[ 1.916667 [ 1483 1484 1485 935 ] ]
		[ 1.958333 [ 1486 1487 1488 935 ] ]
		[ 2 [ 1489 1490 1491 935 ] ]
		[ 2.041667 [ 1492 1493 1494 935 ] ]
		[ 2.083333 [ 1495 1496 1497 935 ] ]
		[ 2.125 [ 1443 1498 1499 935 ] ]
		[ 2.166667 [ 1440 1500 1501 935 ] ]
		[ 2.208333 [ 1502 1503 1504 935 ] ]
		[ 2.25 [ 1505 1506 1507 935 ] ]
		[ 2.291667 [ 1508 1509 1510 935 ] ]
		[ 2.333333 [ 1511 1512 1513 935 ] ]
		[ 2.375 [ 1514 1515 1516 935 ] ]
		[ 2.416667 [ 1517 1518 1519 935 ] ]
		[ 2.458333 [ 1520 1521 1522 935 ] ]
		[ 2.5 [ 1523 1524 1525 935 ] ]
		[ 2.541667 [ 1526 1527 1528 935 ] ]
		[ 2.583333 [ 1529 1530 1531 935 ] ]
		[ 2.625 [ 1532 1533 1534 935 ] ]
		[ 2.666667 [ 1535 1536 1537 935 ] ]
		[ 2.708333 [ 1538 1539 1540 935 ] ]
		[ 2.75 [ 1541 1542 1543 935 ] ]
		[ 2.791667 [ 1544 1545 1546 935 ] ]
		[ 2.833333 [ 1547 1548 1549 935 ] ]
		[ 2.875 [ 1550 1551 1552 935 ] ]
		[ 2.916667 [ 1553 1554 1555 935 ] ]
		[ 2.958333 [ 1556 1557 1558 935 ] ]
		[ 3 [ 1559 1560 1561 935 ] ]
		[ 3.041667 [ 1562 1563 1564 935 ] ]
		[ 3.083333 [ 1565 1566 1567 935 ] ]
		[ 3.125 [ 1568 1569 1570 935 ] ]
		[ 3.166667 [ 1571 1572 1573 935 ] ]
		[ 3.208333 [ 1368 1574 1575 935 ] ]
		[ 3.25 [ 1365 1363 1576 935 ] ]
		[ 3.291667 [ 1360 1577 1578 935 ] ]
	]
	"Lokot_P_end" [
		[ 0 [ 126 127 128 1147 ] ]
	]
	"Camera" [
		[ 0 [ 1579 1580 1581 1582 ] ]
	]
	"Lamp" [
		[ 0 [ 1583 1584 1585 1586 ] ]
	]
	"Mag" [
		[ 0 [ 1587 1588 1589 1589 ] ]
	]
	}
	:resources [
		[0.983 -0.044 0.181]
		[-0.180 0.019 0.983]
		[-0.047 -0.999 0.011]
		[0.000 0.000 0.000]
		[-0.001 0.000 0.000]
		[-0.002 0.000 0.000]
		[-0.003 0.000 0.000]
		[-0.004 0.000 0.000]
		[-0.005 0.000 0.000]
		[-0.006 0.000 0.000]
		[-0.008 0.000 0.000]
		[-0.010 0.000 0.000]
		[-0.011 0.000 -0.001]
		[-0.013 0.000 -0.001]
		[-0.015 0.000 -0.001]
		[-0.017 0.000 -0.001]
		[-0.019 0.000 -0.001]
		[-0.022 0.000 -0.001]
		[-0.024 0.000 -0.001]
		[-0.026 0.000 -0.001]
		[-0.028 0.000 -0.001]
		[-0.031 0.000 -0.001]
		[-0.033 0.000 -0.002]
		[-0.035 0.000 -0.002]
		[-0.038 0.000 -0.002]
		[-0.040 0.000 -0.002]
		[-0.042 0.000 -0.002]
		[-0.044 0.000 -0.002]
		[-0.046 0.000 -0.002]
		[-0.048 0.000 -0.002]
		[-0.050 0.000 -0.002]
		[-0.052 0.000 -0.002]
		[-0.054 0.000 -0.003]
		[-0.055 0.000 -0.003]
		[-0.056 0.000 -0.003]
		[-0.058 0.000 -0.003]
		[-0.059 0.000 -0.003]
		[-0.060 0.000 -0.003]
		[-0.061 0.000 -0.003]
		[-0.053 0.000 -0.003]
		[-0.020 0.000 -0.001]
		[-0.002 0.011 1.000]
		[-0.156 -0.988 0.011]
		[0.988 -0.156 0.003]
		[0.123 -0.038 0.000]
		[-0.155 -0.988 0.011]
		[0.988 -0.155 0.003]
		[-0.154 -0.988 0.011]
		[0.988 -0.154 0.003]
		[-0.153 -0.988 0.011]
		[0.988 -0.153 0.003]
		[-0.152 -0.988 0.011]
		[0.988 -0.152 0.004]
		[-0.151 -0.989 0.011]
		[0.989 -0.151 0.004]
		[-0.150 -0.989 0.011]
		[0.989 -0.150 0.004]
		[-0.149 -0.989 0.011]
		[0.989 -0.149 0.004]
		[-0.148 -0.989 0.011]
		[0.989 -0.148 0.004]
		[-0.147 -0.989 0.011]
		[0.989 -0.146 0.004]
		[-0.145 -0.989 0.011]
		[0.989 -0.145 0.004]
		[-0.144 -0.990 0.011]
		[0.990 -0.144 0.004]
		[-0.143 -0.990 0.011]
		[0.990 -0.143 0.004]
		[-0.142 -0.990 0.011]
		[0.990 -0.142 0.004]
		[-0.140 -0.990 0.011]
		[0.990 -0.140 0.004]
		[-0.139 -0.990 0.011]
		[0.990 -0.139 0.004]
		[-0.138 -0.990 0.011]
		[0.990 -0.138 0.004]
		[-0.136 -0.991 0.011]
		[0.991 -0.136 0.004]
		[-0.003 0.011 1.000]
		[-0.135 -0.991 0.011]
		[0.991 -0.135 0.004]
		[-0.134 -0.991 0.011]
		[0.991 -0.134 0.004]
		[-0.132 -0.991 0.011]
		[0.991 -0.132 0.004]
		[-0.131 -0.991 0.011]
		[0.991 -0.131 0.004]
		[-0.130 -0.991 0.011]
		[0.992 -0.130 0.004]
		[-0.129 -0.992 0.011]
		[0.992 -0.129 0.004]
		[-0.127 -0.992 0.011]
		[0.992 -0.127 0.004]
		[-0.126 -0.992 0.011]
		[0.992 -0.126 0.004]
		[-0.125 -0.992 0.011]
		[0.992 -0.125 0.004]
		[-0.124 -0.992 0.011]
		[0.992 -0.124 0.004]
		[-0.123 -0.992 0.011]
		[0.992 -0.123 0.004]
		[-0.122 -0.992 0.011]
		[0.993 -0.122 0.004]
		[-0.121 -0.993 0.011]
		[0.993 -0.121 0.004]
		[-0.120 -0.993 0.011]
		[0.993 -0.120 0.004]
		[-0.119 -0.993 0.011]
		[0.993 -0.119 0.004]
		[-0.118 -0.993 0.011]
		[0.993 -0.118 0.004]
		[-0.122 -0.993 0.011]
		[-0.128 -0.992 0.011]
		[0.992 -0.128 0.004]
		[0.991 -0.130 0.004]
		[-0.133 -0.991 0.011]
		[0.991 -0.133 0.004]
		[-0.141 -0.990 0.011]
		[-0.146 -0.989 0.011]
		[0.989 -0.147 0.004]
		[0.988 -0.152 0.003]
		[-0.990 0.142 -0.001]
		[0.142 0.990 -0.011]
		[-0.001 -0.011 -1.000]
		[0.000 0.532 0.000]
		[1.000 0.000 0.000]
		[0.000 1.000 0.000]
		[0.000 0.000 1.000]
		[0.000 0.578 0.000]
		[0.531 -0.390 0.753]
		[-0.449 -0.882 -0.141]
		[0.719 -0.263 -0.643]
		[-0.123 -0.038 0.000]
		[-0.448 -0.883 -0.141]
		[0.719 -0.262 -0.643]
		[0.531 -0.389 0.753]
		[-0.447 -0.883 -0.141]
		[0.720 -0.261 -0.643]
		[0.532 -0.389 0.753]
		[-0.446 -0.884 -0.141]
		[0.532 -0.388 0.753]
		[-0.445 -0.884 -0.141]
		[0.720 -0.260 -0.643]
		[0.533 -0.387 0.753]
		[-0.444 -0.885 -0.141]
		[0.721 -0.259 -0.643]
		[0.533 -0.386 0.753]
		[-0.442 -0.886 -0.141]
		[0.721 -0.258 -0.643]
		[0.534 -0.386 0.753]
		[-0.441 -0.886 -0.141]
		[0.721 -0.257 -0.643]
		[0.535 -0.385 0.753]
		[-0.440 -0.887 -0.141]
		[0.722 -0.255 -0.643]
		[0.535 -0.384 0.753]
		[-0.438 -0.888 -0.141]
		[0.722 -0.254 -0.643]
		[0.536 -0.383 0.753]
		[-0.436 -0.889 -0.141]
		[0.723 -0.253 -0.643]
		[0.537 -0.382 0.753]
		[-0.435 -0.889 -0.141]
		[0.723 -0.251 -0.643]
		[0.537 -0.381 0.753]
		[-0.433 -0.890 -0.141]
		[0.724 -0.250 -0.643]
		[0.538 -0.380 0.753]
		[-0.431 -0.891 -0.141]
		[0.724 -0.248 -0.643]
		[0.539 -0.378 0.753]
		[-0.429 -0.892 -0.141]
		[0.725 -0.247 -0.643]
		[0.540 -0.377 0.753]
		[-0.427 -0.893 -0.141]
		[0.725 -0.245 -0.643]
		[0.541 -0.376 0.753]
		[-0.425 -0.894 -0.141]
		[0.726 -0.244 -0.643]
		[0.541 -0.375 0.753]
		[-0.423 -0.895 -0.141]
		[0.726 -0.242 -0.643]
		[0.542 -0.374 0.753]
		[-0.421 -0.896 -0.141]
		[0.727 -0.241 -0.643]
		[0.543 -0.373 0.753]
		[-0.419 -0.897 -0.141]
		[0.727 -0.239 -0.643]
		[0.544 -0.371 0.753]
		[-0.417 -0.898 -0.141]
		[0.728 -0.237 -0.643]
		[0.545 -0.370 0.753]
		[-0.416 -0.899 -0.141]
		[0.728 -0.236 -0.643]
		[0.546 -0.369 0.753]
		[-0.414 -0.899 -0.141]
		[0.729 -0.234 -0.643]
		[0.546 -0.368 0.753]
		[-0.412 -0.900 -0.141]
		[0.729 -0.233 -0.643]
		[0.547 -0.367 0.753]
		[-0.410 -0.901 -0.141]
		[0.730 -0.231 -0.643]
		[0.548 -0.366 0.753]
		[-0.408 -0.902 -0.141]
		[0.730 -0.230 -0.643]
		[0.549 -0.364 0.753]
		[-0.406 -0.903 -0.141]
		[0.731 -0.228 -0.643]
		[0.549 -0.363 0.753]
		[-0.404 -0.904 -0.141]
		[0.731 -0.227 -0.643]
		[0.550 -0.362 0.753]
		[-0.403 -0.904 -0.141]
		[0.732 -0.225 -0.643]
		[0.551 -0.361 0.753]
		[-0.401 -0.905 -0.141]
		[0.732 -0.224 -0.643]
		[0.551 -0.360 0.753]
		[-0.400 -0.906 -0.141]
		[0.732 -0.223 -0.643]
		[0.552 -0.360 0.753]
		[-0.398 -0.906 -0.141]
		[0.733 -0.222 -0.643]
		[0.552 -0.359 0.753]
		[-0.397 -0.907 -0.141]
		[0.733 -0.221 -0.643]
		[0.553 -0.358 0.753]
		[-0.396 -0.907 -0.141]
		[0.733 -0.220 -0.643]
		[0.553 -0.357 0.753]
		[-0.395 -0.908 -0.141]
		[0.734 -0.219 -0.643]
		[0.554 -0.357 0.753]
		[-0.394 -0.908 -0.141]
		[0.734 -0.218 -0.643]
		[0.554 -0.356 0.753]
		[-0.393 -0.909 -0.141]
		[0.734 -0.217 -0.643]
		[-0.392 -0.909 -0.141]
		[0.734 -0.216 -0.643]
		[0.554 -0.355 0.753]
		[-0.391 -0.909 -0.141]
		[0.735 -0.216 -0.643]
		[0.555 -0.355 0.753]
		[-0.402 -0.905 -0.141]
		[0.550 -0.363 0.753]
		[0.731 -0.226 -0.643]
		[0.548 -0.365 0.753]
		[0.730 -0.229 -0.643]
		[0.545 -0.369 0.753]
		[0.729 -0.235 -0.643]
		[-0.416 -0.898 -0.141]
		[0.544 -0.372 0.753]
		[-0.418 -0.897 -0.141]
		[0.728 -0.238 -0.643]
		[0.727 -0.240 -0.643]
		[0.542 -0.375 0.753]
		[0.727 -0.242 -0.643]
		[0.726 -0.243 -0.643]
		[0.723 -0.252 -0.643]
		[-0.437 -0.888 -0.141]
		[-0.439 -0.888 -0.141]
		[0.534 -0.385 0.753]
		[0.722 -0.256 -0.643]
		[-0.443 -0.885 -0.141]
		[0.720 -0.259 -0.643]
		[0.720 -0.262 -0.643]
		[-0.956 0.292 0.014]
		[0.288 0.934 0.212]
		[0.048 0.207 -0.977]
		[-0.956 0.291 0.014]
		[-0.957 0.291 0.014]
		[0.287 0.934 0.211]
		[0.048 0.206 -0.977]
		[-0.957 0.290 0.014]
		[0.287 0.935 0.211]
		[0.287 0.935 0.210]
		[0.286 0.935 0.210]
		[0.047 0.205 -0.978]
		[-0.957 0.289 0.014]
		[0.286 0.935 0.209]
		[0.047 0.204 -0.978]
		[0.285 0.935 0.209]
		[0.285 0.936 0.208]
		[-0.957 0.288 0.014]
		[0.047 0.203 -0.978]
		[0.046 0.203 -0.978]
		[-0.958 0.288 0.014]
		[0.284 0.936 0.207]
		[0.046 0.202 -0.978]
		[-0.958 0.287 0.014]
		[0.284 0.937 0.206]
		[0.283 0.937 0.206]
		[0.045 0.201 -0.979]
		[-0.958 0.286 0.014]
		[0.283 0.937 0.205]
		[0.045 0.200 -0.979]
		[0.282 0.937 0.204]
		[-0.958 0.285 0.014]
		[0.045 0.199 -0.979]
		[0.282 0.938 0.203]
		[0.044 0.199 -0.979]
		[-0.959 0.285 0.014]
		[0.281 0.938 0.203]
		[0.044 0.198 -0.979]
		[-0.959 0.284 0.014]
		[0.281 0.938 0.202]
		[0.044 0.197 -0.979]
		[0.281 0.938 0.201]
		[-0.959 0.283 0.014]
		[0.280 0.939 0.201]
		[0.043 0.197 -0.979]
		[0.043 0.197 -0.980]
		[0.043 0.196 -0.980]
		[0.281 0.939 0.201]
		[0.283 0.937 0.204]
		[0.284 0.936 0.206]
		[0.046 0.201 -0.978]
		[0.285 0.936 0.207]
		[0.285 0.935 0.208]
		[0.048 0.205 -0.978]
		[0.945 -0.172 -0.277]
		[0.177 0.984 -0.008]
		[0.274 -0.042 0.961]
		[0.000 0.130 0.000]
		[0.945 -0.173 -0.276]
		[0.178 0.984 -0.008]
		[0.273 -0.041 0.961]
		[0.946 -0.174 -0.275]
		[0.272 -0.041 0.961]
		[0.946 -0.174 -0.274]
		[0.179 0.984 -0.008]
		[0.271 -0.041 0.962]
		[0.946 -0.175 -0.272]
		[0.180 0.984 -0.008]
		[0.269 -0.041 0.962]
		[0.946 -0.176 -0.271]
		[0.181 0.983 -0.008]
		[0.268 -0.041 0.963]
		[0.947 -0.178 -0.269]
		[0.182 0.983 -0.008]
		[0.266 -0.041 0.963]
		[0.947 -0.179 -0.267]
		[0.184 0.983 -0.008]
		[0.264 -0.041 0.964]
		[0.947 -0.181 -0.264]
		[0.185 0.983 -0.009]
		[0.261 -0.041 0.964]
		[0.948 -0.182 -0.262]
		[0.186 0.982 -0.009]
		[0.259 -0.041 0.965]
		[0.948 -0.184 -0.259]
		[0.188 0.982 -0.009]
		[0.256 -0.040 0.966]
		[0.949 -0.186 -0.256]
		[0.190 0.982 -0.009]
		[0.253 -0.040 0.967]
		[0.949 -0.187 -0.254]
		[0.191 0.981 -0.009]
		[0.251 -0.040 0.967]
		[0.949 -0.189 -0.251]
		[0.193 0.981 -0.009]
		[0.248 -0.040 0.968]
		[0.950 -0.191 -0.248]
		[0.195 0.981 -0.009]
		[0.245 -0.039 0.969]
		[0.950 -0.193 -0.244]
		[0.197 0.980 -0.010]
		[0.242 -0.039 0.970]
		[0.951 -0.195 -0.241]
		[0.199 0.980 -0.010]
		[0.238 -0.039 0.970]
		[0.951 -0.198 -0.238]
		[0.201 0.980 -0.010]
		[0.235 -0.039 0.971]
		[0.951 -0.200 -0.235]
		[0.203 0.979 -0.010]
		[0.232 -0.038 0.972]
		[0.952 -0.202 -0.231]
		[0.205 0.979 -0.010]
		[0.229 -0.038 0.973]
		[0.952 -0.204 -0.228]
		[0.207 0.978 -0.010]
		[0.225 -0.038 0.974]
		[0.952 -0.206 -0.225]
		[0.209 0.978 -0.010]
		[0.222 -0.037 0.974]
		[0.953 -0.208 -0.222]
		[0.211 0.977 -0.010]
		[0.219 -0.037 0.975]
		[0.953 -0.210 -0.218]
		[0.213 0.977 -0.010]
		[0.215 -0.037 0.976]
		[0.953 -0.212 -0.215]
		[0.215 0.977 -0.010]
		[0.212 -0.036 0.977]
		[0.954 -0.214 -0.212]
		[0.217 0.976 -0.011]
		[0.209 -0.036 0.977]
		[0.954 -0.216 -0.209]
		[0.219 0.976 -0.011]
		[0.206 -0.036 0.978]
		[0.954 -0.218 -0.206]
		[0.221 0.975 -0.011]
		[0.203 -0.035 0.978]
		[0.954 -0.220 -0.203]
		[0.222 0.975 -0.011]
		[0.200 -0.035 0.979]
		[0.954 -0.221 -0.200]
		[0.224 0.975 -0.011]
		[0.198 -0.035 0.980]
		[0.955 -0.223 -0.198]
		[0.225 0.974 -0.011]
		[0.195 -0.034 0.980]
		[0.955 -0.225 -0.195]
		[0.227 0.974 -0.011]
		[0.193 -0.034 0.981]
		[0.955 -0.226 -0.193]
		[0.228 0.974 -0.011]
		[0.190 -0.034 0.981]
		[0.955 -0.227 -0.191]
		[0.230 0.973 -0.011]
		[0.188 -0.034 0.982]
		[0.955 -0.229 -0.189]
		[0.231 0.973 -0.011]
		[0.187 -0.033 0.982]
		[0.955 -0.230 -0.188]
		[0.232 0.973 -0.011]
		[0.185 -0.033 0.982]
		[0.955 -0.230 -0.186]
		[0.233 0.973 -0.011]
		[0.183 -0.033 0.982]
		[0.955 -0.231 -0.185]
		[0.233 0.972 -0.011]
		[0.182 -0.033 0.983]
		[0.955 -0.232 -0.184]
		[0.234 0.972 -0.011]
		[0.181 -0.033 0.983]
		[0.955 -0.232 -0.183]
		[0.955 -0.233 -0.183]
		[0.235 0.972 -0.011]
		[0.180 -0.032 0.983]
		[0.955 -0.231 -0.186]
		[0.183 -0.033 0.983]
		[0.955 -0.230 -0.187]
		[0.955 -0.227 -0.192]
		[0.229 0.973 -0.011]
		[0.189 -0.033 0.981]
		[0.955 -0.225 -0.194]
		[0.192 -0.034 0.981]
		[0.955 -0.224 -0.197]
		[0.226 0.974 -0.011]
		[0.194 -0.034 0.980]
		[0.954 -0.222 -0.200]
		[0.197 -0.034 0.980]
		[0.201 -0.035 0.979]
		[0.954 -0.218 -0.207]
		[0.220 0.975 -0.011]
		[0.204 -0.035 0.978]
		[0.954 -0.216 -0.210]
		[0.218 0.976 -0.011]
		[0.207 -0.036 0.978]
		[0.953 -0.213 -0.213]
		[0.216 0.976 -0.011]
		[0.210 -0.036 0.977]
		[0.953 -0.211 -0.217]
		[0.214 0.977 -0.011]
		[0.214 -0.036 0.976]
		[0.953 -0.209 -0.220]
		[0.212 0.977 -0.011]
		[0.217 -0.037 0.975]
		[0.952 -0.207 -0.224]
		[0.210 0.978 -0.010]
		[0.221 -0.037 0.975]
		[0.952 -0.204 -0.227]
		[0.225 -0.037 0.974]
		[0.228 -0.038 0.973]
		[0.235 -0.038 0.971]
		[0.951 -0.195 -0.242]
		[0.239 -0.039 0.970]
		[0.950 -0.193 -0.245]
		[0.242 -0.039 0.969]
		[0.949 -0.189 -0.252]
		[0.249 -0.040 0.968]
		[0.949 -0.187 -0.255]
		[0.191 0.982 -0.009]
		[0.252 -0.040 0.967]
		[0.948 -0.185 -0.258]
		[0.189 0.982 -0.009]
		[0.255 -0.040 0.966]
		[0.948 -0.183 -0.260]
		[0.187 0.982 -0.009]
		[0.257 -0.040 0.965]
		[0.948 -0.181 -0.263]
		[0.186 0.983 -0.009]
		[0.260 -0.041 0.965]
		[0.947 -0.180 -0.266]
		[0.184 0.983 -0.009]
		[0.263 -0.041 0.964]
		[0.947 -0.178 -0.268]
		[0.183 0.983 -0.008]
		[0.265 -0.041 0.963]
		[0.946 -0.177 -0.270]
		[0.267 -0.041 0.963]
		[0.946 -0.176 -0.272]
		[0.946 -0.175 -0.274]
		[0.270 -0.041 0.962]
		[0.000 0.596 0.000]
		[1.000 0.000 0.002]
		[-0.002 0.000 1.000]
		[1.000 0.001 0.007]
		[-0.001 1.000 0.000]
		[-0.007 0.000 1.000]
