{ :name "Armature|walk_crowd" :length 1.666667 :bones { 
	"Skelet" [
		[ 0 [ 0 1 2 3 ] ]
		[ 0.04166667 [ 0 1 2 4 ] ]
		[ 0.08333334 [ 0 1 2 5 ] ]
		[ 0.125 [ 0 1 2 6 ] ]
		[ 0.1666667 [ 0 1 2 7 ] ]
		[ 0.2083333 [ 0 1 2 8 ] ]
		[ 0.25 [ 0 1 2 9 ] ]
		[ 0.2916667 [ 0 1 2 10 ] ]
		[ 0.3333333 [ 0 1 2 11 ] ]
		[ 0.375 [ 0 1 2 12 ] ]
		[ 0.4166667 [ 0 1 2 12 ] ]
		[ 0.4583333 [ 0 1 2 13 ] ]
		[ 0.5 [ 0 1 2 14 ] ]
		[ 0.5416667 [ 0 1 2 9 ] ]
		[ 0.5833334 [ 0 1 2 15 ] ]
		[ 0.625 [ 0 1 2 16 ] ]
		[ 0.6666667 [ 0 1 2 17 ] ]
		[ 0.7083334 [ 0 1 2 18 ] ]
		[ 0.7500001 [ 0 1 2 19 ] ]
		[ 0.7916667 [ 0 1 2 20 ] ]
		[ 0.8333334 [ 0 1 2 3 ] ]
		[ 0.8750001 [ 0 1 2 21 ] ]
		[ 0.9166667 [ 0 1 2 4 ] ]
		[ 0.9583334 [ 0 1 2 5 ] ]
		[ 1 [ 0 1 2 16 ] ]
		[ 1.041667 [ 0 1 2 22 ] ]
		[ 1.083333 [ 0 1 2 11 ] ]
		[ 1.125 [ 0 1 2 23 ] ]
		[ 1.166667 [ 0 1 2 24 ] ]
		[ 1.208333 [ 0 1 2 25 ] ]
		[ 1.25 [ 0 1 2 26 ] ]
		[ 1.291667 [ 0 1 2 27 ] ]
		[ 1.333333 [ 0 1 2 28 ] ]
		[ 1.375 [ 0 1 2 29 ] ]
		[ 1.416667 [ 0 1 2 30 ] ]
		[ 1.458333 [ 0 1 2 13 ] ]
		[ 1.5 [ 0 1 2 31 ] ]
		[ 1.541667 [ 0 1 2 32 ] ]
		[ 1.583333 [ 0 1 2 6 ] ]
		[ 1.625 [ 0 1 2 18 ] ]
	]
	"Bedro_L" [
		[ 0 [ 33 34 35 36 ] ]
		[ 0.04166667 [ 37 38 35 36 ] ]
		[ 0.08333334 [ 39 40 35 36 ] ]
		[ 0.125 [ 41 42 43 36 ] ]
		[ 0.1666667 [ 44 45 43 36 ] ]
		[ 0.2083333 [ 46 47 43 36 ] ]
		[ 0.25 [ 48 49 43 36 ] ]
		[ 0.2916667 [ 50 51 43 36 ] ]
		[ 0.3333333 [ 52 53 43 36 ] ]
		[ 0.375 [ 52 53 43 36 ] ]
		[ 0.4166667 [ 50 51 43 36 ] ]
		[ 0.4583333 [ 54 55 35 36 ] ]
		[ 0.5 [ 56 57 58 36 ] ]
		[ 0.5416667 [ 59 60 61 36 ] ]
		[ 0.5833334 [ 62 63 64 36 ] ]
		[ 0.625 [ 65 66 67 36 ] ]
		[ 0.6666667 [ 68 69 70 36 ] ]
		[ 0.7083334 [ 71 72 73 36 ] ]
		[ 0.7500001 [ 74 75 76 36 ] ]
		[ 0.7916667 [ 77 78 79 36 ] ]
		[ 0.8333334 [ 80 81 82 36 ] ]
		[ 0.8750001 [ 83 84 85 36 ] ]
		[ 0.9166667 [ 86 87 88 36 ] ]
		[ 0.9583334 [ 89 90 91 36 ] ]
		[ 1 [ 92 93 94 36 ] ]
		[ 1.041667 [ 95 96 97 36 ] ]
		[ 1.083333 [ 98 99 100 36 ] ]
		[ 1.125 [ 101 102 103 36 ] ]
		[ 1.166667 [ 104 105 106 36 ] ]
		[ 1.208333 [ 107 108 109 36 ] ]
		[ 1.25 [ 110 111 109 36 ] ]
		[ 1.291667 [ 112 113 106 36 ] ]
		[ 1.333333 [ 114 115 103 36 ] ]
		[ 1.375 [ 116 117 118 36 ] ]
		[ 1.416667 [ 119 120 121 36 ] ]
		[ 1.458333 [ 86 87 88 36 ] ]
		[ 1.5 [ 122 123 124 36 ] ]
		[ 1.541667 [ 125 126 79 36 ] ]
		[ 1.583333 [ 127 128 129 36 ] ]
		[ 1.625 [ 130 131 64 36 ] ]
	]
	"Koleno_L" [
		[ 0 [ 132 133 134 135 ] ]
		[ 0.04166667 [ 136 137 138 135 ] ]
		[ 0.08333334 [ 139 140 141 135 ] ]
		[ 0.125 [ 142 143 144 135 ] ]
		[ 0.1666667 [ 145 146 147 135 ] ]
		[ 0.2083333 [ 148 149 150 135 ] ]
		[ 0.25 [ 151 152 153 135 ] ]
		[ 0.2916667 [ 154 155 156 135 ] ]
		[ 0.3333333 [ 157 158 159 135 ] ]
		[ 0.375 [ 160 161 159 135 ] ]
		[ 0.4166667 [ 162 163 164 135 ] ]
		[ 0.4583333 [ 165 166 156 135 ] ]
		[ 0.5 [ 167 166 156 135 ] ]
		[ 0.5416667 [ 167 166 156 135 ] ]
		[ 0.5833334 [ 167 166 156 135 ] ]
		[ 0.625 [ 167 166 153 135 ] ]
		[ 0.6666667 [ 168 166 153 135 ] ]
		[ 0.7083334 [ 168 166 153 135 ] ]
		[ 0.7500001 [ 168 166 169 135 ] ]
		[ 0.7916667 [ 168 166 169 135 ] ]
		[ 0.8333334 [ 170 166 169 135 ] ]
		[ 0.8750001 [ 170 166 169 135 ] ]
		[ 0.9166667 [ 170 166 171 135 ] ]
		[ 0.9583334 [ 172 166 171 135 ] ]
		[ 1 [ 172 166 171 135 ] ]
		[ 1.041667 [ 172 166 171 135 ] ]
		[ 1.083333 [ 172 166 173 135 ] ]
		[ 1.125 [ 174 166 173 135 ] ]
		[ 1.166667 [ 174 166 173 135 ] ]
		[ 1.208333 [ 174 166 175 135 ] ]
		[ 1.25 [ 176 163 175 135 ] ]
		[ 1.291667 [ 177 161 178 135 ] ]
		[ 1.333333 [ 179 180 178 135 ] ]
		[ 1.375 [ 181 155 182 135 ] ]
		[ 1.416667 [ 183 184 182 135 ] ]
		[ 1.458333 [ 185 149 182 135 ] ]
		[ 1.5 [ 186 146 187 135 ] ]
		[ 1.541667 [ 142 188 144 135 ] ]
		[ 1.583333 [ 189 140 141 135 ] ]
		[ 1.625 [ 136 137 138 135 ] ]
	]
	"Koleno_L_end" [
		[ 0 [ 0 190 1 191 ] ]
	]
	"Bedro_P" [
		[ 0 [ 80 192 193 194 ] ]
		[ 0.04166667 [ 195 196 197 194 ] ]
		[ 0.08333334 [ 198 199 200 194 ] ]
		[ 0.125 [ 201 202 203 194 ] ]
		[ 0.1666667 [ 204 205 206 194 ] ]
		[ 0.2083333 [ 207 208 209 194 ] ]
		[ 0.25 [ 210 211 209 194 ] ]
		[ 0.2916667 [ 212 213 214 194 ] ]
		[ 0.3333333 [ 95 215 216 194 ] ]
		[ 0.375 [ 217 218 216 194 ] ]
		[ 0.4166667 [ 217 219 216 194 ] ]
		[ 0.4583333 [ 220 221 214 194 ] ]
		[ 0.5 [ 222 223 209 194 ] ]
		[ 0.5416667 [ 224 225 226 194 ] ]
		[ 0.5833334 [ 227 228 229 194 ] ]
		[ 0.625 [ 230 231 232 194 ] ]
		[ 0.6666667 [ 233 234 235 194 ] ]
		[ 0.7083334 [ 236 237 238 194 ] ]
		[ 0.7500001 [ 239 240 241 194 ] ]
		[ 0.7916667 [ 242 243 244 194 ] ]
		[ 0.8333334 [ 245 246 247 194 ] ]
		[ 0.8750001 [ 248 249 247 194 ] ]
		[ 0.9166667 [ 250 251 247 194 ] ]
		[ 0.9583334 [ 252 251 247 194 ] ]
		[ 1 [ 253 254 247 194 ] ]
		[ 1.041667 [ 255 256 247 194 ] ]
		[ 1.083333 [ 257 258 247 194 ] ]
		[ 1.125 [ 259 260 247 194 ] ]
		[ 1.166667 [ 261 262 247 194 ] ]
		[ 1.208333 [ 263 264 265 194 ] ]
		[ 1.25 [ 266 267 265 194 ] ]
		[ 1.291667 [ 268 269 270 194 ] ]
		[ 1.333333 [ 271 272 273 194 ] ]
		[ 1.375 [ 274 275 276 194 ] ]
		[ 1.416667 [ 277 278 238 194 ] ]
		[ 1.458333 [ 279 280 281 194 ] ]
		[ 1.5 [ 282 283 235 194 ] ]
		[ 1.541667 [ 284 285 286 194 ] ]
		[ 1.583333 [ 287 288 232 194 ] ]
		[ 1.625 [ 289 290 291 194 ] ]
	]
	"Koleno_P" [
		[ 0 [ 292 293 294 135 ] ]
		[ 0.04166667 [ 292 293 295 135 ] ]
		[ 0.08333334 [ 296 293 295 135 ] ]
		[ 0.125 [ 296 293 297 135 ] ]
		[ 0.1666667 [ 298 293 297 135 ] ]
		[ 0.2083333 [ 298 293 299 135 ] ]
		[ 0.25 [ 300 293 299 135 ] ]
		[ 0.2916667 [ 300 293 301 135 ] ]
		[ 0.3333333 [ 302 293 301 135 ] ]
		[ 0.375 [ 302 293 303 135 ] ]
		[ 0.4166667 [ 304 305 303 135 ] ]
		[ 0.4583333 [ 306 307 308 135 ] ]
		[ 0.5 [ 309 310 308 135 ] ]
		[ 0.5416667 [ 311 312 313 135 ] ]
		[ 0.5833334 [ 314 315 316 135 ] ]
		[ 0.625 [ 317 318 319 135 ] ]
		[ 0.6666667 [ 320 321 322 135 ] ]
		[ 0.7083334 [ 323 324 325 135 ] ]
		[ 0.7500001 [ 326 327 328 135 ] ]
		[ 0.7916667 [ 329 330 331 135 ] ]
		[ 0.8333334 [ 332 333 334 135 ] ]
		[ 0.8750001 [ 335 336 331 135 ] ]
		[ 0.9166667 [ 337 338 328 135 ] ]
		[ 0.9583334 [ 339 340 325 135 ] ]
		[ 1 [ 341 342 343 135 ] ]
		[ 1.041667 [ 344 345 346 135 ] ]
		[ 1.083333 [ 347 348 316 135 ] ]
		[ 1.125 [ 349 350 313 135 ] ]
		[ 1.166667 [ 351 352 353 135 ] ]
		[ 1.208333 [ 354 355 353 135 ] ]
		[ 1.25 [ 356 357 301 135 ] ]
		[ 1.291667 [ 358 359 299 135 ] ]
		[ 1.333333 [ 360 361 299 135 ] ]
		[ 1.375 [ 362 363 297 135 ] ]
		[ 1.416667 [ 364 365 297 135 ] ]
		[ 1.458333 [ 366 367 295 135 ] ]
		[ 1.5 [ 368 305 295 135 ] ]
		[ 1.541667 [ 369 370 295 135 ] ]
		[ 1.583333 [ 371 372 294 135 ] ]
		[ 1.625 [ 292 293 294 135 ] ]
	]
	"Koleno_P_end" [
		[ 0 [ 0 190 1 191 ] ]
	]
	"Tors" [
		[ 0 [ 0 190 1 373 ] ]
		[ 0.04166667 [ 374 190 375 373 ] ]
		[ 0.08333334 [ 376 190 377 373 ] ]
		[ 0.125 [ 378 190 379 373 ] ]
		[ 0.1666667 [ 380 190 381 373 ] ]
		[ 0.2083333 [ 382 190 383 373 ] ]
		[ 0.25 [ 384 190 385 373 ] ]
		[ 0.2916667 [ 386 190 387 373 ] ]
		[ 0.3333333 [ 388 190 389 373 ] ]
		[ 0.375 [ 390 190 391 373 ] ]
		[ 0.4166667 [ 392 190 393 373 ] ]
		[ 0.4583333 [ 392 190 393 373 ] ]
		[ 0.5 [ 394 190 395 373 ] ]
		[ 0.5416667 [ 388 190 389 373 ] ]
		[ 0.5833334 [ 396 190 397 373 ] ]
		[ 0.625 [ 398 190 399 373 ] ]
		[ 0.6666667 [ 400 190 401 373 ] ]
		[ 0.7083334 [ 402 190 403 373 ] ]
		[ 0.7500001 [ 404 190 405 373 ] ]
		[ 0.7916667 [ 406 190 407 373 ] ]
		[ 0.8333334 [ 408 190 409 373 ] ]
		[ 0.8750001 [ 410 190 411 373 ] ]
		[ 0.9166667 [ 412 190 413 373 ] ]
		[ 0.9583334 [ 414 190 415 373 ] ]
		[ 1 [ 416 190 417 373 ] ]
		[ 1.041667 [ 418 190 419 373 ] ]
		[ 1.083333 [ 420 190 421 373 ] ]
		[ 1.125 [ 422 190 423 373 ] ]
		[ 1.166667 [ 424 190 425 373 ] ]
		[ 1.208333 [ 426 190 427 373 ] ]
		[ 1.25 [ 428 190 429 373 ] ]
		[ 1.291667 [ 430 190 431 373 ] ]
		[ 1.333333 [ 432 190 433 373 ] ]
		[ 1.375 [ 434 190 435 373 ] ]
		[ 1.416667 [ 436 190 437 373 ] ]
		[ 1.458333 [ 438 190 439 373 ] ]
		[ 1.5 [ 440 190 441 373 ] ]
		[ 1.541667 [ 442 190 443 373 ] ]
		[ 1.583333 [ 444 190 445 373 ] ]
		[ 1.625 [ 446 190 447 373 ] ]
	]
	"Golova" [
		[ 0 [ 0 190 1 448 ] ]
		[ 0.04166667 [ 449 190 450 448 ] ]
		[ 0.08333334 [ 451 190 452 448 ] ]
		[ 0.125 [ 453 190 454 448 ] ]
		[ 0.1666667 [ 455 190 456 448 ] ]
		[ 0.2083333 [ 457 190 458 448 ] ]
		[ 0.25 [ 459 190 460 448 ] ]
		[ 0.2916667 [ 461 190 462 448 ] ]
		[ 0.3333333 [ 463 190 464 448 ] ]
		[ 0.375 [ 465 190 466 448 ] ]
		[ 0.4166667 [ 467 190 468 448 ] ]
		[ 0.4583333 [ 469 190 470 448 ] ]
		[ 0.5 [ 467 190 468 448 ] ]
		[ 0.5416667 [ 471 190 472 448 ] ]
		[ 0.5833334 [ 473 190 474 448 ] ]
		[ 0.625 [ 475 190 476 448 ] ]
		[ 0.6666667 [ 444 190 445 448 ] ]
		[ 0.7083334 [ 477 190 478 448 ] ]
		[ 0.7500001 [ 479 190 480 448 ] ]
		[ 0.7916667 [ 449 190 450 448 ] ]
		[ 0.8333334 [ 481 190 482 448 ] ]
		[ 0.8750001 [ 483 190 484 448 ] ]
		[ 0.9166667 [ 485 190 486 448 ] ]
		[ 0.9583334 [ 487 190 488 448 ] ]
		[ 1 [ 489 190 490 448 ] ]
		[ 1.041667 [ 491 190 492 448 ] ]
		[ 1.083333 [ 493 190 494 448 ] ]
		[ 1.125 [ 495 190 496 448 ] ]
		[ 1.166667 [ 497 190 498 448 ] ]
		[ 1.208333 [ 499 190 500 448 ] ]
		[ 1.25 [ 501 190 502 448 ] ]
		[ 1.291667 [ 503 190 504 448 ] ]
		[ 1.333333 [ 505 190 506 448 ] ]
		[ 1.375 [ 507 190 508 448 ] ]
		[ 1.416667 [ 509 190 510 448 ] ]
		[ 1.458333 [ 390 190 391 448 ] ]
		[ 1.5 [ 511 190 512 448 ] ]
		[ 1.541667 [ 513 190 514 448 ] ]
		[ 1.583333 [ 515 190 516 448 ] ]
		[ 1.625 [ 517 190 518 448 ] ]
	]
	"Golova_end" [
		[ 0 [ 0 190 1 519 ] ]
	]
	"Kluchitsa_L" [
		[ 0 [ 1 0 190 520 ] ]
	]
	"Kluchitsa_L_end" [
		[ 0 [ 0 190 1 521 ] ]
	]
	"Kluchitsa_P" [
		[ 0 [ 522 523 190 520 ] ]
	]
	"Kluchitsa_P_end" [
		[ 0 [ 0 190 1 521 ] ]
	]
	"Ruka_L" [
		[ 0 [ 524 525 526 527 ] ]
		[ 0.04166667 [ 528 529 530 527 ] ]
		[ 0.08333334 [ 531 532 533 527 ] ]
		[ 0.125 [ 534 535 536 527 ] ]
		[ 0.1666667 [ 537 538 539 527 ] ]
		[ 0.2083333 [ 540 541 542 527 ] ]
		[ 0.25 [ 543 544 545 527 ] ]
		[ 0.2916667 [ 546 547 548 527 ] ]
		[ 0.3333333 [ 549 550 551 527 ] ]
		[ 0.375 [ 552 553 554 527 ] ]
		[ 0.4166667 [ 555 556 557 527 ] ]
		[ 0.4583333 [ 558 559 557 527 ] ]
		[ 0.5 [ 560 561 562 527 ] ]
		[ 0.5416667 [ 563 564 565 527 ] ]
		[ 0.5833334 [ 566 567 568 527 ] ]
		[ 0.625 [ 569 570 571 527 ] ]
		[ 0.6666667 [ 572 573 574 527 ] ]
		[ 0.7083334 [ 575 576 577 527 ] ]
		[ 0.7500001 [ 578 579 580 527 ] ]
		[ 0.7916667 [ 581 582 583 527 ] ]
		[ 0.8333334 [ 584 585 586 527 ] ]
		[ 0.8750001 [ 587 588 589 527 ] ]
		[ 0.9166667 [ 590 591 592 527 ] ]
		[ 0.9583334 [ 593 594 595 527 ] ]
		[ 1 [ 596 597 598 527 ] ]
		[ 1.041667 [ 599 600 601 527 ] ]
		[ 1.083333 [ 602 603 604 527 ] ]
		[ 1.125 [ 605 606 607 527 ] ]
		[ 1.166667 [ 608 609 610 527 ] ]
		[ 1.208333 [ 611 612 613 527 ] ]
		[ 1.25 [ 614 615 616 527 ] ]
		[ 1.291667 [ 614 615 616 527 ] ]
		[ 1.333333 [ 611 612 613 527 ] ]
		[ 1.375 [ 617 618 619 527 ] ]
		[ 1.416667 [ 620 621 622 527 ] ]
		[ 1.458333 [ 623 624 625 527 ] ]
		[ 1.5 [ 626 627 628 527 ] ]
		[ 1.541667 [ 629 630 631 527 ] ]
		[ 1.583333 [ 632 633 634 527 ] ]
		[ 1.625 [ 635 636 637 527 ] ]
	]
	"Lokot_L" [
		[ 0 [ 638 639 640 641 ] ]
		[ 0.04166667 [ 642 643 644 641 ] ]
		[ 0.08333334 [ 645 646 647 641 ] ]
		[ 0.125 [ 648 649 650 641 ] ]
		[ 0.1666667 [ 651 652 653 641 ] ]
		[ 0.2083333 [ 654 655 656 641 ] ]
		[ 0.25 [ 657 658 659 641 ] ]
		[ 0.2916667 [ 660 661 662 641 ] ]
		[ 0.3333333 [ 663 664 665 641 ] ]
		[ 0.375 [ 666 667 668 641 ] ]
		[ 0.4166667 [ 669 670 671 641 ] ]
		[ 0.4583333 [ 672 673 674 641 ] ]
		[ 0.5 [ 675 676 677 641 ] ]
		[ 0.5416667 [ 678 679 680 641 ] ]
		[ 0.5833334 [ 681 682 683 641 ] ]
		[ 0.625 [ 684 685 686 641 ] ]
		[ 0.6666667 [ 687 688 689 641 ] ]
		[ 0.7083334 [ 690 691 692 641 ] ]
		[ 0.7500001 [ 693 694 695 641 ] ]
		[ 0.7916667 [ 696 697 698 641 ] ]
		[ 0.8333334 [ 699 700 701 641 ] ]
		[ 0.8750001 [ 702 703 704 641 ] ]
		[ 0.9166667 [ 705 706 707 641 ] ]
		[ 0.9583334 [ 708 709 710 641 ] ]
		[ 1 [ 711 712 713 641 ] ]
		[ 1.041667 [ 714 715 716 641 ] ]
		[ 1.083333 [ 717 718 719 641 ] ]
		[ 1.125 [ 720 721 722 641 ] ]
		[ 1.166667 [ 723 724 725 641 ] ]
		[ 1.208333 [ 726 727 728 641 ] ]
		[ 1.25 [ 729 730 731 641 ] ]
		[ 1.291667 [ 732 730 733 641 ] ]
		[ 1.333333 [ 734 735 736 641 ] ]
		[ 1.375 [ 737 738 739 641 ] ]
		[ 1.416667 [ 740 741 742 641 ] ]
		[ 1.458333 [ 743 744 745 641 ] ]
		[ 1.5 [ 746 747 748 641 ] ]
		[ 1.541667 [ 749 750 751 641 ] ]
		[ 1.583333 [ 752 753 754 641 ] ]
		[ 1.625 [ 755 756 757 641 ] ]
	]
	"Lokot_L_end" [
		[ 0 [ 0 190 1 758 ] ]
	]
	"Ruka_P" [
		[ 0 [ 759 760 761 762 ] ]
	]
	"Lokot_P" [
		[ 0 [ 763 764 765 641 ] ]
	]
	"Lokot_P_end" [
		[ 0 [ 0 190 1 758 ] ]
	]
	"Camera" [
		[ 0 [ 766 767 768 769 ] ]
	]
	"Lamp" [
		[ 0 [ 770 771 772 773 ] ]
	]
	"Mag" [
		[ 0 [ 774 775 776 776 ] ]
	]
	}
	:resources [
		[1.000 0.000 0.000]
		[0.000 0.000 1.000]
		[0.000 -1.000 0.000]
		[0.000 0.000 0.000]
		[0.000 0.000 -0.007]
		[0.000 0.000 -0.015]
		[0.000 0.000 -0.021]
		[0.000 0.000 -0.028]
		[0.000 0.000 -0.034]
		[0.000 0.000 -0.039]
		[0.000 0.000 -0.043]
		[0.000 0.000 -0.046]
		[0.000 0.000 -0.049]
		[0.000 0.000 -0.048]
		[0.000 0.000 -0.044]
		[0.000 0.000 -0.032]
		[0.000 0.000 -0.025]
		[0.000 0.000 -0.017]
		[0.000 0.000 -0.011]
		[0.000 0.000 -0.005]
		[0.000 0.000 -0.001]
		[0.000 0.000 -0.002]
		[0.000 0.000 -0.035]
		[0.000 0.000 -0.055]
		[0.000 0.000 -0.063]
		[0.000 0.000 -0.068]
		[0.000 0.000 -0.070]
		[0.000 0.000 -0.069]
		[0.000 0.000 -0.066]
		[0.000 0.000 -0.062]
		[0.000 0.000 -0.056]
		[0.000 0.000 -0.040]
		[0.000 0.000 -0.031]
		[0.002 -0.524 0.852]
		[0.027 -0.852 -0.524]
		[1.000 0.024 0.012]
		[0.123 -0.038 0.000]
		[0.002 -0.529 0.849]
		[0.027 -0.848 -0.529]
		[0.002 -0.534 0.845]
		[0.026 -0.845 -0.534]
		[0.002 -0.540 0.842]
		[0.026 -0.842 -0.540]
		[1.000 0.023 0.012]
		[0.002 -0.545 0.839]
		[0.026 -0.838 -0.545]
		[0.003 -0.549 0.836]
		[0.026 -0.835 -0.549]
		[0.003 -0.553 0.833]
		[0.026 -0.833 -0.553]
		[0.003 -0.556 0.831]
		[0.026 -0.831 -0.556]
		[0.003 -0.558 0.830]
		[0.026 -0.830 -0.558]
		[0.003 -0.547 0.837]
		[0.026 -0.837 -0.547]
		[0.003 -0.526 0.851]
		[0.026 -0.850 -0.525]
		[1.000 0.024 0.011]
		[0.003 -0.494 0.870]
		[0.026 -0.869 -0.494]
		[1.000 0.024 0.010]
		[0.003 -0.452 0.892]
		[0.026 -0.892 -0.452]
		[1.000 0.025 0.009]
		[0.003 -0.402 0.916]
		[0.026 -0.915 -0.402]
		[1.000 0.025 0.008]
		[0.002 -0.344 0.939]
		[0.026 -0.939 -0.344]
		[1.000 0.026 0.007]
		[0.002 -0.281 0.960]
		[0.027 -0.959 -0.281]
		[1.000 0.026 0.005]
		[0.002 -0.213 0.977]
		[0.027 -0.977 -0.213]
		[1.000 0.026 0.004]
		[0.002 -0.144 0.990]
		[0.027 -0.989 -0.144]
		[1.000 0.027 0.002]
		[0.002 -0.074 0.997]
		[0.027 -0.997 -0.074]
		[1.000 0.027 0.000]
		[0.002 -0.007 1.000]
		[0.027 -1.000 -0.007]
		[1.000 0.027 -0.002]
		[0.002 0.057 0.998]
		[0.027 -0.998 0.057]
		[1.000 0.026 -0.004]
		[0.002 0.116 0.993]
		[0.027 -0.993 0.116]
		[1.000 0.026 -0.005]
		[0.002 0.170 0.985]
		[0.027 -0.985 0.170]
		[1.000 0.026 -0.007]
		[0.002 0.218 0.976]
		[0.027 -0.976 0.218]
		[1.000 0.026 -0.008]
		[0.002 0.258 0.966]
		[0.027 -0.966 0.258]
		[1.000 0.025 -0.009]
		[0.003 0.290 0.957]
		[0.027 -0.957 0.290]
		[1.000 0.025 -0.010]
		[0.003 0.313 0.950]
		[0.027 -0.949 0.313]
		[1.000 0.025 -0.011]
		[0.003 0.326 0.945]
		[0.027 -0.945 0.326]
		[1.000 0.024 -0.011]
		[0.003 0.329 0.944]
		[0.027 -0.944 0.329]
		[0.003 0.315 0.949]
		[0.027 -0.949 0.315]
		[0.003 0.279 0.960]
		[0.027 -0.960 0.279]
		[0.002 0.223 0.975]
		[0.027 -0.975 0.223]
		[1.000 0.025 -0.008]
		[0.002 0.148 0.989]
		[0.027 -0.989 0.148]
		[1.000 0.026 -0.006]
		[0.002 -0.048 0.999]
		[0.027 -0.998 -0.048]
		[1.000 0.027 -0.001]
		[0.002 -0.165 0.986]
		[0.027 -0.986 -0.165]
		[0.002 -0.288 0.958]
		[0.027 -0.957 -0.288]
		[1.000 0.026 0.006]
		[0.002 -0.409 0.912]
		[0.027 -0.912 -0.409]
		[-0.281 0.959 -0.024]
		[0.960 0.282 0.006]
		[0.012 -0.021 -1.000]
		[0.000 0.532 0.000]
		[-0.436 0.899 -0.022]
		[0.900 0.437 0.002]
		[0.011 -0.019 -1.000]
		[-0.580 0.815 -0.019]
		[0.815 0.580 -0.002]
		[0.010 -0.016 -1.000]
		[-0.704 0.710 -0.016]
		[0.710 0.704 -0.005]
		[0.008 -0.015 -1.000]
		[-0.804 0.595 -0.013]
		[0.595 0.804 -0.007]
		[0.006 -0.014 -1.000]
		[-0.879 0.477 -0.010]
		[0.477 0.879 -0.009]
		[0.005 -0.013 -1.000]
		[-0.931 0.366 -0.008]
		[0.366 0.931 -0.010]
		[0.003 -0.012 -1.000]
		[-0.962 0.273 -0.005]
		[0.273 0.962 -0.011]
		[0.002 -0.012 -1.000]
		[-0.979 0.206 -0.003]
		[0.206 0.979 -0.011]
		[0.001 -0.011 -1.000]
		[-0.986 0.166 -0.003]
		[0.166 0.986 -0.011]
		[-0.989 0.147 -0.003]
		[0.147 0.989 -0.011]
		[0.001 -0.012 -1.000]
		[-0.990 0.142 -0.003]
		[0.142 0.990 -0.011]
		[-0.990 0.142 -0.004]
		[-0.990 0.142 -0.005]
		[0.004 -0.012 -1.000]
		[-0.990 0.142 -0.006]
		[0.005 -0.012 -1.000]
		[-0.990 0.142 -0.007]
		[0.006 -0.012 -1.000]
		[-0.990 0.142 -0.008]
		[0.007 -0.012 -1.000]
		[-0.989 0.147 -0.008]
		[-0.986 0.166 -0.009]
		[0.007 -0.013 -1.000]
		[-0.978 0.206 -0.009]
		[0.206 0.978 -0.011]
		[-0.962 0.273 -0.009]
		[0.006 -0.013 -1.000]
		[-0.930 0.366 -0.010]
		[0.366 0.930 -0.010]
		[-0.879 0.477 -0.012]
		[-0.804 0.595 -0.014]
		[0.007 -0.014 -1.000]
		[0.711 0.704 -0.005]
		[-0.579 0.815 -0.019]
		[0.000 1.000 0.000]
		[0.000 0.578 0.000]
		[-0.027 -0.997 -0.074]
		[1.000 -0.026 -0.004]
		[-0.123 -0.038 0.000]
		[0.002 -0.028 1.000]
		[-0.027 -0.999 -0.028]
		[1.000 -0.027 -0.003]
		[0.002 0.018 1.000]
		[-0.027 -0.999 0.018]
		[1.000 -0.027 -0.002]
		[0.002 0.061 0.998]
		[-0.027 -0.998 0.061]
		[1.000 -0.027 0.000]
		[0.002 0.102 0.995]
		[-0.027 -0.994 0.102]
		[1.000 -0.027 0.001]
		[0.002 0.139 0.990]
		[-0.027 -0.990 0.139]
		[1.000 -0.027 0.002]
		[0.002 0.171 0.985]
		[-0.027 -0.985 0.171]
		[0.002 0.198 0.980]
		[-0.027 -0.980 0.198]
		[1.000 -0.026 0.003]
		[-0.027 -0.976 0.218]
		[1.000 -0.026 0.004]
		[0.002 0.231 0.973]
		[-0.027 -0.973 0.231]
		[-0.027 -0.972 0.231]
		[0.002 0.206 0.979]
		[-0.027 -0.978 0.206]
		[0.002 0.141 0.990]
		[-0.027 -0.990 0.141]
		[0.002 0.032 0.999]
		[-0.027 -0.999 0.032]
		[1.000 -0.027 -0.001]
		[0.002 -0.103 0.995]
		[-0.027 -0.994 -0.103]
		[1.000 -0.026 -0.005]
		[0.002 -0.247 0.969]
		[-0.027 -0.969 -0.247]
		[1.000 -0.025 -0.008]
		[0.002 -0.385 0.923]
		[-0.027 -0.923 -0.385]
		[1.000 -0.024 -0.012]
		[0.002 -0.505 0.863]
		[-0.027 -0.863 -0.504]
		[1.000 -0.022 -0.016]
		[0.003 -0.596 0.803]
		[-0.027 -0.803 -0.596]
		[1.000 -0.020 -0.018]
		[0.003 -0.652 0.758]
		[-0.027 -0.758 -0.652]
		[1.000 -0.019 -0.020]
		[0.003 -0.673 0.739]
		[-0.027 -0.739 -0.673]
		[1.000 -0.018 -0.021]
		[0.003 -0.674 0.739]
		[-0.027 -0.738 -0.674]
		[0.003 -0.671 0.742]
		[-0.027 -0.742 -0.670]
		[0.004 -0.670 0.742]
		[0.004 -0.670 0.743]
		[-0.028 -0.743 -0.669]
		[0.004 -0.668 0.744]
		[-0.028 -0.744 -0.668]
		[0.004 -0.665 0.747]
		[-0.028 -0.747 -0.664]
		[0.004 -0.659 0.752]
		[-0.028 -0.752 -0.659]
		[0.004 -0.651 0.759]
		[-0.028 -0.759 -0.651]
		[0.004 -0.639 0.769]
		[-0.028 -0.769 -0.639]
		[1.000 -0.019 -0.021]
		[0.004 -0.623 0.782]
		[-0.028 -0.782 -0.623]
		[0.004 -0.602 0.799]
		[-0.028 -0.799 -0.601]
		[1.000 -0.020 -0.020]
		[0.004 -0.572 0.820]
		[-0.028 -0.820 -0.572]
		[1.000 -0.020 -0.019]
		[0.004 -0.534 0.845]
		[-0.027 -0.845 -0.534]
		[1.000 -0.021 -0.018]
		[0.003 -0.487 0.873]
		[-0.027 -0.873 -0.487]
		[0.003 -0.432 0.902]
		[-0.027 -0.901 -0.432]
		[1.000 -0.023 -0.014]
		[0.003 -0.370 0.929]
		[-0.027 -0.929 -0.370]
		[0.002 -0.302 0.953]
		[-0.027 -0.953 -0.302]
		[1.000 -0.025 -0.010]
		[0.002 -0.229 0.973]
		[-0.027 -0.973 -0.229]
		[0.002 -0.153 0.988]
		[-0.027 -0.988 -0.153]
		[1.000 -0.026 -0.006]
		[-0.990 0.142 0.007]
		[0.142 0.990 0.011]
		[-0.005 0.012 -1.000]
		[-0.006 0.012 -1.000]
		[-0.990 0.142 0.008]
		[-0.007 0.012 -1.000]
		[-0.990 0.142 0.009]
		[-0.008 0.012 -1.000]
		[-0.990 0.142 0.010]
		[-0.009 0.012 -1.000]
		[-0.990 0.142 0.011]
		[-0.010 0.012 -1.000]
		[-0.989 0.149 0.012]
		[0.149 0.989 0.011]
		[-0.983 0.184 0.012]
		[0.184 0.983 0.010]
		[-0.010 0.013 -1.000]
		[-0.963 0.268 0.013]
		[0.268 0.963 0.010]
		[-0.915 0.404 0.015]
		[0.404 0.915 0.008]
		[-0.010 0.014 -1.000]
		[-0.827 0.562 0.018]
		[0.562 0.827 0.006]
		[-0.012 0.015 -1.000]
		[-0.701 0.713 0.021]
		[0.713 0.701 0.002]
		[-0.014 0.017 -1.000]
		[-0.548 0.836 0.023]
		[0.836 0.548 -0.003]
		[-0.015 0.018 -1.000]
		[-0.388 0.921 0.024]
		[0.921 0.389 -0.007]
		[-0.016 0.020 -1.000]
		[-0.252 0.967 0.025]
		[0.968 0.252 -0.011]
		[-0.017 0.022 -1.000]
		[-0.163 0.986 0.026]
		[0.986 0.163 -0.013]
		[-0.017 0.024 -1.000]
		[-0.130 0.991 0.027]
		[0.991 0.130 -0.014]
		[-0.017 0.025 -1.000]
		[-0.155 0.988 0.026]
		[0.988 0.155 -0.013]
		[-0.235 0.972 0.025]
		[0.972 0.236 -0.011]
		[-0.355 0.934 0.024]
		[0.935 0.356 -0.008]
		[-0.496 0.868 0.022]
		[0.868 0.496 -0.004]
		[-0.014 0.018 -1.000]
		[-0.636 0.772 0.021]
		[0.772 0.636 0.000]
		[-0.013 0.016 -1.000]
		[-0.760 0.649 0.019]
		[0.649 0.760 0.004]
		[-0.857 0.515 0.016]
		[0.516 0.857 0.006]
		[-0.920 0.392 0.013]
		[0.392 0.920 0.008]
		[-0.009 0.013 -1.000]
		[-0.953 0.301 0.012]
		[0.302 0.953 0.009]
		[-0.969 0.246 0.011]
		[0.246 0.969 0.010]
		[-0.977 0.215 0.011]
		[0.215 0.977 0.010]
		[-0.981 0.193 0.010]
		[0.193 0.981 0.010]
		[-0.984 0.176 0.009]
		[0.176 0.984 0.010]
		[-0.986 0.164 0.009]
		[0.164 0.986 0.011]
		[-0.988 0.155 0.008]
		[0.155 0.988 0.011]
		[-0.989 0.149 0.008]
		[-0.989 0.145 0.007]
		[0.145 0.989 0.011]
		[-0.990 0.143 0.007]
		[0.143 0.990 0.011]
		[0.000 0.130 0.000]
		[1.000 0.000 -0.029]
		[0.029 0.000 1.000]
		[0.998 0.000 -0.056]
		[0.056 0.000 0.998]
		[0.997 0.000 -0.082]
		[0.082 0.000 0.997]
		[0.994 0.000 -0.106]
		[0.106 0.000 0.994]
		[0.992 0.000 -0.127]
		[0.127 0.000 0.992]
		[0.989 0.000 -0.146]
		[0.146 0.000 0.989]
		[0.987 0.000 -0.162]
		[0.162 0.000 0.987]
		[0.985 0.000 -0.175]
		[0.175 0.000 0.985]
		[0.983 0.000 -0.184]
		[0.184 0.000 0.983]
		[0.982 0.000 -0.189]
		[0.189 0.000 0.982]
		[0.983 0.000 -0.185]
		[0.185 0.000 0.983]
		[0.987 0.000 -0.161]
		[0.161 0.000 0.987]
		[0.990 0.000 -0.141]
		[0.141 0.000 0.990]
		[0.993 0.000 -0.118]
		[0.118 0.000 0.993]
		[0.996 0.000 -0.091]
		[0.091 0.000 0.996]
		[0.998 0.000 -0.061]
		[0.061 0.000 0.998]
		[1.000 0.000 -0.028]
		[0.028 0.000 1.000]
		[1.000 0.000 0.007]
		[-0.007 0.000 1.000]
		[0.999 0.000 0.044]
		[-0.044 0.000 0.999]
		[0.997 0.000 0.081]
		[-0.081 0.000 0.997]
		[0.993 0.000 0.120]
		[-0.120 0.000 0.993]
		[0.987 0.000 0.158]
		[-0.158 0.000 0.987]
		[0.981 0.000 0.194]
		[-0.194 0.000 0.981]
		[0.974 0.000 0.225]
		[-0.225 0.000 0.974]
		[0.968 0.000 0.251]
		[-0.251 0.000 0.968]
		[0.962 0.000 0.271]
		[-0.271 0.000 0.962]
		[0.959 0.000 0.285]
		[-0.285 0.000 0.959]
		[0.957 0.000 0.291]
		[-0.291 0.000 0.957]
		[0.957 0.000 0.289]
		[-0.289 0.000 0.957]
		[0.960 0.000 0.279]
		[-0.279 0.000 0.960]
		[0.966 0.000 0.260]
		[-0.260 0.000 0.966]
		[0.972 0.000 0.235]
		[-0.235 0.000 0.972]
		[0.979 0.000 0.204]
		[-0.204 0.000 0.979]
		[0.986 0.000 0.169]
		[-0.169 0.000 0.986]
		[0.992 0.000 0.130]
		[-0.130 0.000 0.992]
		[0.996 0.000 0.088]
		[-0.088 0.000 0.996]
		[0.999 0.000 0.045]
		[-0.045 0.000 0.999]
		[0.000 0.596 0.000]
		[1.000 0.000 0.020]
		[-0.020 0.000 1.000]
		[0.999 0.000 0.038]
		[-0.038 0.000 0.999]
		[0.998 0.000 0.055]
		[-0.055 0.000 0.998]
		[0.997 0.000 0.071]
		[-0.071 0.000 0.997]
		[0.996 0.000 0.086]
		[-0.086 0.000 0.996]
		[0.995 0.000 0.099]
		[-0.099 0.000 0.995]
		[0.994 0.000 0.109]
		[-0.109 0.000 0.994]
		[0.993 0.000 0.118]
		[-0.118 0.000 0.993]
		[0.992 0.000 0.124]
		[-0.124 0.000 0.992]
		[0.992 0.000 0.128]
		[-0.128 0.000 0.992]
		[0.992 0.000 0.129]
		[-0.129 0.000 0.992]
		[0.992 0.000 0.123]
		[-0.123 0.000 0.992]
		[0.993 0.000 0.115]
		[-0.115 0.000 0.993]
		[0.995 0.000 0.104]
		[-0.104 0.000 0.995]
		[0.998 0.000 0.069]
		[-0.069 0.000 0.998]
		[0.999 0.000 0.046]
		[-0.046 0.000 0.999]
		[1.000 0.000 -0.008]
		[0.008 0.000 1.000]
		[0.999 0.000 -0.038]
		[0.038 0.000 0.999]
		[0.998 0.000 -0.070]
		[0.070 0.000 0.998]
		[0.995 0.000 -0.104]
		[0.104 0.000 0.995]
		[0.990 0.000 -0.138]
		[0.138 0.000 0.990]
		[0.985 0.000 -0.171]
		[0.171 0.000 0.985]
		[0.980 0.000 -0.200]
		[0.200 0.000 0.980]
		[0.974 0.000 -0.224]
		[0.224 0.000 0.974]
		[0.970 0.000 -0.243]
		[0.243 0.000 0.970]
		[0.967 0.000 -0.256]
		[0.256 0.000 0.967]
		[0.965 0.000 -0.263]
		[0.263 0.000 0.965]
		[0.965 0.000 -0.262]
		[0.262 0.000 0.965]
		[0.968 0.000 -0.252]
		[0.252 0.000 0.968]
		[0.972 0.000 -0.235]
		[0.235 0.000 0.972]
		[0.977 0.000 -0.212]
		[0.212 0.000 0.977]
		[0.988 0.000 -0.153]
		[0.153 0.000 0.988]
		[0.993 0.000 -0.117]
		[0.117 0.000 0.993]
		[0.997 0.000 -0.080]
		[0.080 0.000 0.997]
		[0.999 0.000 -0.040]
		[0.040 0.000 0.999]
		[0.000 0.315 0.000]
		[0.000 0.470 0.000]
		[0.000 0.300 0.000]
		[0.000 0.000 -1.000]
		[-1.000 0.000 0.000]
		[-0.017 -0.602 0.798]
		[-0.229 -0.775 -0.589]
		[0.973 -0.193 -0.125]
		[0.279 0.394 -0.035]
		[-0.014 -0.599 0.801]
		[-0.219 -0.779 -0.587]
		[0.976 -0.184 -0.121]
		[-0.011 -0.596 0.803]
		[-0.210 -0.784 -0.585]
		[0.978 -0.175 -0.117]
		[-0.008 -0.593 0.805]
		[-0.202 -0.787 -0.583]
		[0.979 -0.167 -0.114]
		[-0.005 -0.591 0.807]
		[-0.194 -0.791 -0.580]
		[0.981 -0.160 -0.110]
		[-0.003 -0.588 0.809]
		[-0.187 -0.794 -0.578]
		[0.982 -0.153 -0.108]
		[-0.002 -0.586 0.810]
		[-0.181 -0.797 -0.577]
		[0.983 -0.148 -0.105]
		[0.000 -0.584 0.812]
		[-0.176 -0.799 -0.575]
		[0.984 -0.143 -0.103]
		[0.001 -0.582 0.813]
		[-0.173 -0.801 -0.573]
		[0.985 -0.140 -0.101]
		[0.002 -0.581 0.814]
		[-0.170 -0.803 -0.572]
		[0.985 -0.137 -0.100]
		[0.002 -0.579 0.815]
		[-0.168 -0.804 -0.571]
		[0.986 -0.136 -0.099]
		[0.002 -0.579 0.816]
		[-0.168 -0.804 -0.570]
		[0.002 -0.578 0.816]
		[-0.169 -0.804 -0.570]
		[0.986 -0.137 -0.099]
		[0.001 -0.578 0.816]
		[-0.172 -0.804 -0.569]
		[0.985 -0.140 -0.100]
		[-0.001 -0.578 0.816]
		[-0.176 -0.803 -0.569]
		[0.984 -0.144 -0.101]
		[-0.003 -0.579 0.816]
		[-0.182 -0.802 -0.569]
		[0.983 -0.150 -0.103]
		[-0.005 -0.578 0.816]
		[-0.189 -0.801 -0.569]
		[0.982 -0.157 -0.105]
		[-0.007 -0.577 0.816]
		[-0.197 -0.800 -0.567]
		[0.980 -0.165 -0.108]
		[-0.010 -0.575 0.818]
		[-0.205 -0.799 -0.565]
		[0.979 -0.174 -0.110]
		[-0.013 -0.572 0.820]
		[-0.215 -0.800 -0.561]
		[0.977 -0.184 -0.112]
		[-0.017 -0.566 0.824]
		[-0.225 -0.801 -0.555]
		[0.974 -0.195 -0.114]
		[-0.020 -0.558 0.830]
		[-0.236 -0.804 -0.546]
		[0.972 -0.206 -0.115]
		[-0.023 -0.547 0.837]
		[-0.246 -0.808 -0.535]
		[0.969 -0.218 -0.116]
		[-0.026 -0.533 0.846]
		[-0.257 -0.814 -0.521]
		[0.966 -0.231 -0.116]
		[-0.028 -0.516 0.856]
		[-0.268 -0.822 -0.503]
		[0.963 -0.243 -0.115]
		[-0.030 -0.496 0.868]
		[-0.278 -0.830 -0.484]
		[0.960 -0.255 -0.113]
		[-0.031 -0.478 0.878]
		[-0.286 -0.838 -0.466]
		[0.958 -0.265 -0.110]
		[-0.032 -0.461 0.887]
		[-0.292 -0.844 -0.449]
		[0.956 -0.273 -0.107]
		[-0.032 -0.447 0.894]
		[-0.296 -0.850 -0.436]
		[0.954 -0.279 -0.105]
		[-0.033 -0.437 0.899]
		[-0.299 -0.854 -0.426]
		[0.954 -0.283 -0.103]
		[-0.033 -0.431 0.902]
		[-0.301 -0.856 -0.420]
		[0.953 -0.285 -0.102]
		[-0.033 -0.449 0.893]
		[-0.296 -0.849 -0.438]
		[0.955 -0.278 -0.105]
		[-0.032 -0.465 0.885]
		[-0.290 -0.843 -0.453]
		[0.957 -0.271 -0.108]
		[-0.031 -0.484 0.875]
		[-0.282 -0.835 -0.472]
		[0.959 -0.261 -0.111]
		[-0.029 -0.505 0.862]
		[-0.273 -0.826 -0.493]
		[0.962 -0.250 -0.114]
		[-0.026 -0.528 0.849]
		[-0.263 -0.815 -0.516]
		[0.964 -0.237 -0.117]
		[-0.024 -0.553 0.833]
		[-0.252 -0.803 -0.540]
		[0.967 -0.223 -0.120]
		[-0.020 -0.577 0.816]
		[-0.241 -0.790 -0.565]
		[0.970 -0.208 -0.123]
		[-0.883 0.405 0.237]
		[-0.460 -0.650 -0.605]
		[-0.091 -0.643 0.760]
		[0.000 0.316 0.000]
		[-0.885 0.402 0.235]
		[-0.457 -0.657 -0.600]
		[-0.087 -0.638 0.765]
		[-0.887 0.399 0.233]
		[-0.455 -0.663 -0.595]
		[-0.083 -0.634 0.769]
		[-0.888 0.396 0.231]
		[-0.452 -0.668 -0.591]
		[-0.080 -0.629 0.773]
		[-0.890 0.394 0.230]
		[-0.450 -0.673 -0.587]
		[-0.076 -0.625 0.777]
		[-0.891 0.392 0.229]
		[-0.448 -0.678 -0.583]
		[-0.074 -0.622 0.780]
		[-0.892 0.390 0.228]
		[-0.446 -0.682 -0.580]
		[-0.071 -0.619 0.782]
		[-0.893 0.388 0.227]
		[-0.444 -0.685 -0.577]
		[-0.068 -0.616 0.784]
		[-0.894 0.386 0.226]
		[-0.442 -0.688 -0.575]
		[-0.066 -0.614 0.786]
		[-0.895 0.384 0.226]
		[-0.441 -0.691 -0.573]
		[-0.064 -0.613 0.788]
		[-0.896 0.382 0.226]
		[-0.439 -0.692 -0.572]
		[-0.062 -0.612 0.788]
		[-0.897 0.380 0.226]
		[-0.438 -0.694 -0.572]
		[-0.061 -0.612 0.789]
		[-0.898 0.378 0.227]
		[-0.437 -0.694 -0.572]
		[-0.059 -0.612 0.788]
		[-0.898 0.376 0.227]
		[-0.436 -0.694 -0.573]
		[-0.058 -0.613 0.788]
		[-0.899 0.374 0.228]
		[-0.435 -0.694 -0.574]
		[-0.057 -0.615 0.786]
		[-0.899 0.372 0.229]
		[-0.434 -0.693 -0.576]
		[-0.056 -0.618 0.785]
		[-0.900 0.370 0.231]
		[-0.433 -0.691 -0.579]
		[-0.055 -0.621 0.782]
		[-0.901 0.367 0.232]
		[-0.431 -0.689 -0.582]
		[-0.054 -0.625 0.779]
		[-0.902 0.362 0.234]
		[-0.428 -0.687 -0.587]
		[-0.052 -0.629 0.775]
		[-0.904 0.356 0.235]
		[-0.424 -0.686 -0.592]
		[-0.050 -0.635 0.771]
		[-0.907 0.348 0.236]
		[-0.418 -0.685 -0.597]
		[-0.046 -0.640 0.767]
		[-0.911 0.338 0.236]
		[-0.410 -0.684 -0.603]
		[-0.042 -0.646 0.762]
		[-0.916 0.325 0.235]
		[-0.399 -0.684 -0.610]
		[-0.037 -0.653 0.757]
		[-0.922 0.309 0.234]
		[-0.387 -0.685 -0.617]
		[-0.031 -0.659 0.751]
		[-0.928 0.291 0.231]
		[-0.371 -0.687 -0.624]
		[-0.023 -0.665 0.746]
		[-0.935 0.271 0.228]
		[-0.354 -0.690 -0.632]
		[-0.014 -0.671 0.741]
		[-0.941 0.254 0.224]
		[-0.338 -0.692 -0.638]
		[-0.007 -0.676 0.737]
		[-0.946 0.238 0.221]
		[-0.325 -0.694 -0.643]
		[0.000 -0.680 0.733]
		[-0.950 0.225 0.218]
		[-0.314 -0.695 -0.647]
		[0.006 -0.683 0.730]
		[-0.952 0.216 0.216]
		[-0.306 -0.696 -0.650]
		[0.010 -0.685 0.729]
		[-0.953 0.212 0.215]
		[-0.301 -0.696 -0.652]
		[0.012 -0.686 0.728]
		[-0.953 0.212 0.214]
		[0.011 -0.686 0.727]
		[-0.952 0.218 0.215]
		[-0.306 -0.695 -0.651]
		[0.008 -0.685 0.728]
		[-0.949 0.230 0.217]
		[-0.316 -0.693 -0.648]
		[0.001 -0.683 0.730]
		[-0.944 0.248 0.219]
		[-0.330 -0.690 -0.644]
		[-0.008 -0.680 0.733]
		[-0.937 0.269 0.222]
		[-0.348 -0.686 -0.639]
		[-0.020 -0.676 0.737]
		[-0.929 0.293 0.225]
		[-0.368 -0.681 -0.633]
		[-0.032 -0.671 0.741]
		[-0.920 0.319 0.228]
		[-0.390 -0.675 -0.627]
		[-0.046 -0.665 0.745]
		[-0.909 0.347 0.231]
		[-0.413 -0.668 -0.620]
		[-0.061 -0.659 0.750]
		[-0.896 0.376 0.234]
		[-0.437 -0.659 -0.612]
		[-0.076 -0.651 0.755]
		[0.000 0.469 0.000]
		[-0.604 -0.653 0.458]
		[0.030 -0.593 -0.805]
		[0.797 -0.472 0.378]
		[-0.279 0.394 -0.035]
		[0.939 0.166 0.301]
		[-0.305 -0.005 0.952]
		[0.159 -0.986 0.046]
		[-65.486 44.525 61.067]
		[31.737 89.534 -31.247]
		[-68.588 -1.082 -72.763]
		[-748.113 534.367 650.764]
		[-29.087 5.519 95.517]
		[-56.639 79.467 -21.839]
		[-77.110 -60.452 -19.988]
		[-407.625 590.386 -100.545]
		[100.000 0.000 0.000]
		[0.000 0.000 -100.000]
		[0.000 100.000 0.000]]
}