{ :name "AttackSpell" :length 2 :bones { 
	"Skelet" [
		[ 0 [ 0 1 2 3 ] ]
	]
	"Bedro_L" [
		[ 0 [ 4 5 0 6 ] ]
		[ 0.01666667 [ 7 8 0 6 ] ]
		[ 0.03333334 [ 9 10 0 6 ] ]
		[ 0.05 [ 11 12 0 6 ] ]
		[ 0.06666667 [ 13 14 0 6 ] ]
		[ 0.08333334 [ 15 16 0 6 ] ]
		[ 0.1 [ 17 18 0 6 ] ]
		[ 0.1166667 [ 19 20 0 6 ] ]
		[ 0.1333333 [ 21 22 0 6 ] ]
		[ 0.15 [ 23 24 0 6 ] ]
		[ 0.1666667 [ 25 26 0 6 ] ]
		[ 0.1833333 [ 27 28 0 6 ] ]
		[ 0.2 [ 29 30 0 6 ] ]
		[ 0.2166667 [ 31 32 0 6 ] ]
		[ 0.2333333 [ 33 34 0 6 ] ]
		[ 0.25 [ 35 36 0 6 ] ]
		[ 0.2666667 [ 37 38 0 6 ] ]
		[ 0.2833333 [ 39 40 0 6 ] ]
		[ 0.3 [ 41 42 0 6 ] ]
		[ 0.3166667 [ 43 44 0 6 ] ]
		[ 0.3333333 [ 45 46 0 6 ] ]
		[ 0.35 [ 47 48 0 6 ] ]
		[ 0.3666667 [ 49 50 0 6 ] ]
		[ 0.3833333 [ 51 52 0 6 ] ]
		[ 0.4 [ 53 54 0 6 ] ]
		[ 0.4166667 [ 55 56 0 6 ] ]
		[ 0.4333333 [ 57 58 0 6 ] ]
		[ 0.45 [ 59 60 0 6 ] ]
		[ 0.4666667 [ 61 62 0 6 ] ]
		[ 0.4833333 [ 63 64 0 6 ] ]
		[ 0.5 [ 65 66 0 6 ] ]
		[ 0.5166667 [ 67 68 0 6 ] ]
		[ 0.5333334 [ 69 70 0 6 ] ]
		[ 0.55 [ 69 70 0 6 ] ]
		[ 0.5666667 [ 67 68 0 6 ] ]
		[ 0.5833333 [ 71 72 0 6 ] ]
		[ 0.6 [ 73 74 0 6 ] ]
		[ 0.6166667 [ 75 76 0 6 ] ]
		[ 0.6333333 [ 55 56 0 6 ] ]
		[ 0.65 [ 51 52 0 6 ] ]
		[ 0.6666667 [ 45 46 0 6 ] ]
		[ 0.6833333 [ 77 78 0 6 ] ]
		[ 0.7 [ 79 80 0 6 ] ]
		[ 0.7166666 [ 81 82 0 6 ] ]
		[ 0.7333333 [ 19 20 0 6 ] ]
		[ 0.75 [ 83 84 0 6 ] ]
		[ 0.7666667 [ 85 86 0 6 ] ]
		[ 0.7833334 [ 87 88 0 6 ] ]
		[ 0.8 [ 89 90 0 6 ] ]
		[ 0.8166667 [ 91 92 0 6 ] ]
		[ 0.8333333 [ 93 94 0 6 ] ]
		[ 0.85 [ 95 96 0 6 ] ]
		[ 0.8666667 [ 97 98 0 6 ] ]
		[ 0.8833333 [ 99 100 0 6 ] ]
		[ 0.9 [ 101 102 0 6 ] ]
		[ 0.9166667 [ 103 104 0 6 ] ]
		[ 0.9333333 [ 105 106 0 6 ] ]
		[ 0.95 [ 107 108 0 6 ] ]
		[ 0.9666666 [ 109 110 0 6 ] ]
		[ 0.9833333 [ 111 112 0 6 ] ]
	]
	"Koleno_L" [
		[ 0 [ 113 114 115 116 ] ]
		[ 0.01666667 [ 117 118 115 116 ] ]
		[ 0.03333334 [ 119 120 115 116 ] ]
		[ 0.05 [ 121 122 115 116 ] ]
		[ 0.06666667 [ 123 124 115 116 ] ]
		[ 0.08333334 [ 125 126 115 116 ] ]
		[ 0.1 [ 127 128 115 116 ] ]
		[ 0.1166667 [ 129 130 115 116 ] ]
		[ 0.1333333 [ 131 132 115 116 ] ]
		[ 0.15 [ 133 134 115 116 ] ]
		[ 0.1666667 [ 135 136 115 116 ] ]
		[ 0.1833333 [ 137 138 115 116 ] ]
		[ 0.2 [ 139 140 115 116 ] ]
		[ 0.2166667 [ 141 142 115 116 ] ]
		[ 0.2333333 [ 143 144 115 116 ] ]
		[ 0.25 [ 145 146 115 116 ] ]
		[ 0.2666667 [ 147 148 115 116 ] ]
		[ 0.2833333 [ 149 150 115 116 ] ]
		[ 0.3 [ 151 152 115 116 ] ]
		[ 0.3166667 [ 153 154 115 116 ] ]
		[ 0.3333333 [ 155 156 115 116 ] ]
		[ 0.35 [ 157 158 115 116 ] ]
		[ 0.3666667 [ 159 160 115 116 ] ]
		[ 0.3833333 [ 161 162 115 116 ] ]
		[ 0.4 [ 163 164 115 116 ] ]
		[ 0.4166667 [ 165 166 167 116 ] ]
		[ 0.4333333 [ 168 169 167 116 ] ]
		[ 0.45 [ 157 158 167 116 ] ]
		[ 0.4666667 [ 170 171 167 116 ] ]
		[ 0.4833333 [ 172 173 167 116 ] ]
		[ 0.5 [ 174 175 167 116 ] ]
		[ 0.5166667 [ 176 177 167 116 ] ]
		[ 0.5333334 [ 178 179 167 116 ] ]
		[ 0.55 [ 180 152 167 116 ] ]
		[ 0.5666667 [ 181 182 167 116 ] ]
		[ 0.5833333 [ 183 184 167 116 ] ]
		[ 0.6 [ 185 186 167 116 ] ]
		[ 0.6166667 [ 187 188 167 116 ] ]
		[ 0.6333333 [ 189 179 167 116 ] ]
		[ 0.65 [ 190 191 167 116 ] ]
		[ 0.6666667 [ 155 156 115 116 ] ]
		[ 0.6833333 [ 192 166 115 116 ] ]
		[ 0.7 [ 193 194 115 116 ] ]
		[ 0.7166666 [ 195 196 197 116 ] ]
		[ 0.7333333 [ 198 199 197 116 ] ]
		[ 0.75 [ 200 201 202 116 ] ]
		[ 0.7666667 [ 203 204 205 116 ] ]
		[ 0.7833334 [ 206 207 205 116 ] ]
		[ 0.8 [ 208 209 210 116 ] ]
		[ 0.8166667 [ 211 212 213 116 ] ]
		[ 0.8333333 [ 214 0 213 116 ] ]
		[ 0.85 [ 215 216 217 116 ] ]
		[ 0.8666667 [ 218 219 220 116 ] ]
		[ 0.8833333 [ 221 222 220 116 ] ]
		[ 0.9 [ 223 224 225 116 ] ]
		[ 0.9166667 [ 226 227 228 116 ] ]
		[ 0.9333333 [ 229 230 228 116 ] ]
		[ 0.95 [ 231 232 233 116 ] ]
		[ 0.9666666 [ 234 235 233 116 ] ]
		[ 0.9833333 [ 236 237 238 116 ] ]
	]
	"Koleno_L_end" [
		[ 0 [ 0 239 1 240 ] ]
	]
	"Bedro_P" [
		[ 0 [ 241 242 0 243 ] ]
		[ 0.01666667 [ 244 245 0 243 ] ]
		[ 0.03333334 [ 246 247 0 243 ] ]
		[ 0.05 [ 248 249 0 243 ] ]
		[ 0.06666667 [ 250 251 0 243 ] ]
		[ 0.08333334 [ 252 253 0 243 ] ]
		[ 0.1 [ 254 255 0 243 ] ]
		[ 0.1166667 [ 256 257 0 243 ] ]
		[ 0.1333333 [ 258 259 0 243 ] ]
		[ 0.15 [ 260 261 0 243 ] ]
		[ 0.1666667 [ 262 263 0 243 ] ]
		[ 0.1833333 [ 264 265 0 243 ] ]
		[ 0.2 [ 266 267 0 243 ] ]
		[ 0.2166667 [ 268 269 0 243 ] ]
		[ 0.2333333 [ 270 271 0 243 ] ]
		[ 0.25 [ 272 273 0 243 ] ]
		[ 0.2666667 [ 274 275 0 243 ] ]
		[ 0.2833333 [ 276 277 0 243 ] ]
		[ 0.3 [ 278 279 0 243 ] ]
		[ 0.3166667 [ 280 281 0 243 ] ]
		[ 0.3333333 [ 282 283 0 243 ] ]
		[ 0.35 [ 284 285 0 243 ] ]
		[ 0.3666667 [ 286 287 0 243 ] ]
		[ 0.3833333 [ 288 289 0 243 ] ]
		[ 0.4 [ 290 291 0 243 ] ]
		[ 0.4166667 [ 292 293 0 243 ] ]
		[ 0.4333333 [ 294 295 0 243 ] ]
		[ 0.45 [ 296 297 0 243 ] ]
		[ 0.4666667 [ 298 299 0 243 ] ]
		[ 0.4833333 [ 300 301 0 243 ] ]
		[ 0.5 [ 302 303 0 243 ] ]
		[ 0.5166667 [ 304 305 0 243 ] ]
		[ 0.5333334 [ 306 307 0 243 ] ]
		[ 0.55 [ 306 307 0 243 ] ]
		[ 0.5666667 [ 308 309 0 243 ] ]
		[ 0.5833333 [ 310 311 0 243 ] ]
		[ 0.6 [ 312 313 0 243 ] ]
		[ 0.6166667 [ 314 315 0 243 ] ]
		[ 0.6333333 [ 316 317 0 243 ] ]
		[ 0.65 [ 288 289 0 243 ] ]
		[ 0.6666667 [ 282 283 0 243 ] ]
		[ 0.6833333 [ 111 112 0 243 ] ]
		[ 0.7 [ 109 110 0 243 ] ]
		[ 0.7166666 [ 107 108 0 243 ] ]
		[ 0.7333333 [ 105 106 0 243 ] ]
		[ 0.75 [ 103 104 0 243 ] ]
		[ 0.7666667 [ 101 102 0 243 ] ]
		[ 0.7833334 [ 99 100 0 243 ] ]
		[ 0.8 [ 97 98 0 243 ] ]
		[ 0.8166667 [ 95 96 0 243 ] ]
		[ 0.8333333 [ 93 94 0 243 ] ]
		[ 0.85 [ 91 92 0 243 ] ]
		[ 0.8666667 [ 89 90 0 243 ] ]
		[ 0.8833333 [ 87 88 0 243 ] ]
		[ 0.9 [ 85 86 0 243 ] ]
		[ 0.9166667 [ 83 84 0 243 ] ]
		[ 0.9333333 [ 19 20 0 243 ] ]
		[ 0.95 [ 81 82 0 243 ] ]
		[ 0.9666666 [ 79 80 0 243 ] ]
		[ 0.9833333 [ 77 78 0 243 ] ]
	]
	"Koleno_P" [
		[ 0 [ 239 0 238 116 ] ]
		[ 0.01666667 [ 318 319 238 116 ] ]
		[ 0.03333334 [ 320 321 238 116 ] ]
		[ 0.05 [ 322 323 238 116 ] ]
		[ 0.06666667 [ 324 325 238 116 ] ]
		[ 0.08333334 [ 326 327 238 116 ] ]
		[ 0.1 [ 328 329 238 116 ] ]
		[ 0.1166667 [ 330 331 238 116 ] ]
		[ 0.1333333 [ 332 333 238 116 ] ]
		[ 0.15 [ 334 335 238 116 ] ]
		[ 0.1666667 [ 336 337 238 116 ] ]
		[ 0.1833333 [ 338 339 238 116 ] ]
		[ 0.2 [ 340 341 238 116 ] ]
		[ 0.2166667 [ 342 343 238 116 ] ]
		[ 0.2333333 [ 344 345 238 116 ] ]
		[ 0.25 [ 346 347 238 116 ] ]
		[ 0.2666667 [ 348 349 238 116 ] ]
		[ 0.2833333 [ 350 351 238 116 ] ]
		[ 0.3 [ 352 353 238 116 ] ]
		[ 0.3166667 [ 354 355 238 116 ] ]
		[ 0.3333333 [ 356 357 238 116 ] ]
		[ 0.35 [ 358 359 238 116 ] ]
		[ 0.3666667 [ 360 361 238 116 ] ]
		[ 0.3833333 [ 362 363 238 116 ] ]
		[ 0.4 [ 364 365 238 116 ] ]
		[ 0.4166667 [ 366 367 238 116 ] ]
		[ 0.4333333 [ 368 369 238 116 ] ]
		[ 0.45 [ 370 371 238 116 ] ]
		[ 0.4666667 [ 372 373 238 116 ] ]
		[ 0.4833333 [ 374 375 238 116 ] ]
		[ 0.5 [ 376 377 238 116 ] ]
		[ 0.5166667 [ 378 379 238 116 ] ]
		[ 0.5333334 [ 378 379 238 116 ] ]
		[ 0.55 [ 376 377 238 116 ] ]
		[ 0.5666667 [ 380 381 238 116 ] ]
		[ 0.5833333 [ 382 383 238 116 ] ]
		[ 0.6 [ 384 385 238 116 ] ]
		[ 0.6166667 [ 366 367 238 116 ] ]
		[ 0.6333333 [ 386 387 238 116 ] ]
		[ 0.65 [ 388 389 238 116 ] ]
		[ 0.6666667 [ 356 357 238 116 ] ]
		[ 0.6833333 [ 236 237 238 116 ] ]
		[ 0.7 [ 390 235 238 116 ] ]
		[ 0.7166666 [ 391 232 238 116 ] ]
		[ 0.7333333 [ 392 230 238 116 ] ]
		[ 0.75 [ 393 227 238 116 ] ]
		[ 0.7666667 [ 394 224 238 116 ] ]
		[ 0.7833334 [ 395 222 238 116 ] ]
		[ 0.8 [ 396 219 238 116 ] ]
		[ 0.8166667 [ 397 216 238 116 ] ]
		[ 0.8333333 [ 239 0 238 116 ] ]
		[ 0.85 [ 398 212 238 116 ] ]
		[ 0.8666667 [ 399 400 238 116 ] ]
		[ 0.8833333 [ 401 402 238 116 ] ]
		[ 0.9 [ 403 404 238 116 ] ]
		[ 0.9166667 [ 405 406 238 116 ] ]
		[ 0.9333333 [ 407 408 238 116 ] ]
		[ 0.95 [ 409 410 238 116 ] ]
		[ 0.9666666 [ 411 412 238 116 ] ]
		[ 0.9833333 [ 413 414 238 116 ] ]
	]
	"Koleno_P_end" [
		[ 0 [ 0 239 1 240 ] ]
	]
	"Tors" [
		[ 0 [ 0 239 1 415 ] ]
		[ 0.01666667 [ 416 417 418 415 ] ]
		[ 0.03333334 [ 419 420 421 415 ] ]
		[ 0.05 [ 422 423 424 415 ] ]
		[ 0.06666667 [ 425 426 427 415 ] ]
		[ 0.08333334 [ 428 429 430 415 ] ]
		[ 0.1 [ 431 432 433 415 ] ]
		[ 0.1166667 [ 434 435 436 415 ] ]
		[ 0.1333333 [ 437 438 439 415 ] ]
		[ 0.15 [ 440 441 442 415 ] ]
		[ 0.1666667 [ 443 444 445 415 ] ]
		[ 0.1833333 [ 446 447 448 415 ] ]
		[ 0.2 [ 449 450 451 415 ] ]
		[ 0.2166667 [ 452 453 454 415 ] ]
		[ 0.2333333 [ 455 456 457 415 ] ]
		[ 0.25 [ 458 459 460 415 ] ]
		[ 0.2666667 [ 461 462 463 415 ] ]
		[ 0.2833333 [ 464 465 466 415 ] ]
		[ 0.3 [ 467 468 469 415 ] ]
		[ 0.3166667 [ 470 471 472 415 ] ]
		[ 0.3333333 [ 473 474 475 415 ] ]
		[ 0.35 [ 476 477 478 415 ] ]
		[ 0.3666667 [ 479 480 481 415 ] ]
		[ 0.3833333 [ 482 483 484 415 ] ]
		[ 0.4 [ 485 486 487 415 ] ]
		[ 0.4166667 [ 488 489 490 415 ] ]
		[ 0.4333333 [ 491 492 493 415 ] ]
		[ 0.45 [ 494 495 496 415 ] ]
		[ 0.4666667 [ 497 498 499 415 ] ]
		[ 0.4833333 [ 500 501 502 415 ] ]
		[ 0.5 [ 503 504 505 415 ] ]
		[ 0.5166667 [ 506 507 508 415 ] ]
		[ 0.5333334 [ 509 510 511 415 ] ]
		[ 0.55 [ 512 513 514 415 ] ]
		[ 0.5666667 [ 515 516 517 415 ] ]
		[ 0.5833333 [ 518 519 520 415 ] ]
		[ 0.6 [ 521 522 523 415 ] ]
		[ 0.6166667 [ 524 525 526 415 ] ]
		[ 0.6333333 [ 527 528 529 415 ] ]
		[ 0.65 [ 530 531 532 415 ] ]
		[ 0.6666667 [ 473 474 475 415 ] ]
		[ 0.6833333 [ 533 534 535 415 ] ]
		[ 0.7 [ 536 537 538 415 ] ]
		[ 0.7166666 [ 539 540 541 415 ] ]
		[ 0.7333333 [ 542 543 544 415 ] ]
		[ 0.75 [ 545 546 547 415 ] ]
		[ 0.7666667 [ 548 549 550 415 ] ]
		[ 0.7833334 [ 551 552 553 415 ] ]
		[ 0.8 [ 554 555 556 415 ] ]
		[ 0.8166667 [ 557 558 559 415 ] ]
		[ 0.8333333 [ 560 561 562 415 ] ]
		[ 0.85 [ 563 564 565 415 ] ]
		[ 0.8666667 [ 566 567 568 415 ] ]
		[ 0.8833333 [ 569 570 571 415 ] ]
		[ 0.9 [ 572 573 574 415 ] ]
		[ 0.9166667 [ 575 576 577 415 ] ]
		[ 0.9333333 [ 578 579 580 415 ] ]
		[ 0.95 [ 581 582 583 415 ] ]
		[ 0.9666666 [ 584 585 586 415 ] ]
		[ 0.9833333 [ 587 588 589 415 ] ]
	]
	"Golova" [
		[ 0 [ 0 590 591 592 ] ]
		[ 0.01666667 [ 593 594 595 592 ] ]
		[ 0.03333334 [ 596 597 598 592 ] ]
		[ 0.05 [ 599 600 601 592 ] ]
		[ 0.06666667 [ 602 603 604 592 ] ]
		[ 0.08333334 [ 605 606 607 592 ] ]
		[ 0.1 [ 608 609 610 592 ] ]
		[ 0.1166667 [ 611 612 613 592 ] ]
		[ 0.1333333 [ 614 615 616 592 ] ]
		[ 0.15 [ 617 618 619 592 ] ]
		[ 0.1666667 [ 620 621 622 592 ] ]
		[ 0.1833333 [ 623 624 625 592 ] ]
		[ 0.2 [ 626 627 628 592 ] ]
		[ 0.2166667 [ 629 630 631 592 ] ]
		[ 0.2333333 [ 632 633 634 592 ] ]
		[ 0.25 [ 635 636 637 592 ] ]
		[ 0.2666667 [ 638 639 640 592 ] ]
		[ 0.2833333 [ 641 642 643 592 ] ]
		[ 0.3 [ 644 645 646 592 ] ]
		[ 0.3166667 [ 647 648 649 592 ] ]
		[ 0.3333333 [ 650 651 652 592 ] ]
		[ 0.35 [ 653 654 655 592 ] ]
		[ 0.3666667 [ 656 657 658 592 ] ]
		[ 0.3833333 [ 659 660 661 592 ] ]
		[ 0.4 [ 662 663 664 592 ] ]
		[ 0.4166667 [ 665 666 667 592 ] ]
		[ 0.4333333 [ 668 669 670 592 ] ]
		[ 0.45 [ 671 672 673 592 ] ]
		[ 0.4666667 [ 674 675 676 592 ] ]
		[ 0.4833333 [ 677 678 679 592 ] ]
		[ 0.5 [ 680 681 682 592 ] ]
		[ 0.5166667 [ 683 684 685 592 ] ]
		[ 0.5333334 [ 686 687 688 592 ] ]
		[ 0.55 [ 689 690 691 592 ] ]
		[ 0.5666667 [ 692 693 694 592 ] ]
		[ 0.5833333 [ 695 696 697 592 ] ]
		[ 0.6 [ 698 699 700 592 ] ]
		[ 0.6166667 [ 701 702 703 592 ] ]
		[ 0.6333333 [ 704 705 706 592 ] ]
		[ 0.65 [ 707 708 709 592 ] ]
		[ 0.6666667 [ 650 651 652 592 ] ]
		[ 0.6833333 [ 710 711 712 592 ] ]
		[ 0.7 [ 713 714 715 592 ] ]
		[ 0.7166666 [ 716 717 718 592 ] ]
		[ 0.7333333 [ 719 720 721 592 ] ]
		[ 0.75 [ 722 723 724 592 ] ]
		[ 0.7666667 [ 725 726 727 592 ] ]
		[ 0.7833334 [ 728 729 730 592 ] ]
		[ 0.8 [ 731 732 733 592 ] ]
		[ 0.8166667 [ 734 735 736 592 ] ]
		[ 0.8333333 [ 737 738 739 592 ] ]
		[ 0.85 [ 740 741 742 592 ] ]
		[ 0.8666667 [ 743 744 745 592 ] ]
		[ 0.8833333 [ 746 747 748 592 ] ]
		[ 0.9 [ 749 750 751 592 ] ]
		[ 0.9166667 [ 752 753 754 592 ] ]
		[ 0.9333333 [ 755 756 757 592 ] ]
		[ 0.95 [ 758 759 760 592 ] ]
		[ 0.9666666 [ 761 762 763 592 ] ]
		[ 0.9833333 [ 764 765 766 592 ] ]
	]
	"Golova_end" [
		[ 0 [ 0 239 1 767 ] ]
	]
	"Kluchitsa_L" [
		[ 0 [ 1 0 239 768 ] ]
	]
	"Kluchitsa_L_end" [
		[ 0 [ 0 239 1 769 ] ]
	]
	"Kluchitsa_P" [
		[ 0 [ 238 770 239 768 ] ]
	]
	"Kluchitsa_P_end" [
		[ 0 [ 0 239 1 769 ] ]
	]
	"Ruka_L" [
		[ 0 [ 771 772 773 774 ] ]
		[ 0.01666667 [ 775 776 777 774 ] ]
		[ 0.03333334 [ 778 779 780 774 ] ]
		[ 0.05 [ 781 782 783 774 ] ]
		[ 0.06666667 [ 784 785 786 774 ] ]
		[ 0.08333334 [ 787 788 789 774 ] ]
		[ 0.1 [ 790 791 792 774 ] ]
		[ 0.1166667 [ 793 794 795 774 ] ]
		[ 0.1333333 [ 796 797 798 774 ] ]
		[ 0.15 [ 799 800 801 774 ] ]
		[ 0.1666667 [ 802 803 804 774 ] ]
		[ 0.1833333 [ 805 806 807 774 ] ]
		[ 0.2 [ 808 809 810 774 ] ]
		[ 0.2166667 [ 811 812 813 774 ] ]
		[ 0.2333333 [ 814 815 816 774 ] ]
		[ 0.25 [ 817 818 819 774 ] ]
		[ 0.2666667 [ 820 821 822 774 ] ]
		[ 0.2833333 [ 823 824 825 774 ] ]
		[ 0.3 [ 826 827 828 774 ] ]
		[ 0.3166667 [ 829 830 831 774 ] ]
		[ 0.3333333 [ 832 833 834 774 ] ]
		[ 0.35 [ 835 836 837 774 ] ]
		[ 0.3666667 [ 838 839 840 774 ] ]
		[ 0.3833333 [ 841 842 843 774 ] ]
		[ 0.4 [ 844 845 846 774 ] ]
		[ 0.4166667 [ 847 848 849 774 ] ]
		[ 0.4333333 [ 850 851 852 774 ] ]
		[ 0.45 [ 853 854 855 774 ] ]
		[ 0.4666667 [ 856 857 858 774 ] ]
		[ 0.4833333 [ 859 860 861 774 ] ]
		[ 0.5 [ 856 862 863 774 ] ]
		[ 0.5166667 [ 864 865 866 774 ] ]
		[ 0.5333334 [ 867 868 869 774 ] ]
		[ 0.55 [ 870 871 872 774 ] ]
		[ 0.5666667 [ 873 874 875 774 ] ]
		[ 0.5833333 [ 876 877 878 774 ] ]
		[ 0.6 [ 879 880 881 774 ] ]
		[ 0.6166667 [ 882 883 884 774 ] ]
		[ 0.6333333 [ 885 886 887 774 ] ]
		[ 0.65 [ 888 889 890 774 ] ]
		[ 0.6666667 [ 832 833 834 774 ] ]
		[ 0.6833333 [ 891 892 893 774 ] ]
		[ 0.7 [ 894 895 896 774 ] ]
		[ 0.7166666 [ 897 898 899 774 ] ]
		[ 0.7333333 [ 900 901 902 774 ] ]
		[ 0.75 [ 903 904 905 774 ] ]
		[ 0.7666667 [ 906 907 908 774 ] ]
		[ 0.7833334 [ 909 910 911 774 ] ]
		[ 0.8 [ 912 913 914 774 ] ]
		[ 0.8166667 [ 915 916 917 774 ] ]
		[ 0.8333333 [ 918 919 920 774 ] ]
		[ 0.85 [ 921 922 923 774 ] ]
		[ 0.8666667 [ 924 925 926 774 ] ]
		[ 0.8833333 [ 927 928 929 774 ] ]
		[ 0.9 [ 799 930 931 774 ] ]
		[ 0.9166667 [ 932 933 934 774 ] ]
		[ 0.9333333 [ 935 936 937 774 ] ]
		[ 0.95 [ 938 939 940 774 ] ]
		[ 0.9666666 [ 941 942 943 774 ] ]
		[ 0.9833333 [ 944 945 946 774 ] ]
	]
	"Lokot_L" [
		[ 0 [ 947 948 949 950 ] ]
		[ 0.01666667 [ 951 952 949 950 ] ]
		[ 0.03333334 [ 953 954 955 950 ] ]
		[ 0.05 [ 956 957 958 950 ] ]
		[ 0.06666667 [ 959 960 958 950 ] ]
		[ 0.08333334 [ 961 962 963 950 ] ]
		[ 0.1 [ 964 965 963 950 ] ]
		[ 0.1166667 [ 966 967 968 950 ] ]
		[ 0.1333333 [ 969 970 971 950 ] ]
		[ 0.15 [ 972 973 971 950 ] ]
		[ 0.1666667 [ 974 975 976 950 ] ]
		[ 0.1833333 [ 977 978 979 950 ] ]
		[ 0.2 [ 980 981 979 950 ] ]
		[ 0.2166667 [ 982 983 984 950 ] ]
		[ 0.2333333 [ 985 986 984 950 ] ]
		[ 0.25 [ 987 988 989 950 ] ]
		[ 0.2666667 [ 990 991 989 950 ] ]
		[ 0.2833333 [ 992 993 994 950 ] ]
		[ 0.3 [ 995 996 994 950 ] ]
		[ 0.3166667 [ 997 998 1 950 ] ]
		[ 0.3333333 [ 239 770 1 950 ] ]
		[ 0.35 [ 999 1000 1 950 ] ]
		[ 0.3666667 [ 1001 1002 1 950 ] ]
		[ 0.3833333 [ 1003 1004 1005 950 ] ]
		[ 0.4 [ 1006 1007 1005 950 ] ]
		[ 0.4166667 [ 1008 1009 1005 950 ] ]
		[ 0.4333333 [ 1010 1011 1005 950 ] ]
		[ 0.45 [ 1010 1011 1005 950 ] ]
		[ 0.4666667 [ 1012 1013 1005 950 ] ]
		[ 0.4833333 [ 1014 1015 1005 950 ] ]
		[ 0.5 [ 1016 1017 1005 950 ] ]
		[ 0.5166667 [ 1018 1019 1005 950 ] ]
		[ 0.5333334 [ 1020 1021 1005 950 ] ]
		[ 0.55 [ 1022 1023 1 950 ] ]
		[ 0.5666667 [ 398 1024 1 950 ] ]
		[ 0.5833333 [ 1025 1026 1 950 ] ]
		[ 0.6 [ 1027 1028 1 950 ] ]
		[ 0.6166667 [ 1029 1030 1 950 ] ]
		[ 0.6333333 [ 1031 1032 1 950 ] ]
		[ 0.65 [ 1033 1034 1 950 ] ]
		[ 0.6666667 [ 239 770 1 950 ] ]
		[ 0.6833333 [ 239 770 1 950 ] ]
		[ 0.7 [ 239 770 1 950 ] ]
		[ 0.7166666 [ 239 770 1 950 ] ]
		[ 0.7333333 [ 239 770 1 950 ] ]
		[ 0.75 [ 239 770 1 950 ] ]
		[ 0.7666667 [ 239 770 1 950 ] ]
		[ 0.7833334 [ 239 770 1 950 ] ]
		[ 0.8 [ 239 770 1 950 ] ]
		[ 0.8166667 [ 239 770 1 950 ] ]
		[ 0.8333333 [ 239 770 1 950 ] ]
		[ 0.85 [ 239 770 1 950 ] ]
		[ 0.8666667 [ 239 770 1 950 ] ]
		[ 0.8833333 [ 239 770 1 950 ] ]
		[ 0.9 [ 239 770 1 950 ] ]
		[ 0.9166667 [ 239 770 1 950 ] ]
		[ 0.9333333 [ 239 770 1 950 ] ]
		[ 0.95 [ 239 770 1 950 ] ]
		[ 0.9666666 [ 239 770 1 950 ] ]
		[ 0.9833333 [ 239 770 1 950 ] ]
	]
	"Lokot_L_end" [
		[ 0 [ 0 239 1 1035 ] ]
	]
	"Ruka_P" [
		[ 0 [ 918 1036 919 1037 ] ]
		[ 0.01666667 [ 1038 1039 1040 1037 ] ]
		[ 0.03333334 [ 1041 1042 1043 1037 ] ]
		[ 0.05 [ 1044 1045 1046 1037 ] ]
		[ 0.06666667 [ 1047 1048 1049 1037 ] ]
		[ 0.08333334 [ 1050 1051 1052 1037 ] ]
		[ 0.1 [ 1053 1054 1055 1037 ] ]
		[ 0.1166667 [ 1056 1057 1058 1037 ] ]
		[ 0.1333333 [ 1059 1060 1061 1037 ] ]
		[ 0.15 [ 1062 1063 1064 1037 ] ]
		[ 0.1666667 [ 1065 1066 1067 1037 ] ]
		[ 0.1833333 [ 1068 1069 1070 1037 ] ]
		[ 0.2 [ 1071 1072 1073 1037 ] ]
		[ 0.2166667 [ 1074 1075 1076 1037 ] ]
		[ 0.2333333 [ 1077 1078 1079 1037 ] ]
		[ 0.25 [ 1080 1081 1082 1037 ] ]
		[ 0.2666667 [ 1083 1084 1085 1037 ] ]
		[ 0.2833333 [ 1086 1087 1088 1037 ] ]
		[ 0.3 [ 1089 1090 1091 1037 ] ]
		[ 0.3166667 [ 1092 1093 1094 1037 ] ]
		[ 0.3333333 [ 771 1095 1096 1037 ] ]
		[ 0.35 [ 1097 1098 1099 1037 ] ]
		[ 0.3666667 [ 1100 1101 1102 1037 ] ]
		[ 0.3833333 [ 1103 1104 1105 1037 ] ]
		[ 0.4 [ 1106 1107 1108 1037 ] ]
		[ 0.4166667 [ 1109 1110 1111 1037 ] ]
		[ 0.4333333 [ 1112 1113 1114 1037 ] ]
		[ 0.45 [ 1112 1115 1116 1037 ] ]
		[ 0.4666667 [ 1117 1118 1119 1037 ] ]
		[ 0.4833333 [ 1120 1121 1122 1037 ] ]
		[ 0.5 [ 1123 1124 1125 1037 ] ]
		[ 0.5166667 [ 1126 1127 1128 1037 ] ]
		[ 0.5333334 [ 1129 1130 1131 1037 ] ]
		[ 0.55 [ 1100 1132 1133 1037 ] ]
		[ 0.5666667 [ 1134 1135 1136 1037 ] ]
		[ 0.5833333 [ 1137 1138 1139 1037 ] ]
		[ 0.6 [ 1140 1141 1142 1037 ] ]
		[ 0.6166667 [ 1143 1144 1145 1037 ] ]
		[ 0.6333333 [ 1146 1147 1148 1037 ] ]
		[ 0.65 [ 1149 1150 1151 1037 ] ]
		[ 0.6666667 [ 771 1095 1096 1037 ] ]
		[ 0.6833333 [ 771 1152 1153 1037 ] ]
		[ 0.7 [ 771 1154 1155 1037 ] ]
		[ 0.7166666 [ 771 1156 1157 1037 ] ]
		[ 0.7333333 [ 771 1158 1159 1037 ] ]
		[ 0.75 [ 771 1160 1161 1037 ] ]
		[ 0.7666667 [ 771 1162 1163 1037 ] ]
		[ 0.7833334 [ 771 1164 1165 1037 ] ]
		[ 0.8 [ 771 1166 1167 1037 ] ]
		[ 0.8166667 [ 771 1168 1169 1037 ] ]
		[ 0.8333333 [ 771 1170 1171 1037 ] ]
		[ 0.85 [ 771 1172 1173 1037 ] ]
		[ 0.8666667 [ 771 1174 1175 1037 ] ]
		[ 0.8833333 [ 771 1176 1177 1037 ] ]
		[ 0.9 [ 771 1178 1179 1037 ] ]
		[ 0.9166667 [ 771 1180 1181 1037 ] ]
		[ 0.9333333 [ 771 1182 1183 1037 ] ]
		[ 0.95 [ 771 1184 1185 1037 ] ]
		[ 0.9666666 [ 771 1186 1187 1037 ] ]
		[ 0.9833333 [ 771 1188 1189 1037 ] ]
	]
	"Lokot_P" [
		[ 0 [ 1190 1191 1192 950 ] ]
		[ 0.01666667 [ 1193 1194 1195 950 ] ]
		[ 0.03333334 [ 1196 1197 1198 950 ] ]
		[ 0.05 [ 1199 1200 1201 950 ] ]
		[ 0.06666667 [ 1202 1203 1204 950 ] ]
		[ 0.08333334 [ 1205 1206 1207 950 ] ]
		[ 0.1 [ 1208 1209 1210 950 ] ]
		[ 0.1166667 [ 1211 1212 1213 950 ] ]
		[ 0.1333333 [ 1214 1215 1216 950 ] ]
		[ 0.15 [ 1217 1218 1219 950 ] ]
		[ 0.1666667 [ 1220 1221 1222 950 ] ]
		[ 0.1833333 [ 1223 1224 1225 950 ] ]
		[ 0.2 [ 1226 1227 1228 950 ] ]
		[ 0.2166667 [ 1229 1230 1231 950 ] ]
		[ 0.2333333 [ 1232 1233 1234 950 ] ]
		[ 0.25 [ 1235 1236 1237 950 ] ]
		[ 0.2666667 [ 1238 1239 1240 950 ] ]
		[ 0.2833333 [ 1241 1242 1243 950 ] ]
		[ 0.3 [ 1244 1245 1246 950 ] ]
		[ 0.3166667 [ 1247 1248 1249 950 ] ]
		[ 0.3333333 [ 239 770 1 950 ] ]
		[ 0.35 [ 1250 1251 1252 950 ] ]
		[ 0.3666667 [ 1253 1254 1255 950 ] ]
		[ 0.3833333 [ 1256 1257 1258 950 ] ]
		[ 0.4 [ 1259 1260 1261 950 ] ]
		[ 0.4166667 [ 1262 1263 1264 950 ] ]
		[ 0.4333333 [ 1265 1266 1264 950 ] ]
		[ 0.45 [ 1267 1268 1264 950 ] ]
		[ 0.4666667 [ 1269 1270 1264 950 ] ]
		[ 0.4833333 [ 1271 1272 1261 950 ] ]
		[ 0.5 [ 1271 1273 1274 950 ] ]
		[ 0.5166667 [ 1275 1276 1258 950 ] ]
		[ 0.5333334 [ 1277 1278 1279 950 ] ]
		[ 0.55 [ 1280 1281 1255 950 ] ]
		[ 0.5666667 [ 1282 1283 1284 950 ] ]
		[ 0.5833333 [ 1285 1286 1252 950 ] ]
		[ 0.6 [ 1287 1288 1289 950 ] ]
		[ 0.6166667 [ 1290 1291 1292 950 ] ]
		[ 0.6333333 [ 1001 1293 1294 950 ] ]
		[ 0.65 [ 1295 1296 1 950 ] ]
		[ 0.6666667 [ 239 770 1 950 ] ]
		[ 0.6833333 [ 320 1297 1 950 ] ]
		[ 0.7 [ 1298 1299 1 950 ] ]
		[ 0.7166666 [ 395 1300 1 950 ] ]
		[ 0.7333333 [ 1301 1302 1 950 ] ]
		[ 0.75 [ 1303 1304 1 950 ] ]
		[ 0.7666667 [ 350 1305 1 950 ] ]
		[ 0.7833334 [ 1306 1307 1 950 ] ]
		[ 0.8 [ 1308 1309 1 950 ] ]
		[ 0.8166667 [ 1310 1311 1 950 ] ]
		[ 0.8333333 [ 1312 1313 1 950 ] ]
		[ 0.85 [ 1314 1315 1 950 ] ]
		[ 0.8666667 [ 1316 1317 1 950 ] ]
		[ 0.8833333 [ 1318 1319 1 950 ] ]
		[ 0.9 [ 1320 1321 1 950 ] ]
		[ 0.9166667 [ 1322 1323 1 950 ] ]
		[ 0.9333333 [ 1324 1325 1 950 ] ]
		[ 0.95 [ 1326 1327 1 950 ] ]
		[ 0.9666666 [ 1328 1329 1 950 ] ]
		[ 0.9833333 [ 1330 1331 1 950 ] ]
	]
	"Lokot_P_end" [
		[ 0 [ 0 239 1 1035 ] ]
	]
	"Camera" [
		[ 0 [ 1332 1333 1334 1335 ] ]
	]
	"Lamp" [
		[ 0 [ 1336 1337 1338 1339 ] ]
	]
	"Mag" [
		[ 0 [ 1340 1341 1342 1342 ] ]
	]
	}
	:resources [
		[1.000 0.000 0.000]
		[0.000 0.000 1.000]
		[0.000 -1.000 0.000]
		[0.000 0.000 0.100]
		[0.000 -0.342 0.940]
		[0.000 -0.940 -0.342]
		[0.123 -0.038 0.000]
		[0.000 -0.334 0.943]
		[0.000 -0.943 -0.334]
		[0.000 -0.325 0.946]
		[0.000 -0.946 -0.325]
		[0.000 -0.316 0.949]
		[0.000 -0.949 -0.316]
		[0.000 -0.306 0.952]
		[0.000 -0.952 -0.306]
		[0.000 -0.297 0.955]
		[0.000 -0.955 -0.297]
		[0.000 -0.287 0.958]
		[0.000 -0.958 -0.287]
		[0.000 -0.277 0.961]
		[0.000 -0.961 -0.277]
		[0.000 -0.268 0.964]
		[0.000 -0.964 -0.268]
		[0.000 -0.258 0.966]
		[0.000 -0.966 -0.258]
		[0.000 -0.248 0.969]
		[0.000 -0.969 -0.248]
		[0.000 -0.239 0.971]
		[0.000 -0.971 -0.239]
		[0.000 -0.230 0.973]
		[0.000 -0.973 -0.230]
		[0.000 -0.221 0.975]
		[0.000 -0.975 -0.221]
		[0.000 -0.212 0.977]
		[0.000 -0.977 -0.212]
		[0.000 -0.204 0.979]
		[0.000 -0.979 -0.204]
		[0.000 -0.197 0.980]
		[0.000 -0.980 -0.197]
		[0.000 -0.190 0.982]
		[0.000 -0.982 -0.190]
		[0.000 -0.184 0.983]
		[0.000 -0.983 -0.184]
		[0.000 -0.179 0.984]
		[0.000 -0.984 -0.179]
		[0.000 -0.174 0.985]
		[0.000 -0.985 -0.174]
		[0.000 -0.169 0.986]
		[0.000 -0.986 -0.169]
		[0.000 -0.164 0.987]
		[0.000 -0.987 -0.164]
		[0.000 -0.158 0.987]
		[0.000 -0.987 -0.158]
		[0.000 -0.152 0.988]
		[0.000 -0.988 -0.152]
		[0.000 -0.145 0.989]
		[0.000 -0.989 -0.145]
		[0.000 -0.139 0.990]
		[0.000 -0.990 -0.139]
		[0.000 -0.133 0.991]
		[0.000 -0.991 -0.133]
		[0.000 -0.128 0.992]
		[0.000 -0.992 -0.128]
		[0.000 -0.123 0.992]
		[0.000 -0.992 -0.123]
		[0.000 -0.120 0.993]
		[0.000 -0.993 -0.120]
		[0.000 -0.117 0.993]
		[0.000 -0.993 -0.117]
		[0.000 -0.116 0.993]
		[0.000 -0.993 -0.116]
		[0.000 -0.121 0.993]
		[0.000 -0.993 -0.121]
		[0.000 -0.127 0.992]
		[0.000 -0.992 -0.127]
		[0.000 -0.135 0.991]
		[0.000 -0.991 -0.135]
		[0.000 -0.194 0.981]
		[0.000 -0.981 -0.194]
		[0.000 -0.217 0.976]
		[0.000 -0.976 -0.217]
		[0.000 -0.246 0.969]
		[0.000 -0.969 -0.246]
		[0.000 -0.311 0.950]
		[0.000 -0.950 -0.311]
		[0.000 -0.347 0.938]
		[0.000 -0.938 -0.347]
		[0.000 -0.385 0.923]
		[0.000 -0.923 -0.385]
		[0.000 -0.423 0.906]
		[0.000 -0.906 -0.423]
		[0.000 -0.462 0.887]
		[0.000 -0.887 -0.462]
		[0.000 -0.500 0.866]
		[0.000 -0.866 -0.500]
		[0.000 -0.537 0.843]
		[0.000 -0.843 -0.537]
		[0.000 -0.573 0.820]
		[0.000 -0.820 -0.573]
		[0.000 -0.607 0.795]
		[0.000 -0.795 -0.607]
		[0.000 -0.638 0.770]
		[0.000 -0.770 -0.638]
		[0.000 -0.668 0.745]
		[0.000 -0.745 -0.668]
		[0.000 -0.694 0.720]
		[0.000 -0.720 -0.694]
		[0.000 -0.717 0.697]
		[0.000 -0.697 -0.717]
		[0.000 -0.737 0.676]
		[0.000 -0.676 -0.737]
		[0.000 -0.753 0.658]
		[0.000 -0.658 -0.753]
		[-0.766 0.643 -0.007]
		[0.643 0.766 -0.009]
		[0.000 -0.011 -1.000]
		[0.000 0.532 0.000]
		[-0.748 0.663 -0.007]
		[0.663 0.748 -0.008]
		[-0.730 0.684 -0.008]
		[0.684 0.730 -0.008]
		[-0.710 0.704 -0.008]
		[0.704 0.710 -0.008]
		[-0.689 0.725 -0.008]
		[0.725 0.689 -0.008]
		[-0.666 0.745 -0.008]
		[0.746 0.666 -0.008]
		[-0.644 0.765 -0.009]
		[0.765 0.643 -0.007]
		[-0.620 0.785 -0.009]
		[0.785 0.620 -0.007]
		[-0.596 0.803 -0.009]
		[0.803 0.596 -0.007]
		[-0.571 0.821 -0.009]
		[0.821 0.571 -0.006]
		[-0.546 0.837 -0.009]
		[0.837 0.546 -0.006]
		[-0.522 0.853 -0.010]
		[0.853 0.522 -0.006]
		[-0.498 0.867 -0.010]
		[0.867 0.498 -0.006]
		[-0.474 0.881 -0.010]
		[0.881 0.474 -0.005]
		[-0.451 0.893 -0.010]
		[0.893 0.451 -0.005]
		[-0.429 0.903 -0.010]
		[0.903 0.429 -0.005]
		[-0.408 0.913 -0.010]
		[0.913 0.408 -0.005]
		[-0.389 0.921 -0.010]
		[0.921 0.389 -0.004]
		[-0.371 0.929 -0.010]
		[0.929 0.371 -0.004]
		[-0.355 0.935 -0.011]
		[0.935 0.355 -0.004]
		[-0.342 0.940 -0.011]
		[0.940 0.342 -0.004]
		[-0.332 0.943 -0.011]
		[0.943 0.332 -0.004]
		[-0.325 0.946 -0.011]
		[0.946 0.325 -0.004]
		[-0.322 0.947 -0.011]
		[0.947 0.322 -0.004]
		[-0.321 0.947 -0.011]
		[0.947 0.321 -0.004]
		[-0.323 0.946 -0.011]
		[0.946 0.323 -0.004]
		[0.000 -0.012 -1.000]
		[-0.326 0.945 -0.011]
		[0.945 0.326 -0.004]
		[-0.338 0.941 -0.011]
		[0.941 0.338 -0.004]
		[-0.345 0.939 -0.011]
		[0.939 0.345 -0.004]
		[-0.352 0.936 -0.011]
		[0.936 0.352 -0.004]
		[-0.359 0.933 -0.011]
		[0.933 0.359 -0.004]
		[-0.366 0.931 -0.011]
		[0.931 0.366 -0.004]
		[-0.371 0.929 -0.011]
		[-0.375 0.927 -0.011]
		[0.927 0.374 -0.005]
		[-0.376 0.926 -0.011]
		[0.926 0.376 -0.005]
		[-0.376 0.927 -0.011]
		[0.927 0.376 -0.005]
		[-0.373 0.928 -0.011]
		[0.928 0.373 -0.004]
		[-0.366 0.930 -0.011]
		[-0.356 0.934 -0.011]
		[0.934 0.356 -0.004]
		[-0.323 0.946 -0.010]
		[-0.300 0.954 -0.010]
		[0.954 0.300 -0.003]
		[-0.272 0.962 -0.010]
		[0.962 0.272 -0.003]
		[0.000 -0.010 -1.000]
		[-0.241 0.971 -0.009]
		[0.971 0.241 -0.002]
		[-0.206 0.979 -0.009]
		[0.979 0.206 -0.002]
		[0.000 -0.009 -1.000]
		[-0.168 0.986 -0.008]
		[0.986 0.168 -0.001]
		[0.000 -0.008 -1.000]
		[-0.128 0.992 -0.008]
		[0.992 0.128 -0.001]
		[-0.086 0.996 -0.007]
		[0.996 0.086 -0.001]
		[0.000 -0.007 -1.000]
		[-0.044 0.999 -0.006]
		[0.999 0.044 0.000]
		[0.000 -0.006 -1.000]
		[0.000 1.000 -0.006]
		[0.044 0.999 -0.005]
		[0.999 -0.044 0.000]
		[0.000 -0.005 -1.000]
		[0.086 0.996 -0.004]
		[0.996 -0.086 0.000]
		[0.000 -0.004 -1.000]
		[0.128 0.992 -0.004]
		[0.992 -0.128 0.000]
		[0.168 0.986 -0.003]
		[0.986 -0.168 0.000]
		[0.000 -0.003 -1.000]
		[0.206 0.979 -0.002]
		[0.979 -0.206 0.000]
		[0.000 -0.002 -1.000]
		[0.241 0.971 -0.002]
		[0.971 -0.241 0.000]
		[0.272 0.962 -0.001]
		[0.962 -0.272 0.000]
		[0.000 -0.001 -1.000]
		[0.300 0.954 -0.001]
		[0.954 -0.300 0.000]
		[0.323 0.946 0.000]
		[0.946 -0.323 0.000]
		[0.000 0.000 -1.000]
		[0.000 1.000 0.000]
		[0.000 0.578 0.000]
		[0.000 -0.643 0.766]
		[0.000 -0.766 -0.643]
		[-0.123 -0.038 0.000]
		[0.000 -0.650 0.760]
		[0.000 -0.760 -0.650]
		[0.000 -0.657 0.754]
		[0.000 -0.754 -0.657]
		[0.000 -0.664 0.748]
		[0.000 -0.748 -0.664]
		[0.000 -0.671 0.741]
		[0.000 -0.741 -0.671]
		[0.000 -0.679 0.735]
		[0.000 -0.735 -0.679]
		[0.000 -0.686 0.728]
		[0.000 -0.728 -0.686]
		[0.000 -0.693 0.721]
		[0.000 -0.721 -0.693]
		[0.000 -0.701 0.713]
		[0.000 -0.713 -0.701]
		[0.000 -0.708 0.706]
		[0.000 -0.706 -0.708]
		[0.000 -0.715 0.699]
		[0.000 -0.699 -0.715]
		[0.000 -0.722 0.692]
		[0.000 -0.692 -0.722]
		[0.000 -0.728 0.686]
		[0.000 -0.686 -0.728]
		[0.000 -0.734 0.679]
		[0.000 -0.679 -0.734]
		[0.000 -0.740 0.673]
		[0.000 -0.673 -0.740]
		[0.000 -0.746 0.666]
		[0.000 -0.666 -0.746]
		[0.000 -0.751 0.661]
		[0.000 -0.661 -0.751]
		[0.000 -0.755 0.656]
		[0.000 -0.656 -0.755]
		[0.000 -0.759 0.651]
		[0.000 -0.651 -0.759]
		[0.000 -0.763 0.647]
		[0.000 -0.647 -0.763]
		[0.000 -0.766 0.643]
		[0.000 -0.643 -0.766]
		[0.000 -0.769 0.639]
		[0.000 -0.639 -0.769]
		[0.000 -0.773 0.635]
		[0.000 -0.635 -0.773]
		[0.000 -0.776 0.630]
		[0.000 -0.630 -0.776]
		[0.000 -0.780 0.626]
		[0.000 -0.626 -0.780]
		[0.000 -0.784 0.621]
		[0.000 -0.621 -0.784]
		[0.000 -0.788 0.616]
		[0.000 -0.616 -0.788]
		[0.000 -0.792 0.611]
		[0.000 -0.611 -0.792]
		[0.000 -0.795 0.607]
		[0.000 -0.607 -0.795]
		[0.000 -0.798 0.603]
		[0.000 -0.603 -0.798]
		[0.000 -0.800 0.600]
		[0.000 -0.600 -0.800]
		[0.000 -0.802 0.598]
		[0.000 -0.598 -0.802]
		[0.000 -0.802 0.597]
		[0.000 -0.597 -0.802]
		[0.000 -0.801 0.598]
		[0.000 -0.598 -0.801]
		[0.000 -0.799 0.601]
		[0.000 -0.601 -0.799]
		[0.000 -0.796 0.606]
		[0.000 -0.606 -0.796]
		[0.000 -0.791 0.612]
		[0.000 -0.612 -0.791]
		[0.000 -0.784 0.620]
		[0.000 -0.620 -0.784]
		[0.018 1.000 0.000]
		[1.000 -0.018 0.000]
		[0.036 0.999 0.000]
		[0.999 -0.036 0.000]
		[0.056 0.998 0.000]
		[0.998 -0.056 0.000]
		[0.075 0.997 0.000]
		[0.997 -0.075 0.000]
		[0.095 0.995 0.000]
		[0.995 -0.095 0.000]
		[0.115 0.993 0.000]
		[0.993 -0.115 0.000]
		[0.136 0.991 0.000]
		[0.991 -0.136 0.000]
		[0.156 0.988 0.000]
		[0.988 -0.156 0.000]
		[0.176 0.984 0.000]
		[0.984 -0.176 0.000]
		[0.195 0.981 0.000]
		[0.981 -0.195 0.000]
		[0.214 0.977 0.000]
		[0.977 -0.214 0.000]
		[0.232 0.973 0.000]
		[0.973 -0.232 0.000]
		[0.250 0.968 0.000]
		[0.968 -0.250 0.000]
		[0.267 0.964 0.000]
		[0.964 -0.267 0.000]
		[0.282 0.959 0.000]
		[0.959 -0.282 0.000]
		[0.297 0.955 0.000]
		[0.955 -0.297 0.000]
		[0.310 0.951 0.000]
		[0.951 -0.310 0.000]
		[0.322 0.947 0.000]
		[0.947 -0.322 0.000]
		[0.333 0.943 0.000]
		[0.943 -0.333 0.000]
		[0.342 0.940 0.000]
		[0.940 -0.342 0.000]
		[0.350 0.937 0.000]
		[0.937 -0.350 0.000]
		[0.358 0.934 0.000]
		[0.934 -0.358 0.000]
		[0.366 0.931 0.000]
		[0.931 -0.366 0.000]
		[0.373 0.928 0.000]
		[0.928 -0.373 0.000]
		[0.380 0.925 0.000]
		[0.925 -0.380 0.000]
		[0.386 0.922 0.000]
		[0.922 -0.386 0.000]
		[0.392 0.920 0.000]
		[0.920 -0.392 0.000]
		[0.397 0.918 0.000]
		[0.918 -0.397 0.000]
		[0.400 0.916 0.000]
		[0.916 -0.400 0.000]
		[0.403 0.915 0.000]
		[0.915 -0.403 0.000]
		[0.404 0.915 0.000]
		[0.915 -0.404 0.000]
		[0.400 0.917 0.000]
		[0.917 -0.400 0.000]
		[0.395 0.919 0.000]
		[0.919 -0.395 0.000]
		[0.389 0.921 0.000]
		[0.921 -0.389 0.000]
		[0.370 0.929 0.000]
		[0.929 -0.370 0.000]
		[0.357 0.934 0.000]
		[0.934 -0.357 0.000]
		[0.300 0.954 0.000]
		[0.272 0.962 0.000]
		[0.241 0.971 0.000]
		[0.206 0.979 0.000]
		[0.168 0.986 0.000]
		[0.128 0.992 0.000]
		[0.086 0.996 0.000]
		[0.044 0.999 0.000]
		[-0.044 0.999 0.000]
		[-0.086 0.996 0.000]
		[0.996 0.086 0.000]
		[-0.128 0.992 0.000]
		[0.992 0.128 0.000]
		[-0.168 0.986 0.000]
		[0.986 0.168 0.000]
		[-0.206 0.979 0.000]
		[0.979 0.206 0.000]
		[-0.241 0.971 0.000]
		[0.971 0.241 0.000]
		[-0.272 0.962 0.000]
		[0.962 0.272 0.000]
		[-0.300 0.954 0.000]
		[0.954 0.300 0.000]
		[-0.323 0.946 0.000]
		[0.946 0.323 0.000]
		[0.000 0.130 0.000]
		[0.999 0.000 -0.045]
		[-0.001 1.000 -0.009]
		[0.045 0.009 0.999]
		[0.996 0.000 -0.091]
		[-0.002 1.000 -0.018]
		[0.091 0.018 0.996]
		[0.990 0.000 -0.139]
		[-0.004 1.000 -0.028]
		[0.139 0.028 0.990]
		[0.982 0.000 -0.187]
		[-0.007 0.999 -0.037]
		[0.187 0.038 0.982]
		[0.972 0.000 -0.236]
		[-0.011 0.999 -0.046]
		[0.236 0.048 0.971]
		[0.958 0.000 -0.285]
		[-0.016 0.998 -0.055]
		[0.285 0.058 0.957]
		[0.943 0.000 -0.334]
		[-0.023 0.998 -0.064]
		[0.333 0.068 0.941]
		[0.925 0.000 -0.381]
		[-0.030 0.997 -0.072]
		[0.380 0.078 0.922]
		[0.904 0.000 -0.427]
		[-0.038 0.996 -0.080]
		[0.425 0.088 0.901]
		[0.882 0.000 -0.471]
		[-0.046 0.995 -0.086]
		[0.469 0.098 0.878]
		[0.858 0.000 -0.514]
		[-0.055 0.994 -0.092]
		[0.511 0.108 0.853]
		[0.833 0.000 -0.553]
		[-0.065 0.993 -0.097]
		[0.550 0.117 0.827]
		[0.807 0.000 -0.591]
		[-0.074 0.992 -0.102]
		[0.586 0.126 0.801]
		[0.781 0.000 -0.625]
		[-0.084 0.991 -0.105]
		[0.619 0.135 0.774]
		[0.755 0.000 -0.656]
		[-0.094 0.990 -0.108]
		[0.650 0.143 0.747]
		[0.729 0.000 -0.685]
		[-0.103 0.989 -0.110]
		[0.677 0.150 0.721]
		[0.705 0.000 -0.710]
		[-0.112 0.988 -0.111]
		[0.701 0.157 0.696]
		[0.682 0.000 -0.732]
		[-0.120 0.987 -0.111]
		[0.722 0.163 0.673]
		[0.661 0.000 -0.750]
		[-0.127 0.986 -0.112]
		[0.739 0.169 0.652]
		[0.643 0.000 -0.766]
		[-0.133 0.985 -0.112]
		[0.754 0.174 0.633]
		[0.626 -0.001 -0.780]
		[-0.138 0.984 -0.111]
		[0.768 0.177 0.616]
		[0.609 -0.002 -0.793]
		[-0.141 0.984 -0.110]
		[0.780 0.179 0.599]
		[0.593 -0.003 -0.805]
		[-0.143 0.984 -0.109]
		[0.792 0.180 0.583]
		[0.577 -0.005 -0.817]
		[-0.143 0.984 -0.108]
		[0.804 0.179 0.567]
		[0.562 -0.008 -0.827]
		[-0.142 0.984 -0.106]
		[0.814 0.178 0.552]
		[0.549 -0.011 -0.836]
		[-0.141 0.984 -0.105]
		[0.824 0.175 0.539]
		[0.537 -0.014 -0.844]
		[-0.138 0.985 -0.104]
		[0.832 0.173 0.527]
		[0.526 -0.017 -0.850]
		[-0.136 0.985 -0.103]
		[0.839 0.170 0.516]
		[0.518 -0.019 -0.855]
		[-0.132 0.986 -0.102]
		[0.845 0.166 0.508]
		[0.512 -0.022 -0.859]
		[-0.129 0.986 -0.102]
		[0.849 0.163 0.503]
		[0.509 -0.023 -0.860]
		[-0.126 0.987 -0.101]
		[0.851 0.160 0.500]
		[0.509 -0.025 -0.860]
		[-0.123 0.987 -0.101]
		[0.852 0.157 0.500]
		[0.513 -0.025 -0.858]
		[-0.120 0.988 -0.101]
		[0.850 0.155 0.503]
		[0.519 -0.025 -0.854]
		[-0.118 0.988 -0.101]
		[0.846 0.154 0.510]
		[0.530 -0.024 -0.848]
		[-0.117 0.988 -0.102]
		[0.840 0.153 0.521]
		[0.544 -0.022 -0.838]
		[-0.118 0.988 -0.102]
		[0.830 0.154 0.535]
		[0.563 -0.019 -0.826]
		[-0.119 0.987 -0.103]
		[0.818 0.157 0.554]
		[0.586 -0.014 -0.810]
		[-0.122 0.987 -0.105]
		[0.801 0.160 0.576]
		[0.612 -0.008 -0.791]
		[-0.127 0.986 -0.108]
		[0.781 0.166 0.602]
		[0.680 0.010 -0.734]
		[-0.141 0.983 -0.118]
		[0.720 0.184 0.669]
		[0.721 0.022 -0.693]
		[-0.151 0.980 -0.126]
		[0.676 0.196 0.710]
		[0.767 0.036 -0.641]
		[-0.162 0.977 -0.138]
		[0.621 0.210 0.755]
		[0.813 0.052 -0.580]
		[-0.172 0.973 -0.155]
		[0.556 0.226 0.800]
		[0.858 0.069 -0.509]
		[-0.182 0.968 -0.176]
		[0.480 0.243 0.843]
		[0.899 0.087 -0.430]
		[-0.189 0.961 -0.201]
		[0.396 0.262 0.880]
		[0.933 0.106 -0.343]
		[-0.193 0.954 -0.230]
		[0.303 0.281 0.911]
		[0.960 0.125 -0.251]
		[-0.192 0.945 -0.263]
		[0.205 0.301 0.931]
		[0.977 0.144 -0.156]
		[-0.186 0.936 -0.299]
		[0.103 0.322 0.941]
		[0.985 0.163 -0.059]
		[-0.174 0.925 -0.337]
		[0.000 0.342 0.940]
		[0.983 0.182 0.036]
		[-0.155 0.914 -0.375]
		[-0.101 0.362 0.926]
		[0.971 0.200 0.129]
		[-0.131 0.902 -0.411]
		[-0.198 0.382 0.902]
		[0.952 0.217 0.217]
		[-0.101 0.890 -0.445]
		[-0.289 0.402 0.869]
		[0.926 0.232 0.298]
		[-0.067 0.877 -0.475]
		[-0.372 0.420 0.828]
		[0.895 0.247 0.372]
		[-0.030 0.865 -0.501]
		[-0.445 0.437 0.781]
		[0.861 0.260 0.437]
		[0.008 0.853 -0.523]
		[-0.509 0.453 0.732]
		[0.826 0.272 0.494]
		[0.046 0.841 -0.539]
		[-0.562 0.468 0.682]
		[0.792 0.281 0.541]
		[0.081 0.831 -0.551]
		[-0.605 0.481 0.635]
		[0.762 0.290 0.580]
		[0.113 0.822 -0.559]
		[-0.638 0.491 0.593]
		[0.000 0.985 -0.174]
		[0.000 0.174 0.985]
		[0.000 0.596 0.000]
		[0.999 0.000 0.045]
		[0.008 0.985 -0.173]
		[-0.045 0.174 0.984]
		[0.996 0.000 0.091]
		[0.016 0.985 -0.173]
		[-0.090 0.174 0.981]
		[0.990 0.000 0.139]
		[0.024 0.985 -0.172]
		[-0.137 0.174 0.975]
		[0.982 0.000 0.187]
		[0.033 0.985 -0.171]
		[-0.185 0.174 0.967]
		[0.972 0.000 0.236]
		[0.041 0.985 -0.169]
		[-0.233 0.174 0.957]
		[0.958 0.000 0.285]
		[0.050 0.985 -0.166]
		[-0.281 0.174 0.944]
		[0.943 0.000 0.334]
		[0.058 0.985 -0.164]
		[-0.329 0.174 0.928]
		[0.925 0.000 0.381]
		[0.066 0.985 -0.161]
		[-0.375 0.174 0.911]
		[0.904 0.000 0.427]
		[0.074 0.985 -0.157]
		[-0.421 0.174 0.890]
		[0.882 0.000 0.471]
		[0.082 0.985 -0.153]
		[-0.464 0.174 0.869]
		[0.858 0.000 0.514]
		[0.089 0.985 -0.149]
		[-0.506 0.174 0.845]
		[0.833 0.000 0.553]
		[0.096 0.985 -0.145]
		[-0.545 0.174 0.820]
		[0.807 0.000 0.591]
		[0.103 0.985 -0.140]
		[-0.582 0.174 0.795]
		[0.781 0.000 0.625]
		[0.109 0.985 -0.136]
		[-0.615 0.174 0.769]
		[0.755 0.000 0.656]
		[0.114 0.985 -0.131]
		[-0.646 0.174 0.743]
		[0.729 0.000 0.685]
		[0.119 0.985 -0.127]
		[-0.674 0.174 0.718]
		[0.705 0.000 0.710]
		[0.123 0.985 -0.122]
		[-0.699 0.174 0.694]
		[0.682 0.000 0.732]
		[0.127 0.985 -0.118]
		[-0.721 0.174 0.671]
		[0.661 0.000 0.750]
		[0.130 0.985 -0.115]
		[-0.739 0.174 0.651]
		[0.643 0.000 0.766]
		[0.133 0.985 -0.112]
		[-0.754 0.174 0.633]
		[0.625 -0.001 0.780]
		[0.136 0.985 -0.109]
		[-0.768 0.174 0.616]
		[0.609 -0.002 0.793]
		[0.141 0.984 -0.106]
		[-0.781 0.176 0.600]
		[0.592 -0.003 0.806]
		[0.146 0.984 -0.103]
		[-0.793 0.179 0.583]
		[0.576 -0.005 0.818]
		[0.152 0.983 -0.100]
		[-0.804 0.182 0.567]
		[0.560 -0.008 0.828]
		[0.158 0.983 -0.097]
		[-0.813 0.186 0.551]
		[0.545 -0.011 0.838]
		[0.165 0.982 -0.095]
		[-0.822 0.190 0.537]
		[0.532 -0.014 0.846]
		[0.171 0.981 -0.092]
		[-0.829 0.194 0.525]
		[0.521 -0.016 0.853]
		[0.178 0.980 -0.090]
		[-0.835 0.198 0.514]
		[0.512 -0.019 0.859]
		[0.183 0.979 -0.088]
		[-0.839 0.202 0.505]
		[0.505 -0.021 0.863]
		[0.188 0.978 -0.086]
		[-0.842 0.206 0.499]
		[0.502 -0.023 0.865]
		[0.192 0.978 -0.085]
		[-0.843 0.209 0.495]
		[0.501 -0.025 0.865]
		[0.194 0.977 -0.085]
		[-0.843 0.211 0.495]
		[0.504 -0.025 0.863]
		[0.195 0.977 -0.086]
		[-0.841 0.212 0.498]
		[0.511 -0.025 0.859]
		[0.194 0.977 -0.087]
		[-0.837 0.211 0.504]
		[0.522 -0.024 0.852]
		[0.191 0.977 -0.090]
		[-0.831 0.210 0.515]
		[0.538 -0.022 0.843]
		[0.186 0.978 -0.093]
		[-0.822 0.207 0.530]
		[0.557 -0.019 0.830]
		[0.177 0.979 -0.097]
		[-0.811 0.202 0.549]
		[0.582 -0.014 0.813]
		[0.166 0.981 -0.102]
		[-0.796 0.194 0.573]
		[0.610 -0.008 0.793]
		[0.152 0.983 -0.107]
		[-0.778 0.185 0.600]
		[0.682 0.010 0.731]
		[0.109 0.987 -0.116]
		[-0.723 0.159 0.672]
		[0.726 0.022 0.687]
		[0.081 0.990 -0.117]
		[-0.683 0.141 0.717]
		[0.774 0.037 0.632]
		[0.047 0.992 -0.115]
		[-0.631 0.119 0.767]
		[0.823 0.053 0.566]
		[0.010 0.994 -0.108]
		[-0.568 0.095 0.817]
		[0.869 0.071 0.490]
		[-0.028 0.995 -0.094]
		[-0.494 0.068 0.867]
		[0.910 0.090 0.405]
		[-0.066 0.995 -0.073]
		[-0.410 0.039 0.911]
		[0.943 0.110 0.313]
		[-0.102 0.994 -0.043]
		[-0.316 0.009 0.949]
		[0.968 0.131 0.216]
		[-0.133 0.991 -0.006]
		[-0.215 -0.022 0.976]
		[0.982 0.152 0.116]
		[-0.157 0.987 0.037]
		[-0.108 -0.055 0.993]
		[0.985 0.173 0.015]
		[-0.174 0.981 0.086]
		[0.000 -0.087 0.996]
		[0.978 0.194 -0.083]
		[-0.181 0.974 0.138]
		[0.108 -0.120 0.987]
		[0.961 0.214 -0.178]
		[-0.179 0.965 0.191]
		[0.212 -0.152 0.965]
		[0.936 0.232 -0.266]
		[-0.168 0.955 0.243]
		[0.310 -0.183 0.933]
		[0.904 0.250 -0.347]
		[-0.149 0.945 0.292]
		[0.401 -0.212 0.891]
		[0.868 0.266 -0.419]
		[-0.124 0.933 0.337]
		[0.481 -0.240 0.843]
		[0.830 0.281 -0.482]
		[-0.094 0.922 0.376]
		[0.550 -0.266 0.792]
		[0.791 0.294 -0.536]
		[-0.062 0.911 0.408]
		[0.608 -0.290 0.739]
		[0.755 0.305 -0.581]
		[-0.030 0.900 0.434]
		[0.656 -0.310 0.688]
		[0.722 0.314 -0.617]
		[0.000 0.891 0.454]
		[0.692 -0.328 0.643]
		[0.000 0.315 0.000]
		[0.000 0.470 0.000]
		[0.000 0.300 0.000]
		[-1.000 0.000 0.000]
		[-0.500 0.000 0.866]
		[0.557 -0.766 0.321]
		[0.663 0.643 0.383]
		[0.279 0.394 -0.035]
		[-0.428 0.000 0.904]
		[0.581 -0.766 0.275]
		[0.692 0.643 0.328]
		[-0.352 0.000 0.936]
		[0.602 -0.766 0.226]
		[0.717 0.643 0.269]
		[-0.270 0.000 0.963]
		[0.619 -0.766 0.173]
		[0.738 0.643 0.207]
		[-0.183 0.000 0.983]
		[0.632 -0.766 0.118]
		[0.753 0.643 0.140]
		[-0.094 0.000 0.996]
		[0.640 -0.766 0.060]
		[0.763 0.643 0.072]
		[-0.003 0.000 1.000]
		[0.643 -0.766 0.002]
		[0.766 0.643 0.002]
		[0.089 0.000 0.996]
		[0.640 -0.766 -0.057]
		[0.763 0.643 -0.068]
		[0.179 0.000 0.984]
		[0.632 -0.766 -0.115]
		[0.754 0.643 -0.137]
		[0.267 0.000 0.964]
		[0.619 -0.766 -0.172]
		[0.738 0.643 -0.205]
		[0.352 0.000 0.936]
		[0.602 -0.766 -0.226]
		[0.717 0.643 -0.270]
		[0.432 0.000 0.902]
		[0.580 -0.766 -0.278]
		[0.691 0.643 -0.331]
		[0.507 0.000 0.862]
		[0.554 -0.766 -0.326]
		[0.660 0.643 -0.389]
		[0.576 0.000 0.818]
		[0.526 -0.766 -0.370]
		[0.626 0.643 -0.441]
		[0.638 0.000 0.770]
		[0.495 -0.766 -0.410]
		[0.590 0.643 -0.488]
		[0.692 0.000 0.721]
