{ :name "AttackSpell" :length 2 :bones { 
	"Armature" [
		[0 [100.000 0.000 0.000 0.000 0.000 0.000 -100.000 0.000 0.000 100.000 0.000 0.000 0.000 120.000 0.000 1.000]]
	]
	"Skelet" [
		[0 [1.000 0.000 0.000 0.000 0.000 0.000 1.000 0.000 0.000 -1.000 0.000 0.000 0.000 0.000 0.100 1.000]]
	]
	"Bedro_L" [
		[0 [0.000 -0.342 0.940 0.000 0.000 -0.940 -0.342 0.000 1.000 0.000 0.000 0.000 0.123 -0.038 0.000 1.000]]
		[0.01666667 [0.000 -0.334 0.943 0.000 0.000 -0.943 -0.334 0.000 1.000 0.000 0.000 0.000 0.123 -0.038 0.000 1.000]]
		[0.03333334 [0.000 -0.325 0.946 0.000 0.000 -0.946 -0.325 0.000 1.000 0.000 0.000 0.000 0.123 -0.038 0.000 1.000]]
		[0.05 [0.000 -0.316 0.949 0.000 0.000 -0.949 -0.316 0.000 1.000 0.000 0.000 0.000 0.123 -0.038 0.000 1.000]]
		[0.06666667 [0.000 -0.306 0.952 0.000 0.000 -0.952 -0.306 0.000 1.000 0.000 0.000 0.000 0.123 -0.038 0.000 1.000]]
		[0.08333334 [0.000 -0.297 0.955 0.000 0.000 -0.955 -0.297 0.000 1.000 0.000 0.000 0.000 0.123 -0.038 0.000 1.000]]
		[0.1 [0.000 -0.287 0.958 0.000 0.000 -0.958 -0.287 0.000 1.000 0.000 0.000 0.000 0.123 -0.038 0.000 1.000]]
		[0.1166667 [0.000 -0.277 0.961 0.000 0.000 -0.961 -0.277 0.000 1.000 0.000 0.000 0.000 0.123 -0.038 0.000 1.000]]
		[0.1333333 [0.000 -0.268 0.964 0.000 0.000 -0.964 -0.268 0.000 1.000 0.000 0.000 0.000 0.123 -0.038 0.000 1.000]]
		[0.15 [0.000 -0.258 0.966 0.000 0.000 -0.966 -0.258 0.000 1.000 0.000 0.000 0.000 0.123 -0.038 0.000 1.000]]
		[0.1666667 [0.000 -0.248 0.969 0.000 0.000 -0.969 -0.248 0.000 1.000 0.000 0.000 0.000 0.123 -0.038 0.000 1.000]]
		[0.1833333 [0.000 -0.239 0.971 0.000 0.000 -0.971 -0.239 0.000 1.000 0.000 0.000 0.000 0.123 -0.038 0.000 1.000]]
		[0.2 [0.000 -0.230 0.973 0.000 0.000 -0.973 -0.230 0.000 1.000 0.000 0.000 0.000 0.123 -0.038 0.000 1.000]]
		[0.2166667 [0.000 -0.221 0.975 0.000 0.000 -0.975 -0.221 0.000 1.000 0.000 0.000 0.000 0.123 -0.038 0.000 1.000]]
		[0.2333333 [0.000 -0.212 0.977 0.000 0.000 -0.977 -0.212 0.000 1.000 0.000 0.000 0.000 0.123 -0.038 0.000 1.000]]
		[0.25 [0.000 -0.204 0.979 0.000 0.000 -0.979 -0.204 0.000 1.000 0.000 0.000 0.000 0.123 -0.038 0.000 1.000]]
		[0.2666667 [0.000 -0.197 0.980 0.000 0.000 -0.980 -0.197 0.000 1.000 0.000 0.000 0.000 0.123 -0.038 0.000 1.000]]
		[0.2833333 [0.000 -0.190 0.982 0.000 0.000 -0.982 -0.190 0.000 1.000 0.000 0.000 0.000 0.123 -0.038 0.000 1.000]]
		[0.3 [0.000 -0.184 0.983 0.000 0.000 -0.983 -0.184 0.000 1.000 0.000 0.000 0.000 0.123 -0.038 0.000 1.000]]
		[0.3166667 [0.000 -0.179 0.984 0.000 0.000 -0.984 -0.179 0.000 1.000 0.000 0.000 0.000 0.123 -0.038 0.000 1.000]]
		[0.3333333 [0.000 -0.174 0.985 0.000 0.000 -0.985 -0.174 0.000 1.000 0.000 0.000 0.000 0.123 -0.038 0.000 1.000]]
		[0.35 [0.000 -0.169 0.986 0.000 0.000 -0.986 -0.169 0.000 1.000 0.000 0.000 0.000 0.123 -0.038 0.000 1.000]]
		[0.3666667 [0.000 -0.164 0.987 0.000 0.000 -0.987 -0.164 0.000 1.000 0.000 0.000 0.000 0.123 -0.038 0.000 1.000]]
		[0.3833333 [0.000 -0.158 0.987 0.000 0.000 -0.987 -0.158 0.000 1.000 0.000 0.000 0.000 0.123 -0.038 0.000 1.000]]
		[0.4 [0.000 -0.152 0.988 0.000 0.000 -0.988 -0.152 0.000 1.000 0.000 0.000 0.000 0.123 -0.038 0.000 1.000]]
		[0.4166667 [0.000 -0.145 0.989 0.000 0.000 -0.989 -0.145 0.000 1.000 0.000 0.000 0.000 0.123 -0.038 0.000 1.000]]
		[0.4333333 [0.000 -0.139 0.990 0.000 0.000 -0.990 -0.139 0.000 1.000 0.000 0.000 0.000 0.123 -0.038 0.000 1.000]]
		[0.45 [0.000 -0.133 0.991 0.000 0.000 -0.991 -0.133 0.000 1.000 0.000 0.000 0.000 0.123 -0.038 0.000 1.000]]
		[0.4666667 [0.000 -0.128 0.992 0.000 0.000 -0.992 -0.128 0.000 1.000 0.000 0.000 0.000 0.123 -0.038 0.000 1.000]]
		[0.4833333 [0.000 -0.123 0.992 0.000 0.000 -0.992 -0.123 0.000 1.000 0.000 0.000 0.000 0.123 -0.038 0.000 1.000]]
		[0.5 [0.000 -0.120 0.993 0.000 0.000 -0.993 -0.120 0.000 1.000 0.000 0.000 0.000 0.123 -0.038 0.000 1.000]]
		[0.5166667 [0.000 -0.117 0.993 0.000 0.000 -0.993 -0.117 0.000 1.000 0.000 0.000 0.000 0.123 -0.038 0.000 1.000]]
		[0.5333334 [0.000 -0.116 0.993 0.000 0.000 -0.993 -0.116 0.000 1.000 0.000 0.000 0.000 0.123 -0.038 0.000 1.000]]
		[0.55 [0.000 -0.116 0.993 0.000 0.000 -0.993 -0.116 0.000 1.000 0.000 0.000 0.000 0.123 -0.038 0.000 1.000]]
		[0.5666667 [0.000 -0.117 0.993 0.000 0.000 -0.993 -0.117 0.000 1.000 0.000 0.000 0.000 0.123 -0.038 0.000 1.000]]
		[0.5833333 [0.000 -0.121 0.993 0.000 0.000 -0.993 -0.121 0.000 1.000 0.000 0.000 0.000 0.123 -0.038 0.000 1.000]]
		[0.6 [0.000 -0.127 0.992 0.000 0.000 -0.992 -0.127 0.000 1.000 0.000 0.000 0.000 0.123 -0.038 0.000 1.000]]
		[0.6166667 [0.000 -0.135 0.991 0.000 0.000 -0.991 -0.135 0.000 1.000 0.000 0.000 0.000 0.123 -0.038 0.000 1.000]]
		[0.6333333 [0.000 -0.145 0.989 0.000 0.000 -0.989 -0.145 0.000 1.000 0.000 0.000 0.000 0.123 -0.038 0.000 1.000]]
		[0.65 [0.000 -0.158 0.987 0.000 0.000 -0.987 -0.158 0.000 1.000 0.000 0.000 0.000 0.123 -0.038 0.000 1.000]]
		[0.6666667 [0.000 -0.174 0.985 0.000 0.000 -0.985 -0.174 0.000 1.000 0.000 0.000 0.000 0.123 -0.038 0.000 1.000]]
		[0.6833333 [0.000 -0.194 0.981 0.000 0.000 -0.981 -0.194 0.000 1.000 0.000 0.000 0.000 0.123 -0.038 0.000 1.000]]
		[0.7 [0.000 -0.217 0.976 0.000 0.000 -0.976 -0.217 0.000 1.000 0.000 0.000 0.000 0.123 -0.038 0.000 1.000]]
		[0.7166666 [0.000 -0.246 0.969 0.000 0.000 -0.969 -0.246 0.000 1.000 0.000 0.000 0.000 0.123 -0.038 0.000 1.000]]
		[0.7333333 [0.000 -0.277 0.961 0.000 0.000 -0.961 -0.277 0.000 1.000 0.000 0.000 0.000 0.123 -0.038 0.000 1.000]]
		[0.75 [0.000 -0.311 0.950 0.000 0.000 -0.950 -0.311 0.000 1.000 0.000 0.000 0.000 0.123 -0.038 0.000 1.000]]
		[0.7666667 [0.000 -0.347 0.938 0.000 0.000 -0.938 -0.347 0.000 1.000 0.000 0.000 0.000 0.123 -0.038 0.000 1.000]]
		[0.7833334 [0.000 -0.385 0.923 0.000 0.000 -0.923 -0.385 0.000 1.000 0.000 0.000 0.000 0.123 -0.038 0.000 1.000]]
		[0.8 [0.000 -0.423 0.906 0.000 0.000 -0.906 -0.423 0.000 1.000 0.000 0.000 0.000 0.123 -0.038 0.000 1.000]]
		[0.8166667 [0.000 -0.462 0.887 0.000 0.000 -0.887 -0.462 0.000 1.000 0.000 0.000 0.000 0.123 -0.038 0.000 1.000]]
		[0.8333333 [0.000 -0.500 0.866 0.000 0.000 -0.866 -0.500 0.000 1.000 0.000 0.000 0.000 0.123 -0.038 0.000 1.000]]
		[0.85 [0.000 -0.537 0.843 0.000 0.000 -0.843 -0.537 0.000 1.000 0.000 0.000 0.000 0.123 -0.038 0.000 1.000]]
		[0.8666667 [0.000 -0.573 0.820 0.000 0.000 -0.820 -0.573 0.000 1.000 0.000 0.000 0.000 0.123 -0.038 0.000 1.000]]
		[0.8833333 [0.000 -0.607 0.795 0.000 0.000 -0.795 -0.607 0.000 1.000 0.000 0.000 0.000 0.123 -0.038 0.000 1.000]]
		[0.9 [0.000 -0.638 0.770 0.000 0.000 -0.770 -0.638 0.000 1.000 0.000 0.000 0.000 0.123 -0.038 0.000 1.000]]
		[0.9166667 [0.000 -0.668 0.745 0.000 0.000 -0.745 -0.668 0.000 1.000 0.000 0.000 0.000 0.123 -0.038 0.000 1.000]]
		[0.9333333 [0.000 -0.694 0.720 0.000 0.000 -0.720 -0.694 0.000 1.000 0.000 0.000 0.000 0.123 -0.038 0.000 1.000]]
		[0.95 [0.000 -0.717 0.697 0.000 0.000 -0.697 -0.717 0.000 1.000 0.000 0.000 0.000 0.123 -0.038 0.000 1.000]]
		[0.9666666 [0.000 -0.737 0.676 0.000 0.000 -0.676 -0.737 0.000 1.000 0.000 0.000 0.000 0.123 -0.038 0.000 1.000]]
		[0.9833333 [0.000 -0.753 0.658 0.000 0.000 -0.658 -0.753 0.000 1.000 0.000 0.000 0.000 0.123 -0.038 0.000 1.000]]
	]
	"Koleno_L" [
		[0 [-0.766 0.643 -0.007 0.000 0.643 0.766 -0.009 0.000 0.000 -0.011 -1.000 0.000 0.000 0.532 0.000 1.000]]
		[0.01666667 [-0.748 0.663 -0.007 0.000 0.663 0.748 -0.008 0.000 0.000 -0.011 -1.000 0.000 0.000 0.532 0.000 1.000]]
		[0.03333334 [-0.730 0.684 -0.008 0.000 0.684 0.730 -0.008 0.000 0.000 -0.011 -1.000 0.000 0.000 0.532 0.000 1.000]]
		[0.05 [-0.710 0.704 -0.008 0.000 0.704 0.710 -0.008 0.000 0.000 -0.011 -1.000 0.000 0.000 0.532 0.000 1.000]]
		[0.06666667 [-0.689 0.725 -0.008 0.000 0.725 0.689 -0.008 0.000 0.000 -0.011 -1.000 0.000 0.000 0.532 0.000 1.000]]
		[0.08333334 [-0.666 0.745 -0.008 0.000 0.746 0.666 -0.008 0.000 0.000 -0.011 -1.000 0.000 0.000 0.532 0.000 1.000]]
		[0.1 [-0.644 0.765 -0.009 0.000 0.765 0.643 -0.007 0.000 0.000 -0.011 -1.000 0.000 0.000 0.532 0.000 1.000]]
		[0.1166667 [-0.620 0.785 -0.009 0.000 0.785 0.620 -0.007 0.000 0.000 -0.011 -1.000 0.000 0.000 0.532 0.000 1.000]]
		[0.1333333 [-0.596 0.803 -0.009 0.000 0.803 0.596 -0.007 0.000 0.000 -0.011 -1.000 0.000 0.000 0.532 0.000 1.000]]
		[0.15 [-0.571 0.821 -0.009 0.000 0.821 0.571 -0.006 0.000 0.000 -0.011 -1.000 0.000 0.000 0.532 0.000 1.000]]
		[0.1666667 [-0.546 0.837 -0.009 0.000 0.837 0.546 -0.006 0.000 0.000 -0.011 -1.000 0.000 0.000 0.532 0.000 1.000]]
		[0.1833333 [-0.522 0.853 -0.010 0.000 0.853 0.522 -0.006 0.000 0.000 -0.011 -1.000 0.000 0.000 0.532 0.000 1.000]]
		[0.2 [-0.498 0.867 -0.010 0.000 0.867 0.498 -0.006 0.000 0.000 -0.011 -1.000 0.000 0.000 0.532 0.000 1.000]]
		[0.2166667 [-0.474 0.881 -0.010 0.000 0.881 0.474 -0.005 0.000 0.000 -0.011 -1.000 0.000 0.000 0.532 0.000 1.000]]
		[0.2333333 [-0.451 0.893 -0.010 0.000 0.893 0.451 -0.005 0.000 0.000 -0.011 -1.000 0.000 0.000 0.532 0.000 1.000]]
		[0.25 [-0.429 0.903 -0.010 0.000 0.903 0.429 -0.005 0.000 0.000 -0.011 -1.000 0.000 0.000 0.532 0.000 1.000]]
		[0.2666667 [-0.408 0.913 -0.010 0.000 0.913 0.408 -0.005 0.000 0.000 -0.011 -1.000 0.000 0.000 0.532 0.000 1.000]]
		[0.2833333 [-0.389 0.921 -0.010 0.000 0.921 0.389 -0.004 0.000 0.000 -0.011 -1.000 0.000 0.000 0.532 0.000 1.000]]
		[0.3 [-0.371 0.929 -0.010 0.000 0.929 0.371 -0.004 0.000 0.000 -0.011 -1.000 0.000 0.000 0.532 0.000 1.000]]
		[0.3166667 [-0.355 0.935 -0.011 0.000 0.935 0.355 -0.004 0.000 0.000 -0.011 -1.000 0.000 0.000 0.532 0.000 1.000]]
		[0.3333333 [-0.342 0.940 -0.011 0.000 0.940 0.342 -0.004 0.000 0.000 -0.011 -1.000 0.000 0.000 0.532 0.000 1.000]]
		[0.35 [-0.332 0.943 -0.011 0.000 0.943 0.332 -0.004 0.000 0.000 -0.011 -1.000 0.000 0.000 0.532 0.000 1.000]]
		[0.3666667 [-0.325 0.946 -0.011 0.000 0.946 0.325 -0.004 0.000 0.000 -0.011 -1.000 0.000 0.000 0.532 0.000 1.000]]
		[0.3833333 [-0.322 0.947 -0.011 0.000 0.947 0.322 -0.004 0.000 0.000 -0.011 -1.000 0.000 0.000 0.532 0.000 1.000]]
		[0.4 [-0.321 0.947 -0.011 0.000 0.947 0.321 -0.004 0.000 0.000 -0.011 -1.000 0.000 0.000 0.532 0.000 1.000]]
		[0.4166667 [-0.323 0.946 -0.011 0.000 0.946 0.323 -0.004 0.000 0.000 -0.012 -1.000 0.000 0.000 0.532 0.000 1.000]]
		[0.4333333 [-0.326 0.945 -0.011 0.000 0.945 0.326 -0.004 0.000 0.000 -0.012 -1.000 0.000 0.000 0.532 0.000 1.000]]
		[0.45 [-0.332 0.943 -0.011 0.000 0.943 0.332 -0.004 0.000 0.000 -0.012 -1.000 0.000 0.000 0.532 0.000 1.000]]
		[0.4666667 [-0.338 0.941 -0.011 0.000 0.941 0.338 -0.004 0.000 0.000 -0.012 -1.000 0.000 0.000 0.532 0.000 1.000]]
		[0.4833333 [-0.345 0.939 -0.011 0.000 0.939 0.345 -0.004 0.000 0.000 -0.012 -1.000 0.000 0.000 0.532 0.000 1.000]]
		[0.5 [-0.352 0.936 -0.011 0.000 0.936 0.352 -0.004 0.000 0.000 -0.012 -1.000 0.000 0.000 0.532 0.000 1.000]]
		[0.5166667 [-0.359 0.933 -0.011 0.000 0.933 0.359 -0.004 0.000 0.000 -0.012 -1.000 0.000 0.000 0.532 0.000 1.000]]
		[0.5333334 [-0.366 0.931 -0.011 0.000 0.931 0.366 -0.004 0.000 0.000 -0.012 -1.000 0.000 0.000 0.532 0.000 1.000]]
		[0.55 [-0.371 0.929 -0.011 0.000 0.929 0.371 -0.004 0.000 0.000 -0.012 -1.000 0.000 0.000 0.532 0.000 1.000]]
		[0.5666667 [-0.375 0.927 -0.011 0.000 0.927 0.374 -0.005 0.000 0.000 -0.012 -1.000 0.000 0.000 0.532 0.000 1.000]]
		[0.5833333 [-0.376 0.926 -0.011 0.000 0.926 0.376 -0.005 0.000 0.000 -0.012 -1.000 0.000 0.000 0.532 0.000 1.000]]
		[0.6 [-0.376 0.927 -0.011 0.000 0.927 0.376 -0.005 0.000 0.000 -0.012 -1.000 0.000 0.000 0.532 0.000 1.000]]
		[0.6166667 [-0.373 0.928 -0.011 0.000 0.928 0.373 -0.004 0.000 0.000 -0.012 -1.000 0.000 0.000 0.532 0.000 1.000]]
		[0.6333333 [-0.366 0.930 -0.011 0.000 0.931 0.366 -0.004 0.000 0.000 -0.012 -1.000 0.000 0.000 0.532 0.000 1.000]]
		[0.65 [-0.356 0.934 -0.011 0.000 0.934 0.356 -0.004 0.000 0.000 -0.012 -1.000 0.000 0.000 0.532 0.000 1.000]]
		[0.6666667 [-0.342 0.940 -0.011 0.000 0.940 0.342 -0.004 0.000 0.000 -0.011 -1.000 0.000 0.000 0.532 0.000 1.000]]
		[0.6833333 [-0.323 0.946 -0.010 0.000 0.946 0.323 -0.004 0.000 0.000 -0.011 -1.000 0.000 0.000 0.532 0.000 1.000]]
		[0.7 [-0.300 0.954 -0.010 0.000 0.954 0.300 -0.003 0.000 0.000 -0.011 -1.000 0.000 0.000 0.532 0.000 1.000]]
		[0.7166666 [-0.272 0.962 -0.010 0.000 0.962 0.272 -0.003 0.000 0.000 -0.010 -1.000 0.000 0.000 0.532 0.000 1.000]]
		[0.7333333 [-0.241 0.971 -0.009 0.000 0.971 0.241 -0.002 0.000 0.000 -0.010 -1.000 0.000 0.000 0.532 0.000 1.000]]
		[0.75 [-0.206 0.979 -0.009 0.000 0.979 0.206 -0.002 0.000 0.000 -0.009 -1.000 0.000 0.000 0.532 0.000 1.000]]
		[0.7666667 [-0.168 0.986 -0.008 0.000 0.986 0.168 -0.001 0.000 0.000 -0.008 -1.000 0.000 0.000 0.532 0.000 1.000]]
		[0.7833334 [-0.128 0.992 -0.008 0.000 0.992 0.128 -0.001 0.000 0.000 -0.008 -1.000 0.000 0.000 0.532 0.000 1.000]]
		[0.8 [-0.086 0.996 -0.007 0.000 0.996 0.086 -0.001 0.000 0.000 -0.007 -1.000 0.000 0.000 0.532 0.000 1.000]]
		[0.8166667 [-0.044 0.999 -0.006 0.000 0.999 0.044 0.000 0.000 0.000 -0.006 -1.000 0.000 0.000 0.532 0.000 1.000]]
		[0.8333333 [0.000 1.000 -0.006 0.000 1.000 0.000 0.000 0.000 0.000 -0.006 -1.000 0.000 0.000 0.532 0.000 1.000]]
		[0.85 [0.044 0.999 -0.005 0.000 0.999 -0.044 0.000 0.000 0.000 -0.005 -1.000 0.000 0.000 0.532 0.000 1.000]]
		[0.8666667 [0.086 0.996 -0.004 0.000 0.996 -0.086 0.000 0.000 0.000 -0.004 -1.000 0.000 0.000 0.532 0.000 1.000]]
		[0.8833333 [0.128 0.992 -0.004 0.000 0.992 -0.128 0.000 0.000 0.000 -0.004 -1.000 0.000 0.000 0.532 0.000 1.000]]
		[0.9 [0.168 0.986 -0.003 0.000 0.986 -0.168 0.000 0.000 0.000 -0.003 -1.000 0.000 0.000 0.532 0.000 1.000]]
		[0.9166667 [0.206 0.979 -0.002 0.000 0.979 -0.206 0.000 0.000 0.000 -0.002 -1.000 0.000 0.000 0.532 0.000 1.000]]
		[0.9333333 [0.241 0.971 -0.002 0.000 0.971 -0.241 0.000 0.000 0.000 -0.002 -1.000 0.000 0.000 0.532 0.000 1.000]]
		[0.95 [0.272 0.962 -0.001 0.000 0.962 -0.272 0.000 0.000 0.000 -0.001 -1.000 0.000 0.000 0.532 0.000 1.000]]
		[0.9666666 [0.300 0.954 -0.001 0.000 0.954 -0.300 0.000 0.000 0.000 -0.001 -1.000 0.000 0.000 0.532 0.000 1.000]]
		[0.9833333 [0.323 0.946 0.000 0.000 0.946 -0.323 0.000 0.000 0.000 0.000 -1.000 0.000 0.000 0.532 0.000 1.000]]
	]
	"Koleno_L_end" [
		[0 [1.000 0.000 0.000 0.000 0.000 1.000 0.000 0.000 0.000 0.000 1.000 0.000 0.000 0.578 0.000 1.000]]
	]
	"Bedro_P" [
		[0 [0.000 -0.643 0.766 0.000 0.000 -0.766 -0.643 0.000 1.000 0.000 0.000 0.000 -0.123 -0.038 0.000 1.000]]
		[0.01666667 [0.000 -0.650 0.760 0.000 0.000 -0.760 -0.650 0.000 1.000 0.000 0.000 0.000 -0.123 -0.038 0.000 1.000]]
		[0.03333334 [0.000 -0.657 0.754 0.000 0.000 -0.754 -0.657 0.000 1.000 0.000 0.000 0.000 -0.123 -0.038 0.000 1.000]]
		[0.05 [0.000 -0.664 0.748 0.000 0.000 -0.748 -0.664 0.000 1.000 0.000 0.000 0.000 -0.123 -0.038 0.000 1.000]]
		[0.06666667 [0.000 -0.671 0.741 0.000 0.000 -0.741 -0.671 0.000 1.000 0.000 0.000 0.000 -0.123 -0.038 0.000 1.000]]
		[0.08333334 [0.000 -0.679 0.735 0.000 0.000 -0.735 -0.679 0.000 1.000 0.000 0.000 0.000 -0.123 -0.038 0.000 1.000]]
		[0.1 [0.000 -0.686 0.728 0.000 0.000 -0.728 -0.686 0.000 1.000 0.000 0.000 0.000 -0.123 -0.038 0.000 1.000]]
		[0.1166667 [0.000 -0.693 0.721 0.000 0.000 -0.721 -0.693 0.000 1.000 0.000 0.000 0.000 -0.123 -0.038 0.000 1.000]]
		[0.1333333 [0.000 -0.701 0.713 0.000 0.000 -0.713 -0.701 0.000 1.000 0.000 0.000 0.000 -0.123 -0.038 0.000 1.000]]
		[0.15 [0.000 -0.708 0.706 0.000 0.000 -0.706 -0.708 0.000 1.000 0.000 0.000 0.000 -0.123 -0.038 0.000 1.000]]
		[0.1666667 [0.000 -0.715 0.699 0.000 0.000 -0.699 -0.715 0.000 1.000 0.000 0.000 0.000 -0.123 -0.038 0.000 1.000]]
		[0.1833333 [0.000 -0.722 0.692 0.000 0.000 -0.692 -0.722 0.000 1.000 0.000 0.000 0.000 -0.123 -0.038 0.000 1.000]]
		[0.2 [0.000 -0.728 0.686 0.000 0.000 -0.686 -0.728 0.000 1.000 0.000 0.000 0.000 -0.123 -0.038 0.000 1.000]]
		[0.2166667 [0.000 -0.734 0.679 0.000 0.000 -0.679 -0.734 0.000 1.000 0.000 0.000 0.000 -0.123 -0.038 0.000 1.000]]
		[0.2333333 [0.000 -0.740 0.673 0.000 0.000 -0.673 -0.740 0.000 1.000 0.000 0.000 0.000 -0.123 -0.038 0.000 1.000]]
		[0.25 [0.000 -0.746 0.666 0.000 0.000 -0.666 -0.746 0.000 1.000 0.000 0.000 0.000 -0.123 -0.038 0.000 1.000]]
		[0.2666667 [0.000 -0.751 0.661 0.000 0.000 -0.661 -0.751 0.000 1.000 0.000 0.000 0.000 -0.123 -0.038 0.000 1.000]]
		[0.2833333 [0.000 -0.755 0.656 0.000 0.000 -0.656 -0.755 0.000 1.000 0.000 0.000 0.000 -0.123 -0.038 0.000 1.000]]
		[0.3 [0.000 -0.759 0.651 0.000 0.000 -0.651 -0.759 0.000 1.000 0.000 0.000 0.000 -0.123 -0.038 0.000 1.000]]
		[0.3166667 [0.000 -0.763 0.647 0.000 0.000 -0.647 -0.763 0.000 1.000 0.000 0.000 0.000 -0.123 -0.038 0.000 1.000]]
		[0.3333333 [0.000 -0.766 0.643 0.000 0.000 -0.643 -0.766 0.000 1.000 0.000 0.000 0.000 -0.123 -0.038 0.000 1.000]]
		[0.35 [0.000 -0.769 0.639 0.000 0.000 -0.639 -0.769 0.000 1.000 0.000 0.000 0.000 -0.123 -0.038 0.000 1.000]]
		[0.3666667 [0.000 -0.773 0.635 0.000 0.000 -0.635 -0.773 0.000 1.000 0.000 0.000 0.000 -0.123 -0.038 0.000 1.000]]
		[0.3833333 [0.000 -0.776 0.630 0.000 0.000 -0.630 -0.776 0.000 1.000 0.000 0.000 0.000 -0.123 -0.038 0.000 1.000]]
		[0.4 [0.000 -0.780 0.626 0.000 0.000 -0.626 -0.780 0.000 1.000 0.000 0.000 0.000 -0.123 -0.038 0.000 1.000]]
		[0.4166667 [0.000 -0.784 0.621 0.000 0.000 -0.621 -0.784 0.000 1.000 0.000 0.000 0.000 -0.123 -0.038 0.000 1.000]]
		[0.4333333 [0.000 -0.788 0.616 0.000 0.000 -0.616 -0.788 0.000 1.000 0.000 0.000 0.000 -0.123 -0.038 0.000 1.000]]
		[0.45 [0.000 -0.792 0.611 0.000 0.000 -0.611 -0.792 0.000 1.000 0.000 0.000 0.000 -0.123 -0.038 0.000 1.000]]
		[0.4666667 [0.000 -0.795 0.607 0.000 0.000 -0.607 -0.795 0.000 1.000 0.000 0.000 0.000 -0.123 -0.038 0.000 1.000]]
		[0.4833333 [0.000 -0.798 0.603 0.000 0.000 -0.603 -0.798 0.000 1.000 0.000 0.000 0.000 -0.123 -0.038 0.000 1.000]]
		[0.5 [0.000 -0.800 0.600 0.000 0.000 -0.600 -0.800 0.000 1.000 0.000 0.000 0.000 -0.123 -0.038 0.000 1.000]]
		[0.5166667 [0.000 -0.802 0.598 0.000 0.000 -0.598 -0.802 0.000 1.000 0.000 0.000 0.000 -0.123 -0.038 0.000 1.000]]
		[0.5333334 [0.000 -0.802 0.597 0.000 0.000 -0.597 -0.802 0.000 1.000 0.000 0.000 0.000 -0.123 -0.038 0.000 1.000]]
		[0.55 [0.000 -0.802 0.597 0.000 0.000 -0.597 -0.802 0.000 1.000 0.000 0.000 0.000 -0.123 -0.038 0.000 1.000]]
		[0.5666667 [0.000 -0.801 0.598 0.000 0.000 -0.598 -0.801 0.000 1.000 0.000 0.000 0.000 -0.123 -0.038 0.000 1.000]]
		[0.5833333 [0.000 -0.799 0.601 0.000 0.000 -0.601 -0.799 0.000 1.000 0.000 0.000 0.000 -0.123 -0.038 0.000 1.000]]
		[0.6 [0.000 -0.796 0.606 0.000 0.000 -0.606 -0.796 0.000 1.000 0.000 0.000 0.000 -0.123 -0.038 0.000 1.000]]
		[0.6166667 [0.000 -0.791 0.612 0.000 0.000 -0.612 -0.791 0.000 1.000 0.000 0.000 0.000 -0.123 -0.038 0.000 1.000]]
		[0.6333333 [0.000 -0.784 0.620 0.000 0.000 -0.620 -0.784 0.000 1.000 0.000 0.000 0.000 -0.123 -0.038 0.000 1.000]]
		[0.65 [0.000 -0.776 0.630 0.000 0.000 -0.630 -0.776 0.000 1.000 0.000 0.000 0.000 -0.123 -0.038 0.000 1.000]]
		[0.6666667 [0.000 -0.766 0.643 0.000 0.000 -0.643 -0.766 0.000 1.000 0.000 0.000 0.000 -0.123 -0.038 0.000 1.000]]
		[0.6833333 [0.000 -0.753 0.658 0.000 0.000 -0.658 -0.753 0.000 1.000 0.000 0.000 0.000 -0.123 -0.038 0.000 1.000]]
		[0.7 [0.000 -0.737 0.676 0.000 0.000 -0.676 -0.737 0.000 1.000 0.000 0.000 0.000 -0.123 -0.038 0.000 1.000]]
		[0.7166666 [0.000 -0.717 0.697 0.000 0.000 -0.697 -0.717 0.000 1.000 0.000 0.000 0.000 -0.123 -0.038 0.000 1.000]]
		[0.7333333 [0.000 -0.694 0.720 0.000 0.000 -0.720 -0.694 0.000 1.000 0.000 0.000 0.000 -0.123 -0.038 0.000 1.000]]
		[0.75 [0.000 -0.668 0.745 0.000 0.000 -0.745 -0.668 0.000 1.000 0.000 0.000 0.000 -0.123 -0.038 0.000 1.000]]
		[0.7666667 [0.000 -0.638 0.770 0.000 0.000 -0.770 -0.638 0.000 1.000 0.000 0.000 0.000 -0.123 -0.038 0.000 1.000]]
		[0.7833334 [0.000 -0.607 0.795 0.000 0.000 -0.795 -0.607 0.000 1.000 0.000 0.000 0.000 -0.123 -0.038 0.000 1.000]]
		[0.8 [0.000 -0.573 0.820 0.000 0.000 -0.820 -0.573 0.000 1.000 0.000 0.000 0.000 -0.123 -0.038 0.000 1.000]]
		[0.8166667 [0.000 -0.537 0.843 0.000 0.000 -0.843 -0.537 0.000 1.000 0.000 0.000 0.000 -0.123 -0.038 0.000 1.000]]
		[0.8333333 [0.000 -0.500 0.866 0.000 0.000 -0.866 -0.500 0.000 1.000 0.000 0.000 0.000 -0.123 -0.038 0.000 1.000]]
		[0.85 [0.000 -0.462 0.887 0.000 0.000 -0.887 -0.462 0.000 1.000 0.000 0.000 0.000 -0.123 -0.038 0.000 1.000]]
		[0.8666667 [0.000 -0.423 0.906 0.000 0.000 -0.906 -0.423 0.000 1.000 0.000 0.000 0.000 -0.123 -0.038 0.000 1.000]]
		[0.8833333 [0.000 -0.385 0.923 0.000 0.000 -0.923 -0.385 0.000 1.000 0.000 0.000 0.000 -0.123 -0.038 0.000 1.000]]
		[0.9 [0.000 -0.347 0.938 0.000 0.000 -0.938 -0.347 0.000 1.000 0.000 0.000 0.000 -0.123 -0.038 0.000 1.000]]
		[0.9166667 [0.000 -0.311 0.950 0.000 0.000 -0.950 -0.311 0.000 1.000 0.000 0.000 0.000 -0.123 -0.038 0.000 1.000]]
		[0.9333333 [0.000 -0.277 0.961 0.000 0.000 -0.961 -0.277 0.000 1.000 0.000 0.000 0.000 -0.123 -0.038 0.000 1.000]]
		[0.95 [0.000 -0.246 0.969 0.000 0.000 -0.969 -0.246 0.000 1.000 0.000 0.000 0.000 -0.123 -0.038 0.000 1.000]]
		[0.9666666 [0.000 -0.217 0.976 0.000 0.000 -0.976 -0.217 0.000 1.000 0.000 0.000 0.000 -0.123 -0.038 0.000 1.000]]
		[0.9833333 [0.000 -0.194 0.981 0.000 0.000 -0.981 -0.194 0.000 1.000 0.000 0.000 0.000 -0.123 -0.038 0.000 1.000]]
	]
	"Koleno_P" [
		[0 [0.000 1.000 0.000 0.000 1.000 0.000 0.000 0.000 0.000 0.000 -1.000 0.000 0.000 0.532 0.000 1.000]]
		[0.01666667 [0.018 1.000 0.000 0.000 1.000 -0.018 0.000 0.000 0.000 0.000 -1.000 0.000 0.000 0.532 0.000 1.000]]
		[0.03333334 [0.036 0.999 0.000 0.000 0.999 -0.036 0.000 0.000 0.000 0.000 -1.000 0.000 0.000 0.532 0.000 1.000]]
		[0.05 [0.056 0.998 0.000 0.000 0.998 -0.056 0.000 0.000 0.000 0.000 -1.000 0.000 0.000 0.532 0.000 1.000]]
		[0.06666667 [0.075 0.997 0.000 0.000 0.997 -0.075 0.000 0.000 0.000 0.000 -1.000 0.000 0.000 0.532 0.000 1.000]]
		[0.08333334 [0.095 0.995 0.000 0.000 0.995 -0.095 0.000 0.000 0.000 0.000 -1.000 0.000 0.000 0.532 0.000 1.000]]
		[0.1 [0.115 0.993 0.000 0.000 0.993 -0.115 0.000 0.000 0.000 0.000 -1.000 0.000 0.000 0.532 0.000 1.000]]
		[0.1166667 [0.136 0.991 0.000 0.000 0.991 -0.136 0.000 0.000 0.000 0.000 -1.000 0.000 0.000 0.532 0.000 1.000]]
		[0.1333333 [0.156 0.988 0.000 0.000 0.988 -0.156 0.000 0.000 0.000 0.000 -1.000 0.000 0.000 0.532 0.000 1.000]]
		[0.15 [0.176 0.984 0.000 0.000 0.984 -0.176 0.000 0.000 0.000 0.000 -1.000 0.000 0.000 0.532 0.000 1.000]]
		[0.1666667 [0.195 0.981 0.000 0.000 0.981 -0.195 0.000 0.000 0.000 0.000 -1.000 0.000 0.000 0.532 0.000 1.000]]
		[0.1833333 [0.214 0.977 0.000 0.000 0.977 -0.214 0.000 0.000 0.000 0.000 -1.000 0.000 0.000 0.532 0.000 1.000]]
		[0.2 [0.232 0.973 0.000 0.000 0.973 -0.232 0.000 0.000 0.000 0.000 -1.000 0.000 0.000 0.532 0.000 1.000]]
		[0.2166667 [0.250 0.968 0.000 0.000 0.968 -0.250 0.000 0.000 0.000 0.000 -1.000 0.000 0.000 0.532 0.000 1.000]]
		[0.2333333 [0.267 0.964 0.000 0.000 0.964 -0.267 0.000 0.000 0.000 0.000 -1.000 0.000 0.000 0.532 0.000 1.000]]
		[0.25 [0.282 0.959 0.000 0.000 0.959 -0.282 0.000 0.000 0.000 0.000 -1.000 0.000 0.000 0.532 0.000 1.000]]
		[0.2666667 [0.297 0.955 0.000 0.000 0.955 -0.297 0.000 0.000 0.000 0.000 -1.000 0.000 0.000 0.532 0.000 1.000]]
		[0.2833333 [0.310 0.951 0.000 0.000 0.951 -0.310 0.000 0.000 0.000 0.000 -1.000 0.000 0.000 0.532 0.000 1.000]]
		[0.3 [0.322 0.947 0.000 0.000 0.947 -0.322 0.000 0.000 0.000 0.000 -1.000 0.000 0.000 0.532 0.000 1.000]]
		[0.3166667 [0.333 0.943 0.000 0.000 0.943 -0.333 0.000 0.000 0.000 0.000 -1.000 0.000 0.000 0.532 0.000 1.000]]
		[0.3333333 [0.342 0.940 0.000 0.000 0.940 -0.342 0.000 0.000 0.000 0.000 -1.000 0.000 0.000 0.532 0.000 1.000]]
		[0.35 [0.350 0.937 0.000 0.000 0.937 -0.350 0.000 0.000 0.000 0.000 -1.000 0.000 0.000 0.532 0.000 1.000]]
		[0.3666667 [0.358 0.934 0.000 0.000 0.934 -0.358 0.000 0.000 0.000 0.000 -1.000 0.000 0.000 0.532 0.000 1.000]]
		[0.3833333 [0.366 0.931 0.000 0.000 0.931 -0.366 0.000 0.000 0.000 0.000 -1.000 0.000 0.000 0.532 0.000 1.000]]
		[0.4 [0.373 0.928 0.000 0.000 0.928 -0.373 0.000 0.000 0.000 0.000 -1.000 0.000 0.000 0.532 0.000 1.000]]
		[0.4166667 [0.380 0.925 0.000 0.000 0.925 -0.380 0.000 0.000 0.000 0.000 -1.000 0.000 0.000 0.532 0.000 1.000]]
		[0.4333333 [0.386 0.922 0.000 0.000 0.922 -0.386 0.000 0.000 0.000 0.000 -1.000 0.000 0.000 0.532 0.000 1.000]]
		[0.45 [0.392 0.920 0.000 0.000 0.920 -0.392 0.000 0.000 0.000 0.000 -1.000 0.000 0.000 0.532 0.000 1.000]]
		[0.4666667 [0.397 0.918 0.000 0.000 0.918 -0.397 0.000 0.000 0.000 0.000 -1.000 0.000 0.000 0.532 0.000 1.000]]
		[0.4833333 [0.400 0.916 0.000 0.000 0.916 -0.400 0.000 0.000 0.000 0.000 -1.000 0.000 0.000 0.532 0.000 1.000]]
		[0.5 [0.403 0.915 0.000 0.000 0.915 -0.403 0.000 0.000 0.000 0.000 -1.000 0.000 0.000 0.532 0.000 1.000]]
		[0.5166667 [0.404 0.915 0.000 0.000 0.915 -0.404 0.000 0.000 0.000 0.000 -1.000 0.000 0.000 0.532 0.000 1.000]]
		[0.5333334 [0.404 0.915 0.000 0.000 0.915 -0.404 0.000 0.000 0.000 0.000 -1.000 0.000 0.000 0.532 0.000 1.000]]
		[0.55 [0.403 0.915 0.000 0.000 0.915 -0.403 0.000 0.000 0.000 0.000 -1.000 0.000 0.000 0.532 0.000 1.000]]
		[0.5666667 [0.400 0.917 0.000 0.000 0.917 -0.400 0.000 0.000 0.000 0.000 -1.000 0.000 0.000 0.532 0.000 1.000]]
		[0.5833333 [0.395 0.919 0.000 0.000 0.919 -0.395 0.000 0.000 0.000 0.000 -1.000 0.000 0.000 0.532 0.000 1.000]]
		[0.6 [0.389 0.921 0.000 0.000 0.921 -0.389 0.000 0.000 0.000 0.000 -1.000 0.000 0.000 0.532 0.000 1.000]]
		[0.6166667 [0.380 0.925 0.000 0.000 0.925 -0.380 0.000 0.000 0.000 0.000 -1.000 0.000 0.000 0.532 0.000 1.000]]
		[0.6333333 [0.370 0.929 0.000 0.000 0.929 -0.370 0.000 0.000 0.000 0.000 -1.000 0.000 0.000 0.532 0.000 1.000]]
		[0.65 [0.357 0.934 0.000 0.000 0.934 -0.357 0.000 0.000 0.000 0.000 -1.000 0.000 0.000 0.532 0.000 1.000]]
		[0.6666667 [0.342 0.940 0.000 0.000 0.940 -0.342 0.000 0.000 0.000 0.000 -1.000 0.000 0.000 0.532 0.000 1.000]]
		[0.6833333 [0.323 0.946 0.000 0.000 0.946 -0.323 0.000 0.000 0.000 0.000 -1.000 0.000 0.000 0.532 0.000 1.000]]
		[0.7 [0.300 0.954 0.000 0.000 0.954 -0.300 0.000 0.000 0.000 0.000 -1.000 0.000 0.000 0.532 0.000 1.000]]
		[0.7166666 [0.272 0.962 0.000 0.000 0.962 -0.272 0.000 0.000 0.000 0.000 -1.000 0.000 0.000 0.532 0.000 1.000]]
		[0.7333333 [0.241 0.971 0.000 0.000 0.971 -0.241 0.000 0.000 0.000 0.000 -1.000 0.000 0.000 0.532 0.000 1.000]]
		[0.75 [0.206 0.979 0.000 0.000 0.979 -0.206 0.000 0.000 0.000 0.000 -1.000 0.000 0.000 0.532 0.000 1.000]]
		[0.7666667 [0.168 0.986 0.000 0.000 0.986 -0.168 0.000 0.000 0.000 0.000 -1.000 0.000 0.000 0.532 0.000 1.000]]
		[0.7833334 [0.128 0.992 0.000 0.000 0.992 -0.128 0.000 0.000 0.000 0.000 -1.000 0.000 0.000 0.532 0.000 1.000]]
		[0.8 [0.086 0.996 0.000 0.000 0.996 -0.086 0.000 0.000 0.000 0.000 -1.000 0.000 0.000 0.532 0.000 1.000]]
		[0.8166667 [0.044 0.999 0.000 0.000 0.999 -0.044 0.000 0.000 0.000 0.000 -1.000 0.000 0.000 0.532 0.000 1.000]]
		[0.8333333 [0.000 1.000 0.000 0.000 1.000 0.000 0.000 0.000 0.000 0.000 -1.000 0.000 0.000 0.532 0.000 1.000]]
		[0.85 [-0.044 0.999 0.000 0.000 0.999 0.044 0.000 0.000 0.000 0.000 -1.000 0.000 0.000 0.532 0.000 1.000]]
		[0.8666667 [-0.086 0.996 0.000 0.000 0.996 0.086 0.000 0.000 0.000 0.000 -1.000 0.000 0.000 0.532 0.000 1.000]]
		[0.8833333 [-0.128 0.992 0.000 0.000 0.992 0.128 0.000 0.000 0.000 0.000 -1.000 0.000 0.000 0.532 0.000 1.000]]
		[0.9 [-0.168 0.986 0.000 0.000 0.986 0.168 0.000 0.000 0.000 0.000 -1.000 0.000 0.000 0.532 0.000 1.000]]
		[0.9166667 [-0.206 0.979 0.000 0.000 0.979 0.206 0.000 0.000 0.000 0.000 -1.000 0.000 0.000 0.532 0.000 1.000]]
		[0.9333333 [-0.241 0.971 0.000 0.000 0.971 0.241 0.000 0.000 0.000 0.000 -1.000 0.000 0.000 0.532 0.000 1.000]]
		[0.95 [-0.272 0.962 0.000 0.000 0.962 0.272 0.000 0.000 0.000 0.000 -1.000 0.000 0.000 0.532 0.000 1.000]]
		[0.9666666 [-0.300 0.954 0.000 0.000 0.954 0.300 0.000 0.000 0.000 0.000 -1.000 0.000 0.000 0.532 0.000 1.000]]
		[0.9833333 [-0.323 0.946 0.000 0.000 0.946 0.323 0.000 0.000 0.000 0.000 -1.000 0.000 0.000 0.532 0.000 1.000]]
	]
	"Koleno_P_end" [
		[0 [1.000 0.000 0.000 0.000 0.000 1.000 0.000 0.000 0.000 0.000 1.000 0.000 0.000 0.578 0.000 1.000]]
	]
	"Tors" [
		[0 [1.000 0.000 0.000 0.000 0.000 1.000 0.000 0.000 0.000 0.000 1.000 0.000 0.000 0.130 0.000 1.000]]
		[0.01666667 [0.999 0.000 -0.045 0.000 -0.001 1.000 -0.009 0.000 0.045 0.009 0.999 0.000 0.000 0.130 0.000 1.000]]
		[0.03333334 [0.996 0.000 -0.091 0.000 -0.002 1.000 -0.018 0.000 0.091 0.018 0.996 0.000 0.000 0.130 0.000 1.000]]
		[0.05 [0.990 0.000 -0.139 0.000 -0.004 1.000 -0.028 0.000 0.139 0.028 0.990 0.000 0.000 0.130 0.000 1.000]]
		[0.06666667 [0.982 0.000 -0.187 0.000 -0.007 0.999 -0.037 0.000 0.187 0.038 0.982 0.000 0.000 0.130 0.000 1.000]]
		[0.08333334 [0.972 0.000 -0.236 0.000 -0.011 0.999 -0.046 0.000 0.236 0.048 0.971 0.000 0.000 0.130 0.000 1.000]]
		[0.1 [0.958 0.000 -0.285 0.000 -0.016 0.998 -0.055 0.000 0.285 0.058 0.957 0.000 0.000 0.130 0.000 1.000]]
		[0.1166667 [0.943 0.000 -0.334 0.000 -0.023 0.998 -0.064 0.000 0.333 0.068 0.941 0.000 0.000 0.130 0.000 1.000]]
		[0.1333333 [0.925 0.000 -0.381 0.000 -0.030 0.997 -0.072 0.000 0.380 0.078 0.922 0.000 0.000 0.130 0.000 1.000]]
		[0.15 [0.904 0.000 -0.427 0.000 -0.038 0.996 -0.080 0.000 0.425 0.088 0.901 0.000 0.000 0.130 0.000 1.000]]
		[0.1666667 [0.882 0.000 -0.471 0.000 -0.046 0.995 -0.086 0.000 0.469 0.098 0.878 0.000 0.000 0.130 0.000 1.000]]
		[0.1833333 [0.858 0.000 -0.514 0.000 -0.055 0.994 -0.092 0.000 0.511 0.108 0.853 0.000 0.000 0.130 0.000 1.000]]
		[0.2 [0.833 0.000 -0.553 0.000 -0.065 0.993 -0.097 0.000 0.550 0.117 0.827 0.000 0.000 0.130 0.000 1.000]]
		[0.2166667 [0.807 0.000 -0.591 0.000 -0.074 0.992 -0.102 0.000 0.586 0.126 0.801 0.000 0.000 0.130 0.000 1.000]]
		[0.2333333 [0.781 0.000 -0.625 0.000 -0.084 0.991 -0.105 0.000 0.619 0.135 0.774 0.000 0.000 0.130 0.000 1.000]]
		[0.25 [0.755 0.000 -0.656 0.000 -0.094 0.990 -0.108 0.000 0.650 0.143 0.747 0.000 0.000 0.130 0.000 1.000]]
		[0.2666667 [0.729 0.000 -0.685 0.000 -0.103 0.989 -0.110 0.000 0.677 0.150 0.721 0.000 0.000 0.130 0.000 1.000]]
		[0.2833333 [0.705 0.000 -0.710 0.000 -0.112 0.988 -0.111 0.000 0.701 0.157 0.696 0.000 0.000 0.130 0.000 1.000]]
		[0.3 [0.682 0.000 -0.732 0.000 -0.120 0.987 -0.111 0.000 0.722 0.163 0.673 0.000 0.000 0.130 0.000 1.000]]
		[0.3166667 [0.661 0.000 -0.750 0.000 -0.127 0.986 -0.112 0.000 0.739 0.169 0.652 0.000 0.000 0.130 0.000 1.000]]
		[0.3333333 [0.643 0.000 -0.766 0.000 -0.133 0.985 -0.112 0.000 0.754 0.174 0.633 0.000 0.000 0.130 0.000 1.000]]
		[0.35 [0.626 -0.001 -0.780 0.000 -0.138 0.984 -0.111 0.000 0.768 0.177 0.616 0.000 0.000 0.130 0.000 1.000]]
		[0.3666667 [0.609 -0.002 -0.793 0.000 -0.141 0.984 -0.110 0.000 0.780 0.179 0.599 0.000 0.000 0.130 0.000 1.000]]
		[0.3833333 [0.593 -0.003 -0.805 0.000 -0.143 0.984 -0.109 0.000 0.792 0.180 0.583 0.000 0.000 0.130 0.000 1.000]]
		[0.4 [0.577 -0.005 -0.817 0.000 -0.143 0.984 -0.108 0.000 0.804 0.179 0.567 0.000 0.000 0.130 0.000 1.000]]
		[0.4166667 [0.562 -0.008 -0.827 0.000 -0.142 0.984 -0.106 0.000 0.814 0.178 0.552 0.000 0.000 0.130 0.000 1.000]]
		[0.4333333 [0.549 -0.011 -0.836 0.000 -0.141 0.984 -0.105 0.000 0.824 0.175 0.539 0.000 0.000 0.130 0.000 1.000]]
		[0.45 [0.537 -0.014 -0.844 0.000 -0.138 0.985 -0.104 0.000 0.832 0.173 0.527 0.000 0.000 0.130 0.000 1.000]]
		[0.4666667 [0.526 -0.017 -0.850 0.000 -0.136 0.985 -0.103 0.000 0.839 0.170 0.516 0.000 0.000 0.130 0.000 1.000]]
		[0.4833333 [0.518 -0.019 -0.855 0.000 -0.132 0.986 -0.102 0.000 0.845 0.166 0.508 0.000 0.000 0.130 0.000 1.000]]
		[0.5 [0.512 -0.022 -0.859 0.000 -0.129 0.986 -0.102 0.000 0.849 0.163 0.503 0.000 0.000 0.130 0.000 1.000]]
		[0.5166667 [0.509 -0.023 -0.860 0.000 -0.126 0.987 -0.101 0.000 0.851 0.160 0.500 0.000 0.000 0.130 0.000 1.000]]
		[0.5333334 [0.509 -0.025 -0.860 0.000 -0.123 0.987 -0.101 0.000 0.852 0.157 0.500 0.000 0.000 0.130 0.000 1.000]]
		[0.55 [0.513 -0.025 -0.858 0.000 -0.120 0.988 -0.101 0.000 0.850 0.155 0.503 0.000 0.000 0.130 0.000 1.000]]
		[0.5666667 [0.519 -0.025 -0.854 0.000 -0.118 0.988 -0.101 0.000 0.846 0.154 0.510 0.000 0.000 0.130 0.000 1.000]]
		[0.5833333 [0.530 -0.024 -0.848 0.000 -0.117 0.988 -0.102 0.000 0.840 0.153 0.521 0.000 0.000 0.130 0.000 1.000]]
		[0.6 [0.544 -0.022 -0.838 0.000 -0.118 0.988 -0.102 0.000 0.830 0.154 0.535 0.000 0.000 0.130 0.000 1.000]]
		[0.6166667 [0.563 -0.019 -0.826 0.000 -0.119 0.987 -0.103 0.000 0.818 0.157 0.554 0.000 0.000 0.130 0.000 1.000]]
		[0.6333333 [0.586 -0.014 -0.810 0.000 -0.122 0.987 -0.105 0.000 0.801 0.160 0.576 0.000 0.000 0.130 0.000 1.000]]
		[0.65 [0.612 -0.008 -0.791 0.000 -0.127 0.986 -0.108 0.000 0.781 0.166 0.602 0.000 0.000 0.130 0.000 1.000]]
		[0.6666667 [0.643 0.000 -0.766 0.000 -0.133 0.985 -0.112 0.000 0.754 0.174 0.633 0.000 0.000 0.130 0.000 1.000]]
		[0.6833333 [0.680 0.010 -0.734 0.000 -0.141 0.983 -0.118 0.000 0.720 0.184 0.669 0.000 0.000 0.130 0.000 1.000]]
		[0.7 [0.721 0.022 -0.693 0.000 -0.151 0.980 -0.126 0.000 0.676 0.196 0.710 0.000 0.000 0.130 0.000 1.000]]
		[0.7166666 [0.767 0.036 -0.641 0.000 -0.162 0.977 -0.138 0.000 0.621 0.210 0.755 0.000 0.000 0.130 0.000 1.000]]
		[0.7333333 [0.813 0.052 -0.580 0.000 -0.172 0.973 -0.155 0.000 0.556 0.226 0.800 0.000 0.000 0.130 0.000 1.000]]
		[0.75 [0.858 0.069 -0.509 0.000 -0.182 0.968 -0.176 0.000 0.480 0.243 0.843 0.000 0.000 0.130 0.000 1.000]]
		[0.7666667 [0.899 0.087 -0.430 0.000 -0.189 0.961 -0.201 0.000 0.396 0.262 0.880 0.000 0.000 0.130 0.000 1.000]]
		[0.7833334 [0.933 0.106 -0.343 0.000 -0.193 0.954 -0.230 0.000 0.303 0.281 0.911 0.000 0.000 0.130 0.000 1.000]]
		[0.8 [0.960 0.125 -0.251 0.000 -0.192 0.945 -0.263 0.000 0.205 0.301 0.931 0.000 0.000 0.130 0.000 1.000]]
		[0.8166667 [0.977 0.144 -0.156 0.000 -0.186 0.936 -0.299 0.000 0.103 0.322 0.941 0.000 0.000 0.130 0.000 1.000]]
		[0.8333333 [0.985 0.163 -0.059 0.000 -0.174 0.925 -0.337 0.000 0.000 0.342 0.940 0.000 0.000 0.130 0.000 1.000]]
		[0.85 [0.983 0.182 0.036 0.000 -0.155 0.914 -0.375 0.000 -0.101 0.362 0.926 0.000 0.000 0.130 0.000 1.000]]
		[0.8666667 [0.971 0.200 0.129 0.000 -0.131 0.902 -0.411 0.000 -0.198 0.382 0.902 0.000 0.000 0.130 0.000 1.000]]
		[0.8833333 [0.952 0.217 0.217 0.000 -0.101 0.890 -0.445 0.000 -0.289 0.402 0.869 0.000 0.000 0.130 0.000 1.000]]
		[0.9 [0.926 0.232 0.298 0.000 -0.067 0.877 -0.475 0.000 -0.372 0.420 0.828 0.000 0.000 0.130 0.000 1.000]]
		[0.9166667 [0.895 0.247 0.372 0.000 -0.030 0.865 -0.501 0.000 -0.445 0.437 0.781 0.000 0.000 0.130 0.000 1.000]]
		[0.9333333 [0.861 0.260 0.437 0.000 0.008 0.853 -0.523 0.000 -0.509 0.453 0.732 0.000 0.000 0.130 0.000 1.000]]
		[0.95 [0.826 0.272 0.494 0.000 0.046 0.841 -0.539 0.000 -0.562 0.468 0.682 0.000 0.000 0.130 0.000 1.000]]
		[0.9666666 [0.792 0.281 0.541 0.000 0.081 0.831 -0.551 0.000 -0.605 0.481 0.635 0.000 0.000 0.130 0.000 1.000]]
		[0.9833333 [0.762 0.290 0.580 0.000 0.113 0.822 -0.559 0.000 -0.638 0.491 0.593 0.000 0.000 0.130 0.000 1.000]]
	]
	"Golova" [
		[0 [1.000 0.000 0.000 0.000 0.000 0.985 -0.174 0.000 0.000 0.174 0.985 0.000 0.000 0.596 0.000 1.000]]
		[0.01666667 [0.999 0.000 0.045 0.000 0.008 0.985 -0.173 0.000 -0.045 0.174 0.984 0.000 0.000 0.596 0.000 1.000]]
		[0.03333334 [0.996 0.000 0.091 0.000 0.016 0.985 -0.173 0.000 -0.090 0.174 0.981 0.000 0.000 0.596 0.000 1.000]]
		[0.05 [0.990 0.000 0.139 0.000 0.024 0.985 -0.172 0.000 -0.137 0.174 0.975 0.000 0.000 0.596 0.000 1.000]]
		[0.06666667 [0.982 0.000 0.187 0.000 0.033 0.985 -0.171 0.000 -0.185 0.174 0.967 0.000 0.000 0.596 0.000 1.000]]
		[0.08333334 [0.972 0.000 0.236 0.000 0.041 0.985 -0.169 0.000 -0.233 0.174 0.957 0.000 0.000 0.596 0.000 1.000]]
		[0.1 [0.958 0.000 0.285 0.000 0.050 0.985 -0.166 0.000 -0.281 0.174 0.944 0.000 0.000 0.596 0.000 1.000]]
		[0.1166667 [0.943 0.000 0.334 0.000 0.058 0.985 -0.164 0.000 -0.329 0.174 0.928 0.000 0.000 0.596 0.000 1.000]]
		[0.1333333 [0.925 0.000 0.381 0.000 0.066 0.985 -0.161 0.000 -0.375 0.174 0.911 0.000 0.000 0.596 0.000 1.000]]
		[0.15 [0.904 0.000 0.427 0.000 0.074 0.985 -0.157 0.000 -0.421 0.174 0.890 0.000 0.000 0.596 0.000 1.000]]
		[0.1666667 [0.882 0.000 0.471 0.000 0.082 0.985 -0.153 0.000 -0.464 0.174 0.869 0.000 0.000 0.596 0.000 1.000]]
		[0.1833333 [0.858 0.000 0.514 0.000 0.089 0.985 -0.149 0.000 -0.506 0.174 0.845 0.000 0.000 0.596 0.000 1.000]]
		[0.2 [0.833 0.000 0.553 0.000 0.096 0.985 -0.145 0.000 -0.545 0.174 0.820 0.000 0.000 0.596 0.000 1.000]]
		[0.2166667 [0.807 0.000 0.591 0.000 0.103 0.985 -0.140 0.000 -0.582 0.174 0.795 0.000 0.000 0.596 0.000 1.000]]
		[0.2333333 [0.781 0.000 0.625 0.000 0.109 0.985 -0.136 0.000 -0.615 0.174 0.769 0.000 0.000 0.596 0.000 1.000]]
		[0.25 [0.755 0.000 0.656 0.000 0.114 0.985 -0.131 0.000 -0.646 0.174 0.743 0.000 0.000 0.596 0.000 1.000]]
		[0.2666667 [0.729 0.000 0.685 0.000 0.119 0.985 -0.127 0.000 -0.674 0.174 0.718 0.000 0.000 0.596 0.000 1.000]]
		[0.2833333 [0.705 0.000 0.710 0.000 0.123 0.985 -0.122 0.000 -0.699 0.174 0.694 0.000 0.000 0.596 0.000 1.000]]
		[0.3 [0.682 0.000 0.732 0.000 0.127 0.985 -0.118 0.000 -0.721 0.174 0.671 0.000 0.000 0.596 0.000 1.000]]
		[0.3166667 [0.661 0.000 0.750 0.000 0.130 0.985 -0.115 0.000 -0.739 0.174 0.651 0.000 0.000 0.596 0.000 1.000]]
		[0.3333333 [0.643 0.000 0.766 0.000 0.133 0.985 -0.112 0.000 -0.754 0.174 0.633 0.000 0.000 0.596 0.000 1.000]]
		[0.35 [0.625 -0.001 0.780 0.000 0.136 0.985 -0.109 0.000 -0.768 0.174 0.616 0.000 0.000 0.596 0.000 1.000]]
		[0.3666667 [0.609 -0.002 0.793 0.000 0.141 0.984 -0.106 0.000 -0.781 0.176 0.600 0.000 0.000 0.596 0.000 1.000]]
		[0.3833333 [0.592 -0.003 0.806 0.000 0.146 0.984 -0.103 0.000 -0.793 0.179 0.583 0.000 0.000 0.596 0.000 1.000]]
		[0.4 [0.576 -0.005 0.818 0.000 0.152 0.983 -0.100 0.000 -0.804 0.182 0.567 0.000 0.000 0.596 0.000 1.000]]
		[0.4166667 [0.560 -0.008 0.828 0.000 0.158 0.983 -0.097 0.000 -0.813 0.186 0.551 0.000 0.000 0.596 0.000 1.000]]
		[0.4333333 [0.545 -0.011 0.838 0.000 0.165 0.982 -0.095 0.000 -0.822 0.190 0.537 0.000 0.000 0.596 0.000 1.000]]
		[0.45 [0.532 -0.014 0.846 0.000 0.171 0.981 -0.092 0.000 -0.829 0.194 0.525 0.000 0.000 0.596 0.000 1.000]]
		[0.4666667 [0.521 -0.016 0.853 0.000 0.178 0.980 -0.090 0.000 -0.835 0.198 0.514 0.000 0.000 0.596 0.000 1.000]]
		[0.4833333 [0.512 -0.019 0.859 0.000 0.183 0.979 -0.088 0.000 -0.839 0.202 0.505 0.000 0.000 0.596 0.000 1.000]]
		[0.5 [0.505 -0.021 0.863 0.000 0.188 0.978 -0.086 0.000 -0.842 0.206 0.499 0.000 0.000 0.596 0.000 1.000]]
		[0.5166667 [0.502 -0.023 0.865 0.000 0.192 0.978 -0.085 0.000 -0.843 0.209 0.495 0.000 0.000 0.596 0.000 1.000]]
		[0.5333334 [0.501 -0.025 0.865 0.000 0.194 0.977 -0.085 0.000 -0.843 0.211 0.495 0.000 0.000 0.596 0.000 1.000]]
		[0.55 [0.504 -0.025 0.863 0.000 0.195 0.977 -0.086 0.000 -0.841 0.212 0.498 0.000 0.000 0.596 0.000 1.000]]
		[0.5666667 [0.511 -0.025 0.859 0.000 0.194 0.977 -0.087 0.000 -0.837 0.211 0.504 0.000 0.000 0.596 0.000 1.000]]
		[0.5833333 [0.522 -0.024 0.852 0.000 0.191 0.977 -0.090 0.000 -0.831 0.210 0.515 0.000 0.000 0.596 0.000 1.000]]
		[0.6 [0.538 -0.022 0.843 0.000 0.186 0.978 -0.093 0.000 -0.822 0.207 0.530 0.000 0.000 0.596 0.000 1.000]]
		[0.6166667 [0.557 -0.019 0.830 0.000 0.177 0.979 -0.097 0.000 -0.811 0.202 0.549 0.000 0.000 0.596 0.000 1.000]]
		[0.6333333 [0.582 -0.014 0.813 0.000 0.166 0.981 -0.102 0.000 -0.796 0.194 0.573 0.000 0.000 0.596 0.000 1.000]]
		[0.65 [0.610 -0.008 0.793 0.000 0.152 0.983 -0.107 0.000 -0.778 0.185 0.600 0.000 0.000 0.596 0.000 1.000]]
		[0.6666667 [0.643 0.000 0.766 0.000 0.133 0.985 -0.112 0.000 -0.754 0.174 0.633 0.000 0.000 0.596 0.000 1.000]]
		[0.6833333 [0.682 0.010 0.731 0.000 0.109 0.987 -0.116 0.000 -0.723 0.159 0.672 0.000 0.000 0.596 0.000 1.000]]
		[0.7 [0.726 0.022 0.687 0.000 0.081 0.990 -0.117 0.000 -0.683 0.141 0.717 0.000 0.000 0.596 0.000 1.000]]
		[0.7166666 [0.774 0.037 0.632 0.000 0.047 0.992 -0.115 0.000 -0.631 0.119 0.767 0.000 0.000 0.596 0.000 1.000]]
		[0.7333333 [0.823 0.053 0.566 0.000 0.010 0.994 -0.108 0.000 -0.568 0.095 0.817 0.000 0.000 0.596 0.000 1.000]]
