{ :name "AttackSpell" :length 2 :bones { 
	"Armature" [
		[0 [1.000 0.000 0.000 0.000 0.000 1.000 0.000 0.000 0.000 0.000 1.000 0.000 0.000 0.000 0.000 1.000]]
	]
	"Skelet" [
		[0 [1.000 0.000 0.000 0.000 0.000 1.000 0.000 0.000 0.000 0.000 1.000 0.000 0.000 0.001 0.000 1.000]]
	]
	"Bedro_L" [
		[0 [0.962 0.271 -0.009 0.000 -0.271 0.962 -0.025 0.000 0.002 0.027 1.000 0.000 0.000 0.000 0.000 1.000]]
		[0.01666667 [0.965 0.262 -0.009 0.000 -0.263 0.965 -0.025 0.000 0.002 0.027 1.000 0.000 0.000 0.000 0.000 1.000]]
		[0.03333334 [0.967 0.254 -0.009 0.000 -0.254 0.967 -0.025 0.000 0.002 0.027 1.000 0.000 0.000 0.000 0.000 1.000]]
		[0.05 [0.970 0.244 -0.008 0.000 -0.244 0.969 -0.025 0.000 0.002 0.027 1.000 0.000 0.000 0.000 0.000 1.000]]
		[0.06666667 [0.972 0.235 -0.008 0.000 -0.235 0.972 -0.025 0.000 0.002 0.027 1.000 0.000 0.000 0.000 0.000 1.000]]
		[0.08333334 [0.974 0.225 -0.008 0.000 -0.225 0.974 -0.026 0.000 0.002 0.027 1.000 0.000 0.000 0.000 0.000 1.000]]
		[0.1 [0.977 0.215 -0.008 0.000 -0.215 0.976 -0.026 0.000 0.002 0.027 1.000 0.000 0.000 0.000 0.000 1.000]]
		[0.1166667 [0.979 0.205 -0.007 0.000 -0.205 0.978 -0.026 0.000 0.002 0.027 1.000 0.000 0.000 0.000 0.000 1.000]]
		[0.1333333 [0.981 0.195 -0.007 0.000 -0.195 0.980 -0.026 0.000 0.002 0.027 1.000 0.000 0.000 0.000 0.000 1.000]]
		[0.15 [0.983 0.185 -0.007 0.000 -0.185 0.982 -0.026 0.000 0.002 0.027 1.000 0.000 0.000 0.000 0.000 1.000]]
		[0.1666667 [0.984 0.176 -0.007 0.000 -0.176 0.984 -0.026 0.000 0.002 0.027 1.000 0.000 0.000 0.000 0.000 1.000]]
		[0.1833333 [0.986 0.166 -0.006 0.000 -0.166 0.986 -0.026 0.000 0.002 0.027 1.000 0.000 0.000 0.000 0.000 1.000]]
		[0.2 [0.988 0.157 -0.006 0.000 -0.157 0.987 -0.026 0.000 0.002 0.027 1.000 0.000 0.000 0.000 0.000 1.000]]
		[0.2166667 [0.989 0.148 -0.006 0.000 -0.148 0.989 -0.026 0.000 0.002 0.027 1.000 0.000 0.000 0.000 0.000 1.000]]
		[0.2333333 [0.990 0.139 -0.006 0.000 -0.139 0.990 -0.026 0.000 0.002 0.027 1.000 0.000 0.000 0.000 0.000 1.000]]
		[0.25 [0.991 0.131 -0.005 0.000 -0.131 0.991 -0.026 0.000 0.002 0.027 1.000 0.000 0.000 0.000 0.000 1.000]]
		[0.2666667 [0.992 0.124 -0.005 0.000 -0.124 0.992 -0.026 0.000 0.002 0.027 1.000 0.000 0.000 0.000 0.000 1.000]]
		[0.2833333 [0.993 0.117 -0.005 0.000 -0.117 0.993 -0.026 0.000 0.002 0.027 1.000 0.000 0.000 0.000 0.000 1.000]]
		[0.3 [0.994 0.110 -0.005 0.000 -0.110 0.994 -0.026 0.000 0.002 0.027 1.000 0.000 0.000 0.000 0.000 1.000]]
		[0.3166667 [0.994 0.105 -0.005 0.000 -0.105 0.994 -0.026 0.000 0.002 0.027 1.000 0.000 0.000 0.000 0.000 1.000]]
		[0.3333333 [0.995 0.100 -0.005 0.000 -0.100 0.995 -0.026 0.000 0.002 0.027 1.000 0.000 0.000 0.000 0.000 1.000]]
		[0.35 [0.995 0.095 -0.005 0.000 -0.095 0.995 -0.026 0.000 0.002 0.027 1.000 0.000 0.000 0.000 0.000 1.000]]
		[0.3666667 [0.996 0.090 -0.004 0.000 -0.090 0.996 -0.026 0.000 0.002 0.027 1.000 0.000 0.000 0.000 0.000 1.000]]
		[0.3833333 [0.996 0.084 -0.004 0.000 -0.084 0.996 -0.026 0.000 0.002 0.027 1.000 0.000 0.000 0.000 0.000 1.000]]
		[0.4 [0.997 0.078 -0.004 0.000 -0.078 0.997 -0.026 0.000 0.002 0.027 1.000 0.000 0.000 0.000 0.000 1.000]]
		[0.4166667 [0.997 0.071 -0.004 0.000 -0.072 0.997 -0.026 0.000 0.002 0.027 1.000 0.000 0.000 0.000 0.000 1.000]]
		[0.4333333 [0.998 0.065 -0.004 0.000 -0.065 0.998 -0.027 0.000 0.002 0.027 1.000 0.000 0.000 0.000 0.000 1.000]]
		[0.45 [0.998 0.059 -0.004 0.000 -0.059 0.998 -0.027 0.000 0.002 0.027 1.000 0.000 0.000 0.000 0.000 1.000]]
		[0.4666667 [0.999 0.054 -0.003 0.000 -0.054 0.998 -0.027 0.000 0.002 0.027 1.000 0.000 0.000 0.000 0.000 1.000]]
		[0.4833333 [0.999 0.049 -0.003 0.000 -0.049 0.998 -0.027 0.000 0.002 0.027 1.000 0.000 0.000 0.000 0.000 1.000]]
		[0.5 [0.999 0.046 -0.003 0.000 -0.046 0.999 -0.027 0.000 0.002 0.027 1.000 0.000 0.000 0.000 0.000 1.000]]
		[0.5166667 [0.999 0.043 -0.003 0.000 -0.043 0.999 -0.027 0.000 0.002 0.027 1.000 0.000 0.000 0.000 0.000 1.000]]
		[0.5333334 [0.999 0.041 -0.003 0.000 -0.042 0.999 -0.027 0.000 0.002 0.027 1.000 0.000 0.000 0.000 0.000 1.000]]
		[0.55 [0.999 0.042 -0.003 0.000 -0.042 0.999 -0.027 0.000 0.002 0.027 1.000 0.000 0.000 0.000 0.000 1.000]]
		[0.5666667 [0.999 0.043 -0.003 0.000 -0.043 0.999 -0.027 0.000 0.002 0.027 1.000 0.000 0.000 0.000 0.000 1.000]]
		[0.5833333 [0.999 0.047 -0.003 0.000 -0.047 0.999 -0.027 0.000 0.002 0.027 1.000 0.000 0.000 0.000 0.000 1.000]]
		[0.6 [0.999 0.053 -0.003 0.000 -0.053 0.998 -0.027 0.000 0.002 0.027 1.000 0.000 0.000 0.000 0.000 1.000]]
		[0.6166667 [0.998 0.061 -0.004 0.000 -0.061 0.998 -0.027 0.000 0.002 0.027 1.000 0.000 0.000 0.000 0.000 1.000]]
		[0.6333333 [0.997 0.071 -0.004 0.000 -0.071 0.997 -0.026 0.000 0.002 0.027 1.000 0.000 0.000 0.000 0.000 1.000]]
		[0.65 [0.996 0.084 -0.004 0.000 -0.084 0.996 -0.026 0.000 0.002 0.027 1.000 0.000 0.000 0.000 0.000 1.000]]
		[0.6666667 [0.995 0.100 -0.005 0.000 -0.100 0.995 -0.026 0.000 0.002 0.027 1.000 0.000 0.000 0.000 0.000 1.000]]
		[0.6833333 [0.993 0.120 -0.005 0.000 -0.120 0.992 -0.026 0.000 0.002 0.027 1.000 0.000 0.000 0.000 0.000 1.000]]
		[0.7 [0.990 0.144 -0.006 0.000 -0.144 0.989 -0.026 0.000 0.002 0.027 1.000 0.000 0.000 0.000 0.000 1.000]]
		[0.7166666 [0.985 0.173 -0.007 0.000 -0.173 0.985 -0.026 0.000 0.002 0.027 1.000 0.000 0.000 0.000 0.000 1.000]]
		[0.7333333 [0.979 0.205 -0.007 0.000 -0.205 0.978 -0.026 0.000 0.002 0.027 1.000 0.000 0.000 0.000 0.000 1.000]]
		[0.75 [0.971 0.240 -0.008 0.000 -0.240 0.971 -0.025 0.000 0.002 0.027 1.000 0.000 0.000 0.000 0.000 1.000]]
		[0.7666667 [0.961 0.277 -0.009 0.000 -0.277 0.961 -0.025 0.000 0.002 0.027 1.000 0.000 0.000 0.000 0.000 1.000]]
		[0.7833334 [0.949 0.315 -0.010 0.000 -0.315 0.949 -0.025 0.000 0.002 0.027 1.000 0.000 0.000 0.000 0.000 1.000]]
		[0.8 [0.935 0.355 -0.011 0.000 -0.355 0.935 -0.024 0.000 0.002 0.027 1.000 0.000 0.000 0.000 0.000 1.000]]
		[0.8166667 [0.919 0.394 -0.012 0.000 -0.395 0.919 -0.024 0.000 0.002 0.027 1.000 0.000 0.000 0.000 0.000 1.000]]
		[0.8333333 [0.901 0.434 -0.013 0.000 -0.434 0.900 -0.023 0.000 0.002 0.027 1.000 0.000 0.000 0.000 0.000 1.000]]
		[0.85 [0.881 0.473 -0.014 0.000 -0.473 0.881 -0.023 0.000 0.002 0.027 1.000 0.000 0.000 0.000 0.000 1.000]]
		[0.8666667 [0.860 0.510 -0.015 0.000 -0.511 0.860 -0.022 0.000 0.002 0.027 1.000 0.000 0.000 0.000 0.000 1.000]]
		[0.8833333 [0.838 0.546 -0.016 0.000 -0.546 0.837 -0.021 0.000 0.002 0.027 1.000 0.000 0.000 0.000 0.000 1.000]]
		[0.9 [0.815 0.579 -0.017 0.000 -0.580 0.815 -0.021 0.000 0.002 0.027 1.000 0.000 0.000 0.000 0.000 1.000]]
		[0.9166667 [0.792 0.610 -0.018 0.000 -0.610 0.792 -0.020 0.000 0.002 0.027 1.000 0.000 0.000 0.000 0.000 1.000]]
		[0.9333333 [0.770 0.638 -0.019 0.000 -0.638 0.770 -0.019 0.000 0.002 0.027 1.000 0.000 0.000 0.000 0.000 1.000]]
		[0.95 [0.749 0.663 -0.019 0.000 -0.663 0.748 -0.019 0.000 0.002 0.027 1.000 0.000 0.000 0.000 0.000 1.000]]
		[0.9666666 [0.729 0.684 -0.020 0.000 -0.684 0.729 -0.018 0.000 0.002 0.027 1.000 0.000 0.000 0.000 0.000 1.000]]
		[0.9833333 [0.712 0.702 -0.020 0.000 -0.702 0.712 -0.018 0.000 0.002 0.027 1.000 0.000 0.000 0.000 0.000 1.000]]
	]
	"Koleno_L" [
		[0 [0.850 0.527 0.001 0.000 -0.527 0.850 -0.001 0.000 -0.001 0.000 1.000 0.000 0.000 0.000 0.000 1.000]]
		[0.01666667 [0.835 0.550 0.001 0.000 -0.550 0.835 -0.001 0.000 -0.001 0.000 1.000 0.000 0.000 0.000 0.000 1.000]]
		[0.03333334 [0.819 0.573 0.001 0.000 -0.573 0.819 -0.001 0.000 -0.001 0.000 1.000 0.000 0.000 0.000 0.000 1.000]]
		[0.05 [0.803 0.596 0.001 0.000 -0.596 0.803 -0.001 0.000 -0.001 0.000 1.000 0.000 0.000 0.000 0.000 1.000]]
		[0.06666667 [0.785 0.620 0.001 0.000 -0.620 0.785 -0.001 0.000 -0.001 0.000 1.000 0.000 0.000 0.000 0.000 1.000]]
		[0.08333334 [0.766 0.643 0.001 0.000 -0.643 0.766 -0.001 0.000 -0.001 0.000 1.000 0.000 0.000 0.000 0.000 1.000]]
		[0.1 [0.746 0.666 0.001 0.000 -0.666 0.746 -0.001 0.000 -0.001 0.000 1.000 0.000 0.000 0.000 0.000 1.000]]
		[0.1166667 [0.725 0.689 0.001 0.000 -0.689 0.725 -0.001 0.000 -0.001 0.000 1.000 0.000 0.000 0.000 0.000 1.000]]
		[0.1333333 [0.704 0.710 0.000 0.000 -0.710 0.704 -0.001 0.000 -0.001 0.000 1.000 0.000 0.000 0.000 0.000 1.000]]
		[0.15 [0.682 0.731 0.000 0.000 -0.731 0.682 -0.001 0.000 -0.001 0.000 1.000 0.000 0.000 0.000 0.000 1.000]]
		[0.1666667 [0.660 0.751 0.000 0.000 -0.751 0.660 -0.001 0.000 -0.001 0.000 1.000 0.000 0.000 0.000 0.000 1.000]]
		[0.1833333 [0.638 0.770 0.000 0.000 -0.770 0.638 -0.001 0.000 -0.001 0.000 1.000 0.000 0.000 0.000 0.000 1.000]]
		[0.2 [0.616 0.788 0.000 0.000 -0.788 0.616 -0.001 0.000 -0.001 0.000 1.000 0.000 0.000 0.000 0.000 1.000]]
		[0.2166667 [0.594 0.804 0.000 0.000 -0.804 0.594 -0.001 0.000 -0.001 0.000 1.000 0.000 0.000 0.000 0.000 1.000]]
		[0.2333333 [0.573 0.820 0.000 0.000 -0.820 0.573 -0.001 0.000 -0.001 0.000 1.000 0.000 0.000 0.000 0.000 1.000]]
		[0.25 [0.553 0.833 0.000 0.000 -0.833 0.553 -0.001 0.000 -0.001 0.000 1.000 0.000 0.000 0.000 0.000 1.000]]
		[0.2666667 [0.534 0.846 0.000 0.000 -0.846 0.534 -0.001 0.000 -0.001 0.000 1.000 0.000 0.000 0.000 0.000 1.000]]
		[0.2833333 [0.516 0.857 0.000 0.000 -0.857 0.516 -0.001 0.000 -0.001 0.000 1.000 0.000 0.000 0.000 0.000 1.000]]
		[0.3 [0.499 0.866 0.000 0.000 -0.866 0.499 -0.001 0.000 -0.001 0.000 1.000 0.000 0.000 0.000 0.000 1.000]]
		[0.3166667 [0.485 0.875 0.000 0.000 -0.875 0.485 -0.001 0.000 -0.001 0.000 1.000 0.000 0.000 0.000 0.000 1.000]]
		[0.3333333 [0.472 0.882 0.000 0.000 -0.882 0.472 -0.001 0.000 -0.001 0.000 1.000 0.000 0.000 0.000 0.000 1.000]]
		[0.35 [0.463 0.887 0.000 0.000 -0.887 0.463 -0.001 0.000 -0.001 0.000 1.000 0.000 0.000 0.000 0.000 1.000]]
		[0.3666667 [0.456 0.890 0.000 0.000 -0.890 0.456 -0.001 0.000 -0.001 0.000 1.000 0.000 0.000 0.000 0.000 1.000]]
		[0.3833333 [0.453 0.892 0.000 0.000 -0.892 0.453 -0.001 0.000 -0.001 0.000 1.000 0.000 0.000 0.000 0.000 1.000]]
		[0.4 [0.452 0.892 0.000 0.000 -0.892 0.452 -0.001 0.000 -0.001 0.000 1.000 0.000 0.000 0.000 0.000 1.000]]
		[0.4166667 [0.454 0.891 0.001 0.000 -0.891 0.454 -0.001 0.000 -0.001 0.000 1.000 0.000 0.000 0.000 0.000 1.000]]
		[0.4333333 [0.457 0.889 0.001 0.000 -0.889 0.457 -0.001 0.000 -0.001 0.000 1.000 0.000 0.000 0.000 0.000 1.000]]
		[0.45 [0.462 0.887 0.001 0.000 -0.887 0.462 -0.001 0.000 -0.001 0.000 1.000 0.000 0.000 0.000 0.000 1.000]]
		[0.4666667 [0.468 0.884 0.001 0.000 -0.884 0.468 -0.001 0.000 -0.001 0.000 1.000 0.000 0.000 0.000 0.000 1.000]]
		[0.4833333 [0.475 0.880 0.001 0.000 -0.880 0.475 -0.001 0.000 -0.001 -0.001 1.000 0.000 0.000 0.000 0.000 1.000]]
		[0.5 [0.482 0.876 0.001 0.000 -0.876 0.482 -0.001 0.000 -0.001 -0.001 1.000 0.000 0.000 0.000 0.000 1.000]]
		[0.5166667 [0.488 0.873 0.001 0.000 -0.873 0.488 0.000 0.000 -0.001 -0.001 1.000 0.000 0.000 0.000 0.000 1.000]]
		[0.5333334 [0.494 0.869 0.001 0.000 -0.869 0.494 0.000 0.000 -0.001 -0.001 1.000 0.000 0.000 0.000 0.000 1.000]]
		[0.55 [0.499 0.867 0.001 0.000 -0.867 0.499 0.000 0.000 -0.001 -0.001 1.000 0.000 0.000 0.000 0.000 1.000]]
		[0.5666667 [0.502 0.865 0.001 0.000 -0.865 0.502 0.000 0.000 -0.001 -0.001 1.000 0.000 0.000 0.000 0.000 1.000]]
		[0.5833333 [0.504 0.864 0.001 0.000 -0.864 0.504 0.000 0.000 -0.001 -0.001 1.000 0.000 0.000 0.000 0.000 1.000]]
		[0.6 [0.504 0.864 0.001 0.000 -0.864 0.504 0.000 0.000 -0.001 -0.001 1.000 0.000 0.000 0.000 0.000 1.000]]
		[0.6166667 [0.501 0.866 0.001 0.000 -0.866 0.501 -0.001 0.000 -0.001 0.000 1.000 0.000 0.000 0.000 0.000 1.000]]
		[0.6333333 [0.495 0.869 0.001 0.000 -0.869 0.495 -0.001 0.000 -0.001 0.000 1.000 0.000 0.000 0.000 0.000 1.000]]
		[0.65 [0.485 0.874 0.001 0.000 -0.874 0.485 -0.001 0.000 -0.001 0.000 1.000 0.000 0.000 0.000 0.000 1.000]]
		[0.6666667 [0.472 0.882 0.000 0.000 -0.882 0.472 -0.001 0.000 -0.001 0.000 1.000 0.000 0.000 0.000 0.000 1.000]]
		[0.6833333 [0.454 0.891 0.000 0.000 -0.891 0.454 -0.001 0.000 -0.001 0.000 1.000 0.000 0.000 0.000 0.000 1.000]]
		[0.7 [0.432 0.902 0.000 0.000 -0.902 0.432 -0.001 0.000 -0.001 0.001 1.000 0.000 0.000 0.000 0.000 1.000]]
		[0.7166666 [0.406 0.914 -0.001 0.000 -0.914 0.406 -0.001 0.000 -0.001 0.001 1.000 0.000 0.000 0.000 0.000 1.000]]
		[0.7333333 [0.376 0.927 -0.001 0.000 -0.927 0.376 -0.001 0.000 -0.001 0.002 1.000 0.000 0.000 0.000 0.000 1.000]]
		[0.75 [0.343 0.939 -0.002 0.000 -0.939 0.343 -0.001 0.000 0.000 0.002 1.000 0.000 0.000 0.000 0.000 1.000]]
		[0.7666667 [0.307 0.952 -0.003 0.000 -0.952 0.307 -0.001 0.000 0.000 0.003 1.000 0.000 0.000 0.000 0.000 1.000]]
		[0.7833334 [0.268 0.963 -0.003 0.000 -0.963 0.268 -0.001 0.000 0.000 0.004 1.000 0.000 0.000 0.000 0.000 1.000]]
		[0.8 [0.227 0.974 -0.004 0.000 -0.974 0.227 -0.001 0.000 0.000 0.004 1.000 0.000 0.000 0.000 0.000 1.000]]
		[0.8166667 [0.185 0.983 -0.005 0.000 -0.983 0.185 -0.001 0.000 0.000 0.005 1.000 0.000 0.000 0.000 0.000 1.000]]
		[0.8333333 [0.142 0.990 -0.006 0.000 -0.990 0.142 -0.001 0.000 0.000 0.006 1.000 0.000 0.000 0.000 0.000 1.000]]
		[0.85 [0.099 0.995 -0.006 0.000 -0.995 0.099 -0.001 0.000 0.000 0.006 1.000 0.000 0.000 0.000 0.000 1.000]]
		[0.8666667 [0.056 0.998 -0.007 0.000 -0.998 0.056 0.000 0.000 0.000 0.007 1.000 0.000 0.000 0.000 0.000 1.000]]
		[0.8833333 [0.014 1.000 -0.008 0.000 -1.000 0.014 0.000 0.000 0.000 0.008 1.000 0.000 0.000 0.000 0.000 1.000]]
		[0.9 [-0.026 1.000 -0.008 0.000 -1.000 -0.026 0.001 0.000 0.000 0.008 1.000 0.000 0.000 0.000 0.000 1.000]]
		[0.9166667 [-0.065 0.998 -0.009 0.000 -0.998 -0.065 0.001 0.000 0.000 0.009 1.000 0.000 0.000 0.000 0.000 1.000]]
		[0.9333333 [-0.100 0.995 -0.009 0.000 -0.995 -0.100 0.002 0.000 0.001 0.010 1.000 0.000 0.000 0.000 0.000 1.000]]
		[0.95 [-0.133 0.991 -0.010 0.000 -0.991 -0.133 0.002 0.000 0.001 0.010 1.000 0.000 0.000 0.000 0.000 1.000]]
		[0.9666666 [-0.161 0.987 -0.010 0.000 -0.987 -0.161 0.002 0.000 0.001 0.011 1.000 0.000 0.000 0.000 0.000 1.000]]
		[0.9833333 [-0.185 0.983 -0.011 0.000 -0.983 -0.185 0.003 0.000 0.001 0.011 1.000 0.000 0.000 0.000 0.000 1.000]]
	]
	"Koleno_L_end" [
		[0 [1.000 0.000 0.000 0.000 0.000 1.000 0.000 0.000 0.000 0.000 1.000 0.000 0.000 0.000 0.000 1.000]]
	]
	"Bedro_P" [
		[0 [0.812 0.584 0.014 0.000 -0.584 0.811 0.023 0.000 0.002 -0.027 1.000 0.000 0.000 0.000 0.000 1.000]]
		[0.01666667 [0.806 0.591 0.014 0.000 -0.592 0.806 0.023 0.000 0.002 -0.027 1.000 0.000 0.000 0.000 0.000 1.000]]
		[0.03333334 [0.801 0.599 0.014 0.000 -0.599 0.800 0.023 0.000 0.002 -0.027 1.000 0.000 0.000 0.000 0.000 1.000]]
		[0.05 [0.795 0.607 0.015 0.000 -0.607 0.795 0.023 0.000 0.002 -0.027 1.000 0.000 0.000 0.000 0.000 1.000]]
		[0.06666667 [0.789 0.614 0.015 0.000 -0.614 0.789 0.022 0.000 0.002 -0.027 1.000 0.000 0.000 0.000 0.000 1.000]]
		[0.08333334 [0.783 0.622 0.015 0.000 -0.622 0.782 0.022 0.000 0.002 -0.027 1.000 0.000 0.000 0.000 0.000 1.000]]
		[0.1 [0.776 0.630 0.015 0.000 -0.630 0.776 0.022 0.000 0.002 -0.027 1.000 0.000 0.000 0.000 0.000 1.000]]
		[0.1166667 [0.770 0.638 0.016 0.000 -0.638 0.770 0.022 0.000 0.002 -0.027 1.000 0.000 0.000 0.000 0.000 1.000]]
		[0.1333333 [0.763 0.646 0.016 0.000 -0.646 0.763 0.022 0.000 0.002 -0.027 1.000 0.000 0.000 0.000 0.000 1.000]]
		[0.15 [0.757 0.653 0.016 0.000 -0.654 0.757 0.022 0.000 0.002 -0.027 1.000 0.000 0.000 0.000 0.000 1.000]]
		[0.1666667 [0.750 0.661 0.016 0.000 -0.661 0.750 0.021 0.000 0.002 -0.027 1.000 0.000 0.000 0.000 0.000 1.000]]
		[0.1833333 [0.744 0.668 0.016 0.000 -0.668 0.744 0.021 0.000 0.002 -0.027 1.000 0.000 0.000 0.000 0.000 1.000]]
		[0.2 [0.738 0.675 0.017 0.000 -0.675 0.737 0.021 0.000 0.002 -0.027 1.000 0.000 0.000 0.000 0.000 1.000]]
		[0.2166667 [0.731 0.682 0.017 0.000 -0.682 0.731 0.021 0.000 0.002 -0.027 1.000 0.000 0.000 0.000 0.000 1.000]]
		[0.2333333 [0.725 0.688 0.017 0.000 -0.688 0.725 0.021 0.000 0.002 -0.027 1.000 0.000 0.000 0.000 0.000 1.000]]
		[0.25 [0.720 0.694 0.017 0.000 -0.694 0.720 0.021 0.000 0.002 -0.027 1.000 0.000 0.000 0.000 0.000 1.000]]
		[0.2666667 [0.715 0.699 0.017 0.000 -0.700 0.714 0.021 0.000 0.002 -0.027 1.000 0.000 0.000 0.000 0.000 1.000]]
		[0.2833333 [0.710 0.704 0.017 0.000 -0.705 0.709 0.020 0.000 0.002 -0.027 1.000 0.000 0.000 0.000 0.000 1.000]]
		[0.3 [0.705 0.709 0.018 0.000 -0.709 0.705 0.020 0.000 0.002 -0.027 1.000 0.000 0.000 0.000 0.000 1.000]]
		[0.3166667 [0.701 0.713 0.018 0.000 -0.713 0.701 0.020 0.000 0.002 -0.027 1.000 0.000 0.000 0.000 0.000 1.000]]
		[0.3333333 [0.698 0.716 0.018 0.000 -0.716 0.697 0.020 0.000 0.002 -0.027 1.000 0.000 0.000 0.000 0.000 1.000]]
		[0.35 [0.694 0.720 0.018 0.000 -0.720 0.694 0.020 0.000 0.002 -0.027 1.000 0.000 0.000 0.000 0.000 1.000]]
		[0.3666667 [0.690 0.723 0.018 0.000 -0.723 0.690 0.020 0.000 0.002 -0.027 1.000 0.000 0.000 0.000 0.000 1.000]]
		[0.3833333 [0.686 0.727 0.018 0.000 -0.728 0.686 0.020 0.000 0.002 -0.027 1.000 0.000 0.000 0.000 0.000 1.000]]
		[0.4 [0.682 0.732 0.018 0.000 -0.732 0.681 0.020 0.000 0.002 -0.027 1.000 0.000 0.000 0.000 0.000 1.000]]
		[0.4166667 [0.677 0.736 0.018 0.000 -0.736 0.677 0.020 0.000 0.002 -0.027 1.000 0.000 0.000 0.000 0.000 1.000]]
		[0.4333333 [0.672 0.740 0.018 0.000 -0.740 0.672 0.020 0.000 0.002 -0.027 1.000 0.000 0.000 0.000 0.000 1.000]]
		[0.45 [0.668 0.744 0.019 0.000 -0.744 0.668 0.019 0.000 0.002 -0.027 1.000 0.000 0.000 0.000 0.000 1.000]]
		[0.4666667 [0.664 0.748 0.019 0.000 -0.748 0.664 0.019 0.000 0.002 -0.027 1.000 0.000 0.000 0.000 0.000 1.000]]
		[0.4833333 [0.660 0.751 0.019 0.000 -0.751 0.660 0.019 0.000 0.002 -0.027 1.000 0.000 0.000 0.000 0.000 1.000]]
		[0.5 [0.658 0.753 0.019 0.000 -0.753 0.657 0.019 0.000 0.002 -0.027 1.000 0.000 0.000 0.000 0.000 1.000]]
		[0.5166667 [0.656 0.755 0.019 0.000 -0.755 0.655 0.019 0.000 0.002 -0.027 1.000 0.000 0.000 0.000 0.000 1.000]]
		[0.5333334 [0.655 0.756 0.019 0.000 -0.756 0.654 0.019 0.000 0.002 -0.027 1.000 0.000 0.000 0.000 0.000 1.000]]
		[0.55 [0.655 0.756 0.019 0.000 -0.756 0.654 0.019 0.000 0.002 -0.027 1.000 0.000 0.000 0.000 0.000 1.000]]
		[0.5666667 [0.656 0.755 0.019 0.000 -0.755 0.656 0.019 0.000 0.002 -0.027 1.000 0.000 0.000 0.000 0.000 1.000]]
		[0.5833333 [0.659 0.752 0.019 0.000 -0.752 0.658 0.019 0.000 0.002 -0.027 1.000 0.000 0.000 0.000 0.000 1.000]]
		[0.6 [0.663 0.748 0.019 0.000 -0.749 0.663 0.019 0.000 0.002 -0.027 1.000 0.000 0.000 0.000 0.000 1.000]]
		[0.6166667 [0.669 0.743 0.019 0.000 -0.743 0.669 0.019 0.000 0.002 -0.027 1.000 0.000 0.000 0.000 0.000 1.000]]
		[0.6333333 [0.677 0.736 0.018 0.000 -0.736 0.676 0.020 0.000 0.002 -0.027 1.000 0.000 0.000 0.000 0.000 1.000]]
		[0.65 [0.686 0.727 0.018 0.000 -0.728 0.686 0.020 0.000 0.002 -0.027 1.000 0.000 0.000 0.000 0.000 1.000]]
		[0.6666667 [0.698 0.716 0.018 0.000 -0.716 0.697 0.020 0.000 0.002 -0.027 1.000 0.000 0.000 0.000 0.000 1.000]]
		[0.6833333 [0.712 0.702 0.017 0.000 -0.702 0.712 0.021 0.000 0.002 -0.027 1.000 0.000 0.000 0.000 0.000 1.000]]
		[0.7 [0.729 0.684 0.017 0.000 -0.684 0.729 0.021 0.000 0.002 -0.027 1.000 0.000 0.000 0.000 0.000 1.000]]
		[0.7166666 [0.748 0.663 0.016 0.000 -0.663 0.748 0.021 0.000 0.002 -0.027 1.000 0.000 0.000 0.000 0.000 1.000]]
		[0.7333333 [0.770 0.638 0.016 0.000 -0.638 0.769 0.022 0.000 0.002 -0.027 1.000 0.000 0.000 0.000 0.000 1.000]]
		[0.75 [0.792 0.610 0.015 0.000 -0.611 0.792 0.022 0.000 0.002 -0.027 1.000 0.000 0.000 0.000 0.000 1.000]]
		[0.7666667 [0.815 0.580 0.014 0.000 -0.580 0.814 0.023 0.000 0.002 -0.027 1.000 0.000 0.000 0.000 0.000 1.000]]
		[0.7833334 [0.838 0.546 0.013 0.000 -0.546 0.837 0.024 0.000 0.002 -0.027 1.000 0.000 0.000 0.000 0.000 1.000]]
		[0.8 [0.860 0.511 0.012 0.000 -0.511 0.859 0.024 0.000 0.002 -0.027 1.000 0.000 0.000 0.000 0.000 1.000]]
		[0.8166667 [0.881 0.473 0.011 0.000 -0.473 0.881 0.025 0.000 0.002 -0.027 1.000 0.000 0.000 0.000 0.000 1.000]]
		[0.8333333 [0.901 0.434 0.010 0.000 -0.435 0.900 0.025 0.000 0.002 -0.027 1.000 0.000 0.000 0.000 0.000 1.000]]
		[0.85 [0.919 0.395 0.009 0.000 -0.395 0.918 0.025 0.000 0.002 -0.027 1.000 0.000 0.000 0.000 0.000 1.000]]
		[0.8666667 [0.935 0.355 0.008 0.000 -0.355 0.935 0.026 0.000 0.002 -0.027 1.000 0.000 0.000 0.000 0.000 1.000]]
		[0.8833333 [0.949 0.315 0.007 0.000 -0.315 0.949 0.026 0.000 0.002 -0.027 1.000 0.000 0.000 0.000 0.000 1.000]]
		[0.9 [0.961 0.277 0.005 0.000 -0.277 0.961 0.026 0.000 0.002 -0.027 1.000 0.000 0.000 0.000 0.000 1.000]]
		[0.9166667 [0.971 0.240 0.004 0.000 -0.240 0.970 0.027 0.000 0.002 -0.027 1.000 0.000 0.000 0.000 0.000 1.000]]
		[0.9333333 [0.979 0.205 0.004 0.000 -0.205 0.978 0.027 0.000 0.002 -0.027 1.000 0.000 0.000 0.000 0.000 1.000]]
		[0.95 [0.985 0.173 0.003 0.000 -0.173 0.985 0.027 0.000 0.002 -0.027 1.000 0.000 0.000 0.000 0.000 1.000]]
		[0.9666666 [0.989 0.145 0.002 0.000 -0.145 0.989 0.027 0.000 0.002 -0.027 1.000 0.000 0.000 0.000 0.000 1.000]]
		[0.9833333 [0.993 0.121 0.001 0.000 -0.120 0.992 0.027 0.000 0.002 -0.027 1.000 0.000 0.000 0.000 0.000 1.000]]
	]
	"Koleno_P" [
		[0 [0.142 0.990 0.012 0.000 -0.990 0.142 -0.005 0.000 -0.007 -0.011 1.000 0.000 0.000 0.000 0.000 1.000]]
		[0.01666667 [0.124 0.992 0.011 0.000 -0.992 0.124 -0.005 0.000 -0.007 -0.011 1.000 0.000 0.000 0.000 0.000 1.000]]
		[0.03333334 [0.106 0.994 0.011 0.000 -0.994 0.106 -0.006 0.000 -0.007 -0.011 1.000 0.000 0.000 0.000 0.000 1.000]]
		[0.05 [0.087 0.996 0.011 0.000 -0.996 0.087 -0.006 0.000 -0.007 -0.011 1.000 0.000 0.000 0.000 0.000 1.000]]
		[0.06666667 [0.067 0.998 0.011 0.000 -0.998 0.067 -0.006 0.000 -0.007 -0.011 1.000 0.000 0.000 0.000 0.000 1.000]]
		[0.08333334 [0.047 0.999 0.011 0.000 -0.999 0.047 -0.006 0.000 -0.007 -0.011 1.000 0.000 0.000 0.000 0.000 1.000]]
		[0.1 [0.027 1.000 0.011 0.000 -1.000 0.027 -0.006 0.000 -0.007 -0.011 1.000 0.000 0.000 0.000 0.000 1.000]]
		[0.1166667 [0.006 1.000 0.011 0.000 -1.000 0.007 -0.007 0.000 -0.007 -0.011 1.000 0.000 0.000 0.000 0.000 1.000]]
		[0.1333333 [-0.014 1.000 0.011 0.000 -1.000 -0.014 -0.007 0.000 -0.007 -0.011 1.000 0.000 0.000 0.000 0.000 1.000]]
		[0.15 [-0.034 0.999 0.010 0.000 -0.999 -0.034 -0.007 0.000 -0.007 -0.011 1.000 0.000 0.000 0.000 0.000 1.000]]
		[0.1666667 [-0.054 0.999 0.010 0.000 -0.999 -0.054 -0.007 0.000 -0.007 -0.011 1.000 0.000 0.000 0.000 0.000 1.000]]
		[0.1833333 [-0.073 0.997 0.010 0.000 -0.997 -0.073 -0.008 0.000 -0.007 -0.011 1.000 0.000 0.000 0.000 0.000 1.000]]
		[0.2 [-0.092 0.996 0.010 0.000 -0.996 -0.092 -0.008 0.000 -0.007 -0.011 1.000 0.000 0.000 0.000 0.000 1.000]]
		[0.2166667 [-0.110 0.994 0.010 0.000 -0.994 -0.110 -0.008 0.000 -0.007 -0.011 1.000 0.000 0.000 0.000 0.000 1.000]]
		[0.2333333 [-0.127 0.992 0.010 0.000 -0.992 -0.127 -0.008 0.000 -0.007 -0.011 1.000 0.000 0.000 0.000 0.000 1.000]]
		[0.25 [-0.143 0.990 0.010 0.000 -0.990 -0.143 -0.008 0.000 -0.007 -0.011 1.000 0.000 0.000 0.000 0.000 1.000]]
		[0.2666667 [-0.158 0.987 0.009 0.000 -0.987 -0.158 -0.008 0.000 -0.007 -0.011 1.000 0.000 0.000 0.000 0.000 1.000]]
		[0.2833333 [-0.172 0.985 0.009 0.000 -0.985 -0.172 -0.009 0.000 -0.007 -0.011 1.000 0.000 0.000 0.000 0.000 1.000]]
		[0.3 [-0.185 0.983 0.009 0.000 -0.983 -0.185 -0.009 0.000 -0.007 -0.011 1.000 0.000 0.000 0.000 0.000 1.000]]
		[0.3166667 [-0.195 0.981 0.009 0.000 -0.981 -0.195 -0.009 0.000 -0.007 -0.011 1.000 0.000 0.000 0.000 0.000 1.000]]
		[0.3333333 [-0.205 0.979 0.009 0.000 -0.979 -0.205 -0.009 0.000 -0.007 -0.011 1.000 0.000 0.000 0.000 0.000 1.000]]
		[0.35 [-0.214 0.977 0.009 0.000 -0.977 -0.214 -0.009 0.000 -0.007 -0.011 1.000 0.000 0.000 0.000 0.000 1.000]]
		[0.3666667 [-0.222 0.975 0.009 0.000 -0.975 -0.222 -0.009 0.000 -0.007 -0.011 1.000 0.000 0.000 0.000 0.000 1.000]]
		[0.3833333 [-0.230 0.973 0.009 0.000 -0.973 -0.230 -0.009 0.000 -0.007 -0.011 1.000 0.000 0.000 0.000 0.000 1.000]]
		[0.4 [-0.238 0.971 0.009 0.000 -0.971 -0.238 -0.009 0.000 -0.007 -0.011 1.000 0.000 0.000 0.000 0.000 1.000]]
		[0.4166667 [-0.245 0.970 0.009 0.000 -0.970 -0.245 -0.009 0.000 -0.007 -0.011 1.000 0.000 0.000 0.000 0.000 1.000]]
		[0.4333333 [-0.251 0.968 0.009 0.000 -0.968 -0.251 -0.009 0.000 -0.007 -0.011 1.000 0.000 0.000 0.000 0.000 1.000]]
		[0.45 [-0.257 0.966 0.009 0.000 -0.966 -0.257 -0.009 0.000 -0.007 -0.011 1.000 0.000 0.000 0.000 0.000 1.000]]
		[0.4666667 [-0.262 0.965 0.009 0.000 -0.965 -0.262 -0.009 0.000 -0.007 -0.011 1.000 0.000 0.000 0.000 0.000 1.000]]
		[0.4833333 [-0.266 0.964 0.009 0.000 -0.964 -0.266 -0.009 0.000 -0.007 -0.011 1.000 0.000 0.000 0.000 0.000 1.000]]
		[0.5 [-0.269 0.963 0.008 0.000 -0.963 -0.269 -0.009 0.000 -0.007 -0.011 1.000 0.000 0.000 0.000 0.000 1.000]]
		[0.5166667 [-0.270 0.963 0.008 0.000 -0.963 -0.270 -0.009 0.000 -0.007 -0.011 1.000 0.000 0.000 0.000 0.000 1.000]]
		[0.5333334 [-0.270 0.963 0.008 0.000 -0.963 -0.270 -0.009 0.000 -0.007 -0.011 1.000 0.000 0.000 0.000 0.000 1.000]]
		[0.55 [-0.269 0.963 0.008 0.000 -0.963 -0.269 -0.009 0.000 -0.007 -0.011 1.000 0.000 0.000 0.000 0.000 1.000]]
		[0.5666667 [-0.266 0.964 0.009 0.000 -0.964 -0.265 -0.009 0.000 -0.007 -0.011 1.000 0.000 0.000 0.000 0.000 1.000]]
		[0.5833333 [-0.261 0.965 0.009 0.000 -0.965 -0.261 -0.009 0.000 -0.007 -0.011 1.000 0.000 0.000 0.000 0.000 1.000]]
		[0.6 [-0.254 0.967 0.009 0.000 -0.967 -0.254 -0.009 0.000 -0.007 -0.011 1.000 0.000 0.000 0.000 0.000 1.000]]
		[0.6166667 [-0.245 0.969 0.009 0.000 -0.969 -0.245 -0.009 0.000 -0.007 -0.011 1.000 0.000 0.000 0.000 0.000 1.000]]
		[0.6333333 [-0.234 0.972 0.009 0.000 -0.972 -0.234 -0.009 0.000 -0.007 -0.011 1.000 0.000 0.000 0.000 0.000 1.000]]
		[0.65 [-0.221 0.975 0.009 0.000 -0.975 -0.221 -0.009 0.000 -0.007 -0.011 1.000 0.000 0.000 0.000 0.000 1.000]]
		[0.6666667 [-0.205 0.979 0.009 0.000 -0.979 -0.205 -0.009 0.000 -0.007 -0.011 1.000 0.000 0.000 0.000 0.000 1.000]]
		[0.6833333 [-0.185 0.983 0.009 0.000 -0.983 -0.185 -0.009 0.000 -0.007 -0.011 1.000 0.000 0.000 0.000 0.000 1.000]]
		[0.7 [-0.161 0.987 0.009 0.000 -0.987 -0.161 -0.008 0.000 -0.007 -0.011 1.000 0.000 0.000 0.000 0.000 1.000]]
		[0.7166666 [-0.133 0.991 0.010 0.000 -0.991 -0.132 -0.008 0.000 -0.007 -0.011 1.000 0.000 0.000 0.000 0.000 1.000]]
		[0.7333333 [-0.100 0.995 0.010 0.000 -0.995 -0.100 -0.008 0.000 -0.007 -0.011 1.000 0.000 0.000 0.000 0.000 1.000]]
		[0.75 [-0.065 0.998 0.010 0.000 -0.998 -0.065 -0.007 0.000 -0.007 -0.011 1.000 0.000 0.000 0.000 0.000 1.000]]
		[0.7666667 [-0.026 1.000 0.011 0.000 -1.000 -0.026 -0.007 0.000 -0.007 -0.011 1.000 0.000 0.000 0.000 0.000 1.000]]
		[0.7833334 [0.014 1.000 0.011 0.000 -1.000 0.014 -0.007 0.000 -0.007 -0.011 1.000 0.000 0.000 0.000 0.000 1.000]]
		[0.8 [0.056 0.998 0.011 0.000 -0.998 0.056 -0.006 0.000 -0.007 -0.011 1.000 0.000 0.000 0.000 0.000 1.000]]
		[0.8166667 [0.099 0.995 0.011 0.000 -0.995 0.099 -0.006 0.000 -0.007 -0.011 1.000 0.000 0.000 0.000 0.000 1.000]]
		[0.8333333 [0.142 0.990 0.012 0.000 -0.990 0.142 -0.005 0.000 -0.007 -0.011 1.000 0.000 0.000 0.000 0.000 1.000]]
		[0.85 [0.185 0.983 0.012 0.000 -0.983 0.185 -0.005 0.000 -0.007 -0.011 1.000 0.000 0.000 0.000 0.000 1.000]]
		[0.8666667 [0.227 0.974 0.012 0.000 -0.974 0.227 -0.004 0.000 -0.007 -0.011 1.000 0.000 0.000 0.000 0.000 1.000]]
		[0.8833333 [0.268 0.963 0.012 0.000 -0.963 0.268 -0.004 0.000 -0.007 -0.011 1.000 0.000 0.000 0.000 0.000 1.000]]
		[0.9 [0.306 0.952 0.012 0.000 -0.952 0.307 -0.003 0.000 -0.007 -0.011 1.000 0.000 0.000 0.000 0.000 1.000]]
		[0.9166667 [0.343 0.939 0.012 0.000 -0.939 0.343 -0.003 0.000 -0.007 -0.011 1.000 0.000 0.000 0.000 0.000 1.000]]
		[0.9333333 [0.376 0.927 0.012 0.000 -0.927 0.376 -0.002 0.000 -0.007 -0.011 1.000 0.000 0.000 0.000 0.000 1.000]]
		[0.95 [0.406 0.914 0.013 0.000 -0.914 0.406 -0.002 0.000 -0.007 -0.011 1.000 0.000 0.000 0.000 0.000 1.000]]
		[0.9666666 [0.432 0.902 0.013 0.000 -0.902 0.432 -0.001 0.000 -0.007 -0.011 1.000 0.000 0.000 0.000 0.000 1.000]]
		[0.9833333 [0.454 0.891 0.013 0.000 -0.891 0.454 -0.001 0.000 -0.007 -0.011 1.000 0.000 0.000 0.000 0.000 1.000]]
	]
	"Koleno_P_end" [
		[0 [1.000 0.000 0.000 0.000 0.000 1.000 0.000 0.000 0.000 0.000 1.000 0.000 0.000 0.000 0.000 1.000]]
	]
	"Tors" [
		[0 [1.000 0.000 0.000 0.000 0.000 1.000 0.000 0.000 0.000 0.000 1.000 0.000 0.000 0.000 0.000 1.000]]
		[0.01666667 [0.999 0.000 -0.045 0.000 -0.001 1.000 -0.009 0.000 0.045 0.009 0.999 0.000 0.000 0.000 0.000 1.000]]
		[0.03333334 [0.996 0.000 -0.091 0.000 -0.002 1.000 -0.018 0.000 0.091 0.018 0.996 0.000 0.000 0.000 0.000 1.000]]
		[0.05 [0.990 0.000 -0.139 0.000 -0.004 1.000 -0.028 0.000 0.139 0.028 0.990 0.000 0.000 0.000 0.000 1.000]]
		[0.06666667 [0.982 0.000 -0.187 0.000 -0.007 0.999 -0.037 0.000 0.187 0.038 0.982 0.000 0.000 0.000 0.000 1.000]]
		[0.08333334 [0.972 0.000 -0.236 0.000 -0.011 0.999 -0.046 0.000 0.236 0.048 0.971 0.000 0.000 0.000 0.000 1.000]]
		[0.1 [0.958 0.000 -0.285 0.000 -0.016 0.998 -0.055 0.000 0.285 0.058 0.957 0.000 0.000 0.000 0.000 1.000]]
		[0.1166667 [0.943 0.000 -0.334 0.000 -0.023 0.998 -0.064 0.000 0.333 0.068 0.941 0.000 0.000 0.000 0.000 1.000]]
		[0.1333333 [0.925 0.000 -0.381 0.000 -0.030 0.997 -0.072 0.000 0.380 0.078 0.922 0.000 0.000 0.000 0.000 1.000]]
		[0.15 [0.904 0.000 -0.427 0.000 -0.038 0.996 -0.080 0.000 0.425 0.088 0.901 0.000 0.000 0.000 0.000 1.000]]
		[0.1666667 [0.882 0.000 -0.471 0.000 -0.046 0.995 -0.086 0.000 0.469 0.098 0.878 0.000 0.000 0.000 0.000 1.000]]
		[0.1833333 [0.858 0.000 -0.514 0.000 -0.055 0.994 -0.092 0.000 0.511 0.108 0.853 0.000 0.000 0.000 0.000 1.000]]
		[0.2 [0.833 0.000 -0.553 0.000 -0.065 0.993 -0.097 0.000 0.550 0.117 0.827 0.000 0.000 0.000 0.000 1.000]]
		[0.2166667 [0.807 0.000 -0.591 0.000 -0.074 0.992 -0.102 0.000 0.586 0.126 0.801 0.000 0.000 0.000 0.000 1.000]]
		[0.2333333 [0.781 0.000 -0.625 0.000 -0.084 0.991 -0.105 0.000 0.619 0.135 0.774 0.000 0.000 0.000 0.000 1.000]]
		[0.25 [0.755 0.000 -0.656 0.000 -0.094 0.990 -0.108 0.000 0.650 0.143 0.747 0.000 0.000 0.000 0.000 1.000]]
		[0.2666667 [0.729 0.000 -0.685 0.000 -0.103 0.989 -0.110 0.000 0.677 0.150 0.721 0.000 0.000 0.000 0.000 1.000]]
		[0.2833333 [0.705 0.000 -0.710 0.000 -0.112 0.988 -0.111 0.000 0.701 0.157 0.696 0.000 0.000 0.000 0.000 1.000]]
		[0.3 [0.682 0.000 -0.732 0.000 -0.120 0.987 -0.111 0.000 0.722 0.163 0.673 0.000 0.000 0.000 0.000 1.000]]
		[0.3166667 [0.661 0.000 -0.750 0.000 -0.127 0.986 -0.112 0.000 0.739 0.169 0.652 0.000 0.000 0.000 0.000 1.000]]
		[0.3333333 [0.643 0.000 -0.766 0.000 -0.133 0.985 -0.112 0.000 0.754 0.174 0.633 0.000 0.000 0.000 0.000 1.000]]
		[0.35 [0.626 -0.001 -0.780 0.000 -0.138 0.984 -0.111 0.000 0.768 0.177 0.616 0.000 0.000 0.000 0.000 1.000]]
		[0.3666667 [0.609 -0.002 -0.793 0.000 -0.141 0.984 -0.110 0.000 0.780 0.179 0.599 0.000 0.000 0.000 0.000 1.000]]
		[0.3833333 [0.593 -0.003 -0.805 0.000 -0.143 0.984 -0.109 0.000 0.792 0.180 0.583 0.000 0.000 0.000 0.000 1.000]]
		[0.4 [0.577 -0.005 -0.817 0.000 -0.143 0.984 -0.108 0.000 0.804 0.179 0.567 0.000 0.000 0.000 0.000 1.000]]
		[0.4166667 [0.562 -0.008 -0.827 0.000 -0.142 0.984 -0.106 0.000 0.814 0.178 0.552 0.000 0.000 0.000 0.000 1.000]]
		[0.4333333 [0.549 -0.011 -0.836 0.000 -0.141 0.984 -0.105 0.000 0.824 0.175 0.539 0.000 0.000 0.000 0.000 1.000]]
		[0.45 [0.537 -0.014 -0.844 0.000 -0.138 0.985 -0.104 0.000 0.832 0.173 0.527 0.000 0.000 0.000 0.000 1.000]]
		[0.4666667 [0.526 -0.017 -0.850 0.000 -0.136 0.985 -0.103 0.000 0.839 0.170 0.516 0.000 0.000 0.000 0.000 1.000]]
		[0.4833333 [0.518 -0.019 -0.855 0.000 -0.132 0.986 -0.102 0.000 0.845 0.166 0.508 0.000 0.000 0.000 0.000 1.000]]
		[0.5 [0.512 -0.022 -0.859 0.000 -0.129 0.986 -0.102 0.000 0.849 0.163 0.503 0.000 0.000 0.000 0.000 1.000]]
		[0.5166667 [0.509 -0.023 -0.860 0.000 -0.126 0.987 -0.101 0.000 0.851 0.160 0.500 0.000 0.000 0.000 0.000 1.000]]
		[0.5333334 [0.509 -0.025 -0.860 0.000 -0.123 0.987 -0.101 0.000 0.852 0.157 0.500 0.000 0.000 0.000 0.000 1.000]]
		[0.55 [0.513 -0.025 -0.858 0.000 -0.120 0.988 -0.101 0.000 0.850 0.155 0.503 0.000 0.000 0.000 0.000 1.000]]
		[0.5666667 [0.519 -0.025 -0.854 0.000 -0.118 0.988 -0.101 0.000 0.846 0.154 0.510 0.000 0.000 0.000 0.000 1.000]]
		[0.5833333 [0.530 -0.024 -0.848 0.000 -0.117 0.988 -0.102 0.000 0.840 0.153 0.521 0.000 0.000 0.000 0.000 1.000]]
		[0.6 [0.544 -0.022 -0.838 0.000 -0.118 0.988 -0.102 0.000 0.830 0.154 0.535 0.000 0.000 0.000 0.000 1.000]]
		[0.6166667 [0.563 -0.019 -0.826 0.000 -0.119 0.987 -0.103 0.000 0.818 0.157 0.554 0.000 0.000 0.000 0.000 1.000]]
		[0.6333333 [0.586 -0.014 -0.810 0.000 -0.122 0.987 -0.105 0.000 0.801 0.160 0.576 0.000 0.000 0.000 0.000 1.000]]
		[0.65 [0.612 -0.008 -0.791 0.000 -0.127 0.986 -0.108 0.000 0.781 0.166 0.602 0.000 0.000 0.000 0.000 1.000]]
		[0.6666667 [0.643 0.000 -0.766 0.000 -0.133 0.985 -0.112 0.000 0.754 0.174 0.633 0.000 0.000 0.000 0.000 1.000]]
		[0.6833333 [0.680 0.010 -0.734 0.000 -0.141 0.983 -0.118 0.000 0.720 0.184 0.669 0.000 0.000 0.000 0.000 1.000]]
		[0.7 [0.721 0.022 -0.693 0.000 -0.151 0.980 -0.126 0.000 0.676 0.196 0.710 0.000 0.000 0.000 0.000 1.000]]
		[0.7166666 [0.767 0.036 -0.641 0.000 -0.162 0.977 -0.138 0.000 0.621 0.210 0.755 0.000 0.000 0.000 0.000 1.000]]
		[0.7333333 [0.813 0.052 -0.580 0.000 -0.172 0.973 -0.155 0.000 0.556 0.226 0.800 0.000 0.000 0.000 0.000 1.000]]
		[0.75 [0.858 0.069 -0.509 0.000 -0.182 0.968 -0.176 0.000 0.480 0.243 0.843 0.000 0.000 0.000 0.000 1.000]]
		[0.7666667 [0.899 0.087 -0.430 0.000 -0.189 0.961 -0.201 0.000 0.396 0.262 0.880 0.000 0.000 0.000 0.000 1.000]]
		[0.7833334 [0.933 0.106 -0.343 0.000 -0.193 0.954 -0.230 0.000 0.303 0.281 0.911 0.000 0.000 0.000 0.000 1.000]]
		[0.8 [0.960 0.125 -0.251 0.000 -0.192 0.945 -0.263 0.000 0.205 0.301 0.931 0.000 0.000 0.000 0.000 1.000]]
		[0.8166667 [0.977 0.144 -0.156 0.000 -0.186 0.936 -0.299 0.000 0.103 0.322 0.941 0.000 0.000 0.000 0.000 1.000]]
		[0.8333333 [0.985 0.163 -0.059 0.000 -0.174 0.925 -0.337 0.000 0.000 0.342 0.940 0.000 0.000 0.000 0.000 1.000]]
		[0.85 [0.983 0.182 0.036 0.000 -0.155 0.914 -0.375 0.000 -0.101 0.362 0.926 0.000 0.000 0.000 0.000 1.000]]
		[0.8666667 [0.971 0.200 0.129 0.000 -0.131 0.902 -0.411 0.000 -0.198 0.382 0.902 0.000 0.000 0.000 0.000 1.000]]
		[0.8833333 [0.952 0.217 0.217 0.000 -0.101 0.890 -0.445 0.000 -0.289 0.402 0.869 0.000 0.000 0.000 0.000 1.000]]
		[0.9 [0.926 0.232 0.298 0.000 -0.067 0.877 -0.475 0.000 -0.372 0.420 0.828 0.000 0.000 0.000 0.000 1.000]]
		[0.9166667 [0.895 0.247 0.372 0.000 -0.030 0.865 -0.501 0.000 -0.445 0.437 0.781 0.000 0.000 0.000 0.000 1.000]]
		[0.9333333 [0.861 0.260 0.437 0.000 0.008 0.853 -0.523 0.000 -0.509 0.453 0.732 0.000 0.000 0.000 0.000 1.000]]
		[0.95 [0.826 0.272 0.494 0.000 0.046 0.841 -0.539 0.000 -0.562 0.468 0.682 0.000 0.000 0.000 0.000 1.000]]
		[0.9666666 [0.792 0.281 0.541 0.000 0.081 0.831 -0.551 0.000 -0.605 0.481 0.635 0.000 0.000 0.000 0.000 1.000]]
		[0.9833333 [0.762 0.290 0.580 0.000 0.113 0.822 -0.559 0.000 -0.638 0.491 0.593 0.000 0.000 0.000 0.000 1.000]]
	]
	"Golova" [
		[0 [1.000 0.000 0.000 0.000 0.000 0.985 -0.174 0.000 0.000 0.174 0.985 0.000 0.000 0.000 0.000 1.000]]
		[0.01666667 [0.999 0.000 0.045 0.000 0.008 0.985 -0.173 0.000 -0.045 0.174 0.984 0.000 0.000 0.000 0.000 1.000]]
		[0.03333334 [0.996 0.000 0.091 0.000 0.016 0.985 -0.173 0.000 -0.090 0.174 0.981 0.000 0.000 0.000 0.000 1.000]]
		[0.05 [0.990 0.000 0.139 0.000 0.024 0.985 -0.172 0.000 -0.137 0.174 0.975 0.000 0.000 0.000 0.000 1.000]]
		[0.06666667 [0.982 0.000 0.187 0.000 0.033 0.985 -0.171 0.000 -0.185 0.174 0.967 0.000 0.000 0.000 0.000 1.000]]
		[0.08333334 [0.972 0.000 0.236 0.000 0.041 0.985 -0.169 0.000 -0.233 0.174 0.957 0.000 0.000 0.000 0.000 1.000]]
		[0.1 [0.958 0.000 0.285 0.000 0.050 0.985 -0.166 0.000 -0.281 0.174 0.944 0.000 0.000 0.000 0.000 1.000]]
		[0.1166667 [0.943 0.000 0.334 0.000 0.058 0.985 -0.164 0.000 -0.329 0.174 0.928 0.000 0.000 0.000 0.000 1.000]]
		[0.1333333 [0.925 0.000 0.381 0.000 0.066 0.985 -0.161 0.000 -0.375 0.174 0.911 0.000 0.000 0.000 0.000 1.000]]
		[0.15 [0.904 0.000 0.427 0.000 0.074 0.985 -0.157 0.000 -0.421 0.174 0.890 0.000 0.000 0.000 0.000 1.000]]
		[0.1666667 [0.882 0.000 0.471 0.000 0.082 0.985 -0.153 0.000 -0.464 0.174 0.869 0.000 0.000 0.000 0.000 1.000]]
		[0.1833333 [0.858 0.000 0.514 0.000 0.089 0.985 -0.149 0.000 -0.506 0.174 0.845 0.000 0.000 0.000 0.000 1.000]]
		[0.2 [0.833 0.000 0.553 0.000 0.096 0.985 -0.145 0.000 -0.545 0.174 0.820 0.000 0.000 0.000 0.000 1.000]]
		[0.2166667 [0.807 0.000 0.591 0.000 0.103 0.985 -0.140 0.000 -0.582 0.174 0.795 0.000 0.000 0.000 0.000 1.000]]
		[0.2333333 [0.781 0.000 0.625 0.000 0.109 0.985 -0.136 0.000 -0.615 0.174 0.769 0.000 0.000 0.000 0.000 1.000]]
		[0.25 [0.755 0.000 0.656 0.000 0.114 0.985 -0.131 0.000 -0.646 0.174 0.743 0.000 0.000 0.000 0.000 1.000]]
		[0.2666667 [0.729 0.000 0.685 0.000 0.119 0.985 -0.127 0.000 -0.674 0.174 0.718 0.000 0.000 0.000 0.000 1.000]]
		[0.2833333 [0.705 0.000 0.710 0.000 0.123 0.985 -0.122 0.000 -0.699 0.174 0.694 0.000 0.000 0.000 0.000 1.000]]
		[0.3 [0.682 0.000 0.732 0.000 0.127 0.985 -0.118 0.000 -0.721 0.174 0.671 0.000 0.000 0.000 0.000 1.000]]
		[0.3166667 [0.661 0.000 0.750 0.000 0.130 0.985 -0.115 0.000 -0.739 0.174 0.651 0.000 0.000 0.000 0.000 1.000]]
		[0.3333333 [0.643 0.000 0.766 0.000 0.133 0.985 -0.112 0.000 -0.754 0.174 0.633 0.000 0.000 0.000 0.000 1.000]]
		[0.35 [0.625 -0.001 0.780 0.000 0.136 0.985 -0.109 0.000 -0.768 0.174 0.616 0.000 0.000 0.000 0.000 1.000]]
		[0.3666667 [0.609 -0.002 0.793 0.000 0.141 0.984 -0.106 0.000 -0.781 0.176 0.600 0.000 0.000 0.000 0.000 1.000]]
		[0.3833333 [0.592 -0.003 0.806 0.000 0.146 0.984 -0.103 0.000 -0.793 0.179 0.583 0.000 0.000 0.000 0.000 1.000]]
		[0.4 [0.576 -0.005 0.818 0.000 0.152 0.983 -0.100 0.000 -0.804 0.182 0.567 0.000 0.000 0.000 0.000 1.000]]
		[0.4166667 [0.560 -0.008 0.828 0.000 0.158 0.983 -0.097 0.000 -0.813 0.186 0.551 0.000 0.000 0.000 0.000 1.000]]
		[0.4333333 [0.545 -0.011 0.838 0.000 0.165 0.982 -0.095 0.000 -0.822 0.190 0.537 0.000 0.000 0.000 0.000 1.000]]
		[0.45 [0.532 -0.014 0.846 0.000 0.171 0.981 -0.092 0.000 -0.829 0.194 0.525 0.000 0.000 0.000 0.000 1.000]]
		[0.4666667 [0.521 -0.016 0.853 0.000 0.178 0.980 -0.090 0.000 -0.835 0.198 0.514 0.000 0.000 0.000 0.000 1.000]]
		[0.4833333 [0.512 -0.019 0.859 0.000 0.183 0.979 -0.088 0.000 -0.839 0.202 0.505 0.000 0.000 0.000 0.000 1.000]]
		[0.5 [0.505 -0.021 0.863 0.000 0.188 0.978 -0.086 0.000 -0.842 0.206 0.499 0.000 0.000 0.000 0.000 1.000]]
		[0.5166667 [0.502 -0.023 0.865 0.000 0.192 0.978 -0.085 0.000 -0.843 0.209 0.495 0.000 0.000 0.000 0.000 1.000]]
		[0.5333334 [0.501 -0.025 0.865 0.000 0.194 0.977 -0.085 0.000 -0.843 0.211 0.495 0.000 0.000 0.000 0.000 1.000]]
		[0.55 [0.504 -0.025 0.863 0.000 0.195 0.977 -0.086 0.000 -0.841 0.212 0.498 0.000 0.000 0.000 0.000 1.000]]
		[0.5666667 [0.511 -0.025 0.859 0.000 0.194 0.977 -0.087 0.000 -0.837 0.211 0.504 0.000 0.000 0.000 0.000 1.000]]
		[0.5833333 [0.522 -0.024 0.852 0.000 0.191 0.977 -0.090 0.000 -0.831 0.210 0.515 0.000 0.000 0.000 0.000 1.000]]
		[0.6 [0.538 -0.022 0.843 0.000 0.186 0.978 -0.093 0.000 -0.822 0.207 0.530 0.000 0.000 0.000 0.000 1.000]]
		[0.6166667 [0.557 -0.019 0.830 0.000 0.177 0.979 -0.097 0.000 -0.811 0.202 0.549 0.000 0.000 0.000 0.000 1.000]]
		[0.6333333 [0.582 -0.014 0.813 0.000 0.166 0.981 -0.102 0.000 -0.796 0.194 0.573 0.000 0.000 0.000 0.000 1.000]]
		[0.65 [0.610 -0.008 0.793 0.000 0.152 0.983 -0.107 0.000 -0.778 0.185 0.600 0.000 0.000 0.000 0.000 1.000]]
		[0.6666667 [0.643 0.000 0.766 0.000 0.133 0.985 -0.112 0.000 -0.754 0.174 0.633 0.000 0.000 0.000 0.000 1.000]]
		[0.6833333 [0.682 0.010 0.731 0.000 0.109 0.987 -0.116 0.000 -0.723 0.159 0.672 0.000 0.000 0.000 0.000 1.000]]
		[0.7 [0.726 0.022 0.687 0.000 0.081 0.990 -0.117 0.000 -0.683 0.141 0.717 0.000 0.000 0.000 0.000 1.000]]
		[0.7166666 [0.774 0.037 0.632 0.000 0.047 0.992 -0.115 0.000 -0.631 0.119 0.767 0.000 0.000 0.000 0.000 1.000]]
		[0.7333333 [0.823 0.053 0.566 0.000 0.010 0.994 -0.108 0.000 -0.568 0.095 0.817 0.000 0.000 0.000 0.000 1.000]]
		[0.75 [0.869 0.071 0.490 0.000 -0.028 0.995 -0.094 0.000 -0.494 0.068 0.867 0.000 0.000 0.000 0.000 1.000]]
		[0.7666667 [0.910 0.090 0.405 0.000 -0.066 0.995 -0.073 0.000 -0.410 0.039 0.911 0.000 0.000 0.000 0.000 1.000]]
