{ :name "Dead" :length 0 :bones { 
	"Skelet" [
		[0 [1.000 0.000 0.000 0.000 0.000 -1.000 0.000 0.000 0.000 0.000 -1.000 0.000 0.000 0.000 -1.050 1.000]]
	]
	"Bedro_L" [
		[0 [-0.308 -0.171 0.936 0.000 0.220 -0.970 -0.105 0.000 0.925 0.174 0.337 0.000 0.123 -0.038 0.000 1.000]]
	]
	"Koleno_L" [
		[0 [-0.940 0.342 -0.004 0.000 0.342 0.940 -0.011 0.000 0.000 -0.011 -1.000 0.000 0.000 0.532 0.000 1.000]]
	]
	"Koleno_L_end" [
		[0 [1.000 0.000 0.000 0.000 0.000 1.000 0.000 0.000 0.000 0.000 1.000 0.000 0.000 0.578 0.000 1.000]]
	]
	"Bedro_P" [
		[0 [0.308 -0.171 0.936 0.000 -0.220 -0.970 -0.105 0.000 0.925 -0.174 -0.337 0.000 -0.123 -0.038 0.000 1.000]]
	]
	"Koleno_P" [
		[0 [-0.940 0.342 0.000 0.000 0.342 0.940 0.000 0.000 0.000 0.000 -1.000 0.000 0.000 0.532 0.000 1.000]]
	]
	"Koleno_P_end" [
		[0 [1.000 0.000 0.000 0.000 0.000 1.000 0.000 0.000 0.000 0.000 1.000 0.000 0.000 0.578 0.000 1.000]]
	]
	"Tors" [
		[0 [1.000 0.000 0.000 0.000 0.000 1.000 0.000 0.000 0.000 0.000 1.000 0.000 0.000 0.130 0.000 1.000]]
	]
	"Golova" [
		[0 [0.500 0.000 0.866 0.000 0.000 1.000 0.000 0.000 -0.866 0.000 0.500 0.000 0.000 0.596 0.000 1.000]]
	]
	"Golova_end" [
		[0 [1.000 0.000 0.000 0.000 0.000 1.000 0.000 0.000 0.000 0.000 1.000 0.000 0.000 0.315 0.000 1.000]]
	]
	"Kluchitsa_L" [
		[0 [0.000 0.000 1.000 0.000 1.000 0.000 0.000 0.000 0.000 1.000 0.000 0.000 0.000 0.470 0.000 1.000]]
	]
	"Kluchitsa_L_end" [
		[0 [1.000 0.000 0.000 0.000 0.000 1.000 0.000 0.000 0.000 0.000 1.000 0.000 0.000 0.300 0.000 1.000]]
	]
	"Kluchitsa_P" [
		[0 [0.000 0.000 -1.000 0.000 -1.000 0.000 0.000 0.000 0.000 1.000 0.000 0.000 0.000 0.470 0.000 1.000]]
	]
	"Kluchitsa_P_end" [
		[0 [1.000 0.000 0.000 0.000 0.000 1.000 0.000 0.000 0.000 0.000 1.000 0.000 0.000 0.300 0.000 1.000]]
	]
	"Ruka_L" [
		[0 [0.000 0.000 1.000 0.000 0.866 -0.500 0.000 0.000 0.500 0.866 0.000 0.000 0.279 0.394 -0.035 1.000]]
	]
	"Lokot_L" [
		[0 [1.000 0.000 0.000 0.000 0.000 1.000 0.000 0.000 0.000 0.000 1.000 0.000 0.000 0.316 0.000 1.000]]
	]
	"Lokot_L_end" [
		[0 [1.000 0.000 0.000 0.000 0.000 1.000 0.000 0.000 0.000 0.000 1.000 0.000 0.000 0.469 0.000 1.000]]
	]
	"Ruka_P" [
		[0 [0.000 0.000 1.000 0.000 -0.866 -0.500 0.000 0.000 0.500 -0.866 0.000 0.000 -0.279 0.394 -0.035 1.000]]
	]
	"Lokot_P" [
		[0 [1.000 0.000 0.000 0.000 0.000 1.000 0.000 0.000 0.000 0.000 1.000 0.000 0.000 0.316 0.000 1.000]]
	]
	"Lokot_P_end" [
		[0 [1.000 0.000 0.000 0.000 0.000 1.000 0.000 0.000 0.000 0.000 1.000 0.000 0.000 0.469 0.000 1.000]]
	]
	"Camera" [
		[0 [-65.486 44.525 61.067 0.000 31.737 89.534 -31.247 0.000 -68.588 -1.082 -72.763 0.000 -748.113 534.367 650.764 1.000]]
	]
	"Lamp" [
		[0 [-29.087 5.519 95.517 0.000 -56.639 79.467 -21.839 0.000 -77.110 -60.452 -19.988 0.000 -407.625 590.386 -100.545 1.000]]
	]
	"Mag" [
		[0 [100.000 0.000 0.000 0.000 0.000 0.000 -100.000 0.000 0.000 100.000 0.000 0.000 0.000 100.000 0.000 1.000]]
	]
} }