{ :name "Dead" :length 0 :bones { 
	"Armature" [
		[0 [1.000 0.000 0.000 0.000 0.000 1.000 0.000 0.000 0.000 0.000 1.000 0.000 0.000 0.000 0.000 1.000]]
	]
	"Skelet" [
		[0 [1.000 0.000 0.000 0.000 0.000 0.000 1.000 0.000 0.000 -1.000 0.000 0.000 0.000 -0.011 0.000 1.000]]
	]
	"Bedro_L" [
		[0 [0.945 0.093 -0.313 0.000 -0.032 0.980 0.194 0.000 0.325 -0.173 0.930 0.000 0.000 0.000 0.000 1.000]]
	]
	"Koleno_L" [
		[0 [0.979 0.205 0.001 0.000 -0.205 0.979 0.000 0.000 -0.001 0.000 1.000 0.000 0.000 0.000 0.000 1.000]]
	]
	"Koleno_L_end" [
		[0 [1.000 0.000 0.000 0.000 0.000 1.000 0.000 0.000 0.000 0.000 1.000 0.000 0.000 0.000 0.000 1.000]]
	]
	"Bedro_P" [
		[0 [0.946 0.093 0.309 0.000 -0.033 0.980 -0.194 0.000 -0.321 0.173 0.931 0.000 0.000 0.000 0.000 1.000]]
	]
	"Koleno_P" [
		[0 [0.979 0.205 0.009 0.000 -0.205 0.979 0.009 0.000 -0.007 -0.011 1.000 0.000 0.000 0.000 0.000 1.000]]
	]
	"Koleno_P_end" [
		[0 [1.000 0.000 0.000 0.000 0.000 1.000 0.000 0.000 0.000 0.000 1.000 0.000 0.000 0.000 0.000 1.000]]
	]
	"Tors" [
		[0 [1.000 0.000 0.000 0.000 0.000 1.000 0.000 0.000 0.000 0.000 1.000 0.000 0.000 0.000 0.000 1.000]]
	]
	"Golova" [
		[0 [0.500 0.000 0.866 0.000 0.000 1.000 0.000 0.000 -0.866 0.000 0.500 0.000 0.000 0.000 0.000 1.000]]
	]
	"Golova_end" [
		[0 [1.000 0.000 0.000 0.000 0.000 1.000 0.000 0.000 0.000 0.000 1.000 0.000 0.000 0.000 0.000 1.000]]
	]
	"Kluchitsa_L" [
		[0 [1.000 0.000 0.000 0.000 0.000 1.000 0.000 0.000 0.000 0.000 1.000 0.000 0.000 0.000 0.000 1.000]]
	]
	"Kluchitsa_L_end" [
		[0 [1.000 0.000 0.000 0.000 0.000 1.000 0.000 0.000 0.000 0.000 1.000 0.000 0.000 0.000 0.000 1.000]]
	]
	"Kluchitsa_P" [
		[0 [1.000 0.000 0.000 0.000 0.000 1.000 0.000 0.000 0.000 0.000 1.000 0.000 0.000 0.000 0.000 1.000]]
	]
	"Kluchitsa_P_end" [
		[0 [1.000 0.000 0.000 0.000 0.000 1.000 0.000 0.000 0.000 0.000 1.000 0.000 0.000 0.000 0.000 1.000]]
	]
	"Ruka_L" [
		[0 [0.994 0.110 0.000 0.000 -0.092 0.829 0.551 0.000 0.061 -0.548 0.835 0.000 0.000 0.000 0.000 1.000]]
	]
	"Lokot_L" [
		[0 [0.983 -0.184 -0.001 0.000 0.184 0.983 0.011 0.000 -0.001 -0.011 1.000 0.000 0.000 0.000 0.000 1.000]]
	]
	"Lokot_L_end" [
		[0 [1.000 0.000 0.000 0.000 0.000 1.000 0.000 0.000 0.000 0.000 1.000 0.000 0.000 0.000 0.000 1.000]]
	]
	"Ruka_P" [
		[0 [0.988 0.110 0.109 0.000 -0.031 0.829 -0.558 0.000 -0.152 0.548 0.823 0.000 0.000 0.000 0.000 1.000]]
	]
	"Lokot_P" [
		[0 [0.967 -0.184 -0.179 0.000 0.182 0.983 -0.024 0.000 0.180 -0.009 0.984 0.000 0.000 0.000 0.000 1.000]]
	]
	"Lokot_P_end" [
		[0 [1.000 0.000 0.000 0.000 0.000 1.000 0.000 0.000 0.000 0.000 1.000 0.000 0.000 0.000 0.000 1.000]]
	]
	"Camera" [
		[0 [1.000 0.000 0.000 0.000 0.000 1.000 0.000 0.000 0.000 0.000 1.000 0.000 0.000 0.000 0.000 1.000]]
	]
	"Lamp" [
		[0 [1.000 0.000 0.000 0.000 0.000 1.000 0.000 0.000 0.000 0.000 1.000 0.000 0.000 0.000 0.000 1.000]]
	]
	"Mag" [
		[0 [1.000 0.000 0.000 0.000 0.000 1.000 0.000 0.000 0.000 0.000 1.000 0.000 0.000 0.000 0.000 1.000]]
	]
} }