{ :name "Death" :length 0.6666667 :bones { 
	"Skelet" [
		[ 0 [ 0 1 2 3 ] ]
		[ 0.01666667 [ 0 4 5 6 ] ]
		[ 0.03333334 [ 0 7 8 9 ] ]
		[ 0.05 [ 0 10 11 12 ] ]
		[ 0.06666667 [ 0 13 14 15 ] ]
		[ 0.08333334 [ 0 16 17 18 ] ]
		[ 0.1 [ 0 19 20 21 ] ]
		[ 0.1166667 [ 0 22 23 24 ] ]
		[ 0.1333333 [ 0 25 26 27 ] ]
		[ 0.15 [ 0 28 29 30 ] ]
		[ 0.1666667 [ 0 1 2 31 ] ]
		[ 0.1833333 [ 0 32 33 34 ] ]
		[ 0.2 [ 0 35 36 37 ] ]
		[ 0.2166667 [ 0 38 39 40 ] ]
		[ 0.2333333 [ 0 41 42 43 ] ]
		[ 0.25 [ 0 44 45 46 ] ]
		[ 0.2666667 [ 0 47 48 49 ] ]
		[ 0.2833333 [ 0 50 51 52 ] ]
		[ 0.3 [ 0 53 54 55 ] ]
		[ 0.3166667 [ 0 56 57 58 ] ]
		[ 0.3333333 [ 0 59 60 61 ] ]
		[ 0.35 [ 0 62 63 34 ] ]
		[ 0.3666667 [ 0 64 65 3 ] ]
		[ 0.3833334 [ 0 66 67 68 ] ]
		[ 0.4 [ 0 69 70 71 ] ]
		[ 0.4166667 [ 0 72 73 74 ] ]
		[ 0.4333333 [ 0 75 76 77 ] ]
		[ 0.45 [ 0 78 79 80 ] ]
		[ 0.4666667 [ 0 81 82 83 ] ]
		[ 0.4833333 [ 0 84 85 86 ] ]
		[ 0.5 [ 0 2 87 88 ] ]
		[ 0.5166667 [ 0 89 90 91 ] ]
		[ 0.5333334 [ 0 92 93 94 ] ]
		[ 0.55 [ 0 95 96 97 ] ]
		[ 0.5666667 [ 0 98 99 100 ] ]
		[ 0.5833334 [ 0 2 87 87 ] ]
		[ 0.6 [ 0 2 87 101 ] ]
		[ 0.6166667 [ 0 2 87 102 ] ]
		[ 0.6333333 [ 0 2 87 103 ] ]
		[ 0.65 [ 0 2 87 104 ] ]
	]
	"Bedro_L" [
		[ 0 [ 105 106 0 107 ] ]
		[ 0.01666667 [ 108 109 110 107 ] ]
		[ 0.03333334 [ 111 112 113 107 ] ]
		[ 0.05 [ 114 115 116 107 ] ]
		[ 0.06666667 [ 117 118 119 107 ] ]
		[ 0.08333334 [ 120 121 122 107 ] ]
		[ 0.1 [ 123 124 125 107 ] ]
		[ 0.1166667 [ 123 126 127 107 ] ]
		[ 0.1333333 [ 128 129 122 107 ] ]
		[ 0.15 [ 130 131 132 107 ] ]
		[ 0.1666667 [ 105 106 0 107 ] ]
		[ 0.1833333 [ 133 134 135 107 ] ]
		[ 0.2 [ 136 137 138 107 ] ]
		[ 0.2166667 [ 139 140 141 107 ] ]
		[ 0.2333333 [ 142 143 144 107 ] ]
		[ 0.25 [ 145 146 147 107 ] ]
		[ 0.2666667 [ 148 149 150 107 ] ]
		[ 0.2833333 [ 151 152 153 107 ] ]
		[ 0.3 [ 154 155 156 107 ] ]
		[ 0.3166667 [ 157 158 159 107 ] ]
		[ 0.3333333 [ 160 161 162 107 ] ]
		[ 0.35 [ 163 164 165 107 ] ]
		[ 0.3666667 [ 166 167 168 107 ] ]
		[ 0.3833334 [ 169 170 171 107 ] ]
		[ 0.4 [ 172 173 174 107 ] ]
		[ 0.4166667 [ 175 176 177 107 ] ]
		[ 0.4333333 [ 178 179 180 107 ] ]
		[ 0.45 [ 181 182 183 107 ] ]
		[ 0.4666667 [ 184 185 186 107 ] ]
		[ 0.4833333 [ 187 188 189 107 ] ]
		[ 0.5 [ 190 191 162 107 ] ]
		[ 0.5166667 [ 192 193 162 107 ] ]
		[ 0.5333334 [ 194 195 162 107 ] ]
		[ 0.55 [ 196 197 162 107 ] ]
		[ 0.5666667 [ 198 199 162 107 ] ]
		[ 0.5833334 [ 200 201 162 107 ] ]
		[ 0.6 [ 202 203 162 107 ] ]
		[ 0.6166667 [ 204 205 162 107 ] ]
		[ 0.6333333 [ 206 207 162 107 ] ]
		[ 0.65 [ 208 209 162 107 ] ]
	]
	"Koleno_L" [
		[ 0 [ 210 211 212 213 ] ]
		[ 0.01666667 [ 210 211 212 213 ] ]
		[ 0.03333334 [ 210 211 212 213 ] ]
		[ 0.05 [ 210 211 212 213 ] ]
		[ 0.06666667 [ 210 211 212 213 ] ]
		[ 0.08333334 [ 210 211 212 213 ] ]
		[ 0.1 [ 210 211 212 213 ] ]
		[ 0.1166667 [ 210 211 212 213 ] ]
		[ 0.1333333 [ 210 211 212 213 ] ]
		[ 0.15 [ 210 211 212 213 ] ]
		[ 0.1666667 [ 210 211 212 213 ] ]
		[ 0.1833333 [ 210 211 212 213 ] ]
		[ 0.2 [ 210 211 212 213 ] ]
		[ 0.2166667 [ 210 211 212 213 ] ]
		[ 0.2333333 [ 210 211 212 213 ] ]
		[ 0.25 [ 210 211 212 213 ] ]
		[ 0.2666667 [ 210 211 212 213 ] ]
		[ 0.2833333 [ 210 211 212 213 ] ]
		[ 0.3 [ 210 211 212 213 ] ]
		[ 0.3166667 [ 210 211 212 213 ] ]
		[ 0.3333333 [ 210 211 212 213 ] ]
		[ 0.35 [ 210 211 212 213 ] ]
		[ 0.3666667 [ 210 211 212 213 ] ]
		[ 0.3833334 [ 210 211 212 213 ] ]
		[ 0.4 [ 210 211 212 213 ] ]
		[ 0.4166667 [ 210 211 212 213 ] ]
		[ 0.4333333 [ 210 211 212 213 ] ]
		[ 0.45 [ 210 211 212 213 ] ]
		[ 0.4666667 [ 210 211 212 213 ] ]
		[ 0.4833333 [ 210 211 212 213 ] ]
		[ 0.5 [ 210 211 212 213 ] ]
		[ 0.5166667 [ 214 215 212 213 ] ]
		[ 0.5333334 [ 216 217 212 213 ] ]
		[ 0.55 [ 218 219 212 213 ] ]
		[ 0.5666667 [ 220 221 212 213 ] ]
		[ 0.5833334 [ 210 211 212 213 ] ]
		[ 0.6 [ 222 223 212 213 ] ]
		[ 0.6166667 [ 224 225 212 213 ] ]
		[ 0.6333333 [ 226 227 212 213 ] ]
		[ 0.65 [ 228 229 212 213 ] ]
	]
	"Koleno_L_end" [
		[ 0 [ 0 230 1 231 ] ]
	]
	"Bedro_P" [
		[ 0 [ 59 60 0 232 ] ]
		[ 0.01666667 [ 233 234 235 232 ] ]
		[ 0.03333334 [ 236 237 238 232 ] ]
		[ 0.05 [ 239 240 241 232 ] ]
		[ 0.06666667 [ 242 243 244 232 ] ]
		[ 0.08333334 [ 245 246 135 232 ] ]
		[ 0.1 [ 247 248 249 232 ] ]
		[ 0.1166667 [ 247 248 250 232 ] ]
		[ 0.1333333 [ 245 251 135 232 ] ]
		[ 0.15 [ 252 253 254 232 ] ]
		[ 0.1666667 [ 59 60 0 232 ] ]
		[ 0.1833333 [ 255 256 122 232 ] ]
		[ 0.2 [ 257 258 259 232 ] ]
		[ 0.2166667 [ 260 261 262 232 ] ]
		[ 0.2333333 [ 263 264 265 232 ] ]
		[ 0.25 [ 266 267 268 232 ] ]
		[ 0.2666667 [ 269 270 271 232 ] ]
		[ 0.2833333 [ 272 273 274 232 ] ]
		[ 0.3 [ 275 276 277 232 ] ]
		[ 0.3166667 [ 278 279 280 232 ] ]
		[ 0.3333333 [ 281 282 283 232 ] ]
		[ 0.35 [ 284 285 286 232 ] ]
		[ 0.3666667 [ 287 288 289 232 ] ]
		[ 0.3833334 [ 290 291 292 232 ] ]
		[ 0.4 [ 293 294 295 232 ] ]
		[ 0.4166667 [ 296 297 298 232 ] ]
		[ 0.4333333 [ 299 300 301 232 ] ]
		[ 0.45 [ 302 303 304 232 ] ]
		[ 0.4666667 [ 305 306 307 232 ] ]
		[ 0.4833333 [ 308 309 310 232 ] ]
		[ 0.5 [ 311 312 283 232 ] ]
		[ 0.5166667 [ 313 314 283 232 ] ]
		[ 0.5333334 [ 315 316 283 232 ] ]
		[ 0.55 [ 317 318 283 232 ] ]
		[ 0.5666667 [ 319 320 283 232 ] ]
		[ 0.5833334 [ 321 322 283 232 ] ]
		[ 0.6 [ 323 324 283 232 ] ]
		[ 0.6166667 [ 325 326 283 232 ] ]
		[ 0.6333333 [ 327 328 283 232 ] ]
		[ 0.65 [ 329 330 283 232 ] ]
	]
	"Koleno_P" [
		[ 0 [ 230 0 87 213 ] ]
		[ 0.01666667 [ 331 332 87 213 ] ]
		[ 0.03333334 [ 333 334 87 213 ] ]
		[ 0.05 [ 335 336 87 213 ] ]
		[ 0.06666667 [ 337 338 87 213 ] ]
		[ 0.08333334 [ 339 340 87 213 ] ]
		[ 0.1 [ 341 342 87 213 ] ]
		[ 0.1166667 [ 343 344 87 213 ] ]
		[ 0.1333333 [ 345 346 87 213 ] ]
		[ 0.15 [ 347 348 87 213 ] ]
		[ 0.1666667 [ 230 0 87 213 ] ]
		[ 0.1833333 [ 349 350 87 213 ] ]
		[ 0.2 [ 351 352 87 213 ] ]
		[ 0.2166667 [ 353 354 87 213 ] ]
		[ 0.2333333 [ 355 356 87 213 ] ]
		[ 0.25 [ 357 358 87 213 ] ]
		[ 0.2666667 [ 359 360 87 213 ] ]
		[ 0.2833333 [ 361 362 87 213 ] ]
		[ 0.3 [ 363 364 87 213 ] ]
		[ 0.3166667 [ 365 366 87 213 ] ]
		[ 0.3333333 [ 367 368 87 213 ] ]
		[ 0.35 [ 369 370 87 213 ] ]
		[ 0.3666667 [ 371 372 87 213 ] ]
		[ 0.3833334 [ 373 374 87 213 ] ]
		[ 0.4 [ 375 376 87 213 ] ]
		[ 0.4166667 [ 377 378 87 213 ] ]
		[ 0.4333333 [ 379 380 87 213 ] ]
		[ 0.45 [ 381 382 87 213 ] ]
		[ 0.4666667 [ 383 384 87 213 ] ]
		[ 0.4833333 [ 385 386 87 213 ] ]
		[ 0.5 [ 367 368 87 213 ] ]
		[ 0.5166667 [ 387 388 87 213 ] ]
		[ 0.5333334 [ 389 390 87 213 ] ]
		[ 0.55 [ 391 392 87 213 ] ]
		[ 0.5666667 [ 393 394 87 213 ] ]
		[ 0.5833334 [ 367 368 87 213 ] ]
		[ 0.6 [ 395 396 87 213 ] ]
		[ 0.6166667 [ 397 398 87 213 ] ]
		[ 0.6333333 [ 399 400 87 213 ] ]
		[ 0.65 [ 401 402 87 213 ] ]
	]
	"Koleno_P_end" [
		[ 0 [ 0 230 1 231 ] ]
	]
	"Tors" [
		[ 0 [ 0 230 1 403 ] ]
		[ 0.01666667 [ 0 404 405 403 ] ]
		[ 0.03333334 [ 0 406 407 403 ] ]
		[ 0.05 [ 0 408 409 403 ] ]
		[ 0.06666667 [ 0 410 411 403 ] ]
		[ 0.08333334 [ 0 412 413 403 ] ]
		[ 0.1 [ 0 414 415 403 ] ]
		[ 0.1166667 [ 0 416 417 403 ] ]
		[ 0.1333333 [ 0 418 419 403 ] ]
		[ 0.15 [ 0 420 421 403 ] ]
		[ 0.1666667 [ 0 422 423 403 ] ]
		[ 0.1833333 [ 0 424 425 403 ] ]
		[ 0.2 [ 0 426 427 403 ] ]
		[ 0.2166667 [ 0 428 429 403 ] ]
		[ 0.2333333 [ 0 430 431 403 ] ]
		[ 0.25 [ 0 432 433 403 ] ]
		[ 0.2666667 [ 0 430 431 403 ] ]
		[ 0.2833333 [ 0 428 429 403 ] ]
		[ 0.3 [ 0 426 427 403 ] ]
		[ 0.3166667 [ 0 424 425 403 ] ]
		[ 0.3333333 [ 0 422 423 403 ] ]
		[ 0.35 [ 0 434 435 403 ] ]
		[ 0.3666667 [ 0 436 437 403 ] ]
		[ 0.3833334 [ 0 438 439 403 ] ]
		[ 0.4 [ 0 440 441 403 ] ]
		[ 0.4166667 [ 0 442 443 403 ] ]
		[ 0.4333333 [ 0 444 445 403 ] ]
		[ 0.45 [ 0 446 447 403 ] ]
		[ 0.4666667 [ 0 448 449 403 ] ]
		[ 0.4833333 [ 0 450 13 403 ] ]
		[ 0.5 [ 0 230 1 403 ] ]
		[ 0.5166667 [ 0 451 452 403 ] ]
		[ 0.5333334 [ 0 453 454 403 ] ]
		[ 0.55 [ 0 455 456 403 ] ]
		[ 0.5666667 [ 0 457 458 403 ] ]
		[ 0.5833334 [ 0 230 1 403 ] ]
		[ 0.6 [ 0 230 1 403 ] ]
		[ 0.6166667 [ 0 230 1 403 ] ]
		[ 0.6333333 [ 0 230 1 403 ] ]
		[ 0.65 [ 0 230 1 403 ] ]
	]
	"Golova" [
		[ 0 [ 0 459 460 461 ] ]
		[ 0.01666667 [ 0 462 463 461 ] ]
		[ 0.03333334 [ 0 464 465 461 ] ]
		[ 0.05 [ 0 466 467 461 ] ]
		[ 0.06666667 [ 0 468 469 461 ] ]
		[ 0.08333334 [ 0 470 471 461 ] ]
		[ 0.1 [ 0 472 473 461 ] ]
		[ 0.1166667 [ 0 474 475 461 ] ]
		[ 0.1333333 [ 0 476 477 461 ] ]
		[ 0.15 [ 0 478 479 461 ] ]
		[ 0.1666667 [ 0 422 423 461 ] ]
		[ 0.1833333 [ 0 480 481 461 ] ]
		[ 0.2 [ 0 420 421 461 ] ]
		[ 0.2166667 [ 0 482 483 461 ] ]
		[ 0.2333333 [ 0 484 485 461 ] ]
		[ 0.25 [ 0 486 487 461 ] ]
		[ 0.2666667 [ 0 488 489 461 ] ]
		[ 0.2833333 [ 0 490 491 461 ] ]
		[ 0.3 [ 0 492 493 461 ] ]
		[ 0.3166667 [ 0 494 495 461 ] ]
		[ 0.3333333 [ 0 459 460 461 ] ]
		[ 0.35 [ 0 496 497 461 ] ]
		[ 0.3666667 [ 0 496 497 461 ] ]
		[ 0.3833334 [ 0 498 499 461 ] ]
		[ 0.4 [ 0 500 501 461 ] ]
		[ 0.4166667 [ 0 502 503 461 ] ]
		[ 0.4333333 [ 0 504 505 461 ] ]
		[ 0.45 [ 0 506 507 461 ] ]
		[ 0.4666667 [ 0 508 509 461 ] ]
		[ 0.4833333 [ 0 510 511 461 ] ]
		[ 0.5 [ 0 459 460 461 ] ]
		[ 0.5166667 [ 512 513 514 461 ] ]
		[ 0.5333334 [ 515 516 517 461 ] ]
		[ 0.55 [ 518 519 520 461 ] ]
		[ 0.5666667 [ 521 522 523 461 ] ]
		[ 0.5833334 [ 0 524 525 461 ] ]
		[ 0.6 [ 526 527 528 461 ] ]
		[ 0.6166667 [ 529 530 531 461 ] ]
		[ 0.6333333 [ 532 533 534 461 ] ]
		[ 0.65 [ 535 536 537 461 ] ]
	]
	"Golova_end" [
		[ 0 [ 0 230 1 538 ] ]
	]
	"Kluchitsa_L" [
		[ 0 [ 1 0 230 539 ] ]
	]
	"Kluchitsa_L_end" [
		[ 0 [ 0 230 1 540 ] ]
	]
	"Kluchitsa_P" [
		[ 0 [ 87 541 230 539 ] ]
	]
	"Kluchitsa_P_end" [
		[ 0 [ 0 230 1 540 ] ]
	]
	"Ruka_L" [
		[ 0 [ 542 543 544 545 ] ]
		[ 0.01666667 [ 546 547 548 545 ] ]
		[ 0.03333334 [ 549 550 551 545 ] ]
		[ 0.05 [ 552 553 554 545 ] ]
		[ 0.06666667 [ 555 556 557 545 ] ]
		[ 0.08333334 [ 558 559 560 545 ] ]
		[ 0.1 [ 561 562 563 545 ] ]
		[ 0.1166667 [ 564 565 566 545 ] ]
		[ 0.1333333 [ 567 568 569 545 ] ]
		[ 0.15 [ 570 571 572 545 ] ]
		[ 0.1666667 [ 573 574 230 545 ] ]
		[ 0.1833333 [ 575 576 577 545 ] ]
		[ 0.2 [ 578 579 580 545 ] ]
		[ 0.2166667 [ 581 582 583 545 ] ]
		[ 0.2333333 [ 584 585 586 545 ] ]
		[ 0.25 [ 587 588 589 545 ] ]
		[ 0.2666667 [ 590 591 592 545 ] ]
		[ 0.2833333 [ 593 594 595 545 ] ]
		[ 0.3 [ 596 597 598 545 ] ]
		[ 0.3166667 [ 599 600 601 545 ] ]
		[ 0.3333333 [ 1 0 230 545 ] ]
		[ 0.35 [ 602 603 604 545 ] ]
		[ 0.3666667 [ 605 606 607 545 ] ]
		[ 0.3833334 [ 608 609 610 545 ] ]
		[ 0.4 [ 611 612 613 545 ] ]
		[ 0.4166667 [ 552 614 615 545 ] ]
		[ 0.4333333 [ 616 617 618 545 ] ]
		[ 0.45 [ 619 620 621 545 ] ]
		[ 0.4666667 [ 622 623 624 545 ] ]
		[ 0.4833333 [ 625 626 627 545 ] ]
		[ 0.5 [ 1 0 230 545 ] ]
		[ 0.5166667 [ 628 629 630 545 ] ]
		[ 0.5333334 [ 631 632 633 545 ] ]
		[ 0.55 [ 634 635 636 545 ] ]
		[ 0.5666667 [ 637 638 639 545 ] ]
		[ 0.5833334 [ 640 641 642 545 ] ]
		[ 0.6 [ 643 644 645 545 ] ]
		[ 0.6166667 [ 646 647 648 545 ] ]
		[ 0.6333333 [ 649 650 651 545 ] ]
		[ 0.65 [ 652 653 654 545 ] ]
	]
	"Lokot_L" [
		[ 0 [ 655 656 657 658 ] ]
		[ 0.01666667 [ 659 660 661 658 ] ]
		[ 0.03333334 [ 662 663 664 658 ] ]
		[ 0.05 [ 665 666 667 658 ] ]
		[ 0.06666667 [ 668 669 670 658 ] ]
		[ 0.08333334 [ 671 672 673 658 ] ]
		[ 0.1 [ 674 675 676 658 ] ]
		[ 0.1166667 [ 677 678 4 658 ] ]
		[ 0.1333333 [ 679 680 681 658 ] ]
		[ 0.15 [ 682 683 684 658 ] ]
		[ 0.1666667 [ 685 686 1 658 ] ]
		[ 0.1833333 [ 687 688 1 658 ] ]
		[ 0.2 [ 689 690 691 658 ] ]
		[ 0.2166667 [ 692 693 691 658 ] ]
		[ 0.2333333 [ 694 695 691 658 ] ]
		[ 0.25 [ 696 697 691 658 ] ]
		[ 0.2666667 [ 698 699 691 658 ] ]
		[ 0.2833333 [ 700 701 1 658 ] ]
		[ 0.3 [ 702 703 1 658 ] ]
		[ 0.3166667 [ 704 705 1 658 ] ]
		[ 0.3333333 [ 706 707 1 658 ] ]
		[ 0.35 [ 708 709 1 658 ] ]
		[ 0.3666667 [ 710 711 1 658 ] ]
		[ 0.3833334 [ 712 713 1 658 ] ]
		[ 0.4 [ 714 715 1 658 ] ]
		[ 0.4166667 [ 716 717 1 658 ] ]
		[ 0.4333333 [ 718 719 1 658 ] ]
		[ 0.45 [ 720 721 1 658 ] ]
		[ 0.4666667 [ 722 723 1 658 ] ]
		[ 0.4833333 [ 724 725 1 658 ] ]
		[ 0.5 [ 706 707 1 658 ] ]
		[ 0.5166667 [ 726 727 1 658 ] ]
		[ 0.5333334 [ 682 728 1 658 ] ]
		[ 0.55 [ 729 730 1 658 ] ]
		[ 0.5666667 [ 731 732 1 658 ] ]
		[ 0.5833334 [ 0 230 1 658 ] ]
		[ 0.6 [ 733 734 1 658 ] ]
		[ 0.6166667 [ 735 736 1 658 ] ]
		[ 0.6333333 [ 737 738 1 658 ] ]
		[ 0.65 [ 739 740 1 658 ] ]
	]
	"Lokot_L_end" [
		[ 0 [ 0 230 1 741 ] ]
	]
	"Ruka_P" [
		[ 0 [ 587 742 743 744 ] ]
		[ 0.01666667 [ 745 746 747 744 ] ]
		[ 0.03333334 [ 748 749 750 744 ] ]
		[ 0.05 [ 751 752 753 744 ] ]
		[ 0.06666667 [ 754 755 756 744 ] ]
		[ 0.08333334 [ 757 758 759 744 ] ]
		[ 0.1 [ 760 761 762 744 ] ]
		[ 0.1166667 [ 763 764 765 744 ] ]
		[ 0.1333333 [ 766 767 768 744 ] ]
		[ 0.15 [ 769 770 771 744 ] ]
		[ 0.1666667 [ 772 773 2 744 ] ]
		[ 0.1833333 [ 774 775 776 744 ] ]
		[ 0.2 [ 777 778 779 744 ] ]
		[ 0.2166667 [ 780 781 782 744 ] ]
		[ 0.2333333 [ 783 784 785 744 ] ]
		[ 0.25 [ 542 786 787 744 ] ]
		[ 0.2666667 [ 788 789 790 744 ] ]
		[ 0.2833333 [ 791 792 793 744 ] ]
		[ 0.3 [ 794 795 796 744 ] ]
		[ 0.3166667 [ 797 798 799 744 ] ]
		[ 0.3333333 [ 1 541 2 744 ] ]
		[ 0.35 [ 800 801 802 744 ] ]
		[ 0.3666667 [ 803 804 805 744 ] ]
		[ 0.3833334 [ 806 807 808 744 ] ]
		[ 0.4 [ 809 810 811 744 ] ]
		[ 0.4166667 [ 751 812 813 744 ] ]
		[ 0.4333333 [ 814 815 816 744 ] ]
		[ 0.45 [ 817 818 819 744 ] ]
		[ 0.4666667 [ 820 821 822 744 ] ]
		[ 0.4833333 [ 823 824 825 744 ] ]
		[ 0.5 [ 1 541 2 744 ] ]
		[ 0.5166667 [ 826 827 828 744 ] ]
		[ 0.5333334 [ 829 830 831 744 ] ]
		[ 0.55 [ 832 833 834 744 ] ]
		[ 0.5666667 [ 835 836 837 744 ] ]
		[ 0.5833334 [ 838 839 840 744 ] ]
		[ 0.6 [ 841 842 843 744 ] ]
		[ 0.6166667 [ 844 845 846 744 ] ]
		[ 0.6333333 [ 847 848 849 744 ] ]
		[ 0.65 [ 850 851 852 744 ] ]
	]
	"Lokot_P" [
		[ 0 [ 853 854 855 658 ] ]
		[ 0.01666667 [ 856 857 858 658 ] ]
		[ 0.03333334 [ 859 860 861 658 ] ]
		[ 0.05 [ 862 863 864 658 ] ]
		[ 0.06666667 [ 865 866 867 658 ] ]
		[ 0.08333334 [ 868 869 870 658 ] ]
		[ 0.1 [ 871 872 873 658 ] ]
		[ 0.1166667 [ 874 875 876 658 ] ]
		[ 0.1333333 [ 877 878 879 658 ] ]
		[ 0.15 [ 880 881 882 658 ] ]
		[ 0.1666667 [ 685 686 1 658 ] ]
		[ 0.1833333 [ 883 884 885 658 ] ]
		[ 0.2 [ 886 887 888 658 ] ]
		[ 0.2166667 [ 889 890 891 658 ] ]
		[ 0.2333333 [ 892 893 891 658 ] ]
		[ 0.25 [ 894 895 896 658 ] ]
		[ 0.2666667 [ 897 898 899 658 ] ]
		[ 0.2833333 [ 900 901 902 658 ] ]
		[ 0.3 [ 903 904 905 658 ] ]
		[ 0.3166667 [ 906 907 908 658 ] ]
		[ 0.3333333 [ 706 707 1 658 ] ]
		[ 0.35 [ 708 709 1 658 ] ]
		[ 0.3666667 [ 710 711 1 658 ] ]
		[ 0.3833334 [ 712 713 1 658 ] ]
		[ 0.4 [ 714 715 1 658 ] ]
		[ 0.4166667 [ 716 717 1 658 ] ]
		[ 0.4333333 [ 718 719 1 658 ] ]
		[ 0.45 [ 720 721 1 658 ] ]
		[ 0.4666667 [ 722 723 1 658 ] ]
		[ 0.4833333 [ 724 725 1 658 ] ]
		[ 0.5 [ 706 707 1 658 ] ]
		[ 0.5166667 [ 726 727 1 658 ] ]
		[ 0.5333334 [ 682 728 1 658 ] ]
		[ 0.55 [ 729 730 1 658 ] ]
		[ 0.5666667 [ 731 732 1 658 ] ]
		[ 0.5833334 [ 0 230 1 658 ] ]
		[ 0.6 [ 733 734 1 658 ] ]
		[ 0.6166667 [ 735 736 1 658 ] ]
		[ 0.6333333 [ 737 738 1 658 ] ]
		[ 0.65 [ 739 740 1 658 ] ]
	]
	"Lokot_P_end" [
		[ 0 [ 0 230 1 741 ] ]
	]
	"Camera" [
		[ 0 [ 909 910 911 912 ] ]
	]
	"Lamp" [
		[ 0 [ 913 914 915 916 ] ]
	]
	"Mag" [
		[ 0 [ 917 918 919 919 ] ]
	]
	}
	:resources [
		[1.000 0.000 0.000]
		[0.000 0.000 1.000]
		[0.000 -1.000 0.000]
		[0.000 0.000 0.100]
		[0.000 0.003 1.000]
		[0.000 -1.000 0.003]
		[0.000 0.000 0.110]
		[0.000 0.011 1.000]
		[0.000 -1.000 0.011]
		[0.000 0.000 0.120]
		[0.000 0.022 1.000]
		[0.000 -1.000 0.022]
		[0.000 0.000 0.130]
		[0.000 0.034 0.999]
		[0.000 -0.999 0.034]
		[0.000 0.000 0.140]
		[0.000 0.044 0.999]
		[0.000 -0.999 0.044]
		[0.000 0.000 0.150]
		[0.000 0.050 0.999]
		[0.000 -0.999 0.050]
		[0.000 0.000 0.160]
		[0.000 0.051 0.999]
		[0.000 -0.999 0.051]
		[0.000 0.000 0.170]
		[0.000 0.045 0.999]
		[0.000 -0.999 0.045]
		[0.000 0.000 0.180]
		[0.000 0.028 1.000]
		[0.000 -1.000 0.028]
		[0.000 0.000 0.190]
		[0.000 0.000 0.200]
		[0.000 -0.041 0.999]
		[0.000 -0.999 -0.041]
		[0.000 0.000 0.217]
		[0.000 -0.092 0.996]
		[0.000 -0.996 -0.092]
		[0.000 0.000 0.243]
		[0.000 -0.152 0.988]
		[0.000 -0.988 -0.152]
		[0.000 0.000 0.276]
		[0.000 -0.219 0.976]
		[0.000 -0.976 -0.219]
		[0.000 0.000 0.310]
		[0.000 -0.290 0.957]
		[0.000 -0.957 -0.290]
		[0.000 0.000 0.341]
		[0.000 -0.364 0.931]
		[0.000 -0.931 -0.364]
		[0.000 0.000 0.364]
		[0.000 -0.438 0.899]
		[0.000 -0.899 -0.438]
		[0.000 0.000 0.377]
		[0.000 -0.511 0.860]
		[0.000 -0.860 -0.511]
		[0.000 0.000 0.373]
		[0.000 -0.579 0.815]
		[0.000 -0.815 -0.579]
		[0.000 0.000 0.349]
		[0.000 -0.643 0.766]
		[0.000 -0.766 -0.643]
		[0.000 0.000 0.300]
		[0.000 -0.705 0.709]
		[0.000 -0.709 -0.705]
		[0.000 -0.768 0.641]
		[0.000 -0.641 -0.768]
		[0.000 -0.827 0.562]
		[0.000 -0.562 -0.827]
		[0.000 0.000 -0.044]
		[0.000 -0.880 0.474]
		[0.000 -0.474 -0.880]
		[0.000 0.000 -0.205]
		[0.000 -0.924 0.383]
		[0.000 -0.383 -0.924]
		[0.000 0.000 -0.375]
		[0.000 -0.957 0.290]
		[0.000 -0.290 -0.957]
		[0.000 0.000 -0.545]
		[0.000 -0.979 0.202]
		[0.000 -0.202 -0.979]
		[0.000 0.000 -0.706]
		[0.000 -0.993 0.121]
		[0.000 -0.121 -0.993]
		[0.000 0.000 -0.850]
		[0.000 -0.999 0.053]
		[0.000 -0.053 -0.999]
		[0.000 0.000 -0.967]
		[0.000 0.000 -1.000]
		[0.000 0.000 -1.050]
		[0.000 -1.000 -0.028]
		[0.000 0.028 -1.000]
		[0.000 0.000 -1.085]
		[0.000 -1.000 -0.031]
		[0.000 0.031 -1.000]
		[0.000 0.000 -1.077]
		[0.000 -1.000 -0.021]
		[0.000 0.021 -1.000]
		[0.000 0.000 -1.048]
		[0.000 -1.000 -0.007]
		[0.000 0.007 -1.000]
		[0.000 0.000 -1.015]
		[0.000 0.000 -1.004]
		[0.000 0.000 -1.013]
		[0.000 0.000 -1.025]
		[0.000 0.000 -1.038]
		[0.000 -0.342 0.940]
		[0.000 -0.940 -0.342]
		[0.123 -0.038 0.000]
		[0.001 -0.341 0.940]
		[-0.001 -0.940 -0.341]
		[1.000 -0.001 -0.002]
		[0.004 -0.337 0.942]
		[-0.005 -0.942 -0.337]
		[1.000 -0.003 -0.006]
		[0.009 -0.332 0.943]
		[-0.009 -0.943 -0.332]
		[1.000 -0.005 -0.011]
		[0.013 -0.326 0.945]
		[-0.013 -0.945 -0.326]
		[1.000 -0.008 -0.017]
		[0.017 -0.321 0.947]
		[-0.017 -0.947 -0.321]
		[1.000 -0.011 -0.022]
		[0.020 -0.318 0.948]
		[-0.020 -0.948 -0.318]
		[1.000 -0.013 -0.025]
		[-0.020 -0.948 -0.317]
		[1.000 -0.013 -0.026]
		[0.018 -0.321 0.947]
		[-0.018 -0.947 -0.321]
		[0.011 -0.329 0.944]
		[-0.011 -0.944 -0.329]
		[1.000 -0.007 -0.014]
		[-0.017 -0.360 0.933]
		[0.018 -0.933 -0.360]
		[1.000 0.011 0.022]
		[-0.039 -0.381 0.924]
		[0.045 -0.924 -0.379]
		[0.998 0.027 0.053]
		[-0.064 -0.405 0.912]
		[0.077 -0.913 -0.400]
		[0.995 0.045 0.090]
		[-0.090 -0.431 0.898]
		[0.115 -0.900 -0.421]
		[0.989 0.066 0.131]
		[-0.114 -0.460 0.881]
		[0.156 -0.884 -0.441]
		[0.981 0.087 0.173]
		[-0.135 -0.491 0.861]
		[0.199 -0.864 -0.462]
		[0.971 0.109 0.215]
		[-0.151 -0.524 0.838]
		[0.241 -0.842 -0.483]
		[0.959 0.129 0.254]
		[-0.161 -0.559 0.814]
		[0.281 -0.816 -0.505]
		[0.946 0.147 0.289]
		[-0.163 -0.595 0.787]
		[0.316 -0.787 -0.530]
		[0.934 0.163 0.317]
		[-0.157 -0.633 0.758]
		[0.345 -0.754 -0.559]
		[0.925 0.174 0.337]
		[-0.140 -0.679 0.720]
		[0.367 -0.711 -0.599]
		[0.919 0.181 0.349]
		[-0.112 -0.736 0.668]
		[0.386 -0.651 -0.653]
		[0.916 0.185 0.357]
		[-0.075 -0.795 0.602]
		[0.398 -0.578 -0.713]
		[0.914 0.186 0.360]
		[-0.034 -0.850 0.526]
		[0.403 -0.494 -0.771]
		[0.915 0.186 0.359]
		[0.007 -0.895 0.446]
		[0.401 -0.406 -0.821]
		[0.916 0.184 0.356]
		[0.044 -0.930 0.366]
		[0.394 -0.321 -0.862]
		[0.918 0.182 0.352]
		[0.074 -0.952 0.296]
		[0.383 -0.247 -0.890]
		[0.921 0.179 0.347]
		[0.094 -0.965 0.244]
		[0.373 -0.193 -0.908]
		[0.923 0.176 0.342]
		[0.104 -0.971 0.216]
		[0.366 -0.165 -0.916]
		[0.925 0.174 0.338]
		[0.101 -0.970 0.222]
		[0.365 -0.171 -0.915]
		[0.085 -0.961 0.262]
		[0.369 -0.214 -0.904]
		[0.056 -0.942 0.331]
		[0.375 -0.287 -0.881]
		[0.017 -0.907 0.421]
		[0.379 -0.383 -0.842]
		[-0.030 -0.852 0.522]
		[0.378 -0.494 -0.783]
		[-0.083 -0.775 0.627]
		[0.370 -0.608 -0.703]
		[-0.137 -0.675 0.725]
		[0.353 -0.717 -0.601]
		[-0.190 -0.557 0.808]
		[0.328 -0.812 -0.483]
		[-0.237 -0.428 0.872]
		[0.296 -0.887 -0.355]
		[-0.277 -0.296 0.914]
		[0.258 -0.939 -0.226]
		[-0.766 0.643 -0.007]
		[0.643 0.766 -0.009]
		[0.000 -0.011 -1.000]
		[0.000 0.532 0.000]
		[-0.762 0.647 -0.007]
		[0.647 0.762 -0.009]
		[-0.755 0.655 -0.007]
		[0.656 0.755 -0.009]
		[-0.750 0.662 -0.007]
		[0.662 0.750 -0.008]
		[-0.751 0.660 -0.007]
		[0.660 0.751 -0.008]
		[-0.796 0.606 -0.007]
		[0.606 0.796 -0.009]
		[-0.834 0.551 -0.006]
		[0.551 0.834 -0.009]
		[-0.875 0.484 -0.005]
		[0.484 0.875 -0.010]
		[-0.911 0.412 -0.005]
		[0.412 0.911 -0.010]
		[0.000 1.000 0.000]
		[0.000 0.578 0.000]
		[-0.123 -0.038 0.000]
		[-0.001 -0.643 0.766]
		[0.002 -0.766 -0.643]
		[1.000 0.001 0.002]
		[-0.002 -0.643 0.766]
		[0.006 -0.766 -0.643]
		[1.000 0.003 0.006]
		[-0.005 -0.643 0.766]
		[0.011 -0.766 -0.643]
		[1.000 0.005 0.011]
		[-0.007 -0.643 0.766]
		[0.017 -0.766 -0.643]
		[1.000 0.008 0.017]
		[-0.010 -0.643 0.766]
		[0.022 -0.766 -0.642]
		[-0.011 -0.643 0.766]
		[0.026 -0.766 -0.642]
		[1.000 0.013 0.025]
		[1.000 0.013 0.026]
		[0.023 -0.766 -0.642]
		[-0.006 -0.643 0.766]
		[0.015 -0.766 -0.643]
		[1.000 0.007 0.014]
		[0.010 -0.640 0.768]
		[-0.023 -0.768 -0.640]
		[0.024 -0.634 0.773]
		[-0.054 -0.773 -0.632]
		[0.998 -0.027 -0.053]
		[0.042 -0.625 0.779]
		[-0.091 -0.779 -0.620]
		[0.995 -0.045 -0.090]
		[0.063 -0.615 0.786]
		[-0.132 -0.785 -0.605]
		[0.989 -0.066 -0.131]
		[0.086 -0.606 0.791]
		[-0.174 -0.790 -0.588]
		[0.981 -0.087 -0.173]
		[0.108 -0.600 0.793]
		[-0.215 -0.793 -0.570]
		[0.971 -0.109 -0.215]
		[0.129 -0.598 0.791]
		[-0.254 -0.791 -0.556]
		[0.959 -0.129 -0.254]
		[0.146 -0.601 0.786]
		[-0.289 -0.785 -0.547]
		[0.946 -0.147 -0.289]
		[0.156 -0.613 0.775]
		[-0.320 -0.773 -0.547]
		[0.934 -0.163 -0.317]
		[0.157 -0.633 0.758]
		[-0.345 -0.754 -0.559]
		[0.925 -0.174 -0.337]
		[0.145 -0.669 0.729]
		[-0.365 -0.721 -0.589]
		[0.919 -0.181 -0.349]
		[0.120 -0.721 0.682]
		[-0.383 -0.668 -0.638]
		[0.916 -0.185 -0.357]
		[0.085 -0.780 0.620]
		[-0.396 -0.598 -0.697]
		[0.914 -0.186 -0.360]
		[0.044 -0.837 0.546]
		[-0.402 -0.515 -0.757]
		[0.915 -0.186 -0.359]
		[0.002 -0.886 0.463]
		[-0.401 -0.425 -0.811]
		[0.916 -0.184 -0.356]
		[-0.037 -0.924 0.381]
		[-0.394 -0.336 -0.855]
		[0.918 -0.182 -0.352]
		[-0.070 -0.950 0.306]
		[-0.384 -0.258 -0.887]
		[0.921 -0.179 -0.347]
		[-0.092 -0.964 0.249]
		[-0.373 -0.198 -0.906]
		[0.923 -0.176 -0.342]
		[-0.103 -0.971 0.218]
		[-0.366 -0.166 -0.916]
		[0.925 -0.174 -0.338]
		[-0.101 -0.970 0.222]
		[-0.365 -0.171 -0.915]
		[-0.085 -0.961 0.262]
		[-0.369 -0.214 -0.904]
		[-0.056 -0.942 0.331]
		[-0.375 -0.287 -0.881]
		[-0.017 -0.907 0.421]
		[-0.379 -0.383 -0.842]
		[0.030 -0.852 0.522]
		[-0.378 -0.494 -0.783]
		[0.083 -0.775 0.627]
		[-0.370 -0.608 -0.703]
		[0.137 -0.675 0.725]
		[-0.353 -0.717 -0.601]
		[0.190 -0.557 0.808]
		[-0.328 -0.812 -0.483]
		[0.237 -0.428 0.872]
		[-0.296 -0.887 -0.355]
		[0.277 -0.296 0.914]
		[-0.258 -0.939 -0.226]
		[0.004 1.000 0.000]
		[1.000 -0.004 0.000]
		[0.014 1.000 0.000]
		[1.000 -0.014 0.000]
		[0.027 1.000 0.000]
		[1.000 -0.027 0.000]
		[0.042 0.999 0.000]
		[0.999 -0.042 0.000]
		[0.055 0.999 0.000]
		[0.999 -0.055 0.000]
		[0.063 0.998 0.000]
		[0.998 -0.063 0.000]
		[0.064 0.998 0.000]
		[0.998 -0.064 0.000]
		[0.056 0.998 0.000]
		[0.998 -0.056 0.000]
		[0.035 0.999 0.000]
		[0.999 -0.035 0.000]
		[-0.056 0.998 0.000]
		[0.998 0.056 0.000]
		[-0.132 0.991 0.000]
		[0.991 0.132 0.000]
		[-0.223 0.975 0.000]
		[0.975 0.223 0.000]
		[-0.322 0.947 0.000]
		[0.947 0.322 0.000]
		[-0.423 0.906 0.000]
		[0.906 0.423 0.000]
		[-0.518 0.855 0.000]
		[0.855 0.518 0.000]
		[-0.603 0.798 0.000]
		[0.798 0.603 0.000]
		[-0.674 0.738 0.000]
		[0.738 0.674 0.000]
		[-0.729 0.685 0.000]
		[0.685 0.729 0.000]
		[-0.766 0.643 0.000]
		[0.643 0.766 0.000]
		[-0.788 0.615 0.000]
		[0.615 0.788 0.000]
		[-0.801 0.599 0.000]
		[0.599 0.801 0.000]
		[-0.806 0.592 0.000]
		[0.592 0.806 0.000]
		[-0.805 0.593 0.000]
		[0.593 0.805 0.000]
		[-0.800 0.600 0.000]
		[0.600 0.800 0.000]
		[-0.792 0.610 0.000]
		[0.610 0.792 0.000]
		[-0.783 0.621 0.000]
		[0.621 0.783 0.000]
		[-0.775 0.632 0.000]
		[0.632 0.775 0.000]
		[-0.769 0.640 0.000]
		[0.640 0.769 0.000]
		[-0.762 0.647 0.000]
		[0.647 0.762 0.000]
		[-0.755 0.656 0.000]
		[0.656 0.755 0.000]
		[-0.750 0.662 0.000]
		[0.662 0.750 0.000]
		[-0.751 0.660 0.000]
		[0.660 0.751 0.000]
		[-0.796 0.606 0.000]
		[0.606 0.796 0.000]
		[-0.834 0.551 0.000]
		[0.551 0.834 0.000]
		[-0.875 0.484 0.000]
		[0.484 0.875 0.000]
		[-0.911 0.412 0.000]
		[0.412 0.911 0.000]
		[0.000 0.130 0.000]
		[0.000 0.999 -0.055]
		[0.000 0.055 0.999]
		[0.000 0.994 -0.113]
		[0.000 0.113 0.994]
		[0.000 0.985 -0.173]
		[0.000 0.173 0.985]
		[0.000 0.973 -0.232]
		[0.000 0.232 0.973]
		[0.000 0.957 -0.290]
		[0.000 0.290 0.957]
		[0.000 0.939 -0.345]
		[0.000 0.345 0.939]
		[0.000 0.919 -0.394]
		[0.000 0.394 0.919]
		[0.000 0.899 -0.437]
		[0.000 0.437 0.899]
		[0.000 0.881 -0.473]
		[0.000 0.473 0.881]
		[0.000 0.866 -0.500]
		[0.000 0.500 0.866]
		[0.000 0.854 -0.520]
		[0.000 0.520 0.854]
		[0.000 0.844 -0.536]
		[0.000 0.536 0.844]
		[0.000 0.837 -0.547]
		[0.000 0.547 0.837]
		[0.000 0.833 -0.553]
		[0.000 0.553 0.833]
		[0.000 0.831 -0.556]
		[0.000 0.556 0.831]
		[0.000 0.882 -0.471]
		[0.000 0.471 0.882]
		[0.000 0.903 -0.430]
		[0.000 0.430 0.903]
		[0.000 0.925 -0.379]
		[0.000 0.379 0.925]
		[0.000 0.947 -0.321]
		[0.000 0.321 0.947]
		[0.000 0.966 -0.259]
		[0.000 0.259 0.966]
		[0.000 0.981 -0.196]
		[0.000 0.196 0.981]
		[0.000 0.991 -0.135]
		[0.000 0.135 0.991]
		[0.000 0.997 -0.080]
		[0.000 0.080 0.997]
		[0.000 0.999 -0.034]
		[0.000 1.000 0.017]
		[0.000 -0.017 1.000]
		[0.000 1.000 0.019]
		[0.000 -0.019 1.000]
		[0.000 1.000 0.013]
		[0.000 -0.013 1.000]
		[0.000 1.000 0.004]
		[0.000 -0.004 1.000]
		[0.000 0.985 -0.174]
		[0.000 0.174 0.985]
		[0.000 0.596 0.000]
		[0.000 0.977 -0.211]
		[0.000 0.211 0.977]
		[0.000 0.968 -0.253]
		[0.000 0.253 0.968]
		[0.000 0.955 -0.297]
		[0.000 0.297 0.955]
		[0.000 0.940 -0.341]
		[0.000 0.341 0.940]
		[0.000 0.924 -0.383]
		[0.000 0.383 0.924]
		[0.000 0.907 -0.421]
		[0.000 0.421 0.907]
		[0.000 0.891 -0.453]
		[0.000 0.453 0.891]
		[0.000 0.878 -0.478]
		[0.000 0.478 0.878]
		[0.000 0.869 -0.494]
		[0.000 0.494 0.869]
		[0.000 0.870 -0.493]
		[0.000 0.493 0.870]
		[0.000 0.896 -0.443]
		[0.000 0.443 0.896]
		[0.000 0.914 -0.405]
		[0.000 0.405 0.914]
		[0.000 0.932 -0.362]
		[0.000 0.362 0.932]
		[0.000 0.948 -0.317]
		[0.000 0.317 0.948]
		[0.000 0.962 -0.272]
		[0.000 0.272 0.962]
		[0.000 0.973 -0.231]
		[0.000 0.231 0.973]
		[0.000 0.980 -0.197]
		[0.000 0.197 0.980]
		[0.000 0.987 -0.163]
		[0.000 0.163 0.987]
		[0.000 0.985 -0.170]
		[0.000 0.170 0.985]
		[0.000 0.983 -0.182]
		[0.000 0.182 0.983]
		[0.000 0.981 -0.195]
		[0.000 0.195 0.981]
		[0.000 0.978 -0.207]
		[0.000 0.207 0.978]
		[0.000 0.977 -0.213]
		[0.000 0.213 0.977]
		[0.000 0.977 -0.212]
		[0.000 0.212 0.977]
		[0.000 0.980 -0.200]
		[0.000 0.200 0.980]
		[1.000 0.000 -0.017]
		[-0.002 0.994 -0.107]
		[0.017 0.107 0.994]
		[0.999 0.000 -0.050]
		[0.000 1.000 -0.001]
		[0.050 0.001 0.999]
		[0.997 0.000 -0.075]
		[0.008 0.994 0.106]
		[0.075 -0.106 0.992]
		[0.998 0.000 -0.067]
		[0.012 0.984 0.176]
		[0.066 -0.176 0.982]
		[0.000 0.985 0.174]
		[0.000 -0.174 0.985]
		[0.990 0.000 0.142]
		[0.000 1.000 0.001]
		[-0.142 -0.001 0.990]
		[0.942 0.000 0.337]
		[0.058 0.985 -0.164]
		[-0.332 0.174 0.927]
		[0.838 0.000 0.546]
		[0.091 0.986 -0.140]
		[-0.539 0.167 0.826]
		[0.681 0.000 0.732]
		[0.061 0.996 -0.057]
		[-0.729 0.084 0.679]
		[0.000 0.315 0.000]
		[0.000 0.470 0.000]
		[0.000 0.300 0.000]
		[-1.000 0.000 0.000]
		[-0.500 0.000 0.866]
		[0.557 -0.766 0.321]
		[0.663 0.643 0.383]
		[0.279 0.394 -0.035]
		[-0.365 0.000 0.931]
		[0.661 -0.704 0.259]
		[0.656 0.710 0.257]
		[-0.207 0.000 0.978]
		[0.758 -0.632 0.160]
		[0.618 0.775 0.131]
		[-0.033 0.000 0.999]
		[0.834 -0.551 0.028]
		[0.551 0.835 0.018]
		[0.143 0.000 0.990]
		[0.877 -0.463 -0.127]
		[0.459 0.886 -0.066]
		[0.311 0.000 0.950]
		[0.882 -0.373 -0.289]
		[0.354 0.928 -0.116]
		[0.460 0.000 0.888]
		[0.852 -0.282 -0.441]
		[0.251 0.959 -0.130]
		[0.581 0.000 0.814]
		[0.798 -0.196 -0.570]
		[0.160 0.981 -0.114]
		[0.673 0.000 0.739]
		[0.734 -0.118 -0.669]
		[0.088 0.993 -0.080]
		[0.735 0.000 0.679]
		[0.678 -0.052 -0.734]
		[0.035 0.999 -0.038]
		[0.766 0.000 0.643]
		[0.643 0.000 -0.766]
		[0.766 0.000 0.642]
		[0.642 0.035 -0.766]
		[-0.023 0.999 0.027]
		[0.738 0.000 0.675]
		[0.674 0.056 -0.736]
		[-0.038 0.998 0.041]
		[0.682 0.000 0.732]
		[0.730 0.064 -0.680]
		[-0.047 0.998 0.044]
		[0.601 0.000 0.799]
		[0.797 0.063 -0.600]
		[-0.050 0.998 0.038]
		[0.500 0.000 0.866]
		[0.865 0.055 -0.499]
		[-0.047 0.999 0.027]
		[0.385 0.000 0.923]
		[0.922 0.042 -0.385]
		[-0.039 0.999 0.016]
		[0.266 0.000 0.964]
		[0.964 0.027 -0.266]
		[-0.026 1.000 0.007]
		[0.154 0.000 0.988]
		[0.988 0.014 -0.154]
		[-0.014 1.000 0.002]
		[0.062 0.000 0.998]
		[0.998 0.004 -0.062]
		[-0.004 1.000 0.000]
		[-0.034 0.000 0.999]
		[0.999 0.005 0.034]
		[-0.005 1.000 0.000]
		[-0.050 0.000 0.999]
		[0.999 0.017 0.050]
		[-0.017 1.000 -0.001]
		[-0.053 0.000 0.999]
		[0.998 0.033 0.053]
		[-0.033 0.999 -0.002]
		[-0.046 0.000 0.999]
		[0.998 0.050 0.046]
		[-0.050 0.999 -0.002]
		[0.997 0.065 0.033]
		[-0.065 0.998 -0.002]
		[-0.017 0.000 1.000]
		[0.997 0.075 0.017]
		[-0.075 0.997 -0.001]
		[-0.002 0.000 1.000]
		[0.997 0.077 0.002]
		[-0.077 0.997 0.000]
		[0.008 0.000 1.000]
		[0.998 0.067 -0.008]
		[-0.067 0.998 0.001]
		[0.010 0.000 1.000]
		[0.999 0.042 -0.010]
		[-0.042 0.999 0.000]
		[-0.029 0.000 1.000]
		[0.996 -0.080 0.029]
		[0.079 0.997 0.002]
		[-0.074 0.000 0.997]
		[0.978 -0.196 0.073]
		[0.195 0.981 0.014]
		[-0.121 0.000 0.993]
		[0.940 -0.321 0.115]
		[0.319 0.947 0.039]
		[-0.159 0.000 0.987]
		[0.892 -0.430 0.143]
		[0.424 0.903 0.068]
		[-0.174 0.000 0.985]
		[0.853 -0.500 0.150]
		[0.492 0.866 0.087]
		[-0.161 0.000 0.987]
		[0.838 -0.529 0.137]
		[0.522 0.849 0.085]
		[-0.129 0.000 0.992]
		[0.839 -0.532 0.110]
		[0.528 0.847 0.069]
		[-0.086 0.000 0.996]
		[0.850 -0.522 0.074]
		[0.520 0.853 0.045]
		[-0.040 0.000 0.999]
		[0.861 -0.507 0.035]
		[0.507 0.862 0.021]
		[0.983 0.184 -0.001]
		[-0.184 0.983 -0.011]
		[-0.001 0.011 1.000]
		[0.000 0.316 0.000]
		[0.972 0.235 -0.001]
		[-0.235 0.972 -0.010]
		[-0.001 0.010 1.000]
		[0.958 0.286 -0.002]
		[-0.286 0.958 -0.009]
		[-0.001 0.009 1.000]
		[0.941 0.337 -0.002]
		[-0.337 0.941 -0.007]
		[-0.001 0.008 1.000]
		[0.922 0.388 -0.002]
		[-0.388 0.922 -0.006]
		[-0.001 0.006 1.000]
		[0.900 0.437 -0.002]
		[-0.437 0.900 -0.005]
		[-0.001 0.005 1.000]
		[0.875 0.483 -0.001]
		[-0.483 0.875 -0.003]
		[0.000 0.004 1.000]
		[0.849 0.528 -0.001]
		[-0.528 0.849 -0.002]
		[0.822 0.570 -0.001]
		[-0.570 0.822 -0.001]
		[0.000 0.002 1.000]
		[0.794 0.608 0.000]
		[-0.608 0.794 -0.001]
		[0.000 0.001 1.000]
		[0.766 0.643 0.000]
		[-0.643 0.766 0.000]
		[0.738 0.675 0.000]
		[-0.675 0.738 0.000]
		[0.708 0.706 0.000]
		[-0.706 0.708 0.001]
		[0.000 -0.001 1.000]
		[0.678 0.735 0.001]
		[-0.735 0.678 0.001]
		[0.648 0.762 0.001]
		[-0.762 0.648 0.001]
		[0.618 0.786 0.001]
		[-0.786 0.618 0.000]
		[0.589 0.808 0.000]
		[-0.808 0.589 0.000]
		[0.563 0.827 0.000]
		[-0.827 0.563 0.000]
		[0.538 0.843 0.000]
		[-0.843 0.538 0.000]
		[0.517 0.856 0.000]
		[-0.856 0.517 0.000]
		[0.500 0.866 0.000]
		[-0.866 0.500 0.000]
		[0.479 0.878 0.000]
		[-0.878 0.479 0.000]
		[0.451 0.893 0.000]
		[-0.893 0.451 0.000]
		[0.419 0.908 0.000]
		[-0.908 0.419 0.000]
		[0.388 0.922 0.000]
		[-0.922 0.388 0.000]
		[0.362 0.932 0.000]
		[-0.932 0.362 0.000]
		[0.349 0.937 0.000]
		[-0.937 0.349 0.000]
		[0.351 0.936 0.000]
		[-0.936 0.351 0.000]
		[0.375 0.927 0.000]
		[-0.927 0.375 0.000]
		[0.423 0.906 0.000]
		[-0.906 0.423 0.000]
		[0.631 0.776 0.000]
		[-0.776 0.631 0.000]
		[-0.608 0.794 0.000]
		[0.923 0.384 0.000]
		[-0.384 0.923 0.000]
		[0.987 0.159 0.000]
		[-0.159 0.987 0.000]
		[0.998 -0.067 0.000]
		[0.067 0.998 0.000]
		[0.997 -0.075 0.000]
		[0.075 0.997 0.000]
		[0.999 -0.050 0.000]
		[0.050 0.999 0.000]
		[1.000 -0.017 0.000]
		[0.017 1.000 0.000]
		[0.000 0.469 0.000]
		[-0.557 -0.766 0.321]
		[0.663 -0.643 -0.383]
		[-0.279 0.394 -0.035]
		[0.365 0.000 0.931]
		[-0.661 -0.704 0.259]
		[0.656 -0.710 -0.257]
		[0.207 0.000 0.978]
		[-0.758 -0.632 0.160]
		[0.618 -0.775 -0.131]
		[0.033 0.000 0.999]
		[-0.834 -0.551 0.028]
		[0.551 -0.835 -0.018]
		[-0.143 0.000 0.990]
		[-0.877 -0.463 -0.127]
		[0.459 -0.886 0.066]
		[-0.311 0.000 0.950]
		[-0.882 -0.373 -0.289]
		[0.354 -0.928 0.116]
		[-0.460 0.000 0.888]
		[-0.852 -0.282 -0.441]
		[0.251 -0.959 0.130]
		[-0.581 0.000 0.814]
		[-0.798 -0.196 -0.570]
		[0.160 -0.981 0.114]
		[-0.673 0.000 0.739]
		[-0.734 -0.118 -0.669]
		[0.088 -0.993 0.080]
		[-0.735 0.000 0.679]
		[-0.678 -0.052 -0.734]
		[0.035 -0.999 0.038]
		[-0.766 0.000 0.643]
		[-0.643 0.000 -0.766]
		[-0.766 0.000 0.642]
		[-0.642 0.035 -0.766]
		[-0.023 -0.999 -0.027]
		[-0.738 0.000 0.675]
		[-0.674 0.056 -0.736]
		[-0.038 -0.998 -0.041]
		[-0.682 0.000 0.732]
		[-0.730 0.064 -0.680]
		[-0.047 -0.998 -0.044]
		[-0.601 0.000 0.799]
		[-0.797 0.063 -0.600]
		[-0.050 -0.998 -0.038]
		[-0.865 0.055 -0.499]
		[-0.047 -0.999 -0.027]
		[-0.385 0.000 0.923]
		[-0.922 0.042 -0.385]
		[-0.039 -0.999 -0.016]
		[-0.266 0.000 0.964]
		[-0.964 0.027 -0.266]
		[-0.026 -1.000 -0.007]
		[-0.154 0.000 0.988]
		[-0.988 0.014 -0.154]
		[-0.014 -1.000 -0.002]
		[-0.062 0.000 0.998]
		[-0.998 0.004 -0.062]
		[-0.004 -1.000 0.000]
		[0.034 0.000 0.999]
		[-0.999 0.005 0.034]
		[-0.005 -1.000 0.000]
		[0.050 0.000 0.999]
		[-0.999 0.017 0.050]
		[-0.017 -1.000 0.001]
		[0.053 0.000 0.999]
		[-0.998 0.033 0.053]
		[-0.033 -0.999 0.002]
		[0.046 0.000 0.999]
		[-0.998 0.050 0.046]
		[-0.050 -0.999 0.002]
		[-0.997 0.065 0.033]
		[-0.065 -0.998 0.002]
		[0.017 0.000 1.000]
		[-0.997 0.075 0.017]
		[-0.075 -0.997 0.001]
		[0.002 0.000 1.000]
		[-0.997 0.077 0.002]
		[-0.077 -0.997 0.000]
		[-0.008 0.000 1.000]
		[-0.998 0.067 -0.008]
		[-0.067 -0.998 -0.001]
		[-0.010 0.000 1.000]
		[-0.999 0.042 -0.010]
		[-0.042 -0.999 0.000]
		[0.029 0.000 1.000]
		[-0.996 -0.080 0.029]
		[0.079 -0.997 -0.002]
		[0.074 0.000 0.997]
		[-0.978 -0.196 0.073]
		[0.195 -0.981 -0.014]
		[0.121 0.000 0.993]
		[-0.940 -0.321 0.115]
		[0.319 -0.947 -0.039]
		[0.159 0.000 0.987]
		[-0.892 -0.430 0.143]
		[0.424 -0.903 -0.068]
		[0.174 0.000 0.985]
		[-0.853 -0.500 0.150]
		[0.492 -0.866 -0.087]
		[0.161 0.000 0.987]
		[-0.838 -0.529 0.137]
		[0.522 -0.849 -0.085]
		[0.129 0.000 0.992]
		[-0.839 -0.532 0.110]
		[0.528 -0.847 -0.069]
		[0.086 0.000 0.996]
		[-0.850 -0.522 0.074]
		[0.520 -0.853 -0.045]
		[0.040 0.000 0.999]
		[-0.861 -0.507 0.035]
		[0.507 -0.862 -0.021]
		[0.967 0.182 0.180]
		[-0.184 0.983 -0.009]
		[-0.179 -0.024 0.984]
		[0.959 0.234 0.161]
		[-0.234 0.972 -0.016]
		[-0.160 -0.022 0.987]
		[0.948 0.285 0.140]
		[-0.285 0.958 -0.022]
		[-0.141 -0.019 0.990]
		[0.934 0.336 0.118]
		[-0.336 0.942 -0.025]
		[-0.120 -0.016 0.993]
		[0.917 0.387 0.097]
		[-0.386 0.922 -0.026]
		[-0.099 -0.013 0.995]
		[0.897 0.436 0.075]
		[-0.435 0.900 -0.025]
		[-0.079 -0.011 0.997]
		[0.874 0.483 0.055]
		[-0.483 0.876 -0.021]
		[-0.059 -0.008 0.998]
		[0.849 0.528 0.038]
		[-0.527 0.849 -0.017]
		[-0.041 -0.006 0.999]
		[0.822 0.569 0.022]
		[-0.569 0.822 -0.011]
		[-0.024 -0.003 1.000]
		[0.794 0.608 0.009]
		[-0.608 0.794 -0.005]
		[-0.011 -0.001 1.000]
		[0.738 0.675 -0.006]
		[-0.675 0.738 0.004]
		[0.007 0.001 1.000]
		[0.708 0.706 -0.009]
		[-0.706 0.708 0.007]
		[0.012 0.002 1.000]
		[0.678 0.735 -0.010]
		[-0.735 0.678 0.009]
		[0.013 0.002 1.000]
		[0.647 0.762 -0.010]
		[-0.762 0.648 0.009]
		[0.618 0.786 -0.008]
		[-0.786 0.618 0.008]
		[0.011 0.002 1.000]
		[0.589 0.808 -0.006]
		[-0.808 0.589 0.006]
		[0.009 0.001 1.000]
		[0.563 0.827 -0.004]
		[-0.827 0.563 0.004]
		[0.006 0.001 1.000]
		[0.538 0.843 -0.002]
		[-0.843 0.538 0.002]
		[0.003 0.000 1.000]
		[0.517 0.856 -0.001]
		[-0.856 0.517 0.001]
		[0.001 0.000 1.000]
		[-65.486 44.525 61.067]
		[31.737 89.534 -31.247]
		[-68.588 -1.082 -72.763]
		[-748.113 534.367 650.764]
		[-29.087 5.519 95.517]
		[-56.639 79.467 -21.839]
		[-77.110 -60.452 -19.988]
		[-407.625 590.386 -100.545]
		[100.000 0.000 0.000]
		[0.000 0.000 -100.000]
		[0.000 100.000 0.000]]
}