{ :name "Death" :length 0.6666667 :bones { 
	"Skelet" [
		[ 0 [ 0 1 2 3 ] ]
		[ 0.025 [ 0 4 5 6 ] ]
		[ 0.05 [ 0 7 8 9 ] ]
		[ 0.075 [ 0 10 11 12 ] ]
		[ 0.1 [ 0 13 14 15 ] ]
		[ 0.125 [ 0 16 17 18 ] ]
		[ 0.15 [ 0 19 20 21 ] ]
		[ 0.175 [ 0 22 23 24 ] ]
		[ 0.2 [ 0 25 26 27 ] ]
		[ 0.225 [ 0 28 29 30 ] ]
		[ 0.25 [ 0 31 32 33 ] ]
		[ 0.275 [ 0 34 35 36 ] ]
		[ 0.3 [ 0 37 38 39 ] ]
		[ 0.325 [ 0 40 41 42 ] ]
		[ 0.35 [ 0 43 44 45 ] ]
		[ 0.375 [ 0 46 47 48 ] ]
		[ 0.4 [ 0 49 50 51 ] ]
		[ 0.425 [ 0 52 53 54 ] ]
		[ 0.45 [ 0 55 56 57 ] ]
		[ 0.475 [ 0 58 59 60 ] ]
		[ 0.5 [ 0 2 61 62 ] ]
		[ 0.525 [ 0 63 64 65 ] ]
		[ 0.55 [ 0 66 67 68 ] ]
		[ 0.575 [ 0 69 70 71 ] ]
		[ 0.6 [ 0 2 61 71 ] ]
		[ 0.625 [ 0 2 61 72 ] ]
		[ 0.65 [ 0 2 61 73 ] ]
		[ 0.675 [ 0 2 61 62 ] ]
		[ 0.7 [ 0 2 61 62 ] ]
		[ 0.725 [ 0 2 61 62 ] ]
		[ 0.75 [ 0 2 61 62 ] ]
		[ 0.775 [ 0 2 61 62 ] ]
		[ 0.8 [ 0 2 61 62 ] ]
		[ 0.825 [ 0 2 61 62 ] ]
		[ 0.85 [ 0 2 61 62 ] ]
		[ 0.875 [ 0 2 61 62 ] ]
		[ 0.9 [ 0 2 61 62 ] ]
		[ 0.925 [ 0 2 61 62 ] ]
		[ 0.95 [ 0 2 61 62 ] ]
		[ 0.975 [ 0 2 61 62 ] ]
	]
	"Bedro_L" [
		[ 0 [ 74 75 0 76 ] ]
		[ 0.025 [ 77 78 79 76 ] ]
		[ 0.05 [ 80 81 82 76 ] ]
		[ 0.075 [ 83 84 85 76 ] ]
		[ 0.1 [ 86 87 88 76 ] ]
		[ 0.125 [ 89 90 91 76 ] ]
		[ 0.15 [ 92 93 94 76 ] ]
		[ 0.175 [ 95 96 97 76 ] ]
		[ 0.2 [ 98 99 100 76 ] ]
		[ 0.225 [ 101 102 103 76 ] ]
		[ 0.25 [ 104 105 106 76 ] ]
		[ 0.275 [ 107 108 109 76 ] ]
		[ 0.3 [ 110 111 112 76 ] ]
		[ 0.325 [ 113 114 115 76 ] ]
		[ 0.35 [ 116 117 118 76 ] ]
		[ 0.375 [ 119 120 121 76 ] ]
		[ 0.4 [ 122 123 121 76 ] ]
		[ 0.425 [ 124 125 126 76 ] ]
		[ 0.45 [ 127 128 129 76 ] ]
		[ 0.475 [ 130 131 132 76 ] ]
		[ 0.5 [ 133 134 135 76 ] ]
		[ 0.525 [ 136 137 135 76 ] ]
		[ 0.55 [ 138 139 135 76 ] ]
		[ 0.575 [ 140 141 135 76 ] ]
		[ 0.6 [ 142 143 135 76 ] ]
		[ 0.625 [ 144 145 135 76 ] ]
		[ 0.65 [ 146 147 135 76 ] ]
		[ 0.675 [ 148 149 135 76 ] ]
		[ 0.7 [ 148 149 135 76 ] ]
		[ 0.725 [ 148 149 135 76 ] ]
		[ 0.75 [ 148 149 135 76 ] ]
		[ 0.775 [ 148 149 135 76 ] ]
		[ 0.8 [ 148 149 135 76 ] ]
		[ 0.825 [ 148 149 135 76 ] ]
		[ 0.85 [ 148 149 135 76 ] ]
		[ 0.875 [ 148 149 135 76 ] ]
		[ 0.9 [ 148 149 135 76 ] ]
		[ 0.925 [ 148 149 135 76 ] ]
		[ 0.95 [ 148 149 135 76 ] ]
		[ 0.975 [ 148 149 135 76 ] ]
	]
	"Koleno_L" [
		[ 0 [ 150 151 152 153 ] ]
		[ 0.025 [ 150 151 152 153 ] ]
		[ 0.05 [ 150 151 152 153 ] ]
		[ 0.075 [ 150 151 152 153 ] ]
		[ 0.1 [ 150 151 152 153 ] ]
		[ 0.125 [ 150 151 152 153 ] ]
		[ 0.15 [ 150 151 152 153 ] ]
		[ 0.175 [ 150 151 152 153 ] ]
		[ 0.2 [ 150 151 152 153 ] ]
		[ 0.225 [ 150 151 152 153 ] ]
		[ 0.25 [ 150 151 152 153 ] ]
		[ 0.275 [ 150 151 152 153 ] ]
		[ 0.3 [ 150 151 152 153 ] ]
		[ 0.325 [ 150 151 152 153 ] ]
		[ 0.35 [ 150 151 152 153 ] ]
		[ 0.375 [ 150 151 152 153 ] ]
		[ 0.4 [ 150 151 152 153 ] ]
		[ 0.425 [ 150 151 152 153 ] ]
		[ 0.45 [ 150 151 152 153 ] ]
		[ 0.475 [ 150 151 152 153 ] ]
		[ 0.5 [ 150 151 152 153 ] ]
		[ 0.525 [ 154 155 152 153 ] ]
		[ 0.55 [ 156 157 152 153 ] ]
		[ 0.575 [ 158 159 152 153 ] ]
		[ 0.6 [ 160 161 152 153 ] ]
		[ 0.625 [ 162 163 152 153 ] ]
		[ 0.65 [ 164 165 152 153 ] ]
		[ 0.675 [ 166 167 152 153 ] ]
		[ 0.7 [ 166 167 152 153 ] ]
		[ 0.725 [ 166 167 152 153 ] ]
		[ 0.75 [ 166 167 152 153 ] ]
		[ 0.775 [ 166 167 152 153 ] ]
		[ 0.8 [ 166 167 152 153 ] ]
		[ 0.825 [ 166 167 152 153 ] ]
		[ 0.85 [ 166 167 152 153 ] ]
		[ 0.875 [ 166 167 152 153 ] ]
		[ 0.9 [ 166 167 152 153 ] ]
		[ 0.925 [ 166 167 152 153 ] ]
		[ 0.95 [ 166 167 152 153 ] ]
		[ 0.975 [ 166 167 152 153 ] ]
	]
	"Koleno_L_end" [
		[ 0 [ 0 168 1 169 ] ]
	]
	"Bedro_P" [
		[ 0 [ 170 171 0 172 ] ]
		[ 0.025 [ 173 174 175 172 ] ]
		[ 0.05 [ 176 177 178 172 ] ]
		[ 0.075 [ 179 180 181 172 ] ]
		[ 0.1 [ 182 183 184 172 ] ]
		[ 0.125 [ 182 185 186 172 ] ]
		[ 0.15 [ 187 188 189 172 ] ]
		[ 0.175 [ 190 191 192 172 ] ]
		[ 0.2 [ 193 194 195 172 ] ]
		[ 0.225 [ 196 197 198 172 ] ]
		[ 0.25 [ 199 200 201 172 ] ]
		[ 0.275 [ 202 203 204 172 ] ]
		[ 0.3 [ 205 206 207 172 ] ]
		[ 0.325 [ 208 209 210 172 ] ]
		[ 0.35 [ 211 212 213 172 ] ]
		[ 0.375 [ 214 215 216 172 ] ]
		[ 0.4 [ 217 218 216 172 ] ]
		[ 0.425 [ 219 220 221 172 ] ]
		[ 0.45 [ 222 223 224 172 ] ]
		[ 0.475 [ 225 226 227 172 ] ]
		[ 0.5 [ 228 229 230 172 ] ]
		[ 0.525 [ 231 232 230 172 ] ]
		[ 0.55 [ 233 234 230 172 ] ]
		[ 0.575 [ 235 236 230 172 ] ]
		[ 0.6 [ 237 238 230 172 ] ]
		[ 0.625 [ 239 240 230 172 ] ]
		[ 0.65 [ 241 242 230 172 ] ]
		[ 0.675 [ 243 244 230 172 ] ]
		[ 0.7 [ 243 244 230 172 ] ]
		[ 0.725 [ 243 244 230 172 ] ]
		[ 0.75 [ 243 244 230 172 ] ]
		[ 0.775 [ 243 244 230 172 ] ]
		[ 0.8 [ 243 244 230 172 ] ]
		[ 0.825 [ 243 244 230 172 ] ]
		[ 0.85 [ 243 244 230 172 ] ]
		[ 0.875 [ 243 244 230 172 ] ]
		[ 0.9 [ 243 244 230 172 ] ]
		[ 0.925 [ 243 244 230 172 ] ]
		[ 0.95 [ 243 244 230 172 ] ]
		[ 0.975 [ 243 244 230 172 ] ]
	]
	"Koleno_P" [
		[ 0 [ 168 0 61 153 ] ]
		[ 0.025 [ 245 246 61 153 ] ]
		[ 0.05 [ 247 248 61 153 ] ]
		[ 0.075 [ 249 250 61 153 ] ]
		[ 0.1 [ 251 252 61 153 ] ]
		[ 0.125 [ 253 254 61 153 ] ]
		[ 0.15 [ 255 256 61 153 ] ]
		[ 0.175 [ 257 258 61 153 ] ]
		[ 0.2 [ 259 260 61 153 ] ]
		[ 0.225 [ 261 262 61 153 ] ]
		[ 0.25 [ 263 264 61 153 ] ]
		[ 0.275 [ 265 266 61 153 ] ]
		[ 0.3 [ 267 268 61 153 ] ]
		[ 0.325 [ 269 270 61 153 ] ]
		[ 0.35 [ 271 272 61 153 ] ]
		[ 0.375 [ 273 274 61 153 ] ]
		[ 0.4 [ 275 276 61 153 ] ]
		[ 0.425 [ 277 278 61 153 ] ]
		[ 0.45 [ 279 280 61 153 ] ]
		[ 0.475 [ 281 282 61 153 ] ]
		[ 0.5 [ 283 284 61 153 ] ]
		[ 0.525 [ 285 286 61 153 ] ]
		[ 0.55 [ 269 270 61 153 ] ]
		[ 0.575 [ 287 288 61 153 ] ]
		[ 0.6 [ 289 290 61 153 ] ]
		[ 0.625 [ 291 292 61 153 ] ]
		[ 0.65 [ 293 294 61 153 ] ]
		[ 0.675 [ 295 296 61 153 ] ]
		[ 0.7 [ 295 296 61 153 ] ]
		[ 0.725 [ 295 296 61 153 ] ]
		[ 0.75 [ 295 296 61 153 ] ]
		[ 0.775 [ 295 296 61 153 ] ]
		[ 0.8 [ 295 296 61 153 ] ]
		[ 0.825 [ 295 296 61 153 ] ]
		[ 0.85 [ 295 296 61 153 ] ]
		[ 0.875 [ 295 296 61 153 ] ]
		[ 0.9 [ 295 296 61 153 ] ]
		[ 0.925 [ 295 296 61 153 ] ]
		[ 0.95 [ 295 296 61 153 ] ]
		[ 0.975 [ 295 296 61 153 ] ]
	]
	"Koleno_P_end" [
		[ 0 [ 0 168 1 169 ] ]
	]
	"Tors" [
		[ 0 [ 0 168 1 297 ] ]
		[ 0.025 [ 0 298 299 297 ] ]
		[ 0.05 [ 0 300 301 297 ] ]
		[ 0.075 [ 0 302 303 297 ] ]
		[ 0.1 [ 0 304 305 297 ] ]
		[ 0.125 [ 0 306 307 297 ] ]
		[ 0.15 [ 0 308 309 297 ] ]
		[ 0.175 [ 0 310 311 297 ] ]
		[ 0.2 [ 0 312 313 297 ] ]
		[ 0.225 [ 0 314 315 297 ] ]
		[ 0.25 [ 0 316 317 297 ] ]
		[ 0.275 [ 0 314 315 297 ] ]
		[ 0.3 [ 0 312 313 297 ] ]
		[ 0.325 [ 0 310 311 297 ] ]
		[ 0.35 [ 0 318 319 297 ] ]
		[ 0.375 [ 0 320 321 297 ] ]
		[ 0.4 [ 0 322 323 297 ] ]
		[ 0.425 [ 0 324 325 297 ] ]
		[ 0.45 [ 0 326 327 297 ] ]
		[ 0.475 [ 0 328 329 297 ] ]
		[ 0.5 [ 0 168 1 297 ] ]
		[ 0.525 [ 0 330 22 297 ] ]
		[ 0.55 [ 0 331 332 297 ] ]
		[ 0.575 [ 0 333 334 297 ] ]
		[ 0.6 [ 0 168 1 297 ] ]
		[ 0.625 [ 0 168 1 297 ] ]
		[ 0.65 [ 0 168 1 297 ] ]
		[ 0.675 [ 0 168 1 297 ] ]
		[ 0.7 [ 0 168 1 297 ] ]
		[ 0.725 [ 0 168 1 297 ] ]
		[ 0.75 [ 0 168 1 297 ] ]
		[ 0.775 [ 0 168 1 297 ] ]
		[ 0.8 [ 0 168 1 297 ] ]
		[ 0.825 [ 0 168 1 297 ] ]
		[ 0.85 [ 0 168 1 297 ] ]
		[ 0.875 [ 0 168 1 297 ] ]
		[ 0.9 [ 0 168 1 297 ] ]
		[ 0.925 [ 0 168 1 297 ] ]
		[ 0.95 [ 0 168 1 297 ] ]
		[ 0.975 [ 0 168 1 297 ] ]
	]
	"Golova" [
		[ 0 [ 0 335 336 337 ] ]
		[ 0.025 [ 0 338 339 337 ] ]
		[ 0.05 [ 0 340 341 337 ] ]
		[ 0.075 [ 0 342 343 337 ] ]
		[ 0.1 [ 0 344 345 337 ] ]
		[ 0.125 [ 0 346 347 337 ] ]
		[ 0.15 [ 0 348 349 337 ] ]
		[ 0.175 [ 0 350 351 337 ] ]
		[ 0.2 [ 0 308 309 337 ] ]
		[ 0.225 [ 0 352 353 337 ] ]
		[ 0.25 [ 0 342 343 337 ] ]
		[ 0.275 [ 0 354 355 337 ] ]
		[ 0.3 [ 0 338 339 337 ] ]
		[ 0.325 [ 0 356 357 337 ] ]
		[ 0.35 [ 0 358 359 337 ] ]
		[ 0.375 [ 0 360 361 337 ] ]
		[ 0.4 [ 0 362 363 337 ] ]
		[ 0.425 [ 0 364 365 337 ] ]
		[ 0.45 [ 0 366 367 337 ] ]
		[ 0.475 [ 0 368 369 337 ] ]
		[ 0.5 [ 0 335 336 337 ] ]
		[ 0.525 [ 370 371 372 337 ] ]
		[ 0.55 [ 373 374 375 337 ] ]
		[ 0.575 [ 376 377 378 337 ] ]
		[ 0.6 [ 379 380 381 337 ] ]
		[ 0.625 [ 382 383 384 337 ] ]
		[ 0.65 [ 385 386 387 337 ] ]
		[ 0.675 [ 388 168 389 337 ] ]
		[ 0.7 [ 388 168 389 337 ] ]
		[ 0.725 [ 388 168 389 337 ] ]
		[ 0.75 [ 388 168 389 337 ] ]
		[ 0.775 [ 388 168 389 337 ] ]
		[ 0.8 [ 388 168 389 337 ] ]
		[ 0.825 [ 388 168 389 337 ] ]
		[ 0.85 [ 388 168 389 337 ] ]
		[ 0.875 [ 388 168 389 337 ] ]
		[ 0.9 [ 388 168 389 337 ] ]
		[ 0.925 [ 388 168 389 337 ] ]
		[ 0.95 [ 388 168 389 337 ] ]
		[ 0.975 [ 388 168 389 337 ] ]
	]
	"Golova_end" [
		[ 0 [ 0 168 1 390 ] ]
	]
	"Kluchitsa_L" [
		[ 0 [ 1 0 168 391 ] ]
	]
	"Kluchitsa_L_end" [
		[ 0 [ 0 168 1 392 ] ]
	]
	"Kluchitsa_P" [
		[ 0 [ 61 393 168 391 ] ]
	]
	"Kluchitsa_P_end" [
		[ 0 [ 0 168 1 392 ] ]
	]
	"Ruka_L" [
		[ 0 [ 394 395 396 397 ] ]
		[ 0.025 [ 398 399 400 397 ] ]
		[ 0.05 [ 401 402 403 397 ] ]
		[ 0.075 [ 404 405 406 397 ] ]
		[ 0.1 [ 407 408 409 397 ] ]
		[ 0.125 [ 410 411 412 397 ] ]
		[ 0.15 [ 413 414 415 397 ] ]
		[ 0.175 [ 416 417 418 397 ] ]
		[ 0.2 [ 419 420 421 397 ] ]
		[ 0.225 [ 422 423 424 397 ] ]
		[ 0.25 [ 388 425 426 397 ] ]
		[ 0.275 [ 427 428 429 397 ] ]
		[ 0.3 [ 430 431 432 397 ] ]
		[ 0.325 [ 433 434 435 397 ] ]
		[ 0.35 [ 436 437 438 397 ] ]
		[ 0.375 [ 439 440 441 397 ] ]
		[ 0.4 [ 442 443 444 397 ] ]
		[ 0.425 [ 445 446 447 397 ] ]
		[ 0.45 [ 448 449 450 397 ] ]
		[ 0.475 [ 451 452 453 397 ] ]
		[ 0.5 [ 1 0 168 397 ] ]
		[ 0.525 [ 454 455 456 397 ] ]
		[ 0.55 [ 457 458 459 397 ] ]
		[ 0.575 [ 460 461 462 397 ] ]
		[ 0.6 [ 463 464 465 397 ] ]
		[ 0.625 [ 466 467 468 397 ] ]
		[ 0.65 [ 469 470 471 397 ] ]
		[ 0.675 [ 1 472 473 397 ] ]
		[ 0.7 [ 1 472 473 397 ] ]
		[ 0.725 [ 1 472 473 397 ] ]
		[ 0.75 [ 1 472 473 397 ] ]
		[ 0.775 [ 1 472 473 397 ] ]
		[ 0.8 [ 1 472 473 397 ] ]
		[ 0.825 [ 1 472 473 397 ] ]
		[ 0.85 [ 1 472 473 397 ] ]
		[ 0.875 [ 1 472 473 397 ] ]
		[ 0.9 [ 1 472 473 397 ] ]
		[ 0.925 [ 1 472 473 397 ] ]
		[ 0.95 [ 1 472 473 397 ] ]
		[ 0.975 [ 1 472 473 397 ] ]
	]
	"Lokot_L" [
		[ 0 [ 474 475 476 477 ] ]
		[ 0.025 [ 478 479 480 477 ] ]
		[ 0.05 [ 481 482 483 477 ] ]
		[ 0.075 [ 484 485 486 477 ] ]
		[ 0.1 [ 487 488 489 477 ] ]
		[ 0.125 [ 490 491 492 477 ] ]
		[ 0.15 [ 493 494 495 477 ] ]
		[ 0.175 [ 496 497 1 477 ] ]
		[ 0.2 [ 498 499 500 477 ] ]
		[ 0.225 [ 501 502 500 477 ] ]
		[ 0.25 [ 503 504 500 477 ] ]
		[ 0.275 [ 505 506 1 477 ] ]
		[ 0.3 [ 507 508 1 477 ] ]
		[ 0.325 [ 509 510 1 477 ] ]
		[ 0.35 [ 511 512 1 477 ] ]
		[ 0.375 [ 513 514 1 477 ] ]
		[ 0.4 [ 515 516 1 477 ] ]
		[ 0.425 [ 517 518 1 477 ] ]
		[ 0.45 [ 519 520 1 477 ] ]
		[ 0.475 [ 521 522 1 477 ] ]
		[ 0.5 [ 473 523 1 477 ] ]
		[ 0.525 [ 524 525 1 477 ] ]
		[ 0.55 [ 526 527 1 477 ] ]
		[ 0.575 [ 528 529 1 477 ] ]
		[ 0.6 [ 530 531 1 477 ] ]
		[ 0.625 [ 532 533 1 477 ] ]
		[ 0.65 [ 534 535 1 477 ] ]
		[ 0.675 [ 0 168 1 477 ] ]
		[ 0.7 [ 0 168 1 477 ] ]
		[ 0.725 [ 0 168 1 477 ] ]
		[ 0.75 [ 0 168 1 477 ] ]
		[ 0.775 [ 0 168 1 477 ] ]
		[ 0.8 [ 0 168 1 477 ] ]
		[ 0.825 [ 0 168 1 477 ] ]
		[ 0.85 [ 0 168 1 477 ] ]
		[ 0.875 [ 0 168 1 477 ] ]
		[ 0.9 [ 0 168 1 477 ] ]
		[ 0.925 [ 0 168 1 477 ] ]
		[ 0.95 [ 0 168 1 477 ] ]
		[ 0.975 [ 0 168 1 477 ] ]
	]
	"Lokot_L_end" [
		[ 0 [ 0 168 1 536 ] ]
	]
	"Ruka_P" [
		[ 0 [ 388 537 538 539 ] ]
		[ 0.025 [ 540 541 542 539 ] ]
		[ 0.05 [ 543 544 545 539 ] ]
		[ 0.075 [ 546 547 548 539 ] ]
		[ 0.1 [ 549 550 551 539 ] ]
		[ 0.125 [ 552 553 554 539 ] ]
		[ 0.15 [ 555 556 557 539 ] ]
		[ 0.175 [ 558 559 560 539 ] ]
		[ 0.2 [ 561 562 563 539 ] ]
		[ 0.225 [ 564 565 566 539 ] ]
		[ 0.25 [ 394 567 568 539 ] ]
		[ 0.275 [ 569 570 571 539 ] ]
		[ 0.3 [ 572 573 574 539 ] ]
		[ 0.325 [ 575 576 577 539 ] ]
		[ 0.35 [ 578 579 580 539 ] ]
		[ 0.375 [ 581 582 583 539 ] ]
		[ 0.4 [ 584 585 586 539 ] ]
		[ 0.425 [ 587 588 589 539 ] ]
		[ 0.45 [ 590 591 592 539 ] ]
		[ 0.475 [ 593 594 595 539 ] ]
		[ 0.5 [ 1 393 2 539 ] ]
		[ 0.525 [ 596 597 598 539 ] ]
		[ 0.55 [ 599 600 601 539 ] ]
		[ 0.575 [ 602 603 604 539 ] ]
		[ 0.6 [ 605 606 607 539 ] ]
		[ 0.625 [ 608 609 610 539 ] ]
		[ 0.65 [ 611 612 613 539 ] ]
		[ 0.675 [ 1 614 615 539 ] ]
		[ 0.7 [ 1 614 615 539 ] ]
		[ 0.725 [ 1 614 615 539 ] ]
		[ 0.75 [ 1 614 615 539 ] ]
		[ 0.775 [ 1 614 615 539 ] ]
		[ 0.8 [ 1 614 615 539 ] ]
		[ 0.825 [ 1 614 615 539 ] ]
		[ 0.85 [ 1 614 615 539 ] ]
		[ 0.875 [ 1 614 615 539 ] ]
		[ 0.9 [ 1 614 615 539 ] ]
		[ 0.925 [ 1 614 615 539 ] ]
		[ 0.95 [ 1 614 615 539 ] ]
		[ 0.975 [ 1 614 615 539 ] ]
	]
	"Lokot_P" [
		[ 0 [ 616 617 618 477 ] ]
		[ 0.025 [ 619 620 621 477 ] ]
		[ 0.05 [ 622 623 624 477 ] ]
		[ 0.075 [ 625 626 627 477 ] ]
		[ 0.1 [ 628 629 630 477 ] ]
		[ 0.125 [ 631 632 633 477 ] ]
		[ 0.15 [ 634 635 636 477 ] ]
		[ 0.175 [ 637 638 639 477 ] ]
		[ 0.2 [ 640 641 642 477 ] ]
		[ 0.225 [ 643 644 645 477 ] ]
		[ 0.25 [ 646 647 648 477 ] ]
		[ 0.275 [ 649 650 651 477 ] ]
		[ 0.3 [ 652 653 654 477 ] ]
		[ 0.325 [ 509 510 1 477 ] ]
		[ 0.35 [ 511 512 1 477 ] ]
		[ 0.375 [ 513 514 1 477 ] ]
		[ 0.4 [ 515 516 1 477 ] ]
		[ 0.425 [ 517 518 1 477 ] ]
		[ 0.45 [ 519 520 1 477 ] ]
		[ 0.475 [ 521 522 1 477 ] ]
		[ 0.5 [ 473 523 1 477 ] ]
		[ 0.525 [ 524 525 1 477 ] ]
		[ 0.55 [ 526 527 1 477 ] ]
		[ 0.575 [ 528 529 1 477 ] ]
		[ 0.6 [ 530 531 1 477 ] ]
		[ 0.625 [ 532 533 1 477 ] ]
		[ 0.65 [ 534 535 1 477 ] ]
		[ 0.675 [ 0 168 1 477 ] ]
		[ 0.7 [ 0 168 1 477 ] ]
		[ 0.725 [ 0 168 1 477 ] ]
		[ 0.75 [ 0 168 1 477 ] ]
		[ 0.775 [ 0 168 1 477 ] ]
		[ 0.8 [ 0 168 1 477 ] ]
		[ 0.825 [ 0 168 1 477 ] ]
		[ 0.85 [ 0 168 1 477 ] ]
		[ 0.875 [ 0 168 1 477 ] ]
		[ 0.9 [ 0 168 1 477 ] ]
		[ 0.925 [ 0 168 1 477 ] ]
		[ 0.95 [ 0 168 1 477 ] ]
		[ 0.975 [ 0 168 1 477 ] ]
	]
	"Lokot_P_end" [
		[ 0 [ 0 168 1 536 ] ]
	]
	"Camera" [
		[ 0 [ 655 656 657 658 ] ]
	]
	"Lamp" [
		[ 0 [ 659 660 661 662 ] ]
	]
	"Mag" [
		[ 0 [ 663 664 665 665 ] ]
	]
	}
	:resources [
		[1.000 0.000 0.000]
		[0.000 0.000 1.000]
		[0.000 -1.000 0.000]
		[0.000 0.000 0.100]
		[0.000 0.007 1.000]
		[0.000 -1.000 0.007]
		[0.000 0.000 0.115]
		[0.000 0.022 1.000]
		[0.000 -1.000 0.022]
		[0.000 0.000 0.130]
		[0.000 0.039 0.999]
		[0.000 -0.999 0.039]
		[0.000 0.000 0.145]
		[0.000 0.050 0.999]
		[0.000 -0.999 0.050]
		[0.000 0.000 0.160]
		[0.000 0.049 0.999]
		[0.000 -0.999 0.049]
		[0.000 0.000 0.175]
		[0.000 0.028 1.000]
		[0.000 -1.000 0.028]
		[0.000 0.000 0.190]
		[0.000 -0.019 1.000]
		[0.000 -1.000 -0.019]
		[0.000 0.000 0.207]
		[0.000 -0.092 0.996]
		[0.000 -0.996 -0.092]
		[0.000 0.000 0.243]
		[0.000 -0.185 0.983]
		[0.000 -0.983 -0.185]
		[0.000 0.000 0.293]
		[0.000 -0.290 0.957]
		[0.000 -0.957 -0.290]
		[0.000 0.000 0.341]
		[0.000 -0.401 0.916]
		[0.000 -0.916 -0.401]
		[0.000 0.000 0.372]
		[0.000 -0.511 0.860]
		[0.000 -0.860 -0.511]
		[0.000 0.000 0.373]
		[0.000 -0.612 0.791]
		[0.000 -0.791 -0.612]
		[0.000 0.000 0.328]
		[0.000 -0.705 0.709]
		[0.000 -0.709 -0.705]
		[0.000 0.000 0.217]
		[0.000 -0.798 0.602]
		[0.000 -0.602 -0.798]
		[0.000 0.000 0.030]
		[0.000 -0.880 0.474]
		[0.000 -0.474 -0.880]
		[0.000 0.000 -0.205]
		[0.000 -0.942 0.336]
		[0.000 -0.336 -0.942]
		[0.000 0.000 -0.460]
		[0.000 -0.979 0.202]
		[0.000 -0.202 -0.979]
		[0.000 0.000 -0.706]
		[0.000 -0.996 0.085]
		[0.000 -0.085 -0.996]
		[0.000 0.000 -0.912]
		[0.000 0.000 -1.000]
		[0.000 0.000 -1.050]
		[0.000 -0.999 -0.032]
		[0.000 0.032 -0.999]
		[0.000 0.000 -1.085]
		[0.000 -1.000 -0.021]
		[0.000 0.021 -1.000]
		[0.000 0.000 -1.048]
		[0.000 -1.000 -0.003]
		[0.000 0.003 -1.000]
		[0.000 0.000 -1.004]
		[0.000 0.000 -1.019]
		[0.000 0.000 -1.038]
		[0.000 -0.342 0.940]
		[0.000 -0.940 -0.342]
		[0.123 -0.038 0.000]
		[0.003 -0.339 0.941]
		[-0.003 -0.941 -0.339]
		[1.000 -0.002 -0.003]
		[0.009 -0.332 0.943]
		[-0.009 -0.943 -0.332]
		[1.000 -0.005 -0.011]
		[0.015 -0.324 0.946]
		[-0.015 -0.946 -0.323]
		[1.000 -0.010 -0.019]
		[0.020 -0.318 0.948]
		[-0.020 -0.948 -0.318]
		[1.000 -0.013 -0.025]
		[0.019 -0.319 0.948]
		[-0.019 -0.948 -0.318]
		[1.000 -0.012 -0.025]
		[0.011 -0.329 0.944]
		[-0.011 -0.944 -0.329]
		[1.000 -0.007 -0.014]
		[-0.008 -0.351 0.937]
		[0.008 -0.937 -0.350]
		[1.000 0.005 0.010]
		[-0.039 -0.381 0.924]
		[0.045 -0.924 -0.379]
		[0.998 0.027 0.053]
		[-0.077 -0.418 0.905]
		[0.096 -0.907 -0.410]
		[0.992 0.055 0.110]
		[-0.114 -0.460 0.881]
		[0.156 -0.884 -0.441]
		[0.981 0.087 0.173]
		[-0.144 -0.507 0.850]
		[0.220 -0.854 -0.472]
		[0.965 0.119 0.235]
		[-0.161 -0.559 0.814]
		[0.281 -0.816 -0.505]
		[0.946 0.147 0.289]
		[-0.161 -0.613 0.773]
		[0.331 -0.772 -0.543]
		[0.930 0.169 0.328]
		[-0.140 -0.679 0.720]
		[0.367 -0.711 -0.599]
		[0.919 0.181 0.349]
		[-0.094 -0.765 0.637]
		[0.393 -0.616 -0.683]
		[0.915 0.186 0.359]
		[-0.034 -0.850 0.526]
		[0.403 -0.494 -0.771]
		[0.026 -0.914 0.405]
		[0.398 -0.362 -0.843]
		[0.917 0.183 0.354]
		[0.074 -0.952 0.296]
		[0.383 -0.247 -0.890]
		[0.921 0.179 0.347]
		[0.101 -0.969 0.226]
		[0.369 -0.175 -0.913]
		[0.924 0.175 0.340]
		[0.101 -0.970 0.222]
		[0.365 -0.171 -0.915]
		[0.925 0.174 0.337]
		[0.072 -0.953 0.293]
		[0.372 -0.247 -0.895]
		[0.017 -0.907 0.421]
		[0.379 -0.383 -0.842]
		[-0.056 -0.816 0.575]
		[0.375 -0.551 -0.746]
		[-0.137 -0.675 0.725]
		[0.353 -0.717 -0.601]
		[-0.214 -0.494 0.843]
		[0.313 -0.852 -0.420]
		[-0.277 -0.296 0.914]
		[0.258 -0.939 -0.226]
		[-0.308 -0.171 0.936]
		[0.220 -0.970 -0.105]
		[-0.766 0.643 -0.007]
		[0.643 0.766 -0.009]
		[0.000 -0.011 -1.000]
		[0.000 0.532 0.000]
		[-0.759 0.651 -0.007]
		[0.651 0.759 -0.009]
		[-0.750 0.662 -0.007]
		[0.662 0.750 -0.008]
		[-0.757 0.653 -0.007]
		[0.653 0.757 -0.009]
		[-0.796 0.606 -0.007]
		[0.606 0.796 -0.009]
		[-0.855 0.519 -0.006]
		[0.519 0.855 -0.010]
		[-0.911 0.412 -0.005]
		[0.412 0.911 -0.010]
		[-0.940 0.342 -0.004]
		[0.342 0.940 -0.011]
		[0.000 1.000 0.000]
		[0.000 0.578 0.000]
		[0.000 -0.643 0.766]
		[0.000 -0.766 -0.643]
		[-0.123 -0.038 0.000]
		[-0.001 -0.643 0.766]
		[0.003 -0.766 -0.643]
		[1.000 0.002 0.003]
		[-0.005 -0.643 0.766]
		[0.011 -0.766 -0.643]
		[1.000 0.005 0.011]
		[-0.009 -0.643 0.766]
		[0.020 -0.766 -0.643]
		[1.000 0.010 0.019]
		[-0.011 -0.643 0.766]
		[0.026 -0.766 -0.642]
		[1.000 0.013 0.025]
		[0.025 -0.766 -0.642]
		[1.000 0.012 0.025]
		[-0.006 -0.643 0.766]
		[0.015 -0.766 -0.643]
		[1.000 0.007 0.014]
		[0.005 -0.642 0.767]
		[-0.010 -0.767 -0.642]
		[1.000 -0.005 -0.010]
		[0.024 -0.634 0.773]
		[-0.054 -0.773 -0.632]
		[0.998 -0.027 -0.053]
		[0.052 -0.620 0.783]
		[-0.111 -0.782 -0.613]
		[0.992 -0.055 -0.110]
		[0.086 -0.606 0.791]
		[-0.174 -0.790 -0.588]
		[0.981 -0.087 -0.173]
		[0.119 -0.598 0.793]
		[-0.235 -0.793 -0.563]
		[0.965 -0.119 -0.235]
		[0.146 -0.601 0.786]
		[-0.289 -0.785 -0.547]
		[0.946 -0.147 -0.289]
		[0.158 -0.621 0.768]
		[-0.333 -0.765 -0.551]
		[0.930 -0.169 -0.328]
		[0.145 -0.669 0.729]
		[-0.365 -0.721 -0.589]
		[0.919 -0.181 -0.349]
		[0.104 -0.750 0.653]
		[-0.390 -0.635 -0.667]
		[0.915 -0.186 -0.359]
		[0.044 -0.837 0.546]
		[-0.402 -0.515 -0.757]
		[-0.018 -0.907 0.421]
		[-0.398 -0.380 -0.835]
		[0.917 -0.183 -0.354]
		[-0.070 -0.950 0.306]
		[-0.384 -0.258 -0.887]
		[0.921 -0.179 -0.347]
		[-0.099 -0.968 0.229]
		[-0.369 -0.178 -0.912]
		[0.924 -0.175 -0.340]
		[-0.101 -0.970 0.222]
		[-0.365 -0.171 -0.915]
		[0.925 -0.174 -0.337]
		[-0.072 -0.953 0.293]
		[-0.372 -0.247 -0.895]
		[-0.017 -0.907 0.421]
		[-0.379 -0.383 -0.842]
		[0.056 -0.816 0.575]
		[-0.375 -0.551 -0.746]
		[0.137 -0.675 0.725]
		[-0.353 -0.717 -0.601]
		[0.214 -0.494 0.843]
		[-0.313 -0.852 -0.420]
		[0.277 -0.296 0.914]
		[-0.258 -0.939 -0.226]
		[0.308 -0.171 0.936]
		[-0.220 -0.970 -0.105]
		[0.008 1.000 0.000]
		[1.000 -0.008 0.000]
		[0.027 1.000 0.000]
		[1.000 -0.027 0.000]
		[0.049 0.999 0.000]
		[0.999 -0.049 0.000]
		[0.063 0.998 0.000]
		[0.998 -0.063 0.000]
		[0.061 0.998 0.000]
		[0.998 -0.061 0.000]
		[0.035 0.999 0.000]
		[0.999 -0.035 0.000]
		[-0.025 1.000 0.000]
		[1.000 0.025 0.000]
		[-0.132 0.991 0.000]
		[0.991 0.132 0.000]
		[-0.272 0.962 0.000]
		[0.962 0.272 0.000]
		[-0.423 0.906 0.000]
		[0.906 0.423 0.000]
		[-0.562 0.827 0.000]
		[0.827 0.562 0.000]
		[-0.674 0.738 0.000]
		[0.738 0.674 0.000]
		[-0.750 0.662 0.000]
		[0.662 0.750 0.000]
		[-0.788 0.615 0.000]
		[0.615 0.788 0.000]
		[-0.804 0.595 0.000]
		[0.595 0.804 0.000]
		[-0.805 0.593 0.000]
		[0.593 0.805 0.000]
		[-0.796 0.605 0.000]
		[0.605 0.796 0.000]
		[-0.783 0.621 0.000]
		[0.621 0.783 0.000]
		[-0.771 0.636 0.000]
		[0.636 0.771 0.000]
		[-0.766 0.643 0.000]
		[0.643 0.766 0.000]
		[-0.759 0.651 0.000]
		[0.651 0.759 0.000]
		[-0.757 0.653 0.000]
		[0.653 0.757 0.000]
		[-0.796 0.606 0.000]
		[0.606 0.796 0.000]
		[-0.855 0.519 0.000]
		[0.519 0.855 0.000]
		[-0.911 0.412 0.000]
		[0.412 0.911 0.000]
		[-0.940 0.342 0.000]
		[0.342 0.940 0.000]
		[0.000 0.130 0.000]
		[0.000 0.997 -0.083]
		[0.000 0.083 0.997]
		[0.000 0.985 -0.173]
		[0.000 0.173 0.985]
		[0.000 0.965 -0.262]
		[0.000 0.262 0.965]
		[0.000 0.939 -0.345]
		[0.000 0.345 0.939]
		[0.000 0.909 -0.416]
		[0.000 0.416 0.909]
		[0.000 0.881 -0.473]
		[0.000 0.473 0.881]
		[0.000 0.860 -0.511]
		[0.000 0.511 0.860]
		[0.000 0.844 -0.536]
		[0.000 0.536 0.844]
		[0.000 0.835 -0.551]
		[0.000 0.551 0.835]
		[0.000 0.831 -0.556]
		[0.000 0.556 0.831]
		[0.000 0.882 -0.471]
		[0.000 0.471 0.882]
		[0.000 0.914 -0.405]
		[0.000 0.405 0.914]
		[0.000 0.947 -0.321]
		[0.000 0.321 0.947]
		[0.000 0.974 -0.227]
		[0.000 0.227 0.974]
		[0.000 0.991 -0.135]
		[0.000 0.135 0.991]
		[0.000 0.998 -0.055]
		[0.000 0.055 0.998]
		[0.000 1.000 0.019]
		[0.000 1.000 0.013]
		[0.000 -0.013 1.000]
		[0.000 1.000 0.002]
		[0.000 -0.002 1.000]
		[0.000 0.985 -0.174]
		[0.000 0.174 0.985]
		[0.000 0.596 0.000]
		[0.000 0.973 -0.231]
		[0.000 0.231 0.973]
		[0.000 0.955 -0.297]
		[0.000 0.297 0.955]
		[0.000 0.932 -0.362]
		[0.000 0.362 0.932]
		[0.000 0.907 -0.421]
		[0.000 0.421 0.907]
		[0.000 0.884 -0.467]
		[0.000 0.467 0.884]
		[0.000 0.869 -0.494]
		[0.000 0.494 0.869]
		[0.000 0.867 -0.498]
		[0.000 0.498 0.867]
		[0.000 0.905 -0.425]
		[0.000 0.425 0.905]
		[0.000 0.956 -0.294]
		[0.000 0.294 0.956]
		[0.000 0.983 -0.184]
		[0.000 0.184 0.983]
		[0.000 0.987 -0.163]
		[0.000 0.163 0.987]
		[0.000 0.986 -0.166]
		[0.000 0.166 0.986]
		[0.000 0.983 -0.182]
		[0.000 0.182 0.983]
		[0.000 0.980 -0.201]
		[0.000 0.201 0.980]
		[0.000 0.977 -0.213]
		[0.000 0.213 0.977]
		[0.000 0.978 -0.208]
		[0.000 0.208 0.978]
		[0.999 0.000 -0.033]
		[-0.002 0.998 -0.057]
		[0.033 0.057 0.998]
		[0.997 0.000 -0.075]
		[0.008 0.994 0.106]
		[0.075 -0.106 0.992]
		[0.999 0.001 -0.042]
		[0.007 0.982 0.190]
		[0.041 -0.190 0.981]
		[0.990 0.000 0.142]
		[0.000 1.000 0.001]
		[-0.142 -0.001 0.990]
		[0.897 0.001 0.442]
		[0.082 0.983 -0.167]
		[-0.435 0.186 0.881]
		[0.681 0.000 0.732]
		[0.061 0.996 -0.057]
		[-0.729 0.084 0.679]
		[0.500 0.000 0.866]
		[-0.866 0.000 0.500]
		[0.000 0.315 0.000]
		[0.000 0.470 0.000]
		[0.000 0.300 0.000]
		[-1.000 0.000 0.000]
		[-0.500 0.000 0.866]
		[0.557 -0.766 0.321]
		[0.663 0.643 0.383]
		[0.279 0.394 -0.035]
		[-0.288 0.000 0.958]
		[0.711 -0.669 0.214]
		[0.641 0.743 0.193]
		[-0.033 0.000 0.999]
		[0.834 -0.551 0.028]
		[0.551 0.835 0.018]
		[0.229 0.000 0.973]
		[0.884 -0.418 -0.208]
		[0.407 0.908 -0.096]
		[0.460 0.000 0.888]
		[0.852 -0.282 -0.441]
		[0.251 0.959 -0.130]
		[0.631 0.000 0.776]
		[0.766 -0.156 -0.623]
		[0.121 0.988 -0.099]
		[0.735 0.000 0.679]
		[0.678 -0.052 -0.734]
		[0.035 0.999 -0.038]
		[0.770 0.000 0.638]
		[0.638 0.020 -0.770]
		[-0.013 1.000 0.015]
		[0.738 0.000 0.675]
		[0.674 0.056 -0.736]
		[-0.038 0.998 0.041]
		[0.644 0.000 0.765]
		[0.763 0.064 -0.643]
		[-0.049 0.998 0.042]
		[0.865 0.055 -0.499]
		[-0.047 0.999 0.027]
		[0.325 0.000 0.946]
		[0.945 0.035 -0.325]
		[-0.033 0.999 0.011]
		[0.154 0.000 0.988]
		[0.988 0.014 -0.154]
		[-0.014 1.000 0.002]
		[0.027 0.000 1.000]
		[1.000 0.001 -0.027]
		[-0.001 1.000 0.000]
		[-0.034 0.000 0.999]
		[0.999 0.005 0.034]
		[-0.005 1.000 0.000]
		[-0.053 0.000 0.999]
		[0.998 0.025 0.053]
		[-0.025 1.000 -0.001]
		[-0.046 0.000 0.999]
		[0.998 0.050 0.046]
		[-0.050 0.999 -0.002]
		[-0.025 0.000 1.000]
		[0.997 0.071 0.025]
		[-0.071 0.997 -0.002]
		[-0.002 0.000 1.000]
		[0.997 0.077 0.002]
		[-0.077 0.997 0.000]
		[0.011 0.000 1.000]
		[0.998 0.057 -0.011]
		[-0.057 0.998 0.001]
		[-0.051 0.000 0.999]
		[0.990 -0.135 0.050]
		[0.135 0.991 0.007]
		[-0.121 0.000 0.993]
		[0.940 -0.321 0.115]
		[0.319 0.947 0.039]
		[-0.169 0.000 0.986]
		[0.870 -0.470 0.149]
		[0.463 0.883 0.079]
		[-0.161 0.000 0.987]
		[0.838 -0.529 0.137]
		[0.522 0.849 0.085]
		[-0.109 0.000 0.994]
		[0.844 -0.528 0.092]
		[0.525 0.849 0.058]
		[-0.040 0.000 0.999]
		[0.861 -0.507 0.035]
		[0.507 0.862 0.021]
		[0.866 -0.500 0.000]
		[0.500 0.866 0.000]
		[0.983 0.184 -0.001]
		[-0.184 0.983 -0.011]
		[-0.001 0.011 1.000]
		[0.000 0.316 0.000]
		[0.966 0.260 -0.001]
		[-0.260 0.965 -0.009]
		[-0.001 0.009 1.000]
		[0.941 0.337 -0.002]
		[-0.337 0.941 -0.007]
		[-0.001 0.008 1.000]
		[0.911 0.412 -0.002]
		[-0.412 0.911 -0.005]
		[-0.001 0.006 1.000]
		[0.875 0.483 -0.001]
		[-0.483 0.875 -0.003]
		[0.000 0.004 1.000]
		[0.836 0.549 -0.001]
		[-0.549 0.836 -0.002]
		[0.000 0.002 1.000]
		[0.794 0.608 0.000]
		[-0.608 0.794 -0.001]
		[0.000 0.001 1.000]
		[0.752 0.659 0.000]
		[-0.659 0.752 0.000]
		[0.708 0.706 0.000]
		[-0.706 0.708 0.001]
		[0.000 -0.001 1.000]
		[0.663 0.749 0.001]
		[-0.749 0.663 0.001]
		[0.618 0.786 0.001]
		[-0.786 0.618 0.000]
		[0.576 0.818 0.000]
		[-0.818 0.576 0.000]
		[0.538 0.843 0.000]
		[-0.843 0.538 0.000]
		[0.509 0.861 0.000]
		[-0.861 0.509 0.000]
		[0.479 0.878 0.000]
		[-0.878 0.479 0.000]
		[0.435 0.900 0.000]
		[-0.900 0.435 0.000]
		[0.388 0.922 0.000]
		[-0.922 0.388 0.000]
		[0.354 0.935 0.000]
		[-0.935 0.354 0.000]
		[0.351 0.936 0.000]
		[-0.936 0.351 0.000]
		[0.396 0.918 0.000]
		[-0.918 0.396 0.000]
		[-0.866 0.500 0.000]
		[0.713 0.701 0.000]
		[-0.701 0.713 0.000]
		[0.923 0.384 0.000]
		[-0.384 0.923 0.000]
		[0.998 0.069 0.000]
		[-0.069 0.998 0.000]
		[0.998 -0.067 0.000]
		[0.067 0.998 0.000]
		[0.998 -0.065 0.000]
		[0.065 0.998 0.000]
		[1.000 -0.017 0.000]
		[0.017 1.000 0.000]
		[0.000 0.469 0.000]
		[-0.557 -0.766 0.321]
		[0.663 -0.643 -0.383]
		[-0.279 0.394 -0.035]
		[0.288 0.000 0.958]
		[-0.711 -0.669 0.214]
		[0.641 -0.743 -0.193]
		[0.033 0.000 0.999]
		[-0.834 -0.551 0.028]
		[0.551 -0.835 -0.018]
		[-0.229 0.000 0.973]
		[-0.884 -0.418 -0.208]
		[0.407 -0.908 0.096]
		[-0.460 0.000 0.888]
		[-0.852 -0.282 -0.441]
		[0.251 -0.959 0.130]
		[-0.631 0.000 0.776]
		[-0.766 -0.156 -0.623]
		[0.121 -0.988 0.099]
		[-0.735 0.000 0.679]
		[-0.678 -0.052 -0.734]
		[0.035 -0.999 0.038]
		[-0.770 0.000 0.638]
		[-0.638 0.020 -0.770]
		[-0.013 -1.000 -0.015]
		[-0.738 0.000 0.675]
		[-0.674 0.056 -0.736]
		[-0.038 -0.998 -0.041]
		[-0.644 0.000 0.765]
		[-0.763 0.064 -0.643]
		[-0.049 -0.998 -0.042]
		[-0.865 0.055 -0.499]
		[-0.047 -0.999 -0.027]
		[-0.325 0.000 0.946]
		[-0.945 0.035 -0.325]
		[-0.033 -0.999 -0.011]
		[-0.154 0.000 0.988]
		[-0.988 0.014 -0.154]
		[-0.014 -1.000 -0.002]
		[-0.027 0.000 1.000]
		[-1.000 0.001 -0.027]
		[-0.001 -1.000 0.000]
		[0.034 0.000 0.999]
		[-0.999 0.005 0.034]
		[-0.005 -1.000 0.000]
		[0.053 0.000 0.999]
		[-0.998 0.025 0.053]
		[-0.025 -1.000 0.001]
		[0.046 0.000 0.999]
		[-0.998 0.050 0.046]
		[-0.050 -0.999 0.002]
		[0.025 0.000 1.000]
		[-0.997 0.071 0.025]
		[-0.071 -0.997 0.002]
		[0.002 0.000 1.000]
		[-0.997 0.077 0.002]
		[-0.077 -0.997 0.000]
		[-0.011 0.000 1.000]
		[-0.998 0.057 -0.011]
		[-0.057 -0.998 -0.001]
		[0.051 0.000 0.999]
		[-0.990 -0.135 0.050]
		[0.135 -0.991 -0.007]
		[0.121 0.000 0.993]
		[-0.940 -0.321 0.115]
		[0.319 -0.947 -0.039]
		[0.169 0.000 0.986]
		[-0.870 -0.470 0.149]
		[0.463 -0.883 -0.079]
		[0.161 0.000 0.987]
		[-0.838 -0.529 0.137]
		[0.522 -0.849 -0.085]
		[0.109 0.000 0.994]
		[-0.844 -0.528 0.092]
		[0.525 -0.849 -0.058]
		[0.040 0.000 0.999]
		[-0.861 -0.507 0.035]
		[0.507 -0.862 -0.021]
		[-0.866 -0.500 0.000]
		[0.500 -0.866 0.000]
		[0.967 0.182 0.180]
		[-0.184 0.983 -0.009]
		[-0.179 -0.024 0.984]
		[0.954 0.259 0.151]
		[-0.259 0.966 -0.019]
		[-0.151 -0.021 0.988]
		[0.934 0.336 0.118]
		[-0.336 0.942 -0.025]
		[-0.120 -0.016 0.993]
		[0.907 0.412 0.086]
		[-0.411 0.911 -0.026]
		[-0.089 -0.012 0.996]
		[0.874 0.483 0.055]
		[-0.483 0.876 -0.021]
		[-0.059 -0.008 0.998]
		[0.835 0.549 0.029]
		[-0.549 0.836 -0.014]
		[-0.032 -0.004 0.999]
		[0.794 0.608 0.009]
		[-0.608 0.794 -0.005]
		[-0.011 -0.001 1.000]
		[0.752 0.659 -0.003]
		[-0.659 0.752 0.002]
		[0.004 0.001 1.000]
		[0.708 0.706 -0.009]
		[-0.706 0.708 0.007]
		[0.012 0.002 1.000]
		[0.663 0.749 -0.010]
		[-0.749 0.663 0.009]
		[0.013 0.002 1.000]
		[0.618 0.786 -0.008]
		[-0.786 0.618 0.008]
		[0.011 0.002 1.000]
		[0.576 0.818 -0.005]
		[-0.818 0.576 0.005]
		[0.007 0.001 1.000]
		[0.538 0.843 -0.002]
		[-0.843 0.538 0.002]
		[0.003 0.000 1.000]
		[-65.486 44.525 61.067]
		[31.737 89.534 -31.247]
		[-68.588 -1.082 -72.763]
		[-748.113 534.367 650.764]
		[-29.087 5.519 95.517]
		[-56.639 79.467 -21.839]
		[-77.110 -60.452 -19.988]
		[-407.625 590.386 -100.545]
		[100.000 0.000 0.000]
		[0.000 0.000 -100.000]
		[0.000 100.000 0.000]]
}