{ :name "Death" :length 0.6666667 :bones { 
	"Armature" [
		[0 [1.000 0.000 0.000 0.000 0.000 1.000 0.000 0.000 0.000 0.000 1.000 0.000 0.000 0.000 0.000 1.000]]
	]
	"Skelet" [
		[0 [1.000 0.000 0.000 0.000 0.000 1.000 0.000 0.000 0.000 0.000 1.000 0.000 0.000 0.001 0.000 1.000]]
		[0.025 [1.000 0.000 0.000 0.000 0.000 1.000 -0.007 0.000 0.000 0.007 1.000 0.000 0.000 0.001 0.000 1.000]]
		[0.05 [1.000 0.000 0.000 0.000 0.000 1.000 -0.022 0.000 0.000 0.022 1.000 0.000 0.000 0.001 0.000 1.000]]
		[0.075 [1.000 0.000 0.000 0.000 0.000 0.999 -0.039 0.000 0.000 0.039 0.999 0.000 0.000 0.001 0.000 1.000]]
		[0.1 [1.000 0.000 0.000 0.000 0.000 0.999 -0.050 0.000 0.000 0.050 0.999 0.000 0.000 0.002 0.000 1.000]]
		[0.125 [1.000 0.000 0.000 0.000 0.000 0.999 -0.049 0.000 0.000 0.049 0.999 0.000 0.000 0.002 0.000 1.000]]
		[0.15 [1.000 0.000 0.000 0.000 0.000 1.000 -0.028 0.000 0.000 0.028 1.000 0.000 0.000 0.002 0.000 1.000]]
		[0.175 [1.000 0.000 0.000 0.000 0.000 1.000 0.019 0.000 0.000 -0.019 1.000 0.000 0.000 0.002 0.000 1.000]]
		[0.2 [1.000 0.000 0.000 0.000 0.000 0.996 0.092 0.000 0.000 -0.092 0.996 0.000 0.000 0.002 0.000 1.000]]
		[0.225 [1.000 0.000 0.000 0.000 0.000 0.983 0.185 0.000 0.000 -0.185 0.983 0.000 0.000 0.003 0.000 1.000]]
		[0.25 [1.000 0.000 0.000 0.000 0.000 0.957 0.290 0.000 0.000 -0.290 0.957 0.000 0.000 0.003 0.000 1.000]]
		[0.275 [1.000 0.000 0.000 0.000 0.000 0.916 0.401 0.000 0.000 -0.401 0.916 0.000 0.000 0.004 0.000 1.000]]
		[0.3 [1.000 0.000 0.000 0.000 0.000 0.860 0.511 0.000 0.000 -0.511 0.860 0.000 0.000 0.004 0.000 1.000]]
		[0.325 [1.000 0.000 0.000 0.000 0.000 0.791 0.612 0.000 0.000 -0.612 0.791 0.000 0.000 0.003 0.000 1.000]]
		[0.35 [1.000 0.000 0.000 0.000 0.000 0.709 0.705 0.000 0.000 -0.705 0.709 0.000 0.000 0.002 0.000 1.000]]
		[0.375 [1.000 0.000 0.000 0.000 0.000 0.602 0.798 0.000 0.000 -0.798 0.602 0.000 0.000 0.000 0.000 1.000]]
		[0.4 [1.000 0.000 0.000 0.000 0.000 0.474 0.880 0.000 0.000 -0.880 0.474 0.000 0.000 -0.002 0.000 1.000]]
		[0.425 [1.000 0.000 0.000 0.000 0.000 0.336 0.942 0.000 0.000 -0.942 0.336 0.000 0.000 -0.005 0.000 1.000]]
		[0.45 [1.000 0.000 0.000 0.000 0.000 0.202 0.979 0.000 0.000 -0.979 0.202 0.000 0.000 -0.007 0.000 1.000]]
		[0.475 [1.000 0.000 0.000 0.000 0.000 0.085 0.996 0.000 0.000 -0.996 0.085 0.000 0.000 -0.009 0.000 1.000]]
		[0.5 [1.000 0.000 0.000 0.000 0.000 0.000 1.000 0.000 0.000 -1.000 0.000 0.000 0.000 -0.011 0.000 1.000]]
		[0.525 [1.000 0.000 0.000 0.000 0.000 -0.032 0.999 0.000 0.000 -0.999 -0.032 0.000 0.000 -0.011 0.000 1.000]]
		[0.55 [1.000 0.000 0.000 0.000 0.000 -0.021 1.000 0.000 0.000 -1.000 -0.021 0.000 0.000 -0.010 0.000 1.000]]
		[0.575 [1.000 0.000 0.000 0.000 0.000 -0.003 1.000 0.000 0.000 -1.000 -0.003 0.000 0.000 -0.010 0.000 1.000]]
		[0.6 [1.000 0.000 0.000 0.000 0.000 0.000 1.000 0.000 0.000 -1.000 0.000 0.000 0.000 -0.010 0.000 1.000]]
		[0.625 [1.000 0.000 0.000 0.000 0.000 0.000 1.000 0.000 0.000 -1.000 0.000 0.000 0.000 -0.010 0.000 1.000]]
		[0.65 [1.000 0.000 0.000 0.000 0.000 0.000 1.000 0.000 0.000 -1.000 0.000 0.000 0.000 -0.010 0.000 1.000]]
		[0.675 [1.000 0.000 0.000 0.000 0.000 0.000 1.000 0.000 0.000 -1.000 0.000 0.000 0.000 -0.011 0.000 1.000]]
		[0.7 [1.000 0.000 0.000 0.000 0.000 0.000 1.000 0.000 0.000 -1.000 0.000 0.000 0.000 -0.011 0.000 1.000]]
		[0.725 [1.000 0.000 0.000 0.000 0.000 0.000 1.000 0.000 0.000 -1.000 0.000 0.000 0.000 -0.011 0.000 1.000]]
		[0.75 [1.000 0.000 0.000 0.000 0.000 0.000 1.000 0.000 0.000 -1.000 0.000 0.000 0.000 -0.011 0.000 1.000]]
		[0.775 [1.000 0.000 0.000 0.000 0.000 0.000 1.000 0.000 0.000 -1.000 0.000 0.000 0.000 -0.011 0.000 1.000]]
		[0.8 [1.000 0.000 0.000 0.000 0.000 0.000 1.000 0.000 0.000 -1.000 0.000 0.000 0.000 -0.011 0.000 1.000]]
		[0.825 [1.000 0.000 0.000 0.000 0.000 0.000 1.000 0.000 0.000 -1.000 0.000 0.000 0.000 -0.011 0.000 1.000]]
		[0.85 [1.000 0.000 0.000 0.000 0.000 0.000 1.000 0.000 0.000 -1.000 0.000 0.000 0.000 -0.011 0.000 1.000]]
		[0.875 [1.000 0.000 0.000 0.000 0.000 0.000 1.000 0.000 0.000 -1.000 0.000 0.000 0.000 -0.011 0.000 1.000]]
		[0.9 [1.000 0.000 0.000 0.000 0.000 0.000 1.000 0.000 0.000 -1.000 0.000 0.000 0.000 -0.011 0.000 1.000]]
		[0.925 [1.000 0.000 0.000 0.000 0.000 0.000 1.000 0.000 0.000 -1.000 0.000 0.000 0.000 -0.011 0.000 1.000]]
		[0.95 [1.000 0.000 0.000 0.000 0.000 0.000 1.000 0.000 0.000 -1.000 0.000 0.000 0.000 -0.011 0.000 1.000]]
		[0.975 [1.000 0.000 0.000 0.000 0.000 0.000 1.000 0.000 0.000 -1.000 0.000 0.000 0.000 -0.011 0.000 1.000]]
	]
	"Bedro_L" [
		[0 [0.962 0.271 -0.009 0.000 -0.271 0.962 -0.025 0.000 0.002 0.027 1.000 0.000 0.000 0.000 0.000 1.000]]
		[0.025 [0.963 0.268 -0.007 0.000 -0.268 0.963 -0.028 0.000 -0.001 0.029 1.000 0.000 0.000 0.000 0.000 1.000]]
		[0.05 [0.965 0.261 0.000 0.000 -0.261 0.965 -0.034 0.000 -0.009 0.033 0.999 0.000 0.000 0.000 0.000 1.000]]
		[0.075 [0.967 0.253 0.007 0.000 -0.252 0.967 -0.041 0.000 -0.017 0.038 0.999 0.000 0.000 0.000 0.000 1.000]]
		[0.1 [0.969 0.247 0.011 0.000 -0.247 0.968 -0.045 0.000 -0.022 0.041 0.999 0.000 0.000 0.000 0.000 1.000]]
		[0.125 [0.969 0.248 0.011 0.000 -0.247 0.968 -0.045 0.000 -0.022 0.041 0.999 0.000 0.000 0.000 0.000 1.000]]
		[0.15 [0.966 0.258 0.002 0.000 -0.258 0.966 -0.037 0.000 -0.012 0.035 0.999 0.000 0.000 0.000 0.000 1.000]]
		[0.175 [0.960 0.280 -0.017 0.000 -0.280 0.960 -0.017 0.000 0.012 0.021 1.000 0.000 0.000 0.000 0.000 1.000]]
		[0.2 [0.949 0.310 -0.049 0.000 -0.309 0.951 0.020 0.000 0.053 -0.004 0.999 0.000 0.000 0.000 0.000 1.000]]
		[0.225 [0.934 0.347 -0.088 0.000 -0.342 0.937 0.071 0.000 0.107 -0.037 0.994 0.000 0.000 0.000 0.000 1.000]]
		[0.25 [0.912 0.390 -0.127 0.000 -0.374 0.918 0.133 0.000 0.168 -0.074 0.983 0.000 0.000 0.000 0.000 1.000]]
		[0.275 [0.885 0.439 -0.158 0.000 -0.407 0.892 0.197 0.000 0.227 -0.110 0.968 0.000 0.000 0.000 0.000 1.000]]
		[0.3 [0.852 0.492 -0.176 0.000 -0.442 0.859 0.259 0.000 0.279 -0.143 0.950 0.000 0.000 0.000 0.000 1.000]]
		[0.325 [0.816 0.550 -0.178 0.000 -0.484 0.818 0.311 0.000 0.316 -0.168 0.934 0.000 0.000 0.000 0.000 1.000]]
		[0.35 [0.768 0.620 -0.158 0.000 -0.544 0.763 0.348 0.000 0.337 -0.181 0.924 0.000 0.000 0.000 0.000 1.000]]
		[0.375 [0.691 0.713 -0.115 0.000 -0.634 0.675 0.376 0.000 0.346 -0.187 0.919 0.000 0.000 0.000 0.000 1.000]]
		[0.4 [0.588 0.807 -0.057 0.000 -0.731 0.560 0.390 0.000 0.346 -0.188 0.919 0.000 0.000 0.000 0.000 1.000]]
		[0.425 [0.472 0.882 0.002 0.000 -0.813 0.434 0.388 0.000 0.341 -0.184 0.922 0.000 0.000 0.000 0.000 1.000]]
		[0.45 [0.366 0.929 0.048 0.000 -0.868 0.323 0.376 0.000 0.334 -0.180 0.925 0.000 0.000 0.000 0.000 1.000]]
		[0.475 [0.298 0.952 0.075 0.000 -0.897 0.252 0.364 0.000 0.328 -0.175 0.928 0.000 0.000 0.000 0.000 1.000]]
		[0.5 [0.293 0.953 0.075 0.000 -0.899 0.248 0.360 0.000 0.325 -0.173 0.930 0.000 0.000 0.000 0.000 1.000]]
		[0.525 [0.364 0.930 0.047 0.000 -0.873 0.323 0.365 0.000 0.325 -0.173 0.930 0.000 0.000 0.000 0.000 1.000]]
		[0.55 [0.487 0.873 -0.007 0.000 -0.811 0.455 0.368 0.000 0.325 -0.173 0.930 0.000 0.000 0.000 0.000 1.000]]
		[0.575 [0.634 0.770 -0.078 0.000 -0.702 0.615 0.360 0.000 0.325 -0.173 0.930 0.000 0.000 0.000 0.000 1.000]]
		[0.6 [0.773 0.616 -0.155 0.000 -0.545 0.769 0.334 0.000 0.325 -0.173 0.930 0.000 0.000 0.000 0.000 1.000]]
		[0.625 [0.877 0.424 -0.227 0.000 -0.354 0.889 0.290 0.000 0.325 -0.173 0.930 0.000 0.000 0.000 0.000 1.000]]
		[0.65 [0.933 0.220 -0.285 0.000 -0.155 0.960 0.233 0.000 0.325 -0.173 0.930 0.000 0.000 0.000 0.000 1.000]]
		[0.675 [0.945 0.093 -0.313 0.000 -0.032 0.980 0.194 0.000 0.325 -0.173 0.930 0.000 0.000 0.000 0.000 1.000]]
		[0.7 [0.945 0.093 -0.313 0.000 -0.032 0.980 0.194 0.000 0.325 -0.173 0.930 0.000 0.000 0.000 0.000 1.000]]
		[0.725 [0.945 0.093 -0.313 0.000 -0.032 0.980 0.194 0.000 0.325 -0.173 0.930 0.000 0.000 0.000 0.000 1.000]]
		[0.75 [0.945 0.093 -0.313 0.000 -0.032 0.980 0.194 0.000 0.325 -0.173 0.930 0.000 0.000 0.000 0.000 1.000]]
		[0.775 [0.945 0.093 -0.313 0.000 -0.032 0.980 0.194 0.000 0.325 -0.173 0.930 0.000 0.000 0.000 0.000 1.000]]
		[0.8 [0.945 0.093 -0.313 0.000 -0.032 0.980 0.194 0.000 0.325 -0.173 0.930 0.000 0.000 0.000 0.000 1.000]]
		[0.825 [0.945 0.093 -0.313 0.000 -0.032 0.980 0.194 0.000 0.325 -0.173 0.930 0.000 0.000 0.000 0.000 1.000]]
		[0.85 [0.945 0.093 -0.313 0.000 -0.032 0.980 0.194 0.000 0.325 -0.173 0.930 0.000 0.000 0.000 0.000 1.000]]
		[0.875 [0.945 0.093 -0.313 0.000 -0.032 0.980 0.194 0.000 0.325 -0.173 0.930 0.000 0.000 0.000 0.000 1.000]]
		[0.9 [0.945 0.093 -0.313 0.000 -0.032 0.980 0.194 0.000 0.325 -0.173 0.930 0.000 0.000 0.000 0.000 1.000]]
		[0.925 [0.945 0.093 -0.313 0.000 -0.032 0.980 0.194 0.000 0.325 -0.173 0.930 0.000 0.000 0.000 0.000 1.000]]
		[0.95 [0.945 0.093 -0.313 0.000 -0.032 0.980 0.194 0.000 0.325 -0.173 0.930 0.000 0.000 0.000 0.000 1.000]]
		[0.975 [0.945 0.093 -0.313 0.000 -0.032 0.980 0.194 0.000 0.325 -0.173 0.930 0.000 0.000 0.000 0.000 1.000]]
	]
	"Koleno_L" [
		[0 [0.850 0.527 0.001 0.000 -0.527 0.850 -0.001 0.000 -0.001 0.000 1.000 0.000 0.000 0.000 0.000 1.000]]
		[0.025 [0.850 0.527 0.001 0.000 -0.527 0.850 -0.001 0.000 -0.001 0.000 1.000 0.000 0.000 0.000 0.000 1.000]]
		[0.05 [0.850 0.527 0.001 0.000 -0.527 0.850 -0.001 0.000 -0.001 0.000 1.000 0.000 0.000 0.000 0.000 1.000]]
		[0.075 [0.850 0.527 0.001 0.000 -0.527 0.850 -0.001 0.000 -0.001 0.000 1.000 0.000 0.000 0.000 0.000 1.000]]
		[0.1 [0.850 0.527 0.001 0.000 -0.527 0.850 -0.001 0.000 -0.001 0.000 1.000 0.000 0.000 0.000 0.000 1.000]]
		[0.125 [0.850 0.527 0.001 0.000 -0.527 0.850 -0.001 0.000 -0.001 0.000 1.000 0.000 0.000 0.000 0.000 1.000]]
		[0.15 [0.850 0.527 0.001 0.000 -0.527 0.850 -0.001 0.000 -0.001 0.000 1.000 0.000 0.000 0.000 0.000 1.000]]
		[0.175 [0.850 0.527 0.001 0.000 -0.527 0.850 -0.001 0.000 -0.001 0.000 1.000 0.000 0.000 0.000 0.000 1.000]]
		[0.2 [0.850 0.527 0.001 0.000 -0.527 0.850 -0.001 0.000 -0.001 0.000 1.000 0.000 0.000 0.000 0.000 1.000]]
		[0.225 [0.850 0.527 0.001 0.000 -0.527 0.850 -0.001 0.000 -0.001 0.000 1.000 0.000 0.000 0.000 0.000 1.000]]
		[0.25 [0.850 0.527 0.001 0.000 -0.527 0.850 -0.001 0.000 -0.001 0.000 1.000 0.000 0.000 0.000 0.000 1.000]]
		[0.275 [0.850 0.527 0.001 0.000 -0.527 0.850 -0.001 0.000 -0.001 0.000 1.000 0.000 0.000 0.000 0.000 1.000]]
		[0.3 [0.850 0.527 0.001 0.000 -0.527 0.850 -0.001 0.000 -0.001 0.000 1.000 0.000 0.000 0.000 0.000 1.000]]
		[0.325 [0.850 0.527 0.001 0.000 -0.527 0.850 -0.001 0.000 -0.001 0.000 1.000 0.000 0.000 0.000 0.000 1.000]]
		[0.35 [0.850 0.527 0.001 0.000 -0.527 0.850 -0.001 0.000 -0.001 0.000 1.000 0.000 0.000 0.000 0.000 1.000]]
		[0.375 [0.850 0.527 0.001 0.000 -0.527 0.850 -0.001 0.000 -0.001 0.000 1.000 0.000 0.000 0.000 0.000 1.000]]
		[0.4 [0.850 0.527 0.001 0.000 -0.527 0.850 -0.001 0.000 -0.001 0.000 1.000 0.000 0.000 0.000 0.000 1.000]]
		[0.425 [0.850 0.527 0.001 0.000 -0.527 0.850 -0.001 0.000 -0.001 0.000 1.000 0.000 0.000 0.000 0.000 1.000]]
		[0.45 [0.850 0.527 0.001 0.000 -0.527 0.850 -0.001 0.000 -0.001 0.000 1.000 0.000 0.000 0.000 0.000 1.000]]
		[0.475 [0.850 0.527 0.001 0.000 -0.527 0.850 -0.001 0.000 -0.001 0.000 1.000 0.000 0.000 0.000 0.000 1.000]]
		[0.5 [0.850 0.527 0.001 0.000 -0.527 0.850 -0.001 0.000 -0.001 0.000 1.000 0.000 0.000 0.000 0.000 1.000]]
		[0.525 [0.844 0.537 0.001 0.000 -0.537 0.844 -0.001 0.000 -0.001 0.000 1.000 0.000 0.000 0.000 0.000 1.000]]
		[0.55 [0.836 0.549 0.001 0.000 -0.549 0.836 -0.001 0.000 -0.001 0.000 1.000 0.000 0.000 0.000 0.000 1.000]]
		[0.575 [0.842 0.539 0.001 0.000 -0.539 0.842 -0.001 0.000 -0.001 0.000 1.000 0.000 0.000 0.000 0.000 1.000]]
		[0.6 [0.874 0.486 0.001 0.000 -0.486 0.874 0.000 0.000 -0.001 0.000 1.000 0.000 0.000 0.000 0.000 1.000]]
		[0.625 [0.920 0.392 0.001 0.000 -0.392 0.920 0.000 0.000 -0.001 0.000 1.000 0.000 0.000 0.000 0.000 1.000]]
		[0.65 [0.961 0.278 0.001 0.000 -0.278 0.961 0.000 0.000 -0.001 0.000 1.000 0.000 0.000 0.000 0.000 1.000]]
		[0.675 [0.979 0.205 0.001 0.000 -0.205 0.979 0.000 0.000 -0.001 0.000 1.000 0.000 0.000 0.000 0.000 1.000]]
		[0.7 [0.979 0.205 0.001 0.000 -0.205 0.979 0.000 0.000 -0.001 0.000 1.000 0.000 0.000 0.000 0.000 1.000]]
		[0.725 [0.979 0.205 0.001 0.000 -0.205 0.979 0.000 0.000 -0.001 0.000 1.000 0.000 0.000 0.000 0.000 1.000]]
		[0.75 [0.979 0.205 0.001 0.000 -0.205 0.979 0.000 0.000 -0.001 0.000 1.000 0.000 0.000 0.000 0.000 1.000]]
		[0.775 [0.979 0.205 0.001 0.000 -0.205 0.979 0.000 0.000 -0.001 0.000 1.000 0.000 0.000 0.000 0.000 1.000]]
		[0.8 [0.979 0.205 0.001 0.000 -0.205 0.979 0.000 0.000 -0.001 0.000 1.000 0.000 0.000 0.000 0.000 1.000]]
		[0.825 [0.979 0.205 0.001 0.000 -0.205 0.979 0.000 0.000 -0.001 0.000 1.000 0.000 0.000 0.000 0.000 1.000]]
		[0.85 [0.979 0.205 0.001 0.000 -0.205 0.979 0.000 0.000 -0.001 0.000 1.000 0.000 0.000 0.000 0.000 1.000]]
		[0.875 [0.979 0.205 0.001 0.000 -0.205 0.979 0.000 0.000 -0.001 0.000 1.000 0.000 0.000 0.000 0.000 1.000]]
		[0.9 [0.979 0.205 0.001 0.000 -0.205 0.979 0.000 0.000 -0.001 0.000 1.000 0.000 0.000 0.000 0.000 1.000]]
		[0.925 [0.979 0.205 0.001 0.000 -0.205 0.979 0.000 0.000 -0.001 0.000 1.000 0.000 0.000 0.000 0.000 1.000]]
		[0.95 [0.979 0.205 0.001 0.000 -0.205 0.979 0.000 0.000 -0.001 0.000 1.000 0.000 0.000 0.000 0.000 1.000]]
		[0.975 [0.979 0.205 0.001 0.000 -0.205 0.979 0.000 0.000 -0.001 0.000 1.000 0.000 0.000 0.000 0.000 1.000]]
	]
	"Koleno_L_end" [
		[0 [1.000 0.000 0.000 0.000 0.000 1.000 0.000 0.000 0.000 0.000 1.000 0.000 0.000 0.000 0.000 1.000]]
	]
	"Bedro_P" [
		[0 [0.812 0.584 0.014 0.000 -0.584 0.811 0.023 0.000 0.002 -0.027 1.000 0.000 0.000 0.000 0.000 1.000]]
		[0.025 [0.812 0.584 0.013 0.000 -0.584 0.811 0.026 0.000 0.005 -0.029 1.000 0.000 0.000 0.000 0.000 1.000]]
		[0.05 [0.812 0.584 0.009 0.000 -0.584 0.811 0.034 0.000 0.013 -0.033 0.999 0.000 0.000 0.000 0.000 1.000]]
		[0.075 [0.811 0.584 0.005 0.000 -0.584 0.811 0.043 0.000 0.021 -0.038 0.999 0.000 0.000 0.000 0.000 1.000]]
		[0.1 [0.811 0.584 0.003 0.000 -0.584 0.810 0.049 0.000 0.026 -0.041 0.999 0.000 0.000 0.000 0.000 1.000]]
		[0.125 [0.811 0.584 0.003 0.000 -0.584 0.810 0.048 0.000 0.026 -0.041 0.999 0.000 0.000 0.000 0.000 1.000]]
		[0.15 [0.811 0.584 0.008 0.000 -0.584 0.811 0.037 0.000 0.016 -0.035 0.999 0.000 0.000 0.000 0.000 1.000]]
		[0.175 [0.812 0.583 0.019 0.000 -0.583 0.812 0.013 0.000 -0.008 -0.021 1.000 0.000 0.000 0.000 0.000 1.000]]
		[0.2 [0.818 0.574 0.038 0.000 -0.573 0.819 -0.031 0.000 -0.049 0.004 0.999 0.000 0.000 0.000 0.000 1.000]]
		[0.225 [0.826 0.559 0.066 0.000 -0.553 0.828 -0.088 0.000 -0.103 0.036 0.994 0.000 0.000 0.000 0.000 1.000]]
		[0.25 [0.833 0.544 0.098 0.000 -0.528 0.836 -0.150 0.000 -0.164 0.073 0.984 0.000 0.000 0.000 0.000 1.000]]
		[0.275 [0.835 0.534 0.132 0.000 -0.503 0.838 -0.211 0.000 -0.223 0.110 0.968 0.000 0.000 0.000 0.000 1.000]]
		[0.3 [0.828 0.537 0.159 0.000 -0.488 0.831 -0.266 0.000 -0.275 0.143 0.951 0.000 0.000 0.000 0.000 1.000]]
		[0.325 [0.812 0.558 0.171 0.000 -0.493 0.813 -0.310 0.000 -0.312 0.167 0.935 0.000 0.000 0.000 0.000 1.000]]
		[0.35 [0.777 0.609 0.160 0.000 -0.535 0.772 -0.344 0.000 -0.333 0.181 0.925 0.000 0.000 0.000 0.000 1.000]]
		[0.375 [0.707 0.697 0.121 0.000 -0.619 0.692 -0.371 0.000 -0.342 0.187 0.921 0.000 0.000 0.000 0.000 1.000]]
		[0.4 [0.606 0.793 0.064 0.000 -0.718 0.580 -0.385 0.000 -0.343 0.187 0.921 0.000 0.000 0.000 0.000 1.000]]
		[0.425 [0.487 0.873 0.004 0.000 -0.805 0.451 -0.385 0.000 -0.338 0.184 0.923 0.000 0.000 0.000 0.000 1.000]]
		[0.45 [0.375 0.926 -0.045 0.000 -0.866 0.333 -0.373 0.000 -0.331 0.179 0.927 0.000 0.000 0.000 0.000 1.000]]
		[0.475 [0.300 0.951 -0.074 0.000 -0.897 0.255 -0.361 0.000 -0.324 0.175 0.930 0.000 0.000 0.000 0.000 1.000]]
		[0.5 [0.293 0.953 -0.076 0.000 -0.901 0.248 -0.357 0.000 -0.321 0.173 0.931 0.000 0.000 0.000 0.000 1.000]]
		[0.525 [0.363 0.931 -0.048 0.000 -0.875 0.323 -0.362 0.000 -0.321 0.173 0.931 0.000 0.000 0.000 0.000 1.000]]
		[0.55 [0.487 0.874 0.005 0.000 -0.812 0.455 -0.365 0.000 -0.321 0.173 0.931 0.000 0.000 0.000 0.000 1.000]]
		[0.575 [0.634 0.770 0.075 0.000 -0.704 0.614 -0.357 0.000 -0.321 0.173 0.931 0.000 0.000 0.000 0.000 1.000]]
		[0.6 [0.773 0.616 0.152 0.000 -0.547 0.769 -0.332 0.000 -0.321 0.173 0.931 0.000 0.000 0.000 0.000 1.000]]
		[0.625 [0.878 0.424 0.224 0.000 -0.356 0.889 -0.288 0.000 -0.321 0.173 0.931 0.000 0.000 0.000 0.000 1.000]]
		[0.65 [0.934 0.220 0.281 0.000 -0.156 0.960 -0.232 0.000 -0.321 0.173 0.931 0.000 0.000 0.000 0.000 1.000]]
		[0.675 [0.946 0.093 0.309 0.000 -0.033 0.980 -0.194 0.000 -0.321 0.173 0.931 0.000 0.000 0.000 0.000 1.000]]
		[0.7 [0.946 0.093 0.309 0.000 -0.033 0.980 -0.194 0.000 -0.321 0.173 0.931 0.000 0.000 0.000 0.000 1.000]]
		[0.725 [0.946 0.093 0.309 0.000 -0.033 0.980 -0.194 0.000 -0.321 0.173 0.931 0.000 0.000 0.000 0.000 1.000]]
		[0.75 [0.946 0.093 0.309 0.000 -0.033 0.980 -0.194 0.000 -0.321 0.173 0.931 0.000 0.000 0.000 0.000 1.000]]
		[0.775 [0.946 0.093 0.309 0.000 -0.033 0.980 -0.194 0.000 -0.321 0.173 0.931 0.000 0.000 0.000 0.000 1.000]]
		[0.8 [0.946 0.093 0.309 0.000 -0.033 0.980 -0.194 0.000 -0.321 0.173 0.931 0.000 0.000 0.000 0.000 1.000]]
		[0.825 [0.946 0.093 0.309 0.000 -0.033 0.980 -0.194 0.000 -0.321 0.173 0.931 0.000 0.000 0.000 0.000 1.000]]
		[0.85 [0.946 0.093 0.309 0.000 -0.033 0.980 -0.194 0.000 -0.321 0.173 0.931 0.000 0.000 0.000 0.000 1.000]]
		[0.875 [0.946 0.093 0.309 0.000 -0.033 0.980 -0.194 0.000 -0.321 0.173 0.931 0.000 0.000 0.000 0.000 1.000]]
		[0.9 [0.946 0.093 0.309 0.000 -0.033 0.980 -0.194 0.000 -0.321 0.173 0.931 0.000 0.000 0.000 0.000 1.000]]
		[0.925 [0.946 0.093 0.309 0.000 -0.033 0.980 -0.194 0.000 -0.321 0.173 0.931 0.000 0.000 0.000 0.000 1.000]]
		[0.95 [0.946 0.093 0.309 0.000 -0.033 0.980 -0.194 0.000 -0.321 0.173 0.931 0.000 0.000 0.000 0.000 1.000]]
		[0.975 [0.946 0.093 0.309 0.000 -0.033 0.980 -0.194 0.000 -0.321 0.173 0.931 0.000 0.000 0.000 0.000 1.000]]
	]
	"Koleno_P" [
		[0 [0.142 0.990 0.012 0.000 -0.990 0.142 -0.005 0.000 -0.007 -0.011 1.000 0.000 0.000 0.000 0.000 1.000]]
		[0.025 [0.134 0.991 0.012 0.000 -0.991 0.134 -0.005 0.000 -0.007 -0.011 1.000 0.000 0.000 0.000 0.000 1.000]]
		[0.05 [0.115 0.993 0.011 0.000 -0.993 0.115 -0.005 0.000 -0.007 -0.011 1.000 0.000 0.000 0.000 0.000 1.000]]
		[0.075 [0.094 0.996 0.011 0.000 -0.996 0.094 -0.006 0.000 -0.007 -0.011 1.000 0.000 0.000 0.000 0.000 1.000]]
		[0.1 [0.080 0.997 0.011 0.000 -0.997 0.080 -0.006 0.000 -0.007 -0.011 1.000 0.000 0.000 0.000 0.000 1.000]]
		[0.125 [0.081 0.997 0.011 0.000 -0.997 0.081 -0.006 0.000 -0.007 -0.011 1.000 0.000 0.000 0.000 0.000 1.000]]
		[0.15 [0.107 0.994 0.011 0.000 -0.994 0.107 -0.006 0.000 -0.007 -0.011 1.000 0.000 0.000 0.000 0.000 1.000]]
		[0.175 [0.167 0.986 0.012 0.000 -0.986 0.167 -0.005 0.000 -0.007 -0.011 1.000 0.000 0.000 0.000 0.000 1.000]]
		[0.2 [0.272 0.962 0.012 0.000 -0.962 0.272 -0.004 0.000 -0.007 -0.011 1.000 0.000 0.000 0.000 0.000 1.000]]
		[0.225 [0.406 0.914 0.013 0.000 -0.914 0.406 -0.002 0.000 -0.007 -0.011 1.000 0.000 0.000 0.000 0.000 1.000]]
		[0.25 [0.547 0.837 0.013 0.000 -0.837 0.547 0.000 0.000 -0.007 -0.011 1.000 0.000 0.000 0.000 0.000 1.000]]
		[0.275 [0.674 0.739 0.012 0.000 -0.739 0.674 0.002 0.000 -0.007 -0.011 1.000 0.000 0.000 0.000 0.000 1.000]]
		[0.3 [0.772 0.635 0.012 0.000 -0.635 0.772 0.004 0.000 -0.007 -0.011 1.000 0.000 0.000 0.000 0.000 1.000]]
		[0.325 [0.836 0.549 0.012 0.000 -0.549 0.836 0.005 0.000 -0.007 -0.011 1.000 0.000 0.000 0.000 0.000 1.000]]
		[0.35 [0.868 0.497 0.011 0.000 -0.497 0.868 0.006 0.000 -0.007 -0.011 1.000 0.000 0.000 0.000 0.000 1.000]]
		[0.375 [0.880 0.474 0.011 0.000 -0.474 0.880 0.006 0.000 -0.007 -0.011 1.000 0.000 0.000 0.000 0.000 1.000]]
		[0.4 [0.881 0.473 0.011 0.000 -0.473 0.881 0.006 0.000 -0.007 -0.011 1.000 0.000 0.000 0.000 0.000 1.000]]
		[0.425 [0.874 0.485 0.011 0.000 -0.486 0.874 0.006 0.000 -0.007 -0.011 1.000 0.000 0.000 0.000 0.000 1.000]]
		[0.45 [0.864 0.504 0.011 0.000 -0.504 0.864 0.006 0.000 -0.007 -0.011 1.000 0.000 0.000 0.000 0.000 1.000]]
		[0.475 [0.854 0.520 0.011 0.000 -0.520 0.854 0.006 0.000 -0.007 -0.011 1.000 0.000 0.000 0.000 0.000 1.000]]
		[0.5 [0.850 0.527 0.011 0.000 -0.527 0.850 0.006 0.000 -0.007 -0.011 1.000 0.000 0.000 0.000 0.000 1.000]]
		[0.525 [0.844 0.537 0.011 0.000 -0.537 0.844 0.005 0.000 -0.007 -0.011 1.000 0.000 0.000 0.000 0.000 1.000]]
		[0.55 [0.836 0.549 0.012 0.000 -0.549 0.836 0.005 0.000 -0.007 -0.011 1.000 0.000 0.000 0.000 0.000 1.000]]
		[0.575 [0.842 0.539 0.011 0.000 -0.539 0.842 0.005 0.000 -0.007 -0.011 1.000 0.000 0.000 0.000 0.000 1.000]]
		[0.6 [0.874 0.486 0.011 0.000 -0.486 0.874 0.006 0.000 -0.007 -0.011 1.000 0.000 0.000 0.000 0.000 1.000]]
		[0.625 [0.920 0.392 0.010 0.000 -0.392 0.920 0.007 0.000 -0.007 -0.011 1.000 0.000 0.000 0.000 0.000 1.000]]
		[0.65 [0.961 0.278 0.009 0.000 -0.278 0.960 0.008 0.000 -0.007 -0.011 1.000 0.000 0.000 0.000 0.000 1.000]]
		[0.675 [0.979 0.205 0.009 0.000 -0.205 0.979 0.009 0.000 -0.007 -0.011 1.000 0.000 0.000 0.000 0.000 1.000]]
		[0.7 [0.979 0.205 0.009 0.000 -0.205 0.979 0.009 0.000 -0.007 -0.011 1.000 0.000 0.000 0.000 0.000 1.000]]
		[0.725 [0.979 0.205 0.009 0.000 -0.205 0.979 0.009 0.000 -0.007 -0.011 1.000 0.000 0.000 0.000 0.000 1.000]]
		[0.75 [0.979 0.205 0.009 0.000 -0.205 0.979 0.009 0.000 -0.007 -0.011 1.000 0.000 0.000 0.000 0.000 1.000]]
		[0.775 [0.979 0.205 0.009 0.000 -0.205 0.979 0.009 0.000 -0.007 -0.011 1.000 0.000 0.000 0.000 0.000 1.000]]
		[0.8 [0.979 0.205 0.009 0.000 -0.205 0.979 0.009 0.000 -0.007 -0.011 1.000 0.000 0.000 0.000 0.000 1.000]]
		[0.825 [0.979 0.205 0.009 0.000 -0.205 0.979 0.009 0.000 -0.007 -0.011 1.000 0.000 0.000 0.000 0.000 1.000]]
		[0.85 [0.979 0.205 0.009 0.000 -0.205 0.979 0.009 0.000 -0.007 -0.011 1.000 0.000 0.000 0.000 0.000 1.000]]
		[0.875 [0.979 0.205 0.009 0.000 -0.205 0.979 0.009 0.000 -0.007 -0.011 1.000 0.000 0.000 0.000 0.000 1.000]]
		[0.9 [0.979 0.205 0.009 0.000 -0.205 0.979 0.009 0.000 -0.007 -0.011 1.000 0.000 0.000 0.000 0.000 1.000]]
		[0.925 [0.979 0.205 0.009 0.000 -0.205 0.979 0.009 0.000 -0.007 -0.011 1.000 0.000 0.000 0.000 0.000 1.000]]
		[0.95 [0.979 0.205 0.009 0.000 -0.205 0.979 0.009 0.000 -0.007 -0.011 1.000 0.000 0.000 0.000 0.000 1.000]]
		[0.975 [0.979 0.205 0.009 0.000 -0.205 0.979 0.009 0.000 -0.007 -0.011 1.000 0.000 0.000 0.000 0.000 1.000]]
	]
	"Koleno_P_end" [
		[0 [1.000 0.000 0.000 0.000 0.000 1.000 0.000 0.000 0.000 0.000 1.000 0.000 0.000 0.000 0.000 1.000]]
	]
	"Tors" [
		[0 [1.000 0.000 0.000 0.000 0.000 1.000 0.000 0.000 0.000 0.000 1.000 0.000 0.000 0.000 0.000 1.000]]
		[0.025 [1.000 0.000 0.000 0.000 0.000 0.997 -0.083 0.000 0.000 0.083 0.997 0.000 0.000 0.000 0.000 1.000]]
		[0.05 [1.000 0.000 0.000 0.000 0.000 0.985 -0.173 0.000 0.000 0.173 0.985 0.000 0.000 0.000 0.000 1.000]]
		[0.075 [1.000 0.000 0.000 0.000 0.000 0.965 -0.262 0.000 0.000 0.262 0.965 0.000 0.000 0.000 0.000 1.000]]
		[0.1 [1.000 0.000 0.000 0.000 0.000 0.939 -0.345 0.000 0.000 0.345 0.939 0.000 0.000 0.000 0.000 1.000]]
		[0.125 [1.000 0.000 0.000 0.000 0.000 0.909 -0.416 0.000 0.000 0.416 0.909 0.000 0.000 0.000 0.000 1.000]]
		[0.15 [1.000 0.000 0.000 0.000 0.000 0.881 -0.473 0.000 0.000 0.473 0.881 0.000 0.000 0.000 0.000 1.000]]
		[0.175 [1.000 0.000 0.000 0.000 0.000 0.860 -0.511 0.000 0.000 0.511 0.860 0.000 0.000 0.000 0.000 1.000]]
		[0.2 [1.000 0.000 0.000 0.000 0.000 0.844 -0.536 0.000 0.000 0.536 0.844 0.000 0.000 0.000 0.000 1.000]]
		[0.225 [1.000 0.000 0.000 0.000 0.000 0.835 -0.551 0.000 0.000 0.551 0.835 0.000 0.000 0.000 0.000 1.000]]
		[0.25 [1.000 0.000 0.000 0.000 0.000 0.831 -0.556 0.000 0.000 0.556 0.831 0.000 0.000 0.000 0.000 1.000]]
		[0.275 [1.000 0.000 0.000 0.000 0.000 0.835 -0.551 0.000 0.000 0.551 0.835 0.000 0.000 0.000 0.000 1.000]]
		[0.3 [1.000 0.000 0.000 0.000 0.000 0.844 -0.536 0.000 0.000 0.536 0.844 0.000 0.000 0.000 0.000 1.000]]
		[0.325 [1.000 0.000 0.000 0.000 0.000 0.860 -0.511 0.000 0.000 0.511 0.860 0.000 0.000 0.000 0.000 1.000]]
		[0.35 [1.000 0.000 0.000 0.000 0.000 0.882 -0.471 0.000 0.000 0.471 0.882 0.000 0.000 0.000 0.000 1.000]]
		[0.375 [1.000 0.000 0.000 0.000 0.000 0.914 -0.405 0.000 0.000 0.405 0.914 0.000 0.000 0.000 0.000 1.000]]
		[0.4 [1.000 0.000 0.000 0.000 0.000 0.947 -0.321 0.000 0.000 0.321 0.947 0.000 0.000 0.000 0.000 1.000]]
		[0.425 [1.000 0.000 0.000 0.000 0.000 0.974 -0.227 0.000 0.000 0.227 0.974 0.000 0.000 0.000 0.000 1.000]]
		[0.45 [1.000 0.000 0.000 0.000 0.000 0.991 -0.135 0.000 0.000 0.135 0.991 0.000 0.000 0.000 0.000 1.000]]
		[0.475 [1.000 0.000 0.000 0.000 0.000 0.998 -0.055 0.000 0.000 0.055 0.998 0.000 0.000 0.000 0.000 1.000]]
		[0.5 [1.000 0.000 0.000 0.000 0.000 1.000 0.000 0.000 0.000 0.000 1.000 0.000 0.000 0.000 0.000 1.000]]
		[0.525 [1.000 0.000 0.000 0.000 0.000 1.000 0.019 0.000 0.000 -0.019 1.000 0.000 0.000 0.000 0.000 1.000]]
		[0.55 [1.000 0.000 0.000 0.000 0.000 1.000 0.013 0.000 0.000 -0.013 1.000 0.000 0.000 0.000 0.000 1.000]]
		[0.575 [1.000 0.000 0.000 0.000 0.000 1.000 0.002 0.000 0.000 -0.002 1.000 0.000 0.000 0.000 0.000 1.000]]
		[0.6 [1.000 0.000 0.000 0.000 0.000 1.000 0.000 0.000 0.000 0.000 1.000 0.000 0.000 0.000 0.000 1.000]]
		[0.625 [1.000 0.000 0.000 0.000 0.000 1.000 0.000 0.000 0.000 0.000 1.000 0.000 0.000 0.000 0.000 1.000]]
		[0.65 [1.000 0.000 0.000 0.000 0.000 1.000 0.000 0.000 0.000 0.000 1.000 0.000 0.000 0.000 0.000 1.000]]
		[0.675 [1.000 0.000 0.000 0.000 0.000 1.000 0.000 0.000 0.000 0.000 1.000 0.000 0.000 0.000 0.000 1.000]]
		[0.7 [1.000 0.000 0.000 0.000 0.000 1.000 0.000 0.000 0.000 0.000 1.000 0.000 0.000 0.000 0.000 1.000]]
		[0.725 [1.000 0.000 0.000 0.000 0.000 1.000 0.000 0.000 0.000 0.000 1.000 0.000 0.000 0.000 0.000 1.000]]
		[0.75 [1.000 0.000 0.000 0.000 0.000 1.000 0.000 0.000 0.000 0.000 1.000 0.000 0.000 0.000 0.000 1.000]]
		[0.775 [1.000 0.000 0.000 0.000 0.000 1.000 0.000 0.000 0.000 0.000 1.000 0.000 0.000 0.000 0.000 1.000]]
		[0.8 [1.000 0.000 0.000 0.000 0.000 1.000 0.000 0.000 0.000 0.000 1.000 0.000 0.000 0.000 0.000 1.000]]
		[0.825 [1.000 0.000 0.000 0.000 0.000 1.000 0.000 0.000 0.000 0.000 1.000 0.000 0.000 0.000 0.000 1.000]]
		[0.85 [1.000 0.000 0.000 0.000 0.000 1.000 0.000 0.000 0.000 0.000 1.000 0.000 0.000 0.000 0.000 1.000]]
		[0.875 [1.000 0.000 0.000 0.000 0.000 1.000 0.000 0.000 0.000 0.000 1.000 0.000 0.000 0.000 0.000 1.000]]
		[0.9 [1.000 0.000 0.000 0.000 0.000 1.000 0.000 0.000 0.000 0.000 1.000 0.000 0.000 0.000 0.000 1.000]]
		[0.925 [1.000 0.000 0.000 0.000 0.000 1.000 0.000 0.000 0.000 0.000 1.000 0.000 0.000 0.000 0.000 1.000]]
		[0.95 [1.000 0.000 0.000 0.000 0.000 1.000 0.000 0.000 0.000 0.000 1.000 0.000 0.000 0.000 0.000 1.000]]
		[0.975 [1.000 0.000 0.000 0.000 0.000 1.000 0.000 0.000 0.000 0.000 1.000 0.000 0.000 0.000 0.000 1.000]]
	]
	"Golova" [
		[0 [1.000 0.000 0.000 0.000 0.000 0.985 -0.174 0.000 0.000 0.174 0.985 0.000 0.000 0.000 0.000 1.000]]
		[0.025 [1.000 0.000 0.000 0.000 0.000 0.973 -0.231 0.000 0.000 0.231 0.973 0.000 0.000 0.000 0.000 1.000]]
		[0.05 [1.000 0.000 0.000 0.000 0.000 0.955 -0.297 0.000 0.000 0.297 0.955 0.000 0.000 0.000 0.000 1.000]]
		[0.075 [1.000 0.000 0.000 0.000 0.000 0.932 -0.362 0.000 0.000 0.362 0.932 0.000 0.000 0.000 0.000 1.000]]
		[0.1 [1.000 0.000 0.000 0.000 0.000 0.907 -0.421 0.000 0.000 0.421 0.907 0.000 0.000 0.000 0.000 1.000]]
		[0.125 [1.000 0.000 0.000 0.000 0.000 0.884 -0.467 0.000 0.000 0.467 0.884 0.000 0.000 0.000 0.000 1.000]]
		[0.15 [1.000 0.000 0.000 0.000 0.000 0.869 -0.494 0.000 0.000 0.494 0.869 0.000 0.000 0.000 0.000 1.000]]
		[0.175 [1.000 0.000 0.000 0.000 0.000 0.867 -0.498 0.000 0.000 0.498 0.867 0.000 0.000 0.000 0.000 1.000]]
		[0.2 [1.000 0.000 0.000 0.000 0.000 0.881 -0.473 0.000 0.000 0.473 0.881 0.000 0.000 0.000 0.000 1.000]]
		[0.225 [1.000 0.000 0.000 0.000 0.000 0.905 -0.425 0.000 0.000 0.425 0.905 0.000 0.000 0.000 0.000 1.000]]
		[0.25 [1.000 0.000 0.000 0.000 0.000 0.932 -0.362 0.000 0.000 0.362 0.932 0.000 0.000 0.000 0.000 1.000]]
		[0.275 [1.000 0.000 0.000 0.000 0.000 0.956 -0.294 0.000 0.000 0.294 0.956 0.000 0.000 0.000 0.000 1.000]]
		[0.3 [1.000 0.000 0.000 0.000 0.000 0.973 -0.231 0.000 0.000 0.231 0.973 0.000 0.000 0.000 0.000 1.000]]
		[0.325 [1.000 0.000 0.000 0.000 0.000 0.983 -0.184 0.000 0.000 0.184 0.983 0.000 0.000 0.000 0.000 1.000]]
		[0.35 [1.000 0.000 0.000 0.000 0.000 0.987 -0.163 0.000 0.000 0.163 0.987 0.000 0.000 0.000 0.000 1.000]]
		[0.375 [1.000 0.000 0.000 0.000 0.000 0.986 -0.166 0.000 0.000 0.166 0.986 0.000 0.000 0.000 0.000 1.000]]
		[0.4 [1.000 0.000 0.000 0.000 0.000 0.983 -0.182 0.000 0.000 0.182 0.983 0.000 0.000 0.000 0.000 1.000]]
		[0.425 [1.000 0.000 0.000 0.000 0.000 0.980 -0.201 0.000 0.000 0.201 0.980 0.000 0.000 0.000 0.000 1.000]]
		[0.45 [1.000 0.000 0.000 0.000 0.000 0.977 -0.213 0.000 0.000 0.213 0.977 0.000 0.000 0.000 0.000 1.000]]
		[0.475 [1.000 0.000 0.000 0.000 0.000 0.978 -0.208 0.000 0.000 0.208 0.978 0.000 0.000 0.000 0.000 1.000]]
		[0.5 [1.000 0.000 0.000 0.000 0.000 0.985 -0.174 0.000 0.000 0.174 0.985 0.000 0.000 0.000 0.000 1.000]]
		[0.525 [0.999 0.000 -0.033 0.000 -0.002 0.998 -0.057 0.000 0.033 0.057 0.998 0.000 0.000 0.000 0.000 1.000]]
		[0.55 [0.997 0.000 -0.075 0.000 0.008 0.994 0.106 0.000 0.075 -0.106 0.992 0.000 0.000 0.000 0.000 1.000]]
		[0.575 [0.999 0.001 -0.042 0.000 0.007 0.982 0.190 0.000 0.041 -0.190 0.981 0.000 0.000 0.000 0.000 1.000]]
		[0.6 [0.990 0.000 0.142 0.000 0.000 1.000 0.001 0.000 -0.142 -0.001 0.990 0.000 0.000 0.000 0.000 1.000]]
		[0.625 [0.897 0.001 0.442 0.000 0.082 0.983 -0.167 0.000 -0.435 0.186 0.881 0.000 0.000 0.000 0.000 1.000]]
		[0.65 [0.681 0.000 0.732 0.000 0.061 0.996 -0.057 0.000 -0.729 0.084 0.679 0.000 0.000 0.000 0.000 1.000]]
		[0.675 [0.500 0.000 0.866 0.000 0.000 1.000 0.000 0.000 -0.866 0.000 0.500 0.000 0.000 0.000 0.000 1.000]]
		[0.7 [0.500 0.000 0.866 0.000 0.000 1.000 0.000 0.000 -0.866 0.000 0.500 0.000 0.000 0.000 0.000 1.000]]
		[0.725 [0.500 0.000 0.866 0.000 0.000 1.000 0.000 0.000 -0.866 0.000 0.500 0.000 0.000 0.000 0.000 1.000]]
		[0.75 [0.500 0.000 0.866 0.000 0.000 1.000 0.000 0.000 -0.866 0.000 0.500 0.000 0.000 0.000 0.000 1.000]]
		[0.775 [0.500 0.000 0.866 0.000 0.000 1.000 0.000 0.000 -0.866 0.000 0.500 0.000 0.000 0.000 0.000 1.000]]
		[0.8 [0.500 0.000 0.866 0.000 0.000 1.000 0.000 0.000 -0.866 0.000 0.500 0.000 0.000 0.000 0.000 1.000]]
		[0.825 [0.500 0.000 0.866 0.000 0.000 1.000 0.000 0.000 -0.866 0.000 0.500 0.000 0.000 0.000 0.000 1.000]]
		[0.85 [0.500 0.000 0.866 0.000 0.000 1.000 0.000 0.000 -0.866 0.000 0.500 0.000 0.000 0.000 0.000 1.000]]
		[0.875 [0.500 0.000 0.866 0.000 0.000 1.000 0.000 0.000 -0.866 0.000 0.500 0.000 0.000 0.000 0.000 1.000]]
		[0.9 [0.500 0.000 0.866 0.000 0.000 1.000 0.000 0.000 -0.866 0.000 0.500 0.000 0.000 0.000 0.000 1.000]]
		[0.925 [0.500 0.000 0.866 0.000 0.000 1.000 0.000 0.000 -0.866 0.000 0.500 0.000 0.000 0.000 0.000 1.000]]
		[0.95 [0.500 0.000 0.866 0.000 0.000 1.000 0.000 0.000 -0.866 0.000 0.500 0.000 0.000 0.000 0.000 1.000]]
		[0.975 [0.500 0.000 0.866 0.000 0.000 1.000 0.000 0.000 -0.866 0.000 0.500 0.000 0.000 0.000 0.000 1.000]]
	]
	"Golova_end" [
		[0 [1.000 0.000 0.000 0.000 0.000 1.000 0.000 0.000 0.000 0.000 1.000 0.000 0.000 0.000 0.000 1.000]]
	]
	"Kluchitsa_L" [
		[0 [1.000 0.000 0.000 0.000 0.000 1.000 0.000 0.000 0.000 0.000 1.000 0.000 0.000 0.000 0.000 1.000]]
	]
	"Kluchitsa_L_end" [
		[0 [1.000 0.000 0.000 0.000 0.000 1.000 0.000 0.000 0.000 0.000 1.000 0.000 0.000 0.000 0.000 1.000]]
	]
	"Kluchitsa_P" [
		[0 [1.000 0.000 0.000 0.000 0.000 1.000 0.000 0.000 0.000 0.000 1.000 0.000 0.000 0.000 0.000 1.000]]
	]
	"Kluchitsa_P_end" [
		[0 [1.000 0.000 0.000 0.000 0.000 1.000 0.000 0.000 0.000 0.000 1.000 0.000 0.000 0.000 0.000 1.000]]
	]
	"Ruka_L" [
		[0 [0.885 -0.127 -0.447 0.000 0.216 0.964 0.155 0.000 0.411 -0.234 0.881 0.000 0.000 0.000 0.000 1.000]]
		[0.025 [0.966 -0.022 -0.258 0.000 0.112 0.935 0.337 0.000 0.234 -0.354 0.906 0.000 0.000 0.000 0.000 1.000]]
		[0.05 [0.995 0.095 -0.030 0.000 -0.068 0.864 0.500 0.000 0.073 -0.495 0.866 0.000 0.000 0.000 0.000 1.000]]
		[0.075 [0.956 0.209 0.205 0.000 -0.292 0.742 0.604 0.000 -0.026 -0.637 0.770 0.000 0.000 0.000 0.000 1.000]]
		[0.1 [0.860 0.302 0.411 0.000 -0.508 0.581 0.636 0.000 -0.047 -0.756 0.653 0.000 0.000 0.000 0.000 1.000]]
		[0.125 [0.740 0.366 0.565 0.000 -0.673 0.411 0.615 0.000 -0.006 -0.835 0.550 0.000 0.000 0.000 0.000 1.000]]
		[0.15 [0.638 0.401 0.657 0.000 -0.768 0.266 0.583 0.000 0.059 -0.876 0.478 0.000 0.000 0.000 0.000 1.000]]
		[0.175 [0.596 0.413 0.689 0.000 -0.795 0.181 0.579 0.000 0.114 -0.893 0.436 0.000 0.000 0.000 0.000 1.000]]
		[0.2 [0.635 0.402 0.660 0.000 -0.760 0.169 0.628 0.000 0.141 -0.900 0.413 0.000 0.000 0.000 0.000 1.000]]
		[0.225 [0.728 0.371 0.576 0.000 -0.670 0.211 0.711 0.000 0.142 -0.904 0.402 0.000 0.000 0.000 0.000 1.000]]
		[0.25 [0.836 0.318 0.447 0.000 -0.533 0.281 0.798 0.000 0.128 -0.906 0.404 0.000 0.000 0.000 0.000 1.000]]
		[0.275 [0.924 0.249 0.291 0.000 -0.366 0.353 0.861 0.000 0.111 -0.902 0.418 0.000 0.000 0.000 0.000 1.000]]
		[0.3 [0.974 0.178 0.138 0.000 -0.201 0.410 0.890 0.000 0.101 -0.895 0.435 0.000 0.000 0.000 0.000 1.000]]
		[0.325 [0.992 0.122 0.024 0.000 -0.076 0.440 0.895 0.000 0.099 -0.889 0.446 0.000 0.000 0.000 0.000 1.000]]
		[0.35 [0.995 0.095 -0.030 0.000 -0.015 0.444 0.896 0.000 0.099 -0.891 0.443 0.000 0.000 0.000 0.000 1.000]]
		[0.375 [0.995 0.087 -0.048 0.000 0.006 0.428 0.904 0.000 0.099 -0.900 0.425 0.000 0.000 0.000 0.000 1.000]]
		[0.4 [0.995 0.090 -0.041 0.000 0.001 0.404 0.915 0.000 0.099 -0.910 0.402 0.000 0.000 0.000 0.000 1.000]]
		[0.425 [0.995 0.099 -0.022 0.000 -0.018 0.383 0.924 0.000 0.100 -0.919 0.382 0.000 0.000 0.000 0.000 1.000]]
		[0.45 [0.994 0.110 -0.002 0.000 -0.040 0.375 0.926 0.000 0.102 -0.921 0.377 0.000 0.000 0.000 0.000 1.000]]
		[0.475 [0.993 0.115 0.009 0.000 -0.054 0.392 0.918 0.000 0.102 -0.913 0.396 0.000 0.000 0.000 0.000 1.000]]
		[0.5 [0.994 0.110 0.000 0.000 -0.049 0.444 0.894 0.000 0.099 -0.889 0.447 0.000 0.000 0.000 0.000 1.000]]
		[0.525 [0.995 0.088 -0.045 0.000 -0.012 0.565 0.825 0.000 0.098 -0.820 0.563 0.000 0.000 0.000 0.000 1.000]]
		[0.55 [0.993 0.056 -0.108 0.000 0.036 0.716 0.697 0.000 0.116 -0.696 0.709 0.000 0.000 0.000 0.000 1.000]]
		[0.575 [0.988 0.034 -0.151 0.000 0.059 0.821 0.568 0.000 0.143 -0.570 0.809 0.000 0.000 0.000 0.000 1.000]]
		[0.6 [0.989 0.037 -0.144 0.000 0.043 0.857 0.513 0.000 0.143 -0.513 0.846 0.000 0.000 0.000 0.000 1.000]]
		[0.625 [0.993 0.061 -0.097 0.000 -0.002 0.855 0.519 0.000 0.115 -0.515 0.849 0.000 0.000 0.000 0.000 1.000]]
		[0.65 [0.995 0.092 -0.036 0.000 -0.058 0.838 0.543 0.000 0.080 -0.539 0.839 0.000 0.000 0.000 0.000 1.000]]
		[0.675 [0.994 0.110 0.000 0.000 -0.092 0.829 0.551 0.000 0.061 -0.548 0.835 0.000 0.000 0.000 0.000 1.000]]
		[0.7 [0.994 0.110 0.000 0.000 -0.092 0.829 0.551 0.000 0.061 -0.548 0.835 0.000 0.000 0.000 0.000 1.000]]
		[0.725 [0.994 0.110 0.000 0.000 -0.092 0.829 0.551 0.000 0.061 -0.548 0.835 0.000 0.000 0.000 0.000 1.000]]
		[0.75 [0.994 0.110 0.000 0.000 -0.092 0.829 0.551 0.000 0.061 -0.548 0.835 0.000 0.000 0.000 0.000 1.000]]
		[0.775 [0.994 0.110 0.000 0.000 -0.092 0.829 0.551 0.000 0.061 -0.548 0.835 0.000 0.000 0.000 0.000 1.000]]
		[0.8 [0.994 0.110 0.000 0.000 -0.092 0.829 0.551 0.000 0.061 -0.548 0.835 0.000 0.000 0.000 0.000 1.000]]
		[0.825 [0.994 0.110 0.000 0.000 -0.092 0.829 0.551 0.000 0.061 -0.548 0.835 0.000 0.000 0.000 0.000 1.000]]
		[0.85 [0.994 0.110 0.000 0.000 -0.092 0.829 0.551 0.000 0.061 -0.548 0.835 0.000 0.000 0.000 0.000 1.000]]
		[0.875 [0.994 0.110 0.000 0.000 -0.092 0.829 0.551 0.000 0.061 -0.548 0.835 0.000 0.000 0.000 0.000 1.000]]
		[0.9 [0.994 0.110 0.000 0.000 -0.092 0.829 0.551 0.000 0.061 -0.548 0.835 0.000 0.000 0.000 0.000 1.000]]
		[0.925 [0.994 0.110 0.000 0.000 -0.092 0.829 0.551 0.000 0.061 -0.548 0.835 0.000 0.000 0.000 0.000 1.000]]
		[0.95 [0.994 0.110 0.000 0.000 -0.092 0.829 0.551 0.000 0.061 -0.548 0.835 0.000 0.000 0.000 0.000 1.000]]
		[0.975 [0.994 0.110 0.000 0.000 -0.092 0.829 0.551 0.000 0.061 -0.548 0.835 0.000 0.000 0.000 0.000 1.000]]
	]
	"Lokot_L" [
		[0 [1.000 0.000 0.000 0.000 0.000 1.000 0.000 0.000 0.000 0.000 1.000 0.000 0.000 0.000 0.000 1.000]]
		[0.025 [0.997 0.078 0.000 0.000 -0.078 0.997 0.002 0.000 0.000 -0.002 1.000 0.000 0.000 0.000 0.000 1.000]]
		[0.05 [0.987 0.158 0.001 0.000 -0.158 0.987 0.004 0.000 0.000 -0.004 1.000 0.000 0.000 0.000 0.000 1.000]]
		[0.075 [0.971 0.238 0.002 0.000 -0.238 0.971 0.005 0.000 0.000 -0.006 1.000 0.000 0.000 0.000 0.000 1.000]]
		[0.1 [0.949 0.314 0.003 0.000 -0.314 0.949 0.007 0.000 -0.001 -0.008 1.000 0.000 0.000 0.000 0.000 1.000]]
		[0.125 [0.922 0.386 0.004 0.000 -0.386 0.922 0.008 0.000 -0.001 -0.009 1.000 0.000 0.000 0.000 0.000 1.000]]
		[0.15 [0.892 0.452 0.005 0.000 -0.452 0.892 0.009 0.000 -0.001 -0.011 1.000 0.000 0.000 0.000 0.000 1.000]]
		[0.175 [0.860 0.510 0.007 0.000 -0.510 0.860 0.009 0.000 -0.001 -0.012 1.000 0.000 0.000 0.000 0.000 1.000]]
		[0.2 [0.826 0.564 0.008 0.000 -0.564 0.826 0.009 0.000 -0.001 -0.012 1.000 0.000 0.000 0.000 0.000 1.000]]
		[0.225 [0.789 0.614 0.008 0.000 -0.614 0.789 0.009 0.000 -0.001 -0.012 1.000 0.000 0.000 0.000 0.000 1.000]]
		[0.25 [0.752 0.659 0.009 0.000 -0.659 0.752 0.008 0.000 -0.001 -0.012 1.000 0.000 0.000 0.000 0.000 1.000]]
		[0.275 [0.716 0.698 0.009 0.000 -0.698 0.716 0.008 0.000 -0.001 -0.012 1.000 0.000 0.000 0.000 0.000 1.000]]
		[0.3 [0.684 0.729 0.009 0.000 -0.729 0.684 0.007 0.000 -0.001 -0.011 1.000 0.000 0.000 0.000 0.000 1.000]]
		[0.325 [0.658 0.753 0.009 0.000 -0.753 0.658 0.007 0.000 -0.001 -0.011 1.000 0.000 0.000 0.000 0.000 1.000]]
		[0.35 [0.633 0.774 0.009 0.000 -0.775 0.633 0.006 0.000 -0.001 -0.011 1.000 0.000 0.000 0.000 0.000 1.000]]
		[0.375 [0.593 0.805 0.010 0.000 -0.805 0.593 0.006 0.000 -0.001 -0.011 1.000 0.000 0.000 0.000 0.000 1.000]]
		[0.4 [0.550 0.835 0.010 0.000 -0.835 0.550 0.006 0.000 -0.001 -0.011 1.000 0.000 0.000 0.000 0.000 1.000]]
		[0.425 [0.520 0.854 0.010 0.000 -0.854 0.520 0.005 0.000 -0.001 -0.011 1.000 0.000 0.000 0.000 0.000 1.000]]
		[0.45 [0.517 0.856 0.010 0.000 -0.856 0.517 0.005 0.000 -0.001 -0.011 1.000 0.000 0.000 0.000 0.000 1.000]]
		[0.475 [0.558 0.830 0.010 0.000 -0.830 0.558 0.006 0.000 -0.001 -0.011 1.000 0.000 0.000 0.000 0.000 1.000]]
		[0.5 [0.651 0.759 0.009 0.000 -0.759 0.651 0.007 0.000 -0.001 -0.011 1.000 0.000 0.000 0.000 0.000 1.000]]
		[0.525 [0.830 0.558 0.007 0.000 -0.558 0.830 0.009 0.000 -0.001 -0.011 1.000 0.000 0.000 0.000 0.000 1.000]]
		[0.55 [0.978 0.207 0.003 0.000 -0.207 0.978 0.011 0.000 -0.001 -0.011 1.000 0.000 0.000 0.000 0.000 1.000]]
		[0.575 [0.993 -0.115 0.000 0.000 0.115 0.993 0.011 0.000 -0.001 -0.011 1.000 0.000 0.000 0.000 0.000 1.000]]
		[0.6 [0.968 -0.249 -0.002 0.000 0.249 0.968 0.011 0.000 -0.001 -0.011 1.000 0.000 0.000 0.000 0.000 1.000]]
		[0.625 [0.969 -0.248 -0.002 0.000 0.248 0.969 0.011 0.000 -0.001 -0.011 1.000 0.000 0.000 0.000 0.000 1.000]]
		[0.65 [0.980 -0.200 -0.001 0.000 0.200 0.980 0.011 0.000 -0.001 -0.011 1.000 0.000 0.000 0.000 0.000 1.000]]
		[0.675 [0.983 -0.184 -0.001 0.000 0.184 0.983 0.011 0.000 -0.001 -0.011 1.000 0.000 0.000 0.000 0.000 1.000]]
		[0.7 [0.983 -0.184 -0.001 0.000 0.184 0.983 0.011 0.000 -0.001 -0.011 1.000 0.000 0.000 0.000 0.000 1.000]]
		[0.725 [0.983 -0.184 -0.001 0.000 0.184 0.983 0.011 0.000 -0.001 -0.011 1.000 0.000 0.000 0.000 0.000 1.000]]
		[0.75 [0.983 -0.184 -0.001 0.000 0.184 0.983 0.011 0.000 -0.001 -0.011 1.000 0.000 0.000 0.000 0.000 1.000]]
		[0.775 [0.983 -0.184 -0.001 0.000 0.184 0.983 0.011 0.000 -0.001 -0.011 1.000 0.000 0.000 0.000 0.000 1.000]]
		[0.8 [0.983 -0.184 -0.001 0.000 0.184 0.983 0.011 0.000 -0.001 -0.011 1.000 0.000 0.000 0.000 0.000 1.000]]
		[0.825 [0.983 -0.184 -0.001 0.000 0.184 0.983 0.011 0.000 -0.001 -0.011 1.000 0.000 0.000 0.000 0.000 1.000]]
