{ :name "Death" :length 0.6666667 :bones { 
	"Skelet" [
		[0 [1.000 0.000 0.000 0.000 0.000 0.000 1.000 0.000 0.000 -1.000 0.000 0.000 0.000 0.000 0.100 1.000]]
		[0.025 [1.000 0.000 0.000 0.000 0.000 0.007 1.000 0.000 0.000 -1.000 0.007 0.000 0.000 0.000 0.115 1.000]]
		[0.05 [1.000 0.000 0.000 0.000 0.000 0.022 1.000 0.000 0.000 -1.000 0.022 0.000 0.000 0.000 0.130 1.000]]
		[0.075 [1.000 0.000 0.000 0.000 0.000 0.039 0.999 0.000 0.000 -0.999 0.039 0.000 0.000 0.000 0.145 1.000]]
		[0.1 [1.000 0.000 0.000 0.000 0.000 0.050 0.999 0.000 0.000 -0.999 0.050 0.000 0.000 0.000 0.160 1.000]]
		[0.125 [1.000 0.000 0.000 0.000 0.000 0.049 0.999 0.000 0.000 -0.999 0.049 0.000 0.000 0.000 0.175 1.000]]
		[0.15 [1.000 0.000 0.000 0.000 0.000 0.028 1.000 0.000 0.000 -1.000 0.028 0.000 0.000 0.000 0.190 1.000]]
		[0.175 [1.000 0.000 0.000 0.000 0.000 -0.019 1.000 0.000 0.000 -1.000 -0.019 0.000 0.000 0.000 0.207 1.000]]
		[0.2 [1.000 0.000 0.000 0.000 0.000 -0.092 0.996 0.000 0.000 -0.996 -0.092 0.000 0.000 0.000 0.243 1.000]]
		[0.225 [1.000 0.000 0.000 0.000 0.000 -0.185 0.983 0.000 0.000 -0.983 -0.185 0.000 0.000 0.000 0.293 1.000]]
		[0.25 [1.000 0.000 0.000 0.000 0.000 -0.290 0.957 0.000 0.000 -0.957 -0.290 0.000 0.000 0.000 0.341 1.000]]
		[0.275 [1.000 0.000 0.000 0.000 0.000 -0.401 0.916 0.000 0.000 -0.916 -0.401 0.000 0.000 0.000 0.372 1.000]]
		[0.3 [1.000 0.000 0.000 0.000 0.000 -0.511 0.860 0.000 0.000 -0.860 -0.511 0.000 0.000 0.000 0.373 1.000]]
		[0.325 [1.000 0.000 0.000 0.000 0.000 -0.612 0.791 0.000 0.000 -0.791 -0.612 0.000 0.000 0.000 0.328 1.000]]
		[0.35 [1.000 0.000 0.000 0.000 0.000 -0.705 0.709 0.000 0.000 -0.709 -0.705 0.000 0.000 0.000 0.217 1.000]]
		[0.375 [1.000 0.000 0.000 0.000 0.000 -0.798 0.602 0.000 0.000 -0.602 -0.798 0.000 0.000 0.000 0.030 1.000]]
		[0.4 [1.000 0.000 0.000 0.000 0.000 -0.880 0.474 0.000 0.000 -0.474 -0.880 0.000 0.000 0.000 -0.205 1.000]]
		[0.425 [1.000 0.000 0.000 0.000 0.000 -0.942 0.336 0.000 0.000 -0.336 -0.942 0.000 0.000 0.000 -0.460 1.000]]
		[0.45 [1.000 0.000 0.000 0.000 0.000 -0.979 0.202 0.000 0.000 -0.202 -0.979 0.000 0.000 0.000 -0.706 1.000]]
		[0.475 [1.000 0.000 0.000 0.000 0.000 -0.996 0.085 0.000 0.000 -0.085 -0.996 0.000 0.000 0.000 -0.912 1.000]]
		[0.5 [1.000 0.000 0.000 0.000 0.000 -1.000 0.000 0.000 0.000 0.000 -1.000 0.000 0.000 0.000 -1.050 1.000]]
		[0.525 [1.000 0.000 0.000 0.000 0.000 -0.999 -0.032 0.000 0.000 0.032 -0.999 0.000 0.000 0.000 -1.085 1.000]]
		[0.55 [1.000 0.000 0.000 0.000 0.000 -1.000 -0.021 0.000 0.000 0.021 -1.000 0.000 0.000 0.000 -1.048 1.000]]
		[0.575 [1.000 0.000 0.000 0.000 0.000 -1.000 -0.003 0.000 0.000 0.003 -1.000 0.000 0.000 0.000 -1.004 1.000]]
		[0.6 [1.000 0.000 0.000 0.000 0.000 -1.000 0.000 0.000 0.000 0.000 -1.000 0.000 0.000 0.000 -1.004 1.000]]
		[0.625 [1.000 0.000 0.000 0.000 0.000 -1.000 0.000 0.000 0.000 0.000 -1.000 0.000 0.000 0.000 -1.019 1.000]]
		[0.65 [1.000 0.000 0.000 0.000 0.000 -1.000 0.000 0.000 0.000 0.000 -1.000 0.000 0.000 0.000 -1.038 1.000]]
		[0.675 [1.000 0.000 0.000 0.000 0.000 -1.000 0.000 0.000 0.000 0.000 -1.000 0.000 0.000 0.000 -1.050 1.000]]
		[0.7 [1.000 0.000 0.000 0.000 0.000 -1.000 0.000 0.000 0.000 0.000 -1.000 0.000 0.000 0.000 -1.050 1.000]]
		[0.725 [1.000 0.000 0.000 0.000 0.000 -1.000 0.000 0.000 0.000 0.000 -1.000 0.000 0.000 0.000 -1.050 1.000]]
		[0.75 [1.000 0.000 0.000 0.000 0.000 -1.000 0.000 0.000 0.000 0.000 -1.000 0.000 0.000 0.000 -1.050 1.000]]
		[0.775 [1.000 0.000 0.000 0.000 0.000 -1.000 0.000 0.000 0.000 0.000 -1.000 0.000 0.000 0.000 -1.050 1.000]]
		[0.8 [1.000 0.000 0.000 0.000 0.000 -1.000 0.000 0.000 0.000 0.000 -1.000 0.000 0.000 0.000 -1.050 1.000]]
		[0.825 [1.000 0.000 0.000 0.000 0.000 -1.000 0.000 0.000 0.000 0.000 -1.000 0.000 0.000 0.000 -1.050 1.000]]
		[0.85 [1.000 0.000 0.000 0.000 0.000 -1.000 0.000 0.000 0.000 0.000 -1.000 0.000 0.000 0.000 -1.050 1.000]]
		[0.875 [1.000 0.000 0.000 0.000 0.000 -1.000 0.000 0.000 0.000 0.000 -1.000 0.000 0.000 0.000 -1.050 1.000]]
		[0.9 [1.000 0.000 0.000 0.000 0.000 -1.000 0.000 0.000 0.000 0.000 -1.000 0.000 0.000 0.000 -1.050 1.000]]
		[0.925 [1.000 0.000 0.000 0.000 0.000 -1.000 0.000 0.000 0.000 0.000 -1.000 0.000 0.000 0.000 -1.050 1.000]]
		[0.95 [1.000 0.000 0.000 0.000 0.000 -1.000 0.000 0.000 0.000 0.000 -1.000 0.000 0.000 0.000 -1.050 1.000]]
		[0.975 [1.000 0.000 0.000 0.000 0.000 -1.000 0.000 0.000 0.000 0.000 -1.000 0.000 0.000 0.000 -1.050 1.000]]
	]
	"Bedro_L" [
		[0 [0.000 -0.342 0.940 0.000 0.000 -0.940 -0.342 0.000 1.000 0.000 0.000 0.000 0.123 -0.038 0.000 1.000]]
		[0.025 [0.003 -0.339 0.941 0.000 -0.003 -0.941 -0.339 0.000 1.000 -0.002 -0.003 0.000 0.123 -0.038 0.000 1.000]]
		[0.05 [0.009 -0.332 0.943 0.000 -0.009 -0.943 -0.332 0.000 1.000 -0.005 -0.011 0.000 0.123 -0.038 0.000 1.000]]
		[0.075 [0.015 -0.324 0.946 0.000 -0.015 -0.946 -0.323 0.000 1.000 -0.010 -0.019 0.000 0.123 -0.038 0.000 1.000]]
		[0.1 [0.020 -0.318 0.948 0.000 -0.020 -0.948 -0.318 0.000 1.000 -0.013 -0.025 0.000 0.123 -0.038 0.000 1.000]]
		[0.125 [0.019 -0.319 0.948 0.000 -0.019 -0.948 -0.318 0.000 1.000 -0.012 -0.025 0.000 0.123 -0.038 0.000 1.000]]
		[0.15 [0.011 -0.329 0.944 0.000 -0.011 -0.944 -0.329 0.000 1.000 -0.007 -0.014 0.000 0.123 -0.038 0.000 1.000]]
		[0.175 [-0.008 -0.351 0.937 0.000 0.008 -0.937 -0.350 0.000 1.000 0.005 0.010 0.000 0.123 -0.038 0.000 1.000]]
		[0.2 [-0.039 -0.381 0.924 0.000 0.045 -0.924 -0.379 0.000 0.998 0.027 0.053 0.000 0.123 -0.038 0.000 1.000]]
		[0.225 [-0.077 -0.418 0.905 0.000 0.096 -0.907 -0.410 0.000 0.992 0.055 0.110 0.000 0.123 -0.038 0.000 1.000]]
		[0.25 [-0.114 -0.460 0.881 0.000 0.156 -0.884 -0.441 0.000 0.981 0.087 0.173 0.000 0.123 -0.038 0.000 1.000]]
		[0.275 [-0.144 -0.507 0.850 0.000 0.220 -0.854 -0.472 0.000 0.965 0.119 0.235 0.000 0.123 -0.038 0.000 1.000]]
		[0.3 [-0.161 -0.559 0.814 0.000 0.281 -0.816 -0.505 0.000 0.946 0.147 0.289 0.000 0.123 -0.038 0.000 1.000]]
		[0.325 [-0.161 -0.613 0.773 0.000 0.331 -0.772 -0.543 0.000 0.930 0.169 0.328 0.000 0.123 -0.038 0.000 1.000]]
		[0.35 [-0.140 -0.679 0.720 0.000 0.367 -0.711 -0.599 0.000 0.919 0.181 0.349 0.000 0.123 -0.038 0.000 1.000]]
		[0.375 [-0.094 -0.765 0.637 0.000 0.393 -0.616 -0.683 0.000 0.915 0.186 0.359 0.000 0.123 -0.038 0.000 1.000]]
		[0.4 [-0.034 -0.850 0.526 0.000 0.403 -0.494 -0.771 0.000 0.915 0.186 0.359 0.000 0.123 -0.038 0.000 1.000]]
		[0.425 [0.026 -0.914 0.405 0.000 0.398 -0.362 -0.843 0.000 0.917 0.183 0.354 0.000 0.123 -0.038 0.000 1.000]]
		[0.45 [0.074 -0.952 0.296 0.000 0.383 -0.247 -0.890 0.000 0.921 0.179 0.347 0.000 0.123 -0.038 0.000 1.000]]
		[0.475 [0.101 -0.969 0.226 0.000 0.369 -0.175 -0.913 0.000 0.924 0.175 0.340 0.000 0.123 -0.038 0.000 1.000]]
		[0.5 [0.101 -0.970 0.222 0.000 0.365 -0.171 -0.915 0.000 0.925 0.174 0.337 0.000 0.123 -0.038 0.000 1.000]]
		[0.525 [0.072 -0.953 0.293 0.000 0.372 -0.247 -0.895 0.000 0.925 0.174 0.337 0.000 0.123 -0.038 0.000 1.000]]
		[0.55 [0.017 -0.907 0.421 0.000 0.379 -0.383 -0.842 0.000 0.925 0.174 0.337 0.000 0.123 -0.038 0.000 1.000]]
		[0.575 [-0.056 -0.816 0.575 0.000 0.375 -0.551 -0.746 0.000 0.925 0.174 0.337 0.000 0.123 -0.038 0.000 1.000]]
		[0.6 [-0.137 -0.675 0.725 0.000 0.353 -0.717 -0.601 0.000 0.925 0.174 0.337 0.000 0.123 -0.038 0.000 1.000]]
		[0.625 [-0.214 -0.494 0.843 0.000 0.313 -0.852 -0.420 0.000 0.925 0.174 0.337 0.000 0.123 -0.038 0.000 1.000]]
		[0.65 [-0.277 -0.296 0.914 0.000 0.258 -0.939 -0.226 0.000 0.925 0.174 0.337 0.000 0.123 -0.038 0.000 1.000]]
		[0.675 [-0.308 -0.171 0.936 0.000 0.220 -0.970 -0.105 0.000 0.925 0.174 0.337 0.000 0.123 -0.038 0.000 1.000]]
		[0.7 [-0.308 -0.171 0.936 0.000 0.220 -0.970 -0.105 0.000 0.925 0.174 0.337 0.000 0.123 -0.038 0.000 1.000]]
		[0.725 [-0.308 -0.171 0.936 0.000 0.220 -0.970 -0.105 0.000 0.925 0.174 0.337 0.000 0.123 -0.038 0.000 1.000]]
		[0.75 [-0.308 -0.171 0.936 0.000 0.220 -0.970 -0.105 0.000 0.925 0.174 0.337 0.000 0.123 -0.038 0.000 1.000]]
		[0.775 [-0.308 -0.171 0.936 0.000 0.220 -0.970 -0.105 0.000 0.925 0.174 0.337 0.000 0.123 -0.038 0.000 1.000]]
		[0.8 [-0.308 -0.171 0.936 0.000 0.220 -0.970 -0.105 0.000 0.925 0.174 0.337 0.000 0.123 -0.038 0.000 1.000]]
		[0.825 [-0.308 -0.171 0.936 0.000 0.220 -0.970 -0.105 0.000 0.925 0.174 0.337 0.000 0.123 -0.038 0.000 1.000]]
		[0.85 [-0.308 -0.171 0.936 0.000 0.220 -0.970 -0.105 0.000 0.925 0.174 0.337 0.000 0.123 -0.038 0.000 1.000]]
		[0.875 [-0.308 -0.171 0.936 0.000 0.220 -0.970 -0.105 0.000 0.925 0.174 0.337 0.000 0.123 -0.038 0.000 1.000]]
		[0.9 [-0.308 -0.171 0.936 0.000 0.220 -0.970 -0.105 0.000 0.925 0.174 0.337 0.000 0.123 -0.038 0.000 1.000]]
		[0.925 [-0.308 -0.171 0.936 0.000 0.220 -0.970 -0.105 0.000 0.925 0.174 0.337 0.000 0.123 -0.038 0.000 1.000]]
		[0.95 [-0.308 -0.171 0.936 0.000 0.220 -0.970 -0.105 0.000 0.925 0.174 0.337 0.000 0.123 -0.038 0.000 1.000]]
		[0.975 [-0.308 -0.171 0.936 0.000 0.220 -0.970 -0.105 0.000 0.925 0.174 0.337 0.000 0.123 -0.038 0.000 1.000]]
	]
	"Koleno_L" [
		[0 [-0.766 0.643 -0.007 0.000 0.643 0.766 -0.009 0.000 0.000 -0.011 -1.000 0.000 0.000 0.532 0.000 1.000]]
		[0.025 [-0.766 0.643 -0.007 0.000 0.643 0.766 -0.009 0.000 0.000 -0.011 -1.000 0.000 0.000 0.532 0.000 1.000]]
		[0.05 [-0.766 0.643 -0.007 0.000 0.643 0.766 -0.009 0.000 0.000 -0.011 -1.000 0.000 0.000 0.532 0.000 1.000]]
		[0.075 [-0.766 0.643 -0.007 0.000 0.643 0.766 -0.009 0.000 0.000 -0.011 -1.000 0.000 0.000 0.532 0.000 1.000]]
		[0.1 [-0.766 0.643 -0.007 0.000 0.643 0.766 -0.009 0.000 0.000 -0.011 -1.000 0.000 0.000 0.532 0.000 1.000]]
		[0.125 [-0.766 0.643 -0.007 0.000 0.643 0.766 -0.009 0.000 0.000 -0.011 -1.000 0.000 0.000 0.532 0.000 1.000]]
		[0.15 [-0.766 0.643 -0.007 0.000 0.643 0.766 -0.009 0.000 0.000 -0.011 -1.000 0.000 0.000 0.532 0.000 1.000]]
		[0.175 [-0.766 0.643 -0.007 0.000 0.643 0.766 -0.009 0.000 0.000 -0.011 -1.000 0.000 0.000 0.532 0.000 1.000]]
		[0.2 [-0.766 0.643 -0.007 0.000 0.643 0.766 -0.009 0.000 0.000 -0.011 -1.000 0.000 0.000 0.532 0.000 1.000]]
		[0.225 [-0.766 0.643 -0.007 0.000 0.643 0.766 -0.009 0.000 0.000 -0.011 -1.000 0.000 0.000 0.532 0.000 1.000]]
		[0.25 [-0.766 0.643 -0.007 0.000 0.643 0.766 -0.009 0.000 0.000 -0.011 -1.000 0.000 0.000 0.532 0.000 1.000]]
		[0.275 [-0.766 0.643 -0.007 0.000 0.643 0.766 -0.009 0.000 0.000 -0.011 -1.000 0.000 0.000 0.532 0.000 1.000]]
		[0.3 [-0.766 0.643 -0.007 0.000 0.643 0.766 -0.009 0.000 0.000 -0.011 -1.000 0.000 0.000 0.532 0.000 1.000]]
		[0.325 [-0.766 0.643 -0.007 0.000 0.643 0.766 -0.009 0.000 0.000 -0.011 -1.000 0.000 0.000 0.532 0.000 1.000]]
		[0.35 [-0.766 0.643 -0.007 0.000 0.643 0.766 -0.009 0.000 0.000 -0.011 -1.000 0.000 0.000 0.532 0.000 1.000]]
		[0.375 [-0.766 0.643 -0.007 0.000 0.643 0.766 -0.009 0.000 0.000 -0.011 -1.000 0.000 0.000 0.532 0.000 1.000]]
		[0.4 [-0.766 0.643 -0.007 0.000 0.643 0.766 -0.009 0.000 0.000 -0.011 -1.000 0.000 0.000 0.532 0.000 1.000]]
		[0.425 [-0.766 0.643 -0.007 0.000 0.643 0.766 -0.009 0.000 0.000 -0.011 -1.000 0.000 0.000 0.532 0.000 1.000]]
		[0.45 [-0.766 0.643 -0.007 0.000 0.643 0.766 -0.009 0.000 0.000 -0.011 -1.000 0.000 0.000 0.532 0.000 1.000]]
		[0.475 [-0.766 0.643 -0.007 0.000 0.643 0.766 -0.009 0.000 0.000 -0.011 -1.000 0.000 0.000 0.532 0.000 1.000]]
		[0.5 [-0.766 0.643 -0.007 0.000 0.643 0.766 -0.009 0.000 0.000 -0.011 -1.000 0.000 0.000 0.532 0.000 1.000]]
		[0.525 [-0.759 0.651 -0.007 0.000 0.651 0.759 -0.009 0.000 0.000 -0.011 -1.000 0.000 0.000 0.532 0.000 1.000]]
		[0.55 [-0.750 0.662 -0.007 0.000 0.662 0.750 -0.008 0.000 0.000 -0.011 -1.000 0.000 0.000 0.532 0.000 1.000]]
		[0.575 [-0.757 0.653 -0.007 0.000 0.653 0.757 -0.009 0.000 0.000 -0.011 -1.000 0.000 0.000 0.532 0.000 1.000]]
		[0.6 [-0.796 0.606 -0.007 0.000 0.606 0.796 -0.009 0.000 0.000 -0.011 -1.000 0.000 0.000 0.532 0.000 1.000]]
		[0.625 [-0.855 0.519 -0.006 0.000 0.519 0.855 -0.010 0.000 0.000 -0.011 -1.000 0.000 0.000 0.532 0.000 1.000]]
		[0.65 [-0.911 0.412 -0.005 0.000 0.412 0.911 -0.010 0.000 0.000 -0.011 -1.000 0.000 0.000 0.532 0.000 1.000]]
		[0.675 [-0.940 0.342 -0.004 0.000 0.342 0.940 -0.011 0.000 0.000 -0.011 -1.000 0.000 0.000 0.532 0.000 1.000]]
		[0.7 [-0.940 0.342 -0.004 0.000 0.342 0.940 -0.011 0.000 0.000 -0.011 -1.000 0.000 0.000 0.532 0.000 1.000]]
		[0.725 [-0.940 0.342 -0.004 0.000 0.342 0.940 -0.011 0.000 0.000 -0.011 -1.000 0.000 0.000 0.532 0.000 1.000]]
		[0.75 [-0.940 0.342 -0.004 0.000 0.342 0.940 -0.011 0.000 0.000 -0.011 -1.000 0.000 0.000 0.532 0.000 1.000]]
		[0.775 [-0.940 0.342 -0.004 0.000 0.342 0.940 -0.011 0.000 0.000 -0.011 -1.000 0.000 0.000 0.532 0.000 1.000]]
		[0.8 [-0.940 0.342 -0.004 0.000 0.342 0.940 -0.011 0.000 0.000 -0.011 -1.000 0.000 0.000 0.532 0.000 1.000]]
		[0.825 [-0.940 0.342 -0.004 0.000 0.342 0.940 -0.011 0.000 0.000 -0.011 -1.000 0.000 0.000 0.532 0.000 1.000]]
		[0.85 [-0.940 0.342 -0.004 0.000 0.342 0.940 -0.011 0.000 0.000 -0.011 -1.000 0.000 0.000 0.532 0.000 1.000]]
		[0.875 [-0.940 0.342 -0.004 0.000 0.342 0.940 -0.011 0.000 0.000 -0.011 -1.000 0.000 0.000 0.532 0.000 1.000]]
		[0.9 [-0.940 0.342 -0.004 0.000 0.342 0.940 -0.011 0.000 0.000 -0.011 -1.000 0.000 0.000 0.532 0.000 1.000]]
		[0.925 [-0.940 0.342 -0.004 0.000 0.342 0.940 -0.011 0.000 0.000 -0.011 -1.000 0.000 0.000 0.532 0.000 1.000]]
		[0.95 [-0.940 0.342 -0.004 0.000 0.342 0.940 -0.011 0.000 0.000 -0.011 -1.000 0.000 0.000 0.532 0.000 1.000]]
		[0.975 [-0.940 0.342 -0.004 0.000 0.342 0.940 -0.011 0.000 0.000 -0.011 -1.000 0.000 0.000 0.532 0.000 1.000]]
	]
	"Koleno_L_end" [
		[0 [1.000 0.000 0.000 0.000 0.000 1.000 0.000 0.000 0.000 0.000 1.000 0.000 0.000 0.578 0.000 1.000]]
	]
	"Bedro_P" [
		[0 [0.000 -0.643 0.766 0.000 0.000 -0.766 -0.643 0.000 1.000 0.000 0.000 0.000 -0.123 -0.038 0.000 1.000]]
		[0.025 [-0.001 -0.643 0.766 0.000 0.003 -0.766 -0.643 0.000 1.000 0.002 0.003 0.000 -0.123 -0.038 0.000 1.000]]
		[0.05 [-0.005 -0.643 0.766 0.000 0.011 -0.766 -0.643 0.000 1.000 0.005 0.011 0.000 -0.123 -0.038 0.000 1.000]]
		[0.075 [-0.009 -0.643 0.766 0.000 0.020 -0.766 -0.643 0.000 1.000 0.010 0.019 0.000 -0.123 -0.038 0.000 1.000]]
		[0.1 [-0.011 -0.643 0.766 0.000 0.026 -0.766 -0.642 0.000 1.000 0.013 0.025 0.000 -0.123 -0.038 0.000 1.000]]
		[0.125 [-0.011 -0.643 0.766 0.000 0.025 -0.766 -0.642 0.000 1.000 0.012 0.025 0.000 -0.123 -0.038 0.000 1.000]]
		[0.15 [-0.006 -0.643 0.766 0.000 0.015 -0.766 -0.643 0.000 1.000 0.007 0.014 0.000 -0.123 -0.038 0.000 1.000]]
		[0.175 [0.005 -0.642 0.767 0.000 -0.010 -0.767 -0.642 0.000 1.000 -0.005 -0.010 0.000 -0.123 -0.038 0.000 1.000]]
		[0.2 [0.024 -0.634 0.773 0.000 -0.054 -0.773 -0.632 0.000 0.998 -0.027 -0.053 0.000 -0.123 -0.038 0.000 1.000]]
		[0.225 [0.052 -0.620 0.783 0.000 -0.111 -0.782 -0.613 0.000 0.992 -0.055 -0.110 0.000 -0.123 -0.038 0.000 1.000]]
		[0.25 [0.086 -0.606 0.791 0.000 -0.174 -0.790 -0.588 0.000 0.981 -0.087 -0.173 0.000 -0.123 -0.038 0.000 1.000]]
		[0.275 [0.119 -0.598 0.793 0.000 -0.235 -0.793 -0.563 0.000 0.965 -0.119 -0.235 0.000 -0.123 -0.038 0.000 1.000]]
		[0.3 [0.146 -0.601 0.786 0.000 -0.289 -0.785 -0.547 0.000 0.946 -0.147 -0.289 0.000 -0.123 -0.038 0.000 1.000]]
		[0.325 [0.158 -0.621 0.768 0.000 -0.333 -0.765 -0.551 0.000 0.930 -0.169 -0.328 0.000 -0.123 -0.038 0.000 1.000]]
		[0.35 [0.145 -0.669 0.729 0.000 -0.365 -0.721 -0.589 0.000 0.919 -0.181 -0.349 0.000 -0.123 -0.038 0.000 1.000]]
		[0.375 [0.104 -0.750 0.653 0.000 -0.390 -0.635 -0.667 0.000 0.915 -0.186 -0.359 0.000 -0.123 -0.038 0.000 1.000]]
		[0.4 [0.044 -0.837 0.546 0.000 -0.402 -0.515 -0.757 0.000 0.915 -0.186 -0.359 0.000 -0.123 -0.038 0.000 1.000]]
		[0.425 [-0.018 -0.907 0.421 0.000 -0.398 -0.380 -0.835 0.000 0.917 -0.183 -0.354 0.000 -0.123 -0.038 0.000 1.000]]
		[0.45 [-0.070 -0.950 0.306 0.000 -0.384 -0.258 -0.887 0.000 0.921 -0.179 -0.347 0.000 -0.123 -0.038 0.000 1.000]]
		[0.475 [-0.099 -0.968 0.229 0.000 -0.369 -0.178 -0.912 0.000 0.924 -0.175 -0.340 0.000 -0.123 -0.038 0.000 1.000]]
		[0.5 [-0.101 -0.970 0.222 0.000 -0.365 -0.171 -0.915 0.000 0.925 -0.174 -0.337 0.000 -0.123 -0.038 0.000 1.000]]
		[0.525 [-0.072 -0.953 0.293 0.000 -0.372 -0.247 -0.895 0.000 0.925 -0.174 -0.337 0.000 -0.123 -0.038 0.000 1.000]]
		[0.55 [-0.017 -0.907 0.421 0.000 -0.379 -0.383 -0.842 0.000 0.925 -0.174 -0.337 0.000 -0.123 -0.038 0.000 1.000]]
		[0.575 [0.056 -0.816 0.575 0.000 -0.375 -0.551 -0.746 0.000 0.925 -0.174 -0.337 0.000 -0.123 -0.038 0.000 1.000]]
		[0.6 [0.137 -0.675 0.725 0.000 -0.353 -0.717 -0.601 0.000 0.925 -0.174 -0.337 0.000 -0.123 -0.038 0.000 1.000]]
		[0.625 [0.214 -0.494 0.843 0.000 -0.313 -0.852 -0.420 0.000 0.925 -0.174 -0.337 0.000 -0.123 -0.038 0.000 1.000]]
		[0.65 [0.277 -0.296 0.914 0.000 -0.258 -0.939 -0.226 0.000 0.925 -0.174 -0.337 0.000 -0.123 -0.038 0.000 1.000]]
		[0.675 [0.308 -0.171 0.936 0.000 -0.220 -0.970 -0.105 0.000 0.925 -0.174 -0.337 0.000 -0.123 -0.038 0.000 1.000]]
		[0.7 [0.308 -0.171 0.936 0.000 -0.220 -0.970 -0.105 0.000 0.925 -0.174 -0.337 0.000 -0.123 -0.038 0.000 1.000]]
		[0.725 [0.308 -0.171 0.936 0.000 -0.220 -0.970 -0.105 0.000 0.925 -0.174 -0.337 0.000 -0.123 -0.038 0.000 1.000]]
		[0.75 [0.308 -0.171 0.936 0.000 -0.220 -0.970 -0.105 0.000 0.925 -0.174 -0.337 0.000 -0.123 -0.038 0.000 1.000]]
		[0.775 [0.308 -0.171 0.936 0.000 -0.220 -0.970 -0.105 0.000 0.925 -0.174 -0.337 0.000 -0.123 -0.038 0.000 1.000]]
		[0.8 [0.308 -0.171 0.936 0.000 -0.220 -0.970 -0.105 0.000 0.925 -0.174 -0.337 0.000 -0.123 -0.038 0.000 1.000]]
		[0.825 [0.308 -0.171 0.936 0.000 -0.220 -0.970 -0.105 0.000 0.925 -0.174 -0.337 0.000 -0.123 -0.038 0.000 1.000]]
		[0.85 [0.308 -0.171 0.936 0.000 -0.220 -0.970 -0.105 0.000 0.925 -0.174 -0.337 0.000 -0.123 -0.038 0.000 1.000]]
		[0.875 [0.308 -0.171 0.936 0.000 -0.220 -0.970 -0.105 0.000 0.925 -0.174 -0.337 0.000 -0.123 -0.038 0.000 1.000]]
		[0.9 [0.308 -0.171 0.936 0.000 -0.220 -0.970 -0.105 0.000 0.925 -0.174 -0.337 0.000 -0.123 -0.038 0.000 1.000]]
		[0.925 [0.308 -0.171 0.936 0.000 -0.220 -0.970 -0.105 0.000 0.925 -0.174 -0.337 0.000 -0.123 -0.038 0.000 1.000]]
		[0.95 [0.308 -0.171 0.936 0.000 -0.220 -0.970 -0.105 0.000 0.925 -0.174 -0.337 0.000 -0.123 -0.038 0.000 1.000]]
		[0.975 [0.308 -0.171 0.936 0.000 -0.220 -0.970 -0.105 0.000 0.925 -0.174 -0.337 0.000 -0.123 -0.038 0.000 1.000]]
	]
	"Koleno_P" [
		[0 [0.000 1.000 0.000 0.000 1.000 0.000 0.000 0.000 0.000 0.000 -1.000 0.000 0.000 0.532 0.000 1.000]]
		[0.025 [0.008 1.000 0.000 0.000 1.000 -0.008 0.000 0.000 0.000 0.000 -1.000 0.000 0.000 0.532 0.000 1.000]]
		[0.05 [0.027 1.000 0.000 0.000 1.000 -0.027 0.000 0.000 0.000 0.000 -1.000 0.000 0.000 0.532 0.000 1.000]]
		[0.075 [0.049 0.999 0.000 0.000 0.999 -0.049 0.000 0.000 0.000 0.000 -1.000 0.000 0.000 0.532 0.000 1.000]]
		[0.1 [0.063 0.998 0.000 0.000 0.998 -0.063 0.000 0.000 0.000 0.000 -1.000 0.000 0.000 0.532 0.000 1.000]]
		[0.125 [0.061 0.998 0.000 0.000 0.998 -0.061 0.000 0.000 0.000 0.000 -1.000 0.000 0.000 0.532 0.000 1.000]]
		[0.15 [0.035 0.999 0.000 0.000 0.999 -0.035 0.000 0.000 0.000 0.000 -1.000 0.000 0.000 0.532 0.000 1.000]]
		[0.175 [-0.025 1.000 0.000 0.000 1.000 0.025 0.000 0.000 0.000 0.000 -1.000 0.000 0.000 0.532 0.000 1.000]]
		[0.2 [-0.132 0.991 0.000 0.000 0.991 0.132 0.000 0.000 0.000 0.000 -1.000 0.000 0.000 0.532 0.000 1.000]]
		[0.225 [-0.272 0.962 0.000 0.000 0.962 0.272 0.000 0.000 0.000 0.000 -1.000 0.000 0.000 0.532 0.000 1.000]]
		[0.25 [-0.423 0.906 0.000 0.000 0.906 0.423 0.000 0.000 0.000 0.000 -1.000 0.000 0.000 0.532 0.000 1.000]]
		[0.275 [-0.562 0.827 0.000 0.000 0.827 0.562 0.000 0.000 0.000 0.000 -1.000 0.000 0.000 0.532 0.000 1.000]]
		[0.3 [-0.674 0.738 0.000 0.000 0.738 0.674 0.000 0.000 0.000 0.000 -1.000 0.000 0.000 0.532 0.000 1.000]]
		[0.325 [-0.750 0.662 0.000 0.000 0.662 0.750 0.000 0.000 0.000 0.000 -1.000 0.000 0.000 0.532 0.000 1.000]]
		[0.35 [-0.788 0.615 0.000 0.000 0.615 0.788 0.000 0.000 0.000 0.000 -1.000 0.000 0.000 0.532 0.000 1.000]]
		[0.375 [-0.804 0.595 0.000 0.000 0.595 0.804 0.000 0.000 0.000 0.000 -1.000 0.000 0.000 0.532 0.000 1.000]]
		[0.4 [-0.805 0.593 0.000 0.000 0.593 0.805 0.000 0.000 0.000 0.000 -1.000 0.000 0.000 0.532 0.000 1.000]]
		[0.425 [-0.796 0.605 0.000 0.000 0.605 0.796 0.000 0.000 0.000 0.000 -1.000 0.000 0.000 0.532 0.000 1.000]]
		[0.45 [-0.783 0.621 0.000 0.000 0.621 0.783 0.000 0.000 0.000 0.000 -1.000 0.000 0.000 0.532 0.000 1.000]]
		[0.475 [-0.771 0.636 0.000 0.000 0.636 0.771 0.000 0.000 0.000 0.000 -1.000 0.000 0.000 0.532 0.000 1.000]]
		[0.5 [-0.766 0.643 0.000 0.000 0.643 0.766 0.000 0.000 0.000 0.000 -1.000 0.000 0.000 0.532 0.000 1.000]]
		[0.525 [-0.759 0.651 0.000 0.000 0.651 0.759 0.000 0.000 0.000 0.000 -1.000 0.000 0.000 0.532 0.000 1.000]]
		[0.55 [-0.750 0.662 0.000 0.000 0.662 0.750 0.000 0.000 0.000 0.000 -1.000 0.000 0.000 0.532 0.000 1.000]]
		[0.575 [-0.757 0.653 0.000 0.000 0.653 0.757 0.000 0.000 0.000 0.000 -1.000 0.000 0.000 0.532 0.000 1.000]]
		[0.6 [-0.796 0.606 0.000 0.000 0.606 0.796 0.000 0.000 0.000 0.000 -1.000 0.000 0.000 0.532 0.000 1.000]]
		[0.625 [-0.855 0.519 0.000 0.000 0.519 0.855 0.000 0.000 0.000 0.000 -1.000 0.000 0.000 0.532 0.000 1.000]]
		[0.65 [-0.911 0.412 0.000 0.000 0.412 0.911 0.000 0.000 0.000 0.000 -1.000 0.000 0.000 0.532 0.000 1.000]]
		[0.675 [-0.940 0.342 0.000 0.000 0.342 0.940 0.000 0.000 0.000 0.000 -1.000 0.000 0.000 0.532 0.000 1.000]]
		[0.7 [-0.940 0.342 0.000 0.000 0.342 0.940 0.000 0.000 0.000 0.000 -1.000 0.000 0.000 0.532 0.000 1.000]]
		[0.725 [-0.940 0.342 0.000 0.000 0.342 0.940 0.000 0.000 0.000 0.000 -1.000 0.000 0.000 0.532 0.000 1.000]]
		[0.75 [-0.940 0.342 0.000 0.000 0.342 0.940 0.000 0.000 0.000 0.000 -1.000 0.000 0.000 0.532 0.000 1.000]]
		[0.775 [-0.940 0.342 0.000 0.000 0.342 0.940 0.000 0.000 0.000 0.000 -1.000 0.000 0.000 0.532 0.000 1.000]]
		[0.8 [-0.940 0.342 0.000 0.000 0.342 0.940 0.000 0.000 0.000 0.000 -1.000 0.000 0.000 0.532 0.000 1.000]]
		[0.825 [-0.940 0.342 0.000 0.000 0.342 0.940 0.000 0.000 0.000 0.000 -1.000 0.000 0.000 0.532 0.000 1.000]]
		[0.85 [-0.940 0.342 0.000 0.000 0.342 0.940 0.000 0.000 0.000 0.000 -1.000 0.000 0.000 0.532 0.000 1.000]]
		[0.875 [-0.940 0.342 0.000 0.000 0.342 0.940 0.000 0.000 0.000 0.000 -1.000 0.000 0.000 0.532 0.000 1.000]]
		[0.9 [-0.940 0.342 0.000 0.000 0.342 0.940 0.000 0.000 0.000 0.000 -1.000 0.000 0.000 0.532 0.000 1.000]]
		[0.925 [-0.940 0.342 0.000 0.000 0.342 0.940 0.000 0.000 0.000 0.000 -1.000 0.000 0.000 0.532 0.000 1.000]]
		[0.95 [-0.940 0.342 0.000 0.000 0.342 0.940 0.000 0.000 0.000 0.000 -1.000 0.000 0.000 0.532 0.000 1.000]]
		[0.975 [-0.940 0.342 0.000 0.000 0.342 0.940 0.000 0.000 0.000 0.000 -1.000 0.000 0.000 0.532 0.000 1.000]]
	]
	"Koleno_P_end" [
		[0 [1.000 0.000 0.000 0.000 0.000 1.000 0.000 0.000 0.000 0.000 1.000 0.000 0.000 0.578 0.000 1.000]]
	]
	"Tors" [
		[0 [1.000 0.000 0.000 0.000 0.000 1.000 0.000 0.000 0.000 0.000 1.000 0.000 0.000 0.130 0.000 1.000]]
		[0.025 [1.000 0.000 0.000 0.000 0.000 0.997 -0.083 0.000 0.000 0.083 0.997 0.000 0.000 0.130 0.000 1.000]]
		[0.05 [1.000 0.000 0.000 0.000 0.000 0.985 -0.173 0.000 0.000 0.173 0.985 0.000 0.000 0.130 0.000 1.000]]
		[0.075 [1.000 0.000 0.000 0.000 0.000 0.965 -0.262 0.000 0.000 0.262 0.965 0.000 0.000 0.130 0.000 1.000]]
		[0.1 [1.000 0.000 0.000 0.000 0.000 0.939 -0.345 0.000 0.000 0.345 0.939 0.000 0.000 0.130 0.000 1.000]]
		[0.125 [1.000 0.000 0.000 0.000 0.000 0.909 -0.416 0.000 0.000 0.416 0.909 0.000 0.000 0.130 0.000 1.000]]
		[0.15 [1.000 0.000 0.000 0.000 0.000 0.881 -0.473 0.000 0.000 0.473 0.881 0.000 0.000 0.130 0.000 1.000]]
		[0.175 [1.000 0.000 0.000 0.000 0.000 0.860 -0.511 0.000 0.000 0.511 0.860 0.000 0.000 0.130 0.000 1.000]]
		[0.2 [1.000 0.000 0.000 0.000 0.000 0.844 -0.536 0.000 0.000 0.536 0.844 0.000 0.000 0.130 0.000 1.000]]
		[0.225 [1.000 0.000 0.000 0.000 0.000 0.835 -0.551 0.000 0.000 0.551 0.835 0.000 0.000 0.130 0.000 1.000]]
		[0.25 [1.000 0.000 0.000 0.000 0.000 0.831 -0.556 0.000 0.000 0.556 0.831 0.000 0.000 0.130 0.000 1.000]]
		[0.275 [1.000 0.000 0.000 0.000 0.000 0.835 -0.551 0.000 0.000 0.551 0.835 0.000 0.000 0.130 0.000 1.000]]
		[0.3 [1.000 0.000 0.000 0.000 0.000 0.844 -0.536 0.000 0.000 0.536 0.844 0.000 0.000 0.130 0.000 1.000]]
		[0.325 [1.000 0.000 0.000 0.000 0.000 0.860 -0.511 0.000 0.000 0.511 0.860 0.000 0.000 0.130 0.000 1.000]]
		[0.35 [1.000 0.000 0.000 0.000 0.000 0.882 -0.471 0.000 0.000 0.471 0.882 0.000 0.000 0.130 0.000 1.000]]
		[0.375 [1.000 0.000 0.000 0.000 0.000 0.914 -0.405 0.000 0.000 0.405 0.914 0.000 0.000 0.130 0.000 1.000]]
		[0.4 [1.000 0.000 0.000 0.000 0.000 0.947 -0.321 0.000 0.000 0.321 0.947 0.000 0.000 0.130 0.000 1.000]]
		[0.425 [1.000 0.000 0.000 0.000 0.000 0.974 -0.227 0.000 0.000 0.227 0.974 0.000 0.000 0.130 0.000 1.000]]
		[0.45 [1.000 0.000 0.000 0.000 0.000 0.991 -0.135 0.000 0.000 0.135 0.991 0.000 0.000 0.130 0.000 1.000]]
		[0.475 [1.000 0.000 0.000 0.000 0.000 0.998 -0.055 0.000 0.000 0.055 0.998 0.000 0.000 0.130 0.000 1.000]]
		[0.5 [1.000 0.000 0.000 0.000 0.000 1.000 0.000 0.000 0.000 0.000 1.000 0.000 0.000 0.130 0.000 1.000]]
		[0.525 [1.000 0.000 0.000 0.000 0.000 1.000 0.019 0.000 0.000 -0.019 1.000 0.000 0.000 0.130 0.000 1.000]]
		[0.55 [1.000 0.000 0.000 0.000 0.000 1.000 0.013 0.000 0.000 -0.013 1.000 0.000 0.000 0.130 0.000 1.000]]
		[0.575 [1.000 0.000 0.000 0.000 0.000 1.000 0.002 0.000 0.000 -0.002 1.000 0.000 0.000 0.130 0.000 1.000]]
		[0.6 [1.000 0.000 0.000 0.000 0.000 1.000 0.000 0.000 0.000 0.000 1.000 0.000 0.000 0.130 0.000 1.000]]
		[0.625 [1.000 0.000 0.000 0.000 0.000 1.000 0.000 0.000 0.000 0.000 1.000 0.000 0.000 0.130 0.000 1.000]]
		[0.65 [1.000 0.000 0.000 0.000 0.000 1.000 0.000 0.000 0.000 0.000 1.000 0.000 0.000 0.130 0.000 1.000]]
		[0.675 [1.000 0.000 0.000 0.000 0.000 1.000 0.000 0.000 0.000 0.000 1.000 0.000 0.000 0.130 0.000 1.000]]
		[0.7 [1.000 0.000 0.000 0.000 0.000 1.000 0.000 0.000 0.000 0.000 1.000 0.000 0.000 0.130 0.000 1.000]]
		[0.725 [1.000 0.000 0.000 0.000 0.000 1.000 0.000 0.000 0.000 0.000 1.000 0.000 0.000 0.130 0.000 1.000]]
		[0.75 [1.000 0.000 0.000 0.000 0.000 1.000 0.000 0.000 0.000 0.000 1.000 0.000 0.000 0.130 0.000 1.000]]
		[0.775 [1.000 0.000 0.000 0.000 0.000 1.000 0.000 0.000 0.000 0.000 1.000 0.000 0.000 0.130 0.000 1.000]]
		[0.8 [1.000 0.000 0.000 0.000 0.000 1.000 0.000 0.000 0.000 0.000 1.000 0.000 0.000 0.130 0.000 1.000]]
		[0.825 [1.000 0.000 0.000 0.000 0.000 1.000 0.000 0.000 0.000 0.000 1.000 0.000 0.000 0.130 0.000 1.000]]
		[0.85 [1.000 0.000 0.000 0.000 0.000 1.000 0.000 0.000 0.000 0.000 1.000 0.000 0.000 0.130 0.000 1.000]]
		[0.875 [1.000 0.000 0.000 0.000 0.000 1.000 0.000 0.000 0.000 0.000 1.000 0.000 0.000 0.130 0.000 1.000]]
		[0.9 [1.000 0.000 0.000 0.000 0.000 1.000 0.000 0.000 0.000 0.000 1.000 0.000 0.000 0.130 0.000 1.000]]
		[0.925 [1.000 0.000 0.000 0.000 0.000 1.000 0.000 0.000 0.000 0.000 1.000 0.000 0.000 0.130 0.000 1.000]]
		[0.95 [1.000 0.000 0.000 0.000 0.000 1.000 0.000 0.000 0.000 0.000 1.000 0.000 0.000 0.130 0.000 1.000]]
		[0.975 [1.000 0.000 0.000 0.000 0.000 1.000 0.000 0.000 0.000 0.000 1.000 0.000 0.000 0.130 0.000 1.000]]
	]
	"Golova" [
		[0 [1.000 0.000 0.000 0.000 0.000 0.985 -0.174 0.000 0.000 0.174 0.985 0.000 0.000 0.596 0.000 1.000]]
		[0.025 [1.000 0.000 0.000 0.000 0.000 0.973 -0.231 0.000 0.000 0.231 0.973 0.000 0.000 0.596 0.000 1.000]]
		[0.05 [1.000 0.000 0.000 0.000 0.000 0.955 -0.297 0.000 0.000 0.297 0.955 0.000 0.000 0.596 0.000 1.000]]
		[0.075 [1.000 0.000 0.000 0.000 0.000 0.932 -0.362 0.000 0.000 0.362 0.932 0.000 0.000 0.596 0.000 1.000]]
		[0.1 [1.000 0.000 0.000 0.000 0.000 0.907 -0.421 0.000 0.000 0.421 0.907 0.000 0.000 0.596 0.000 1.000]]
		[0.125 [1.000 0.000 0.000 0.000 0.000 0.884 -0.467 0.000 0.000 0.467 0.884 0.000 0.000 0.596 0.000 1.000]]
		[0.15 [1.000 0.000 0.000 0.000 0.000 0.869 -0.494 0.000 0.000 0.494 0.869 0.000 0.000 0.596 0.000 1.000]]
		[0.175 [1.000 0.000 0.000 0.000 0.000 0.867 -0.498 0.000 0.000 0.498 0.867 0.000 0.000 0.596 0.000 1.000]]
		[0.2 [1.000 0.000 0.000 0.000 0.000 0.881 -0.473 0.000 0.000 0.473 0.881 0.000 0.000 0.596 0.000 1.000]]
		[0.225 [1.000 0.000 0.000 0.000 0.000 0.905 -0.425 0.000 0.000 0.425 0.905 0.000 0.000 0.596 0.000 1.000]]
		[0.25 [1.000 0.000 0.000 0.000 0.000 0.932 -0.362 0.000 0.000 0.362 0.932 0.000 0.000 0.596 0.000 1.000]]
		[0.275 [1.000 0.000 0.000 0.000 0.000 0.956 -0.294 0.000 0.000 0.294 0.956 0.000 0.000 0.596 0.000 1.000]]
		[0.3 [1.000 0.000 0.000 0.000 0.000 0.973 -0.231 0.000 0.000 0.231 0.973 0.000 0.000 0.596 0.000 1.000]]
		[0.325 [1.000 0.000 0.000 0.000 0.000 0.983 -0.184 0.000 0.000 0.184 0.983 0.000 0.000 0.596 0.000 1.000]]
		[0.35 [1.000 0.000 0.000 0.000 0.000 0.987 -0.163 0.000 0.000 0.163 0.987 0.000 0.000 0.596 0.000 1.000]]
		[0.375 [1.000 0.000 0.000 0.000 0.000 0.986 -0.166 0.000 0.000 0.166 0.986 0.000 0.000 0.596 0.000 1.000]]
		[0.4 [1.000 0.000 0.000 0.000 0.000 0.983 -0.182 0.000 0.000 0.182 0.983 0.000 0.000 0.596 0.000 1.000]]
		[0.425 [1.000 0.000 0.000 0.000 0.000 0.980 -0.201 0.000 0.000 0.201 0.980 0.000 0.000 0.596 0.000 1.000]]
		[0.45 [1.000 0.000 0.000 0.000 0.000 0.977 -0.213 0.000 0.000 0.213 0.977 0.000 0.000 0.596 0.000 1.000]]
		[0.475 [1.000 0.000 0.000 0.000 0.000 0.978 -0.208 0.000 0.000 0.208 0.978 0.000 0.000 0.596 0.000 1.000]]
		[0.5 [1.000 0.000 0.000 0.000 0.000 0.985 -0.174 0.000 0.000 0.174 0.985 0.000 0.000 0.596 0.000 1.000]]
		[0.525 [0.999 0.000 -0.033 0.000 -0.002 0.998 -0.057 0.000 0.033 0.057 0.998 0.000 0.000 0.596 0.000 1.000]]
		[0.55 [0.997 0.000 -0.075 0.000 0.008 0.994 0.106 0.000 0.075 -0.106 0.992 0.000 0.000 0.596 0.000 1.000]]
		[0.575 [0.999 0.001 -0.042 0.000 0.007 0.982 0.190 0.000 0.041 -0.190 0.981 0.000 0.000 0.596 0.000 1.000]]
		[0.6 [0.990 0.000 0.142 0.000 0.000 1.000 0.001 0.000 -0.142 -0.001 0.990 0.000 0.000 0.596 0.000 1.000]]
		[0.625 [0.897 0.001 0.442 0.000 0.082 0.983 -0.167 0.000 -0.435 0.186 0.881 0.000 0.000 0.596 0.000 1.000]]
		[0.65 [0.681 0.000 0.732 0.000 0.061 0.996 -0.057 0.000 -0.729 0.084 0.679 0.000 0.000 0.596 0.000 1.000]]
		[0.675 [0.500 0.000 0.866 0.000 0.000 1.000 0.000 0.000 -0.866 0.000 0.500 0.000 0.000 0.596 0.000 1.000]]
		[0.7 [0.500 0.000 0.866 0.000 0.000 1.000 0.000 0.000 -0.866 0.000 0.500 0.000 0.000 0.596 0.000 1.000]]
		[0.725 [0.500 0.000 0.866 0.000 0.000 1.000 0.000 0.000 -0.866 0.000 0.500 0.000 0.000 0.596 0.000 1.000]]
		[0.75 [0.500 0.000 0.866 0.000 0.000 1.000 0.000 0.000 -0.866 0.000 0.500 0.000 0.000 0.596 0.000 1.000]]
		[0.775 [0.500 0.000 0.866 0.000 0.000 1.000 0.000 0.000 -0.866 0.000 0.500 0.000 0.000 0.596 0.000 1.000]]
		[0.8 [0.500 0.000 0.866 0.000 0.000 1.000 0.000 0.000 -0.866 0.000 0.500 0.000 0.000 0.596 0.000 1.000]]
		[0.825 [0.500 0.000 0.866 0.000 0.000 1.000 0.000 0.000 -0.866 0.000 0.500 0.000 0.000 0.596 0.000 1.000]]
		[0.85 [0.500 0.000 0.866 0.000 0.000 1.000 0.000 0.000 -0.866 0.000 0.500 0.000 0.000 0.596 0.000 1.000]]
		[0.875 [0.500 0.000 0.866 0.000 0.000 1.000 0.000 0.000 -0.866 0.000 0.500 0.000 0.000 0.596 0.000 1.000]]
		[0.9 [0.500 0.000 0.866 0.000 0.000 1.000 0.000 0.000 -0.866 0.000 0.500 0.000 0.000 0.596 0.000 1.000]]
		[0.925 [0.500 0.000 0.866 0.000 0.000 1.000 0.000 0.000 -0.866 0.000 0.500 0.000 0.000 0.596 0.000 1.000]]
		[0.95 [0.500 0.000 0.866 0.000 0.000 1.000 0.000 0.000 -0.866 0.000 0.500 0.000 0.000 0.596 0.000 1.000]]
		[0.975 [0.500 0.000 0.866 0.000 0.000 1.000 0.000 0.000 -0.866 0.000 0.500 0.000 0.000 0.596 0.000 1.000]]
	]
	"Golova_end" [
		[0 [1.000 0.000 0.000 0.000 0.000 1.000 0.000 0.000 0.000 0.000 1.000 0.000 0.000 0.315 0.000 1.000]]
	]
	"Kluchitsa_L" [
		[0 [0.000 0.000 1.000 0.000 1.000 0.000 0.000 0.000 0.000 1.000 0.000 0.000 0.000 0.470 0.000 1.000]]
	]
	"Kluchitsa_L_end" [
		[0 [1.000 0.000 0.000 0.000 0.000 1.000 0.000 0.000 0.000 0.000 1.000 0.000 0.000 0.300 0.000 1.000]]
	]
	"Kluchitsa_P" [
		[0 [0.000 0.000 -1.000 0.000 -1.000 0.000 0.000 0.000 0.000 1.000 0.000 0.000 0.000 0.470 0.000 1.000]]
	]
	"Kluchitsa_P_end" [
		[0 [1.000 0.000 0.000 0.000 0.000 1.000 0.000 0.000 0.000 0.000 1.000 0.000 0.000 0.300 0.000 1.000]]
	]
	"Ruka_L" [
		[0 [-0.500 0.000 0.866 0.000 0.557 -0.766 0.321 0.000 0.663 0.643 0.383 0.000 0.279 0.394 -0.035 1.000]]
		[0.025 [-0.288 0.000 0.958 0.000 0.711 -0.669 0.214 0.000 0.641 0.743 0.193 0.000 0.279 0.394 -0.035 1.000]]
		[0.05 [-0.033 0.000 0.999 0.000 0.834 -0.551 0.028 0.000 0.551 0.835 0.018 0.000 0.279 0.394 -0.035 1.000]]
		[0.075 [0.229 0.000 0.973 0.000 0.884 -0.418 -0.208 0.000 0.407 0.908 -0.096 0.000 0.279 0.394 -0.035 1.000]]
		[0.1 [0.460 0.000 0.888 0.000 0.852 -0.282 -0.441 0.000 0.251 0.959 -0.130 0.000 0.279 0.394 -0.035 1.000]]
		[0.125 [0.631 0.000 0.776 0.000 0.766 -0.156 -0.623 0.000 0.121 0.988 -0.099 0.000 0.279 0.394 -0.035 1.000]]
		[0.15 [0.735 0.000 0.679 0.000 0.678 -0.052 -0.734 0.000 0.035 0.999 -0.038 0.000 0.279 0.394 -0.035 1.000]]
		[0.175 [0.770 0.000 0.638 0.000 0.638 0.020 -0.770 0.000 -0.013 1.000 0.015 0.000 0.279 0.394 -0.035 1.000]]
		[0.2 [0.738 0.000 0.675 0.000 0.674 0.056 -0.736 0.000 -0.038 0.998 0.041 0.000 0.279 0.394 -0.035 1.000]]
		[0.225 [0.644 0.000 0.765 0.000 0.763 0.064 -0.643 0.000 -0.049 0.998 0.042 0.000 0.279 0.394 -0.035 1.000]]
		[0.25 [0.500 0.000 0.866 0.000 0.865 0.055 -0.499 0.000 -0.047 0.999 0.027 0.000 0.279 0.394 -0.035 1.000]]
		[0.275 [0.325 0.000 0.946 0.000 0.945 0.035 -0.325 0.000 -0.033 0.999 0.011 0.000 0.279 0.394 -0.035 1.000]]
		[0.3 [0.154 0.000 0.988 0.000 0.988 0.014 -0.154 0.000 -0.014 1.000 0.002 0.000 0.279 0.394 -0.035 1.000]]
		[0.325 [0.027 0.000 1.000 0.000 1.000 0.001 -0.027 0.000 -0.001 1.000 0.000 0.000 0.279 0.394 -0.035 1.000]]
		[0.35 [-0.034 0.000 0.999 0.000 0.999 0.005 0.034 0.000 -0.005 1.000 0.000 0.000 0.279 0.394 -0.035 1.000]]
		[0.375 [-0.053 0.000 0.999 0.000 0.998 0.025 0.053 0.000 -0.025 1.000 -0.001 0.000 0.279 0.394 -0.035 1.000]]
		[0.4 [-0.046 0.000 0.999 0.000 0.998 0.050 0.046 0.000 -0.050 0.999 -0.002 0.000 0.279 0.394 -0.035 1.000]]
		[0.425 [-0.025 0.000 1.000 0.000 0.997 0.071 0.025 0.000 -0.071 0.997 -0.002 0.000 0.279 0.394 -0.035 1.000]]
		[0.45 [-0.002 0.000 1.000 0.000 0.997 0.077 0.002 0.000 -0.077 0.997 0.000 0.000 0.279 0.394 -0.035 1.000]]
		[0.475 [0.011 0.000 1.000 0.000 0.998 0.057 -0.011 0.000 -0.057 0.998 0.001 0.000 0.279 0.394 -0.035 1.000]]
		[0.5 [0.000 0.000 1.000 0.000 1.000 0.000 0.000 0.000 0.000 1.000 0.000 0.000 0.279 0.394 -0.035 1.000]]
		[0.525 [-0.051 0.000 0.999 0.000 0.990 -0.135 0.050 0.000 0.135 0.991 0.007 0.000 0.279 0.394 -0.035 1.000]]
		[0.55 [-0.121 0.000 0.993 0.000 0.940 -0.321 0.115 0.000 0.319 0.947 0.039 0.000 0.279 0.394 -0.035 1.000]]
		[0.575 [-0.169 0.000 0.986 0.000 0.870 -0.470 0.149 0.000 0.463 0.883 0.079 0.000 0.279 0.394 -0.035 1.000]]
		[0.6 [-0.161 0.000 0.987 0.000 0.838 -0.529 0.137 0.000 0.522 0.849 0.085 0.000 0.279 0.394 -0.035 1.000]]
		[0.625 [-0.109 0.000 0.994 0.000 0.844 -0.528 0.092 0.000 0.525 0.849 0.058 0.000 0.279 0.394 -0.035 1.000]]
		[0.65 [-0.040 0.000 0.999 0.000 0.861 -0.507 0.035 0.000 0.507 0.862 0.021 0.000 0.279 0.394 -0.035 1.000]]
		[0.675 [0.000 0.000 1.000 0.000 0.866 -0.500 0.000 0.000 0.500 0.866 0.000 0.000 0.279 0.394 -0.035 1.000]]
		[0.7 [0.000 0.000 1.000 0.000 0.866 -0.500 0.000 0.000 0.500 0.866 0.000 0.000 0.279 0.394 -0.035 1.000]]
		[0.725 [0.000 0.000 1.000 0.000 0.866 -0.500 0.000 0.000 0.500 0.866 0.000 0.000 0.279 0.394 -0.035 1.000]]
		[0.75 [0.000 0.000 1.000 0.000 0.866 -0.500 0.000 0.000 0.500 0.866 0.000 0.000 0.279 0.394 -0.035 1.000]]
		[0.775 [0.000 0.000 1.000 0.000 0.866 -0.500 0.000 0.000 0.500 0.866 0.000 0.000 0.279 0.394 -0.035 1.000]]
		[0.8 [0.000 0.000 1.000 0.000 0.866 -0.500 0.000 0.000 0.500 0.866 0.000 0.000 0.279 0.394 -0.035 1.000]]
		[0.825 [0.000 0.000 1.000 0.000 0.866 -0.500 0.000 0.000 0.500 0.866 0.000 0.000 0.279 0.394 -0.035 1.000]]
		[0.85 [0.000 0.000 1.000 0.000 0.866 -0.500 0.000 0.000 0.500 0.866 0.000 0.000 0.279 0.394 -0.035 1.000]]
		[0.875 [0.000 0.000 1.000 0.000 0.866 -0.500 0.000 0.000 0.500 0.866 0.000 0.000 0.279 0.394 -0.035 1.000]]
		[0.9 [0.000 0.000 1.000 0.000 0.866 -0.500 0.000 0.000 0.500 0.866 0.000 0.000 0.279 0.394 -0.035 1.000]]
		[0.925 [0.000 0.000 1.000 0.000 0.866 -0.500 0.000 0.000 0.500 0.866 0.000 0.000 0.279 0.394 -0.035 1.000]]
		[0.95 [0.000 0.000 1.000 0.000 0.866 -0.500 0.000 0.000 0.500 0.866 0.000 0.000 0.279 0.394 -0.035 1.000]]
		[0.975 [0.000 0.000 1.000 0.000 0.866 -0.500 0.000 0.000 0.500 0.866 0.000 0.000 0.279 0.394 -0.035 1.000]]
	]
	"Lokot_L" [
		[0 [0.983 0.184 -0.001 0.000 -0.184 0.983 -0.011 0.000 -0.001 0.011 1.000 0.000 0.000 0.316 0.000 1.000]]
		[0.025 [0.966 0.260 -0.001 0.000 -0.260 0.965 -0.009 0.000 -0.001 0.009 1.000 0.000 0.000 0.316 0.000 1.000]]
		[0.05 [0.941 0.337 -0.002 0.000 -0.337 0.941 -0.007 0.000 -0.001 0.008 1.000 0.000 0.000 0.316 0.000 1.000]]
		[0.075 [0.911 0.412 -0.002 0.000 -0.412 0.911 -0.005 0.000 -0.001 0.006 1.000 0.000 0.000 0.316 0.000 1.000]]
		[0.1 [0.875 0.483 -0.001 0.000 -0.483 0.875 -0.003 0.000 0.000 0.004 1.000 0.000 0.000 0.316 0.000 1.000]]
		[0.125 [0.836 0.549 -0.001 0.000 -0.549 0.836 -0.002 0.000 0.000 0.002 1.000 0.000 0.000 0.316 0.000 1.000]]
		[0.15 [0.794 0.608 0.000 0.000 -0.608 0.794 -0.001 0.000 0.000 0.001 1.000 0.000 0.000 0.316 0.000 1.000]]
		[0.175 [0.752 0.659 0.000 0.000 -0.659 0.752 0.000 0.000 0.000 0.000 1.000 0.000 0.000 0.316 0.000 1.000]]
		[0.2 [0.708 0.706 0.000 0.000 -0.706 0.708 0.001 0.000 0.000 -0.001 1.000 0.000 0.000 0.316 0.000 1.000]]
		[0.225 [0.663 0.749 0.001 0.000 -0.749 0.663 0.001 0.000 0.000 -0.001 1.000 0.000 0.000 0.316 0.000 1.000]]
		[0.25 [0.618 0.786 0.001 0.000 -0.786 0.618 0.000 0.000 0.000 -0.001 1.000 0.000 0.000 0.316 0.000 1.000]]
		[0.275 [0.576 0.818 0.000 0.000 -0.818 0.576 0.000 0.000 0.000 0.000 1.000 0.000 0.000 0.316 0.000 1.000]]
		[0.3 [0.538 0.843 0.000 0.000 -0.843 0.538 0.000 0.000 0.000 0.000 1.000 0.000 0.000 0.316 0.000 1.000]]
		[0.325 [0.509 0.861 0.000 0.000 -0.861 0.509 0.000 0.000 0.000 0.000 1.000 0.000 0.000 0.316 0.000 1.000]]
		[0.35 [0.479 0.878 0.000 0.000 -0.878 0.479 0.000 0.000 0.000 0.000 1.000 0.000 0.000 0.316 0.000 1.000]]
		[0.375 [0.435 0.900 0.000 0.000 -0.900 0.435 0.000 0.000 0.000 0.000 1.000 0.000 0.000 0.316 0.000 1.000]]
		[0.4 [0.388 0.922 0.000 0.000 -0.922 0.388 0.000 0.000 0.000 0.000 1.000 0.000 0.000 0.316 0.000 1.000]]
		[0.425 [0.354 0.935 0.000 0.000 -0.935 0.354 0.000 0.000 0.000 0.000 1.000 0.000 0.000 0.316 0.000 1.000]]
		[0.45 [0.351 0.936 0.000 0.000 -0.936 0.351 0.000 0.000 0.000 0.000 1.000 0.000 0.000 0.316 0.000 1.000]]
		[0.475 [0.396 0.918 0.000 0.000 -0.918 0.396 0.000 0.000 0.000 0.000 1.000 0.000 0.000 0.316 0.000 1.000]]
		[0.5 [0.500 0.866 0.000 0.000 -0.866 0.500 0.000 0.000 0.000 0.000 1.000 0.000 0.000 0.316 0.000 1.000]]
		[0.525 [0.713 0.701 0.000 0.000 -0.701 0.713 0.000 0.000 0.000 0.000 1.000 0.000 0.000 0.316 0.000 1.000]]
		[0.55 [0.923 0.384 0.000 0.000 -0.384 0.923 0.000 0.000 0.000 0.000 1.000 0.000 0.000 0.316 0.000 1.000]]
		[0.575 [0.998 0.069 0.000 0.000 -0.069 0.998 0.000 0.000 0.000 0.000 1.000 0.000 0.000 0.316 0.000 1.000]]
		[0.6 [0.998 -0.067 0.000 0.000 0.067 0.998 0.000 0.000 0.000 0.000 1.000 0.000 0.000 0.316 0.000 1.000]]
		[0.625 [0.998 -0.065 0.000 0.000 0.065 0.998 0.000 0.000 0.000 0.000 1.000 0.000 0.000 0.316 0.000 1.000]]
		[0.65 [1.000 -0.017 0.000 0.000 0.017 1.000 0.000 0.000 0.000 0.000 1.000 0.000 0.000 0.316 0.000 1.000]]
		[0.675 [1.000 0.000 0.000 0.000 0.000 1.000 0.000 0.000 0.000 0.000 1.000 0.000 0.000 0.316 0.000 1.000]]
		[0.7 [1.000 0.000 0.000 0.000 0.000 1.000 0.000 0.000 0.000 0.000 1.000 0.000 0.000 0.316 0.000 1.000]]
		[0.725 [1.000 0.000 0.000 0.000 0.000 1.000 0.000 0.000 0.000 0.000 1.000 0.000 0.000 0.316 0.000 1.000]]
		[0.75 [1.000 0.000 0.000 0.000 0.000 1.000 0.000 0.000 0.000 0.000 1.000 0.000 0.000 0.316 0.000 1.000]]
		[0.775 [1.000 0.000 0.000 0.000 0.000 1.000 0.000 0.000 0.000 0.000 1.000 0.000 0.000 0.316 0.000 1.000]]
