{ :name "Idle" :length 2 :bones { 
	"Skelet" [
		[ 0 [ 0 1 2 3 ] ]
		[ 0.03333334 [ 0 1 2 4 ] ]
		[ 0.06666667 [ 0 1 2 5 ] ]
		[ 0.1 [ 0 1 2 6 ] ]
		[ 0.1333333 [ 0 1 2 7 ] ]
		[ 0.1666667 [ 0 1 2 8 ] ]
		[ 0.2 [ 0 1 2 9 ] ]
		[ 0.2333333 [ 0 1 2 10 ] ]
		[ 0.2666667 [ 0 1 2 11 ] ]
		[ 0.3 [ 0 1 2 12 ] ]
		[ 0.3333333 [ 0 1 2 13 ] ]
		[ 0.3666667 [ 0 1 2 14 ] ]
		[ 0.4 [ 0 1 2 15 ] ]
		[ 0.4333333 [ 0 1 2 16 ] ]
		[ 0.4666667 [ 0 1 2 17 ] ]
		[ 0.5 [ 0 1 2 18 ] ]
		[ 0.5333334 [ 0 1 2 19 ] ]
		[ 0.5666667 [ 0 1 2 20 ] ]
		[ 0.6 [ 0 1 2 21 ] ]
		[ 0.6333333 [ 0 1 2 22 ] ]
		[ 0.6666667 [ 0 1 2 23 ] ]
		[ 0.7 [ 0 1 2 24 ] ]
		[ 0.7333333 [ 0 1 2 24 ] ]
		[ 0.7666667 [ 0 1 2 24 ] ]
		[ 0.8 [ 0 1 2 23 ] ]
		[ 0.8333333 [ 0 1 2 22 ] ]
		[ 0.8666667 [ 0 1 2 25 ] ]
		[ 0.9 [ 0 1 2 26 ] ]
		[ 0.9333333 [ 0 1 2 19 ] ]
		[ 0.9666666 [ 0 1 2 18 ] ]
		[ 1 [ 0 1 2 17 ] ]
		[ 1.033333 [ 0 1 2 16 ] ]
		[ 1.066667 [ 0 1 2 15 ] ]
		[ 1.1 [ 0 1 2 14 ] ]
		[ 1.133333 [ 0 1 2 27 ] ]
		[ 1.166667 [ 0 1 2 28 ] ]
		[ 1.2 [ 0 1 2 29 ] ]
		[ 1.233333 [ 0 1 2 30 ] ]
		[ 1.266667 [ 0 1 2 31 ] ]
		[ 1.3 [ 0 1 2 32 ] ]
		[ 1.333333 [ 0 1 2 33 ] ]
		[ 1.366667 [ 0 1 2 34 ] ]
		[ 1.4 [ 0 1 2 5 ] ]
		[ 1.433333 [ 0 1 2 35 ] ]
		[ 1.466667 [ 0 1 2 36 ] ]
		[ 1.5 [ 0 1 2 3 ] ]
		[ 1.533333 [ 0 1 2 37 ] ]
		[ 1.566667 [ 0 1 2 38 ] ]
		[ 1.6 [ 0 1 2 39 ] ]
		[ 1.633333 [ 0 1 2 40 ] ]
		[ 1.666667 [ 0 1 2 40 ] ]
		[ 1.7 [ 0 1 2 40 ] ]
		[ 1.733333 [ 0 1 2 40 ] ]
		[ 1.766667 [ 0 1 2 39 ] ]
		[ 1.8 [ 0 1 2 38 ] ]
		[ 1.833333 [ 0 1 2 41 ] ]
		[ 1.866667 [ 0 1 2 37 ] ]
		[ 1.9 [ 0 1 2 42 ] ]
		[ 1.933333 [ 0 1 2 43 ] ]
		[ 1.966667 [ 0 1 2 3 ] ]
	]
	"Bedro_L" [
		[ 0 [ 44 45 0 46 ] ]
	]
	"Koleno_L" [
		[ 0 [ 47 48 49 50 ] ]
		[ 0.03333334 [ 51 52 49 50 ] ]
		[ 0.06666667 [ 53 54 49 50 ] ]
		[ 0.1 [ 55 56 49 50 ] ]
		[ 0.1333333 [ 57 58 49 50 ] ]
		[ 0.1666667 [ 59 60 49 50 ] ]
		[ 0.2 [ 61 62 49 50 ] ]
		[ 0.2333333 [ 63 64 49 50 ] ]
		[ 0.2666667 [ 65 66 49 50 ] ]
		[ 0.3 [ 67 68 49 50 ] ]
		[ 0.3333333 [ 69 70 49 50 ] ]
		[ 0.3666667 [ 71 72 49 50 ] ]
		[ 0.4 [ 73 74 49 50 ] ]
		[ 0.4333333 [ 75 76 49 50 ] ]
		[ 0.4666667 [ 77 78 49 50 ] ]
		[ 0.5 [ 77 78 49 50 ] ]
		[ 0.5333334 [ 75 76 49 50 ] ]
		[ 0.5666667 [ 79 80 49 50 ] ]
		[ 0.6 [ 81 82 49 50 ] ]
		[ 0.6333333 [ 83 84 49 50 ] ]
		[ 0.6666667 [ 85 86 49 50 ] ]
		[ 0.7 [ 87 88 49 50 ] ]
		[ 0.7333333 [ 65 66 49 50 ] ]
		[ 0.7666667 [ 89 90 49 50 ] ]
		[ 0.8 [ 91 92 49 50 ] ]
		[ 0.8333333 [ 93 94 49 50 ] ]
		[ 0.8666667 [ 95 96 49 50 ] ]
		[ 0.9 [ 97 98 49 50 ] ]
		[ 0.9333333 [ 99 100 49 50 ] ]
		[ 0.9666666 [ 101 102 49 50 ] ]
		[ 1 [ 47 48 49 50 ] ]
		[ 1.033333 [ 103 104 49 50 ] ]
		[ 1.066667 [ 105 106 49 50 ] ]
		[ 1.1 [ 107 108 49 50 ] ]
		[ 1.133333 [ 109 110 49 50 ] ]
		[ 1.166667 [ 111 112 49 50 ] ]
		[ 1.2 [ 113 114 49 50 ] ]
		[ 1.233333 [ 115 116 49 50 ] ]
		[ 1.266667 [ 117 118 49 50 ] ]
		[ 1.3 [ 119 120 49 50 ] ]
		[ 1.333333 [ 121 122 49 50 ] ]
		[ 1.366667 [ 123 124 49 50 ] ]
		[ 1.4 [ 125 126 49 50 ] ]
		[ 1.433333 [ 127 128 49 50 ] ]
		[ 1.466667 [ 129 130 49 50 ] ]
		[ 1.5 [ 131 132 49 50 ] ]
		[ 1.533333 [ 129 133 49 50 ] ]
		[ 1.566667 [ 134 135 49 50 ] ]
		[ 1.6 [ 136 137 49 50 ] ]
		[ 1.633333 [ 138 139 49 50 ] ]
		[ 1.666667 [ 140 141 49 50 ] ]
		[ 1.7 [ 142 143 49 50 ] ]
		[ 1.733333 [ 144 145 49 50 ] ]
		[ 1.766667 [ 146 147 49 50 ] ]
		[ 1.8 [ 148 149 49 50 ] ]
		[ 1.833333 [ 150 151 49 50 ] ]
		[ 1.866667 [ 152 153 49 50 ] ]
		[ 1.9 [ 154 155 49 50 ] ]
		[ 1.933333 [ 156 157 49 50 ] ]
		[ 1.966667 [ 158 159 49 50 ] ]
	]
	"Koleno_L_end" [
		[ 0 [ 0 160 1 161 ] ]
	]
	"Bedro_P" [
		[ 0 [ 162 163 0 164 ] ]
	]
	"Koleno_P" [
		[ 0 [ 160 0 165 50 ] ]
		[ 0.03333334 [ 160 0 165 50 ] ]
		[ 0.06666667 [ 160 0 165 50 ] ]
		[ 0.1 [ 160 0 165 50 ] ]
		[ 0.1333333 [ 160 0 165 50 ] ]
		[ 0.1666667 [ 160 0 165 50 ] ]
		[ 0.2 [ 160 0 165 50 ] ]
		[ 0.2333333 [ 160 0 165 50 ] ]
		[ 0.2666667 [ 160 0 165 50 ] ]
		[ 0.3 [ 160 0 165 50 ] ]
		[ 0.3333333 [ 160 0 165 50 ] ]
		[ 0.3666667 [ 160 0 165 50 ] ]
		[ 0.4 [ 160 0 165 50 ] ]
		[ 0.4333333 [ 160 0 165 50 ] ]
		[ 0.4666667 [ 160 0 165 50 ] ]
		[ 0.5 [ 160 0 165 50 ] ]
		[ 0.5333334 [ 166 167 165 50 ] ]
		[ 0.5666667 [ 168 169 165 50 ] ]
		[ 0.6 [ 170 171 165 50 ] ]
		[ 0.6333333 [ 172 173 165 50 ] ]
		[ 0.6666667 [ 174 175 165 50 ] ]
		[ 0.7 [ 176 177 165 50 ] ]
		[ 0.7333333 [ 178 179 165 50 ] ]
		[ 0.7666667 [ 180 181 165 50 ] ]
		[ 0.8 [ 182 183 165 50 ] ]
		[ 0.8333333 [ 182 183 165 50 ] ]
		[ 0.8666667 [ 180 181 165 50 ] ]
		[ 0.9 [ 178 179 165 50 ] ]
		[ 0.9333333 [ 184 185 165 50 ] ]
		[ 0.9666666 [ 186 187 165 50 ] ]
		[ 1 [ 160 0 165 50 ] ]
		[ 1.033333 [ 188 189 165 50 ] ]
		[ 1.066667 [ 190 191 165 50 ] ]
		[ 1.1 [ 192 193 165 50 ] ]
		[ 1.133333 [ 194 195 165 50 ] ]
		[ 1.166667 [ 196 197 165 50 ] ]
		[ 1.2 [ 198 199 165 50 ] ]
		[ 1.233333 [ 200 201 165 50 ] ]
		[ 1.266667 [ 202 203 165 50 ] ]
		[ 1.3 [ 204 205 165 50 ] ]
		[ 1.333333 [ 206 207 165 50 ] ]
		[ 1.366667 [ 208 209 165 50 ] ]
		[ 1.4 [ 210 211 165 50 ] ]
		[ 1.433333 [ 212 213 165 50 ] ]
		[ 1.466667 [ 214 215 165 50 ] ]
		[ 1.5 [ 216 217 165 50 ] ]
		[ 1.533333 [ 214 215 165 50 ] ]
		[ 1.566667 [ 218 219 165 50 ] ]
		[ 1.6 [ 220 221 165 50 ] ]
		[ 1.633333 [ 222 223 165 50 ] ]
		[ 1.666667 [ 224 225 165 50 ] ]
		[ 1.7 [ 226 227 165 50 ] ]
		[ 1.733333 [ 228 229 165 50 ] ]
		[ 1.766667 [ 230 231 165 50 ] ]
		[ 1.8 [ 232 233 165 50 ] ]
		[ 1.833333 [ 234 235 165 50 ] ]
		[ 1.866667 [ 236 237 165 50 ] ]
		[ 1.9 [ 238 239 165 50 ] ]
		[ 1.933333 [ 240 241 165 50 ] ]
		[ 1.966667 [ 242 243 165 50 ] ]
	]
	"Koleno_P_end" [
		[ 0 [ 0 160 1 161 ] ]
	]
	"Tors" [
		[ 0 [ 0 160 1 244 ] ]
	]
	"Golova" [
		[ 0 [ 0 245 246 247 ] ]
	]
	"Golova_end" [
		[ 0 [ 0 160 1 248 ] ]
	]
	"Kluchitsa_L" [
		[ 0 [ 1 0 160 249 ] ]
	]
	"Kluchitsa_L_end" [
		[ 0 [ 0 160 1 250 ] ]
	]
	"Kluchitsa_P" [
		[ 0 [ 165 251 160 249 ] ]
	]
	"Kluchitsa_P_end" [
		[ 0 [ 0 160 1 250 ] ]
	]
	"Ruka_L" [
		[ 0 [ 252 253 254 255 ] ]
		[ 0.03333334 [ 256 257 258 255 ] ]
		[ 0.06666667 [ 259 260 261 255 ] ]
		[ 0.1 [ 262 263 264 255 ] ]
		[ 0.1333333 [ 265 266 267 255 ] ]
		[ 0.1666667 [ 268 269 270 255 ] ]
		[ 0.2 [ 271 272 273 255 ] ]
		[ 0.2333333 [ 274 275 276 255 ] ]
		[ 0.2666667 [ 277 278 279 255 ] ]
		[ 0.3 [ 280 281 282 255 ] ]
		[ 0.3333333 [ 280 283 284 255 ] ]
		[ 0.3666667 [ 285 286 287 255 ] ]
		[ 0.4 [ 271 288 289 255 ] ]
		[ 0.4333333 [ 290 291 292 255 ] ]
		[ 0.4666667 [ 252 293 294 255 ] ]
		[ 0.5 [ 295 296 297 255 ] ]
		[ 0.5333334 [ 298 299 300 255 ] ]
		[ 0.5666667 [ 301 302 303 255 ] ]
		[ 0.6 [ 304 305 306 255 ] ]
		[ 0.6333333 [ 307 308 309 255 ] ]
		[ 0.6666667 [ 310 311 312 255 ] ]
		[ 0.7 [ 313 314 315 255 ] ]
		[ 0.7333333 [ 316 317 318 255 ] ]
		[ 0.7666667 [ 319 320 321 255 ] ]
		[ 0.8 [ 322 323 324 255 ] ]
		[ 0.8333333 [ 325 326 327 255 ] ]
		[ 0.8666667 [ 328 329 330 255 ] ]
		[ 0.9 [ 331 332 333 255 ] ]
		[ 0.9333333 [ 334 335 336 255 ] ]
		[ 0.9666666 [ 337 338 339 255 ] ]
		[ 1 [ 340 341 342 255 ] ]
		[ 1.033333 [ 343 344 345 255 ] ]
		[ 1.066667 [ 346 347 348 255 ] ]
		[ 1.1 [ 349 350 351 255 ] ]
		[ 1.133333 [ 352 353 354 255 ] ]
		[ 1.166667 [ 355 356 357 255 ] ]
		[ 1.2 [ 358 359 360 255 ] ]
		[ 1.233333 [ 361 362 363 255 ] ]
		[ 1.266667 [ 364 365 366 255 ] ]
		[ 1.3 [ 367 368 369 255 ] ]
		[ 1.333333 [ 370 371 372 255 ] ]
		[ 1.366667 [ 373 374 375 255 ] ]
		[ 1.4 [ 376 377 378 255 ] ]
		[ 1.433333 [ 379 380 381 255 ] ]
		[ 1.466667 [ 382 383 384 255 ] ]
		[ 1.5 [ 252 385 386 255 ] ]
		[ 1.533333 [ 387 388 389 255 ] ]
		[ 1.566667 [ 390 391 392 255 ] ]
		[ 1.6 [ 280 393 394 255 ] ]
		[ 1.633333 [ 395 396 397 255 ] ]
		[ 1.666667 [ 395 398 399 255 ] ]
		[ 1.7 [ 395 400 401 255 ] ]
		[ 1.733333 [ 402 403 404 255 ] ]
		[ 1.766667 [ 285 405 406 255 ] ]
		[ 1.8 [ 271 407 408 255 ] ]
		[ 1.833333 [ 409 410 411 255 ] ]
		[ 1.866667 [ 290 412 413 255 ] ]
		[ 1.9 [ 262 414 415 255 ] ]
		[ 1.933333 [ 259 416 417 255 ] ]
		[ 1.966667 [ 256 418 419 255 ] ]
	]
	"Lokot_L" [
		[ 0 [ 420 421 422 423 ] ]
		[ 0.03333334 [ 424 425 422 423 ] ]
		[ 0.06666667 [ 424 425 422 423 ] ]
		[ 0.1 [ 426 427 422 423 ] ]
		[ 0.1333333 [ 428 429 430 423 ] ]
		[ 0.1666667 [ 431 432 430 423 ] ]
		[ 0.2 [ 433 434 430 423 ] ]
		[ 0.2333333 [ 435 436 430 423 ] ]
		[ 0.2666667 [ 437 438 430 423 ] ]
		[ 0.3 [ 439 440 430 423 ] ]
		[ 0.3333333 [ 439 440 430 423 ] ]
		[ 0.3666667 [ 437 438 430 423 ] ]
		[ 0.4 [ 433 434 430 423 ] ]
		[ 0.4333333 [ 441 442 430 423 ] ]
		[ 0.4666667 [ 420 421 422 423 ] ]
		[ 0.5 [ 443 444 422 423 ] ]
		[ 0.5333334 [ 445 446 447 423 ] ]
		[ 0.5666667 [ 448 449 450 423 ] ]
		[ 0.6 [ 451 452 450 423 ] ]
		[ 0.6333333 [ 453 454 455 423 ] ]
		[ 0.6666667 [ 456 457 458 423 ] ]
		[ 0.7 [ 459 460 461 423 ] ]
		[ 0.7333333 [ 462 463 464 423 ] ]
		[ 0.7666667 [ 465 466 467 423 ] ]
		[ 0.8 [ 468 469 470 423 ] ]
		[ 0.8333333 [ 471 472 473 423 ] ]
		[ 0.8666667 [ 474 475 476 423 ] ]
		[ 0.9 [ 477 478 476 423 ] ]
		[ 0.9333333 [ 479 480 1 423 ] ]
		[ 0.9666666 [ 481 482 1 423 ] ]
		[ 1 [ 483 484 1 423 ] ]
		[ 1.033333 [ 485 486 1 423 ] ]
		[ 1.066667 [ 487 488 1 423 ] ]
		[ 1.1 [ 489 490 476 423 ] ]
		[ 1.133333 [ 491 492 473 423 ] ]
		[ 1.166667 [ 493 494 470 423 ] ]
		[ 1.2 [ 495 496 470 423 ] ]
		[ 1.233333 [ 497 498 467 423 ] ]
		[ 1.266667 [ 499 500 464 423 ] ]
		[ 1.3 [ 501 502 458 423 ] ]
		[ 1.333333 [ 503 504 455 423 ] ]
		[ 1.366667 [ 505 506 455 423 ] ]
		[ 1.4 [ 507 508 450 423 ] ]
		[ 1.433333 [ 509 510 447 423 ] ]
		[ 1.466667 [ 443 444 422 423 ] ]
		[ 1.5 [ 420 421 422 423 ] ]
		[ 1.533333 [ 441 442 430 423 ] ]
		[ 1.566667 [ 433 434 430 423 ] ]
		[ 1.6 [ 439 440 430 423 ] ]
		[ 1.633333 [ 511 512 430 423 ] ]
		[ 1.666667 [ 511 512 430 423 ] ]
		[ 1.7 [ 511 512 430 423 ] ]
		[ 1.733333 [ 439 440 430 423 ] ]
		[ 1.766667 [ 437 438 430 423 ] ]
		[ 1.8 [ 433 434 430 423 ] ]
		[ 1.833333 [ 431 432 430 423 ] ]
		[ 1.866667 [ 428 429 430 423 ] ]
		[ 1.9 [ 426 427 422 423 ] ]
		[ 1.933333 [ 424 425 422 423 ] ]
		[ 1.966667 [ 424 425 422 423 ] ]
	]
	"Lokot_L_end" [
		[ 0 [ 0 160 1 513 ] ]
	]
	"Ruka_P" [
		[ 0 [ 514 515 516 517 ] ]
		[ 0.03333334 [ 518 519 520 517 ] ]
		[ 0.06666667 [ 521 522 523 517 ] ]
		[ 0.1 [ 524 525 526 517 ] ]
		[ 0.1333333 [ 527 528 529 517 ] ]
		[ 0.1666667 [ 530 531 532 517 ] ]
		[ 0.2 [ 533 534 535 517 ] ]
		[ 0.2333333 [ 536 537 538 517 ] ]
		[ 0.2666667 [ 539 540 541 517 ] ]
		[ 0.3 [ 542 543 544 517 ] ]
		[ 0.3333333 [ 542 545 546 517 ] ]
		[ 0.3666667 [ 547 548 549 517 ] ]
		[ 0.4 [ 533 550 551 517 ] ]
		[ 0.4333333 [ 552 553 554 517 ] ]
		[ 0.4666667 [ 514 555 556 517 ] ]
		[ 0.5 [ 557 558 559 517 ] ]
		[ 0.5333334 [ 560 561 562 517 ] ]
		[ 0.5666667 [ 563 564 565 517 ] ]
		[ 0.6 [ 566 567 568 517 ] ]
		[ 0.6333333 [ 569 570 571 517 ] ]
		[ 0.6666667 [ 572 573 574 517 ] ]
		[ 0.7 [ 575 576 577 517 ] ]
		[ 0.7333333 [ 578 579 580 517 ] ]
		[ 0.7666667 [ 581 582 583 517 ] ]
		[ 0.8 [ 584 585 586 517 ] ]
		[ 0.8333333 [ 587 588 589 517 ] ]
		[ 0.8666667 [ 590 591 592 517 ] ]
		[ 0.9 [ 593 594 595 517 ] ]
		[ 0.9333333 [ 596 597 598 517 ] ]
		[ 0.9666666 [ 599 600 601 517 ] ]
		[ 1 [ 602 603 604 517 ] ]
		[ 1.033333 [ 605 606 607 517 ] ]
		[ 1.066667 [ 608 609 610 517 ] ]
		[ 1.1 [ 611 612 613 517 ] ]
		[ 1.133333 [ 614 615 616 517 ] ]
		[ 1.166667 [ 617 618 619 517 ] ]
		[ 1.2 [ 620 621 622 517 ] ]
		[ 1.233333 [ 623 624 625 517 ] ]
		[ 1.266667 [ 626 627 628 517 ] ]
		[ 1.3 [ 629 630 631 517 ] ]
		[ 1.333333 [ 632 633 634 517 ] ]
		[ 1.366667 [ 635 636 637 517 ] ]
		[ 1.4 [ 638 639 640 517 ] ]
		[ 1.433333 [ 641 642 643 517 ] ]
		[ 1.466667 [ 644 645 646 517 ] ]
		[ 1.5 [ 514 647 648 517 ] ]
		[ 1.533333 [ 649 650 651 517 ] ]
		[ 1.566667 [ 652 653 654 517 ] ]
		[ 1.6 [ 542 655 656 517 ] ]
		[ 1.633333 [ 657 658 659 517 ] ]
		[ 1.666667 [ 657 660 661 517 ] ]
		[ 1.7 [ 657 662 663 517 ] ]
		[ 1.733333 [ 664 665 666 517 ] ]
		[ 1.766667 [ 547 667 668 517 ] ]
		[ 1.8 [ 533 669 670 517 ] ]
		[ 1.833333 [ 671 672 673 517 ] ]
		[ 1.866667 [ 552 674 675 517 ] ]
		[ 1.9 [ 524 676 677 517 ] ]
		[ 1.933333 [ 521 678 679 517 ] ]
		[ 1.966667 [ 518 680 681 517 ] ]
	]
	"Lokot_P" [
		[ 0 [ 682 683 684 423 ] ]
		[ 0.03333334 [ 685 683 684 423 ] ]
		[ 0.06666667 [ 686 687 688 423 ] ]
		[ 0.1 [ 689 690 691 423 ] ]
		[ 0.1333333 [ 692 693 694 423 ] ]
		[ 0.1666667 [ 695 696 697 423 ] ]
		[ 0.2 [ 698 699 700 423 ] ]
		[ 0.2333333 [ 701 702 703 423 ] ]
		[ 0.2666667 [ 704 705 706 423 ] ]
		[ 0.3 [ 707 705 708 423 ] ]
		[ 0.3333333 [ 707 705 708 423 ] ]
		[ 0.3666667 [ 704 709 710 423 ] ]
		[ 0.4 [ 698 699 700 423 ] ]
		[ 0.4333333 [ 692 693 711 423 ] ]
		[ 0.4666667 [ 682 683 684 423 ] ]
		[ 0.5 [ 712 713 714 423 ] ]
		[ 0.5333334 [ 715 716 717 423 ] ]
		[ 0.5666667 [ 718 719 720 423 ] ]
		[ 0.6 [ 721 722 723 423 ] ]
		[ 0.6333333 [ 724 725 726 423 ] ]
		[ 0.6666667 [ 727 728 729 423 ] ]
		[ 0.7 [ 730 731 732 423 ] ]
		[ 0.7333333 [ 733 734 735 423 ] ]
		[ 0.7666667 [ 736 737 738 423 ] ]
		[ 0.8 [ 739 740 741 423 ] ]
		[ 0.8333333 [ 742 743 744 423 ] ]
		[ 0.8666667 [ 745 746 747 423 ] ]
		[ 0.9 [ 748 749 750 423 ] ]
		[ 0.9333333 [ 751 752 753 423 ] ]
		[ 0.9666666 [ 754 482 755 423 ] ]
		[ 1 [ 483 484 1 423 ] ]
		[ 1.033333 [ 756 486 757 423 ] ]
		[ 1.066667 [ 758 759 760 423 ] ]
		[ 1.1 [ 761 762 763 423 ] ]
		[ 1.133333 [ 764 765 766 423 ] ]
		[ 1.166667 [ 767 768 769 423 ] ]
		[ 1.2 [ 770 771 772 423 ] ]
		[ 1.233333 [ 773 774 775 423 ] ]
		[ 1.266667 [ 776 777 778 423 ] ]
		[ 1.3 [ 779 780 781 423 ] ]
		[ 1.333333 [ 782 783 784 423 ] ]
		[ 1.366667 [ 785 786 787 423 ] ]
		[ 1.4 [ 788 789 790 423 ] ]
		[ 1.433333 [ 791 792 793 423 ] ]
		[ 1.466667 [ 712 713 794 423 ] ]
		[ 1.5 [ 682 683 684 423 ] ]
		[ 1.533333 [ 692 795 711 423 ] ]
		[ 1.566667 [ 796 797 703 423 ] ]
		[ 1.6 [ 707 705 708 423 ] ]
		[ 1.633333 [ 798 799 800 423 ] ]
		[ 1.666667 [ 801 802 803 423 ] ]
		[ 1.7 [ 798 799 803 423 ] ]
		[ 1.733333 [ 707 804 800 423 ] ]
		[ 1.766667 [ 704 709 710 423 ] ]
		[ 1.8 [ 698 797 700 423 ] ]
		[ 1.833333 [ 805 696 697 423 ] ]
		[ 1.866667 [ 692 693 694 423 ] ]
		[ 1.9 [ 689 690 691 423 ] ]
		[ 1.933333 [ 686 687 688 423 ] ]
		[ 1.966667 [ 685 683 684 423 ] ]
	]
	"Lokot_P_end" [
		[ 0 [ 0 160 1 513 ] ]
	]
	"Camera" [
		[ 0 [ 806 807 808 809 ] ]
	]
	"Lamp" [
		[ 0 [ 810 811 812 813 ] ]
	]
	"Mag" [
		[ 0 [ 814 815 816 816 ] ]
	]
	}
	:resources [
		[1.000 0.000 0.000]
		[0.000 0.000 1.000]
		[0.000 -1.000 0.000]
		[0.000 0.000 0.100]
		[0.000 0.000 0.107]
		[0.000 0.000 0.115]
		[0.000 0.000 0.123]
		[0.000 0.000 0.131]
		[0.000 0.000 0.140]
		[0.000 0.000 0.148]
		[0.000 0.000 0.156]
		[0.000 0.000 0.164]
		[0.000 0.000 0.172]
		[0.000 0.000 0.179]
		[0.000 0.000 0.185]
		[0.000 0.000 0.191]
		[0.000 0.000 0.196]
		[0.000 0.000 0.200]
		[0.000 0.000 0.203]
		[0.000 0.000 0.206]
		[0.000 0.000 0.209]
		[0.000 0.000 0.211]
		[0.000 0.000 0.212]
		[0.000 0.000 0.213]
		[0.000 0.000 0.214]
		[0.000 0.000 0.210]
		[0.000 0.000 0.208]
		[0.000 0.000 0.178]
		[0.000 0.000 0.170]
		[0.000 0.000 0.162]
		[0.000 0.000 0.154]
		[0.000 0.000 0.146]
		[0.000 0.000 0.138]
		[0.000 0.000 0.130]
		[0.000 0.000 0.122]
		[0.000 0.000 0.109]
		[0.000 0.000 0.104]
		[0.000 0.000 0.097]
		[0.000 0.000 0.095]
		[0.000 0.000 0.094]
		[0.000 0.000 0.093]
		[0.000 0.000 0.096]
		[0.000 0.000 0.098]
		[0.000 0.000 0.099]
		[0.000 -0.342 0.940]
		[0.000 -0.940 -0.342]
		[0.123 -0.038 0.000]
		[-0.766 0.643 -0.007]
		[0.643 0.766 -0.009]
		[0.000 -0.011 -1.000]
		[0.000 0.532 0.000]
		[-0.774 0.633 -0.007]
		[0.633 0.774 -0.009]
		[-0.784 0.621 -0.007]
		[0.621 0.784 -0.009]
		[-0.793 0.609 -0.007]
		[0.609 0.793 -0.009]
		[-0.803 0.596 -0.007]
		[0.596 0.803 -0.009]
		[-0.812 0.583 -0.007]
		[0.583 0.812 -0.009]
		[-0.822 0.570 -0.006]
		[0.570 0.822 -0.009]
		[-0.831 0.557 -0.006]
		[0.557 0.831 -0.009]
		[-0.839 0.544 -0.006]
		[0.544 0.839 -0.009]
		[-0.846 0.533 -0.006]
		[0.533 0.846 -0.010]
		[-0.853 0.522 -0.006]
		[0.522 0.853 -0.010]
		[-0.858 0.514 -0.006]
		[0.514 0.858 -0.010]
		[-0.862 0.507 -0.006]
		[0.507 0.862 -0.010]
		[-0.865 0.502 -0.006]
		[0.502 0.865 -0.010]
		[-0.866 0.500 -0.006]
		[0.500 0.866 -0.010]
		[-0.863 0.506 -0.006]
		[0.506 0.863 -0.010]
		[-0.860 0.511 -0.006]
		[0.511 0.860 -0.010]
		[-0.856 0.517 -0.006]
		[0.517 0.856 -0.010]
		[-0.851 0.525 -0.006]
		[0.525 0.851 -0.010]
		[-0.845 0.534 -0.006]
		[0.534 0.845 -0.010]
		[-0.832 0.555 -0.006]
		[0.555 0.832 -0.009]
		[-0.824 0.566 -0.006]
		[0.566 0.824 -0.009]
		[-0.816 0.578 -0.007]
		[0.578 0.816 -0.009]
		[-0.807 0.591 -0.007]
		[0.591 0.807 -0.009]
		[-0.797 0.603 -0.007]
		[0.603 0.797 -0.009]
		[-0.787 0.616 -0.007]
		[0.617 0.787 -0.009]
		[-0.777 0.630 -0.007]
		[0.630 0.777 -0.009]
		[-0.753 0.657 -0.007]
		[0.657 0.753 -0.008]
		[-0.738 0.675 -0.008]
		[0.675 0.738 -0.008]
		[-0.720 0.694 -0.008]
		[0.694 0.720 -0.008]
		[-0.699 0.715 -0.008]
		[0.715 0.699 -0.008]
		[-0.677 0.736 -0.008]
		[0.736 0.677 -0.008]
		[-0.654 0.756 -0.009]
		[0.756 0.654 -0.007]
		[-0.630 0.777 -0.009]
		[0.777 0.630 -0.007]
		[-0.606 0.795 -0.009]
		[0.796 0.606 -0.007]
		[-0.583 0.813 -0.009]
		[0.813 0.583 -0.007]
		[-0.561 0.828 -0.009]
		[0.828 0.561 -0.006]
		[-0.541 0.841 -0.009]
		[0.841 0.541 -0.006]
		[-0.524 0.852 -0.010]
		[0.852 0.524 -0.006]
		[-0.511 0.859 -0.010]
		[0.859 0.511 -0.006]
		[-0.503 0.864 -0.010]
		[0.864 0.503 -0.006]
		[-0.500 0.866 -0.010]
		[0.866 0.500 -0.006]
		[0.865 0.503 -0.006]
		[-0.510 0.860 -0.010]
		[0.860 0.510 -0.006]
		[-0.522 0.853 -0.010]
		[0.853 0.522 -0.006]
		[-0.537 0.844 -0.009]
		[0.844 0.537 -0.006]
		[-0.555 0.832 -0.009]
		[0.832 0.555 -0.006]
		[-0.575 0.818 -0.009]
		[0.818 0.575 -0.006]
		[-0.597 0.802 -0.009]
		[0.802 0.597 -0.007]
		[-0.620 0.784 -0.009]
		[0.784 0.620 -0.007]
		[-0.644 0.765 -0.009]
		[0.765 0.644 -0.007]
		[-0.667 0.745 -0.008]
		[0.745 0.667 -0.008]
		[-0.690 0.724 -0.008]
		[0.724 0.690 -0.008]
		[-0.712 0.703 -0.008]
		[0.703 0.711 -0.008]
		[-0.732 0.682 -0.008]
		[0.682 0.732 -0.008]
		[-0.750 0.661 -0.007]
		[0.662 0.750 -0.008]
		[0.000 1.000 0.000]
		[0.000 0.578 0.000]
		[0.000 -0.643 0.766]
		[0.000 -0.766 -0.643]
		[-0.123 -0.038 0.000]
		[0.000 0.000 -1.000]
		[-0.001 1.000 0.000]
		[1.000 0.001 0.000]
		[-0.003 1.000 0.000]
		[1.000 0.003 0.000]
		[-0.004 1.000 0.000]
		[1.000 0.004 0.000]
		[-0.006 1.000 0.000]
		[1.000 0.006 0.000]
		[-0.008 1.000 0.000]
		[1.000 0.008 0.000]
		[-0.010 1.000 0.000]
		[1.000 0.010 0.000]
		[-0.012 1.000 0.000]
		[1.000 0.012 0.000]
		[-0.013 1.000 0.000]
		[1.000 0.013 0.000]
		[-0.014 1.000 0.000]
		[1.000 0.014 0.000]
		[-0.009 1.000 0.000]
		[1.000 0.009 0.000]
		[-0.005 1.000 0.000]
		[1.000 0.005 0.000]
		[0.007 1.000 0.000]
		[1.000 -0.007 0.000]
		[0.017 1.000 0.000]
		[1.000 -0.017 0.000]
		[0.029 1.000 0.000]
		[1.000 -0.029 0.000]
		[0.043 0.999 0.000]
		[0.999 -0.043 0.000]
		[0.058 0.998 0.000]
		[0.998 -0.058 0.000]
		[0.074 0.997 0.000]
		[0.997 -0.074 0.000]
		[0.090 0.996 0.000]
		[0.996 -0.090 0.000]
		[0.106 0.994 0.000]
		[0.994 -0.106 0.000]
		[0.121 0.993 0.000]
		[0.993 -0.121 0.000]
		[0.135 0.991 0.000]
		[0.991 -0.135 0.000]
		[0.148 0.989 0.000]
		[0.989 -0.148 0.000]
		[0.159 0.987 0.000]
		[0.987 -0.159 0.000]
		[0.167 0.986 0.000]
		[0.986 -0.167 0.000]
		[0.172 0.985 0.000]
		[0.985 -0.172 0.000]
		[0.174 0.985 0.000]
		[0.985 -0.174 0.000]
		[0.168 0.986 0.000]
		[0.986 -0.168 0.000]
		[0.161 0.987 0.000]
		[0.987 -0.161 0.000]
		[0.152 0.988 0.000]
		[0.988 -0.152 0.000]
		[0.142 0.990 0.000]
		[0.990 -0.142 0.000]
		[0.129 0.992 0.000]
		[0.992 -0.129 0.000]
		[0.116 0.993 0.000]
		[0.993 -0.116 0.000]
		[0.102 0.995 0.000]
		[0.995 -0.102 0.000]
		[0.086 0.996 0.000]
		[0.996 -0.086 0.000]
		[0.071 0.997 0.000]
		[0.997 -0.071 0.000]
		[0.056 0.998 0.000]
		[0.998 -0.056 0.000]
		[0.040 0.999 0.000]
		[0.999 -0.040 0.000]
		[0.026 1.000 0.000]
		[1.000 -0.026 0.000]
		[0.012 1.000 0.000]
		[1.000 -0.012 0.000]
		[0.000 0.130 0.000]
		[0.000 0.985 -0.174]
		[0.000 0.174 0.985]
		[0.000 0.596 0.000]
		[0.000 0.315 0.000]
		[0.000 0.470 0.000]
		[0.000 0.300 0.000]
		[-1.000 0.000 0.000]
		[-0.500 0.000 0.866]
		[0.557 -0.766 0.321]
		[0.663 0.643 0.383]
		[0.279 0.394 -0.035]
		[-0.501 0.000 0.866]
		[0.548 -0.774 0.317]
		[0.670 0.633 0.388]
		[-0.502 0.000 0.865]
		[0.537 -0.784 0.312]
		[0.678 0.621 0.394]
		[-0.505 0.000 0.863]
		[0.526 -0.793 0.307]
		[0.685 0.609 0.400]
		[-0.508 0.000 0.862]
		[0.514 -0.803 0.303]
		[0.692 0.596 0.408]
		[-0.511 0.000 0.860]
		[0.501 -0.812 0.298]
		[0.698 0.583 0.415]
		[-0.514 0.000 0.858]
		[0.489 -0.822 0.293]
		[0.705 0.570 0.422]
		[-0.516 0.000 0.856]
		[0.477 -0.831 0.288]
		[0.711 0.557 0.429]
		[-0.518 0.000 0.855]
		[0.465 -0.839 0.282]
		[0.717 0.544 0.435]
		[-0.519 0.000 0.855]
		[0.455 -0.846 0.277]
		[0.723 0.533 0.440]
		[0.446 -0.853 0.271]
		[0.729 0.522 0.443]
		[-0.517 0.000 0.856]
		[0.439 -0.858 0.266]
		[0.734 0.514 0.444]
		[0.435 -0.862 0.260]
		[0.740 0.507 0.443]
		[-0.508 0.000 0.861]
		[0.432 -0.865 0.255]
		[0.745 0.502 0.439]
		[0.433 -0.866 0.250]
		[0.750 0.500 0.433]
		[-0.488 0.000 0.873]
		[0.437 -0.866 0.244]
		[0.756 0.501 0.423]
		[-0.472 0.000 0.882]
		[0.444 -0.864 0.238]
		[0.762 0.503 0.408]
		[-0.452 0.000 0.892]
		[0.453 -0.861 0.230]
		[0.768 0.508 0.390]
		[-0.430 0.000 0.903]
		[0.465 -0.857 0.221]
		[0.774 0.515 0.368]
		[-0.404 0.000 0.915]
		[0.478 -0.852 0.211]
		[0.780 0.523 0.345]
		[-0.377 0.000 0.926]
		[0.493 -0.847 0.201]
		[0.784 0.532 0.319]
		[-0.349 0.000 0.937]
		[0.508 -0.840 0.189]
		[0.787 0.543 0.293]
		[-0.320 0.000 0.947]
		[0.525 -0.833 0.177]
		[0.789 0.554 0.267]
		[-0.292 0.000 0.956]
		[0.541 -0.825 0.165]
		[0.789 0.565 0.241]
		[-0.265 0.000 0.964]
		[0.557 -0.817 0.153]
		[0.787 0.577 0.216]
		[-0.240 0.000 0.971]
		[0.572 -0.808 0.141]
		[0.784 0.589 0.194]
		[-0.218 0.000 0.976]
		[0.587 -0.799 0.131]
		[0.780 0.601 0.174]
		[-0.199 0.000 0.980]
		[0.600 -0.790 0.122]
		[0.775 0.613 0.157]
		[-0.185 0.000 0.983]
		[0.613 -0.782 0.115]
		[0.768 0.623 0.145]
		[-0.176 0.000 0.984]
		[0.624 -0.774 0.112]
		[0.762 0.634 0.136]
		[-0.174 0.000 0.985]
		[0.633 -0.766 0.112]
		[0.754 0.643 0.133]
		[-0.178 0.000 0.984]
		[0.642 -0.758 0.116]
		[0.746 0.652 0.135]
		[-0.189 0.000 0.982]
		[0.650 -0.749 0.125]
		[0.736 0.662 0.141]
		[-0.205 0.000 0.979]
		[0.658 -0.740 0.138]
		[0.724 0.673 0.152]
		[-0.226 0.000 0.974]
		[0.666 -0.730 0.155]
		[0.711 0.684 0.165]
		[-0.251 0.000 0.968]
		[0.673 -0.719 0.174]
		[0.696 0.695 0.180]
		[-0.278 0.000 0.960]
		[0.678 -0.708 0.197]
		[0.680 0.706 0.197]
		[-0.308 0.000 0.951]
		[0.682 -0.697 0.221]
		[0.663 0.717 0.215]
		[-0.338 0.000 0.941]
		[0.684 -0.687 0.246]
		[0.646 0.727 0.232]
		[-0.368 0.000 0.930]
		[0.685 -0.677 0.271]
		[0.629 0.736 0.249]
		[-0.397 0.000 0.918]
		[0.683 -0.668 0.295]
		[0.613 0.745 0.265]
		[-0.424 0.000 0.906]
		[0.681 -0.659 0.319]
		[0.597 0.752 0.280]
		[-0.449 0.000 0.894]
		[0.677 -0.652 0.340]
		[0.583 0.758 0.293]
		[-0.470 0.000 0.883]
		[0.673 -0.647 0.358]
		[0.571 0.762 0.304]
		[-0.487 0.000 0.873]
		[0.668 -0.644 0.373]
		[0.562 0.765 0.314]
		[0.663 -0.643 0.383]
		[0.557 0.766 0.321]
		[-0.509 0.000 0.861]
		[0.659 -0.644 0.389]
		[0.554 0.765 0.328]
		[-0.515 0.000 0.857]
		[0.653 -0.647 0.393]
		[0.555 0.762 0.333]
		[0.648 -0.652 0.394]
		[0.558 0.758 0.339]
		[-0.522 0.000 0.853]
		[0.642 -0.659 0.392]
		[0.562 0.752 0.344]
		[0.635 -0.667 0.389]
		[0.569 0.745 0.348]
		[0.628 -0.676 0.384]
		[0.577 0.737 0.353]
		[-0.520 0.000 0.854]
		[0.621 -0.686 0.378]
		[0.586 0.727 0.357]
		[0.614 -0.697 0.371]
		[0.596 0.717 0.361]
		[0.606 -0.708 0.364]
		[0.607 0.707 0.364]
		[-0.511 0.000 0.859]
		[0.598 -0.718 0.356]
		[0.617 0.696 0.367]
		[0.590 -0.729 0.348]
		[0.628 0.684 0.370]
		[0.581 -0.739 0.340]
		[0.638 0.673 0.373]
		[0.573 -0.749 0.333]
		[0.648 0.662 0.376]
		[0.565 -0.758 0.327]
		[0.656 0.652 0.379]
		[0.983 0.184 -0.001]
		[-0.184 0.983 -0.011]
		[-0.001 0.011 1.000]
		[0.000 0.316 0.000]
		[0.983 0.183 -0.001]
		[-0.183 0.983 -0.011]
		[0.983 0.181 -0.001]
		[-0.181 0.983 -0.011]
		[0.984 0.180 -0.001]
		[-0.180 0.984 -0.012]
		[-0.001 0.012 1.000]
		[0.984 0.178 -0.001]
		[-0.178 0.984 -0.012]
		[0.984 0.176 -0.001]
		[-0.176 0.984 -0.012]
		[0.985 0.175 -0.001]
		[-0.175 0.985 -0.012]
		[0.985 0.174 -0.001]
		[-0.174 0.985 -0.012]
		[0.985 0.173 -0.001]
		[-0.173 0.985 -0.012]
		[0.984 0.179 -0.001]
		[-0.179 0.984 -0.012]
		[0.982 0.190 -0.001]
		[-0.190 0.982 -0.011]
		[0.980 0.198 -0.001]
		[-0.198 0.980 -0.010]
		[-0.001 0.010 1.000]
		[0.978 0.209 -0.001]
		[-0.209 0.978 -0.010]
		[-0.001 0.009 1.000]
		[0.975 0.220 -0.001]
		[-0.220 0.975 -0.009]
		[0.972 0.233 -0.001]
		[-0.233 0.972 -0.008]
		[-0.001 0.008 1.000]
		[0.969 0.247 -0.001]
		[-0.247 0.969 -0.007]
		[-0.001 0.007 1.000]
		[0.965 0.261 -0.001]
		[-0.261 0.965 -0.006]
		[-0.001 0.006 1.000]
		[0.962 0.274 -0.001]
		[-0.274 0.962 -0.005]
		[-0.001 0.005 1.000]
		[0.958 0.288 -0.001]
		[-0.288 0.958 -0.004]
		[0.000 0.004 1.000]
		[0.954 0.300 -0.001]
		[-0.300 0.954 -0.003]
		[0.000 0.003 1.000]
		[0.950 0.312 0.000]
		[-0.312 0.950 -0.002]
		[0.000 0.002 1.000]
		[0.947 0.322 0.000]
		[-0.322 0.947 -0.001]
		[0.000 0.001 1.000]
		[0.944 0.331 0.000]
		[-0.331 0.944 -0.001]
		[0.942 0.337 0.000]
		[-0.337 0.942 0.000]
		[0.940 0.341 0.000]
		[-0.341 0.940 0.000]
		[0.940 0.342 0.000]
		[-0.342 0.940 0.000]
		[0.940 0.340 0.000]
		[-0.340 0.940 0.000]
		[0.942 0.335 0.000]
		[-0.335 0.942 0.000]
		[0.945 0.328 0.000]
		[-0.328 0.945 -0.001]
		[0.948 0.318 0.000]
		[-0.318 0.948 -0.002]
		[0.952 0.307 -0.001]
		[-0.307 0.952 -0.003]
		[0.956 0.294 -0.001]
		[-0.294 0.956 -0.003]
		[0.960 0.280 -0.001]
		[-0.280 0.960 -0.004]
		[0.964 0.266 -0.001]
		[-0.266 0.964 -0.005]
		[0.968 0.251 -0.001]
		[-0.251 0.968 -0.006]
		[0.972 0.237 -0.001]
		[-0.237 0.971 -0.008]
		[0.975 0.223 -0.001]
		[-0.223 0.975 -0.008]
		[0.978 0.211 -0.001]
		[-0.211 0.978 -0.009]
		[0.980 0.200 -0.001]
		[-0.200 0.980 -0.010]
		[0.985 0.172 -0.001]
		[-0.172 0.985 -0.012]
		[0.000 0.469 0.000]
		[0.500 0.000 0.866]
		[-0.557 -0.766 0.321]
		[0.663 -0.643 -0.383]
		[-0.279 0.394 -0.035]
		[0.501 0.000 0.866]
		[-0.548 -0.774 0.317]
		[0.670 -0.633 -0.388]
		[0.502 0.000 0.865]
		[-0.537 -0.784 0.312]
		[0.678 -0.621 -0.394]
		[0.505 0.000 0.863]
		[-0.526 -0.793 0.307]
		[0.685 -0.609 -0.400]
		[0.508 0.000 0.862]
		[-0.514 -0.803 0.303]
		[0.692 -0.596 -0.408]
		[0.511 0.000 0.860]
		[-0.501 -0.812 0.298]
		[0.698 -0.583 -0.415]
		[0.514 0.000 0.858]
		[-0.489 -0.822 0.293]
		[0.705 -0.570 -0.422]
		[0.516 0.000 0.856]
		[-0.477 -0.831 0.288]
		[0.711 -0.557 -0.429]
		[0.518 0.000 0.855]
		[-0.465 -0.839 0.282]
		[0.717 -0.544 -0.435]
		[0.519 0.000 0.855]
		[-0.455 -0.846 0.277]
		[0.723 -0.533 -0.440]
		[-0.446 -0.853 0.271]
		[0.729 -0.522 -0.443]
		[0.517 0.000 0.856]
		[-0.439 -0.858 0.266]
		[0.734 -0.514 -0.444]
		[-0.435 -0.862 0.260]
		[0.740 -0.507 -0.443]
		[0.508 0.000 0.861]
		[-0.432 -0.865 0.255]
		[0.745 -0.502 -0.439]
		[-0.433 -0.866 0.250]
		[0.750 -0.500 -0.433]
		[0.488 0.000 0.873]
		[-0.437 -0.866 0.244]
		[0.756 -0.501 -0.423]
		[0.472 0.000 0.882]
		[-0.444 -0.864 0.238]
		[0.762 -0.503 -0.408]
		[0.452 0.000 0.892]
		[-0.453 -0.861 0.230]
		[0.768 -0.508 -0.390]
		[0.430 0.000 0.903]
		[-0.465 -0.857 0.221]
		[0.774 -0.515 -0.368]
		[0.404 0.000 0.915]
		[-0.478 -0.852 0.211]
		[0.780 -0.523 -0.345]
		[0.377 0.000 0.926]
		[-0.493 -0.847 0.201]
		[0.784 -0.532 -0.319]
		[0.349 0.000 0.937]
		[-0.508 -0.840 0.189]
		[0.787 -0.543 -0.293]
		[0.320 0.000 0.947]
		[-0.525 -0.833 0.177]
		[0.789 -0.554 -0.267]
		[0.292 0.000 0.956]
		[-0.541 -0.825 0.165]
		[0.789 -0.565 -0.241]
		[0.265 0.000 0.964]
		[-0.557 -0.817 0.153]
		[0.787 -0.577 -0.216]
		[0.240 0.000 0.971]
		[-0.572 -0.808 0.141]
		[0.784 -0.589 -0.194]
		[0.218 0.000 0.976]
		[-0.587 -0.799 0.131]
		[0.780 -0.601 -0.174]
		[0.199 0.000 0.980]
		[-0.600 -0.790 0.122]
		[0.775 -0.613 -0.157]
		[0.185 0.000 0.983]
		[-0.613 -0.782 0.115]
		[0.768 -0.623 -0.145]
		[0.176 0.000 0.984]
		[-0.624 -0.774 0.112]
		[0.762 -0.634 -0.136]
		[0.174 0.000 0.985]
		[-0.633 -0.766 0.112]
		[0.754 -0.643 -0.133]
		[0.178 0.000 0.984]
		[-0.642 -0.758 0.116]
		[0.746 -0.652 -0.135]
		[0.189 0.000 0.982]
		[-0.650 -0.749 0.125]
		[0.736 -0.662 -0.141]
		[0.205 0.000 0.979]
		[-0.658 -0.740 0.138]
		[0.724 -0.673 -0.152]
		[0.226 0.000 0.974]
		[-0.666 -0.730 0.155]
		[0.711 -0.684 -0.165]
		[0.251 0.000 0.968]
		[-0.673 -0.719 0.174]
		[0.696 -0.695 -0.180]
		[0.278 0.000 0.960]
		[-0.678 -0.708 0.197]
		[0.680 -0.706 -0.197]
		[0.308 0.000 0.951]
		[-0.682 -0.697 0.221]
		[0.663 -0.717 -0.215]
		[0.338 0.000 0.941]
		[-0.684 -0.687 0.246]
		[0.646 -0.727 -0.232]
		[0.368 0.000 0.930]
		[-0.685 -0.677 0.271]
		[0.629 -0.736 -0.249]
		[0.397 0.000 0.918]
		[-0.683 -0.668 0.295]
		[0.613 -0.745 -0.265]
		[0.424 0.000 0.906]
		[-0.681 -0.659 0.319]
		[0.597 -0.752 -0.280]
		[0.449 0.000 0.894]
		[-0.677 -0.652 0.340]
		[0.583 -0.758 -0.293]
		[0.470 0.000 0.883]
		[-0.673 -0.647 0.358]
		[0.571 -0.762 -0.304]
		[0.487 0.000 0.873]
		[-0.668 -0.644 0.373]
		[0.562 -0.765 -0.314]
		[-0.663 -0.643 0.383]
		[0.557 -0.766 -0.321]
		[0.509 0.000 0.861]
		[-0.659 -0.644 0.389]
		[0.554 -0.765 -0.328]
		[0.515 0.000 0.857]
		[-0.653 -0.647 0.393]
		[0.555 -0.762 -0.333]
		[-0.648 -0.652 0.394]
		[0.558 -0.758 -0.339]
		[0.522 0.000 0.853]
		[-0.642 -0.659 0.392]
		[0.562 -0.752 -0.344]
		[-0.635 -0.667 0.389]
		[0.569 -0.745 -0.348]
		[-0.628 -0.676 0.384]
		[0.577 -0.737 -0.353]
		[0.520 0.000 0.854]
		[-0.621 -0.686 0.378]
		[0.586 -0.727 -0.357]
		[-0.614 -0.697 0.371]
		[0.596 -0.717 -0.361]
		[-0.606 -0.708 0.364]
		[0.607 -0.707 -0.364]
		[0.511 0.000 0.859]
		[-0.598 -0.718 0.356]
		[0.617 -0.696 -0.367]
		[-0.590 -0.729 0.348]
		[0.628 -0.684 -0.370]
		[-0.581 -0.739 0.340]
		[0.638 -0.673 -0.373]
		[-0.573 -0.749 0.333]
		[0.648 -0.662 -0.376]
		[-0.565 -0.758 0.327]
		[0.656 -0.652 -0.379]
		[0.967 0.182 0.180]
		[-0.184 0.983 -0.009]
		[-0.179 -0.024 0.984]
		[0.967 0.182 0.181]
		[0.967 0.181 0.182]
		[-0.183 0.983 -0.009]
		[-0.180 -0.025 0.983]
		[0.966 0.180 0.183]
		[-0.181 0.983 -0.009]
		[-0.182 -0.025 0.983]
		[0.966 0.178 0.185]
		[-0.180 0.984 -0.008]
		[-0.183 -0.025 0.983]
		[0.966 0.177 0.187]
		[-0.178 0.984 -0.008]
		[-0.185 -0.025 0.982]
		[0.966 0.175 0.189]
		[-0.177 0.984 -0.008]
		[-0.187 -0.026 0.982]
		[0.966 0.174 0.190]
		[-0.175 0.984 -0.008]
		[-0.188 -0.026 0.982]
		[0.966 0.173 0.191]
		[-0.174 0.985 -0.008]
		[-0.190 -0.026 0.982]
		[0.966 0.172 0.192]
		[-0.190 -0.026 0.981]
		[-0.175 0.985 -0.008]
		[-0.189 -0.026 0.982]
		[-0.184 -0.025 0.983]
		[0.967 0.189 0.173]
		[-0.190 0.982 -0.010]
		[-0.172 -0.023 0.985]
		[0.967 0.197 0.164]
		[-0.198 0.980 -0.011]
		[-0.163 -0.022 0.986]
		[0.966 0.208 0.152]
		[-0.208 0.978 -0.011]
		[-0.151 -0.021 0.988]
		[0.966 0.219 0.139]
		[-0.220 0.975 -0.012]
		[-0.138 -0.019 0.990]
		[0.965 0.232 0.125]
		[-0.233 0.972 -0.013]
		[-0.124 -0.017 0.992]
		[0.963 0.246 0.109]
		[-0.246 0.969 -0.013]
		[-0.109 -0.015 0.994]
		[0.961 0.260 0.094]
		[-0.260 0.966 -0.012]
		[-0.093 -0.013 0.996]
		[0.959 0.274 0.078]
		[-0.274 0.962 -0.011]
		[-0.078 -0.011 0.997]
		[0.956 0.287 0.062]
		[-0.287 0.958 -0.010]
		[-0.063 -0.009 0.998]
		[0.953 0.300 0.048]
		[-0.300 0.954 -0.008]
		[-0.048 -0.007 0.999]
		[0.950 0.312 0.035]
		[-0.312 0.950 -0.006]
		[-0.035 -0.005 0.999]
		[0.946 0.322 0.023]
		[-0.322 0.947 -0.004]
		[-0.023 -0.003 1.000]
		[0.944 0.331 0.013]
		[-0.330 0.944 -0.003]
		[-0.013 -0.002 1.000]
		[0.942 0.337 0.006]
		[-0.337 0.942 -0.001]
		[-0.006 -0.001 1.000]
		[0.940 0.341 0.001]
		[-0.001 0.000 1.000]
		[0.940 0.340 0.002]
		[-0.002 0.000 1.000]
		[0.942 0.335 0.008]
		[-0.335 0.942 -0.002]
		[-0.008 -0.001 1.000]
		[0.945 0.328 0.016]
		[-0.328 0.945 -0.003]
		[-0.017 -0.002 1.000]
		[0.948 0.318 0.027]
		[-0.318 0.948 -0.005]
		[-0.028 -0.004 1.000]
		[0.951 0.307 0.041]
		[-0.306 0.952 -0.007]
		[-0.041 -0.006 0.999]
		[0.954 0.294 0.055]
		[-0.294 0.956 -0.009]
		[-0.055 -0.008 0.998]
		[0.957 0.280 0.071]
		[-0.280 0.960 -0.011]
		[-0.071 -0.010 0.997]
		[0.960 0.265 0.088]
		[-0.265 0.964 -0.012]
		[-0.088 -0.012 0.996]
		[0.962 0.251 0.104]
		[-0.251 0.968 -0.012]
		[-0.104 -0.014 0.994]
		[0.964 0.236 0.120]
		[-0.236 0.972 -0.013]
		[-0.120 -0.016 0.993]
		[0.965 0.222 0.136]
		[-0.223 0.975 -0.012]
		[-0.135 -0.018 0.991]
		[0.966 0.210 0.150]
		[-0.210 0.978 -0.012]
		[-0.149 -0.020 0.989]
		[0.967 0.198 0.163]
		[-0.199 0.980 -0.011]
		[-0.161 -0.022 0.987]
		[-0.171 -0.023 0.985]
		[-0.179 0.984 -0.008]
		[0.966 0.174 0.189]
		[-0.176 0.984 -0.008]
		[0.966 0.171 0.193]
		[-0.173 0.985 -0.007]
		[-0.191 -0.026 0.981]
		[0.966 0.170 0.194]
		[-0.172 0.985 -0.007]
		[-0.192 -0.026 0.981]
		[-0.173 0.985 -0.008]
		[0.966 0.176 0.187]
		[-65.486 44.525 61.067]
		[31.737 89.534 -31.247]
		[-68.588 -1.082 -72.763]
		[-748.113 534.367 650.764]
		[-29.087 5.519 95.517]
		[-56.639 79.467 -21.839]
		[-77.110 -60.452 -19.988]
		[-407.625 590.386 -100.545]
		[100.000 0.000 0.000]
		[0.000 0.000 -100.000]
		[0.000 100.000 0.000]]
}