{ :name "Idle" :length 2 :bones { 
	"Skelet" [
		[ 0 [ 0 1 2 3 ] ]
		[ 0.01666667 [ 0 1 2 4 ] ]
		[ 0.03333334 [ 0 1 2 5 ] ]
		[ 0.05 [ 0 1 2 6 ] ]
		[ 0.06666667 [ 0 1 2 7 ] ]
		[ 0.08333334 [ 0 1 2 8 ] ]
		[ 0.1 [ 0 1 2 9 ] ]
		[ 0.1166667 [ 0 1 2 10 ] ]
		[ 0.1333333 [ 0 1 2 11 ] ]
		[ 0.15 [ 0 1 2 12 ] ]
		[ 0.1666667 [ 0 1 2 13 ] ]
		[ 0.1833333 [ 0 1 2 14 ] ]
		[ 0.2 [ 0 1 2 15 ] ]
		[ 0.2166667 [ 0 1 2 16 ] ]
		[ 0.2333333 [ 0 1 2 17 ] ]
		[ 0.25 [ 0 1 2 18 ] ]
		[ 0.2666667 [ 0 1 2 19 ] ]
		[ 0.2833333 [ 0 1 2 20 ] ]
		[ 0.3 [ 0 1 2 21 ] ]
		[ 0.3166667 [ 0 1 2 22 ] ]
		[ 0.3333333 [ 0 1 2 23 ] ]
		[ 0.35 [ 0 1 2 24 ] ]
		[ 0.3666667 [ 0 1 2 25 ] ]
		[ 0.3833333 [ 0 1 2 26 ] ]
		[ 0.4 [ 0 1 2 27 ] ]
		[ 0.4166667 [ 0 1 2 28 ] ]
		[ 0.4333333 [ 0 1 2 29 ] ]
		[ 0.45 [ 0 1 2 30 ] ]
		[ 0.4666667 [ 0 1 2 31 ] ]
		[ 0.4833333 [ 0 1 2 32 ] ]
		[ 0.5 [ 0 1 2 33 ] ]
		[ 0.5166667 [ 0 1 2 34 ] ]
		[ 0.5333334 [ 0 1 2 35 ] ]
		[ 0.55 [ 0 1 2 36 ] ]
		[ 0.5666667 [ 0 1 2 37 ] ]
		[ 0.5833333 [ 0 1 2 38 ] ]
		[ 0.6 [ 0 1 2 39 ] ]
		[ 0.6166667 [ 0 1 2 39 ] ]
		[ 0.6333333 [ 0 1 2 40 ] ]
		[ 0.65 [ 0 1 2 41 ] ]
		[ 0.6666667 [ 0 1 2 41 ] ]
		[ 0.6833333 [ 0 1 2 41 ] ]
		[ 0.7 [ 0 1 2 42 ] ]
		[ 0.7166666 [ 0 1 2 42 ] ]
		[ 0.7333333 [ 0 1 2 42 ] ]
		[ 0.75 [ 0 1 2 42 ] ]
		[ 0.7666667 [ 0 1 2 42 ] ]
		[ 0.7833334 [ 0 1 2 41 ] ]
		[ 0.8 [ 0 1 2 41 ] ]
		[ 0.8166667 [ 0 1 2 40 ] ]
		[ 0.8333333 [ 0 1 2 40 ] ]
		[ 0.85 [ 0 1 2 39 ] ]
		[ 0.8666667 [ 0 1 2 38 ] ]
		[ 0.8833333 [ 0 1 2 37 ] ]
		[ 0.9 [ 0 1 2 43 ] ]
		[ 0.9166667 [ 0 1 2 36 ] ]
		[ 0.9333333 [ 0 1 2 35 ] ]
		[ 0.95 [ 0 1 2 34 ] ]
		[ 0.9666666 [ 0 1 2 33 ] ]
		[ 0.9833333 [ 0 1 2 32 ] ]
	]
	"Bedro_L" [
		[ 0 [ 44 45 0 46 ] ]
	]
	"Koleno_L" [
		[ 0 [ 47 48 49 50 ] ]
		[ 0.01666667 [ 51 52 49 50 ] ]
		[ 0.03333334 [ 53 54 49 50 ] ]
		[ 0.05 [ 55 56 49 50 ] ]
		[ 0.06666667 [ 57 58 49 50 ] ]
		[ 0.08333334 [ 59 60 49 50 ] ]
		[ 0.1 [ 61 62 49 50 ] ]
		[ 0.1166667 [ 63 64 49 50 ] ]
		[ 0.1333333 [ 65 66 49 50 ] ]
		[ 0.15 [ 67 68 49 50 ] ]
		[ 0.1666667 [ 69 70 49 50 ] ]
		[ 0.1833333 [ 71 72 49 50 ] ]
		[ 0.2 [ 73 74 49 50 ] ]
		[ 0.2166667 [ 75 76 49 50 ] ]
		[ 0.2333333 [ 77 78 49 50 ] ]
		[ 0.25 [ 79 80 49 50 ] ]
		[ 0.2666667 [ 81 82 49 50 ] ]
		[ 0.2833333 [ 83 84 49 50 ] ]
		[ 0.3 [ 85 86 49 50 ] ]
		[ 0.3166667 [ 87 88 49 50 ] ]
		[ 0.3333333 [ 89 90 49 50 ] ]
		[ 0.35 [ 91 92 49 50 ] ]
		[ 0.3666667 [ 93 94 49 50 ] ]
		[ 0.3833333 [ 95 96 49 50 ] ]
		[ 0.4 [ 97 98 49 50 ] ]
		[ 0.4166667 [ 99 100 49 50 ] ]
		[ 0.4333333 [ 101 102 49 50 ] ]
		[ 0.45 [ 103 104 49 50 ] ]
		[ 0.4666667 [ 105 106 49 50 ] ]
		[ 0.4833333 [ 105 106 49 50 ] ]
		[ 0.5 [ 105 106 49 50 ] ]
		[ 0.5166667 [ 107 108 49 50 ] ]
		[ 0.5333334 [ 101 102 49 50 ] ]
		[ 0.55 [ 99 100 49 50 ] ]
		[ 0.5666667 [ 109 110 49 50 ] ]
		[ 0.5833333 [ 111 112 49 50 ] ]
		[ 0.6 [ 113 114 49 50 ] ]
		[ 0.6166667 [ 93 94 49 50 ] ]
		[ 0.6333333 [ 115 116 49 50 ] ]
		[ 0.65 [ 117 118 49 50 ] ]
		[ 0.6666667 [ 119 120 49 50 ] ]
		[ 0.6833333 [ 121 122 49 50 ] ]
		[ 0.7 [ 123 124 49 50 ] ]
		[ 0.7166666 [ 125 126 49 50 ] ]
		[ 0.7333333 [ 81 82 49 50 ] ]
		[ 0.75 [ 127 128 49 50 ] ]
		[ 0.7666667 [ 129 130 49 50 ] ]
		[ 0.7833334 [ 131 132 49 50 ] ]
		[ 0.8 [ 133 134 49 50 ] ]
		[ 0.8166667 [ 135 136 49 50 ] ]
		[ 0.8333333 [ 137 138 49 50 ] ]
		[ 0.85 [ 139 140 49 50 ] ]
		[ 0.8666667 [ 141 142 49 50 ] ]
		[ 0.8833333 [ 143 144 49 50 ] ]
		[ 0.9 [ 145 146 49 50 ] ]
		[ 0.9166667 [ 147 148 49 50 ] ]
		[ 0.9333333 [ 149 150 49 50 ] ]
		[ 0.95 [ 151 152 49 50 ] ]
		[ 0.9666666 [ 153 154 49 50 ] ]
		[ 0.9833333 [ 155 156 49 50 ] ]
	]
	"Koleno_L_end" [
		[ 0 [ 0 157 1 158 ] ]
	]
	"Bedro_P" [
		[ 0 [ 159 160 0 161 ] ]
	]
	"Koleno_P" [
		[ 0 [ 157 0 162 50 ] ]
		[ 0.01666667 [ 157 0 162 50 ] ]
		[ 0.03333334 [ 157 0 162 50 ] ]
		[ 0.05 [ 157 0 162 50 ] ]
		[ 0.06666667 [ 157 0 162 50 ] ]
		[ 0.08333334 [ 157 0 162 50 ] ]
		[ 0.1 [ 157 0 162 50 ] ]
		[ 0.1166667 [ 157 0 162 50 ] ]
		[ 0.1333333 [ 157 0 162 50 ] ]
		[ 0.15 [ 157 0 162 50 ] ]
		[ 0.1666667 [ 157 0 162 50 ] ]
		[ 0.1833333 [ 157 0 162 50 ] ]
		[ 0.2 [ 157 0 162 50 ] ]
		[ 0.2166667 [ 157 0 162 50 ] ]
		[ 0.2333333 [ 157 0 162 50 ] ]
		[ 0.25 [ 157 0 162 50 ] ]
		[ 0.2666667 [ 157 0 162 50 ] ]
		[ 0.2833333 [ 157 0 162 50 ] ]
		[ 0.3 [ 157 0 162 50 ] ]
		[ 0.3166667 [ 157 0 162 50 ] ]
		[ 0.3333333 [ 157 0 162 50 ] ]
		[ 0.35 [ 157 0 162 50 ] ]
		[ 0.3666667 [ 157 0 162 50 ] ]
		[ 0.3833333 [ 157 0 162 50 ] ]
		[ 0.4 [ 157 0 162 50 ] ]
		[ 0.4166667 [ 157 0 162 50 ] ]
		[ 0.4333333 [ 157 0 162 50 ] ]
		[ 0.45 [ 157 0 162 50 ] ]
		[ 0.4666667 [ 157 0 162 50 ] ]
		[ 0.4833333 [ 157 0 162 50 ] ]
		[ 0.5 [ 157 0 162 50 ] ]
		[ 0.5166667 [ 163 164 162 50 ] ]
		[ 0.5333334 [ 163 164 162 50 ] ]
		[ 0.55 [ 165 166 162 50 ] ]
		[ 0.5666667 [ 167 168 162 50 ] ]
		[ 0.5833333 [ 167 168 162 50 ] ]
		[ 0.6 [ 169 170 162 50 ] ]
		[ 0.6166667 [ 171 172 162 50 ] ]
		[ 0.6333333 [ 173 174 162 50 ] ]
		[ 0.65 [ 175 176 162 50 ] ]
		[ 0.6666667 [ 177 178 162 50 ] ]
		[ 0.6833333 [ 179 180 162 50 ] ]
		[ 0.7 [ 181 182 162 50 ] ]
		[ 0.7166666 [ 183 184 162 50 ] ]
		[ 0.7333333 [ 185 186 162 50 ] ]
		[ 0.75 [ 185 186 162 50 ] ]
		[ 0.7666667 [ 187 188 162 50 ] ]
		[ 0.7833334 [ 187 188 162 50 ] ]
		[ 0.8 [ 189 190 162 50 ] ]
		[ 0.8166667 [ 189 190 162 50 ] ]
		[ 0.8333333 [ 189 190 162 50 ] ]
		[ 0.85 [ 189 190 162 50 ] ]
		[ 0.8666667 [ 187 188 162 50 ] ]
		[ 0.8833333 [ 185 186 162 50 ] ]
		[ 0.9 [ 185 186 162 50 ] ]
		[ 0.9166667 [ 181 182 162 50 ] ]
		[ 0.9333333 [ 179 180 162 50 ] ]
		[ 0.95 [ 175 176 162 50 ] ]
		[ 0.9666666 [ 171 172 162 50 ] ]
		[ 0.9833333 [ 167 168 162 50 ] ]
	]
	"Koleno_P_end" [
		[ 0 [ 0 157 1 158 ] ]
	]
	"Tors" [
		[ 0 [ 0 157 1 191 ] ]
	]
	"Golova" [
		[ 0 [ 0 192 193 194 ] ]
	]
	"Golova_end" [
		[ 0 [ 0 157 1 195 ] ]
	]
	"Kluchitsa_L" [
		[ 0 [ 1 0 157 196 ] ]
	]
	"Kluchitsa_L_end" [
		[ 0 [ 0 157 1 197 ] ]
	]
	"Kluchitsa_P" [
		[ 0 [ 162 198 157 196 ] ]
	]
	"Kluchitsa_P_end" [
		[ 0 [ 0 157 1 197 ] ]
	]
	"Ruka_L" [
		[ 0 [ 199 200 201 202 ] ]
		[ 0.01666667 [ 199 203 204 202 ] ]
		[ 0.03333334 [ 205 206 207 202 ] ]
		[ 0.05 [ 208 209 210 202 ] ]
		[ 0.06666667 [ 211 212 213 202 ] ]
		[ 0.08333334 [ 214 215 216 202 ] ]
		[ 0.1 [ 217 218 219 202 ] ]
		[ 0.1166667 [ 220 221 222 202 ] ]
		[ 0.1333333 [ 223 224 225 202 ] ]
		[ 0.15 [ 226 227 228 202 ] ]
		[ 0.1666667 [ 229 230 231 202 ] ]
		[ 0.1833333 [ 232 233 234 202 ] ]
		[ 0.2 [ 235 236 237 202 ] ]
		[ 0.2166667 [ 238 239 240 202 ] ]
		[ 0.2333333 [ 241 242 243 202 ] ]
		[ 0.25 [ 244 245 246 202 ] ]
		[ 0.2666667 [ 247 248 249 202 ] ]
		[ 0.2833333 [ 250 251 252 202 ] ]
		[ 0.3 [ 250 253 254 202 ] ]
		[ 0.3166667 [ 250 255 256 202 ] ]
		[ 0.3333333 [ 250 257 258 202 ] ]
		[ 0.35 [ 247 259 260 202 ] ]
		[ 0.3666667 [ 261 262 263 202 ] ]
		[ 0.3833333 [ 264 265 266 202 ] ]
		[ 0.4 [ 235 267 268 202 ] ]
		[ 0.4166667 [ 269 270 271 202 ] ]
		[ 0.4333333 [ 272 273 274 202 ] ]
		[ 0.45 [ 275 276 277 202 ] ]
		[ 0.4666667 [ 199 278 279 202 ] ]
		[ 0.4833333 [ 280 281 282 202 ] ]
		[ 0.5 [ 283 284 285 202 ] ]
		[ 0.5166667 [ 286 287 288 202 ] ]
		[ 0.5333334 [ 289 290 291 202 ] ]
		[ 0.55 [ 292 293 294 202 ] ]
		[ 0.5666667 [ 295 296 297 202 ] ]
		[ 0.5833333 [ 298 299 300 202 ] ]
		[ 0.6 [ 301 302 303 202 ] ]
		[ 0.6166667 [ 304 305 306 202 ] ]
		[ 0.6333333 [ 307 308 309 202 ] ]
		[ 0.65 [ 310 311 312 202 ] ]
		[ 0.6666667 [ 313 314 315 202 ] ]
		[ 0.6833333 [ 316 317 318 202 ] ]
		[ 0.7 [ 319 320 321 202 ] ]
		[ 0.7166666 [ 322 323 324 202 ] ]
		[ 0.7333333 [ 325 326 327 202 ] ]
		[ 0.75 [ 328 329 330 202 ] ]
		[ 0.7666667 [ 331 332 333 202 ] ]
		[ 0.7833334 [ 334 335 336 202 ] ]
		[ 0.8 [ 337 338 339 202 ] ]
		[ 0.8166667 [ 340 341 342 202 ] ]
		[ 0.8333333 [ 343 344 345 202 ] ]
		[ 0.85 [ 346 347 348 202 ] ]
		[ 0.8666667 [ 349 350 351 202 ] ]
		[ 0.8833333 [ 352 353 354 202 ] ]
		[ 0.9 [ 355 356 357 202 ] ]
		[ 0.9166667 [ 358 359 360 202 ] ]
		[ 0.9333333 [ 361 362 363 202 ] ]
		[ 0.95 [ 364 365 366 202 ] ]
		[ 0.9666666 [ 367 368 369 202 ] ]
		[ 0.9833333 [ 370 371 372 202 ] ]
	]
	"Lokot_L" [
		[ 0 [ 373 374 375 376 ] ]
		[ 0.01666667 [ 373 374 375 376 ] ]
		[ 0.03333334 [ 377 378 375 376 ] ]
		[ 0.05 [ 377 378 375 376 ] ]
		[ 0.06666667 [ 377 378 375 376 ] ]
		[ 0.08333334 [ 379 380 375 376 ] ]
		[ 0.1 [ 381 382 375 376 ] ]
		[ 0.1166667 [ 383 384 375 376 ] ]
		[ 0.1333333 [ 383 384 385 376 ] ]
		[ 0.15 [ 386 387 385 376 ] ]
		[ 0.1666667 [ 388 389 385 376 ] ]
		[ 0.1833333 [ 390 391 385 376 ] ]
		[ 0.2 [ 392 393 385 376 ] ]
		[ 0.2166667 [ 392 393 385 376 ] ]
		[ 0.2333333 [ 394 395 385 376 ] ]
		[ 0.25 [ 396 397 385 376 ] ]
		[ 0.2666667 [ 396 397 385 376 ] ]
		[ 0.2833333 [ 396 397 385 376 ] ]
		[ 0.3 [ 398 399 385 376 ] ]
		[ 0.3166667 [ 398 399 385 376 ] ]
		[ 0.3333333 [ 398 399 385 376 ] ]
		[ 0.35 [ 396 397 385 376 ] ]
		[ 0.3666667 [ 396 397 385 376 ] ]
		[ 0.3833333 [ 394 400 385 376 ] ]
		[ 0.4 [ 392 393 385 376 ] ]
		[ 0.4166667 [ 388 389 385 376 ] ]
		[ 0.4333333 [ 386 387 385 376 ] ]
		[ 0.45 [ 381 382 375 376 ] ]
		[ 0.4666667 [ 373 374 375 376 ] ]
		[ 0.4833333 [ 401 402 375 376 ] ]
		[ 0.5 [ 403 404 375 376 ] ]
		[ 0.5166667 [ 405 406 375 376 ] ]
		[ 0.5333334 [ 407 408 409 376 ] ]
		[ 0.55 [ 410 411 409 376 ] ]
		[ 0.5666667 [ 412 413 414 376 ] ]
		[ 0.5833333 [ 415 416 414 376 ] ]
		[ 0.6 [ 417 418 414 376 ] ]
		[ 0.6166667 [ 419 420 421 376 ] ]
		[ 0.6333333 [ 422 423 421 376 ] ]
		[ 0.65 [ 424 425 426 376 ] ]
		[ 0.6666667 [ 427 428 426 376 ] ]
		[ 0.6833333 [ 429 430 431 376 ] ]
		[ 0.7 [ 432 433 431 376 ] ]
		[ 0.7166666 [ 434 435 436 376 ] ]
		[ 0.7333333 [ 437 438 436 376 ] ]
		[ 0.75 [ 439 440 441 376 ] ]
		[ 0.7666667 [ 442 443 441 376 ] ]
		[ 0.7833334 [ 444 445 446 376 ] ]
		[ 0.8 [ 447 448 446 376 ] ]
		[ 0.8166667 [ 449 450 446 376 ] ]
		[ 0.8333333 [ 451 452 453 376 ] ]
		[ 0.85 [ 454 455 453 376 ] ]
		[ 0.8666667 [ 456 457 458 376 ] ]
		[ 0.8833333 [ 459 460 458 376 ] ]
		[ 0.9 [ 461 462 458 376 ] ]
		[ 0.9166667 [ 463 464 458 376 ] ]
		[ 0.9333333 [ 465 466 1 376 ] ]
		[ 0.95 [ 467 468 1 376 ] ]
		[ 0.9666666 [ 469 470 1 376 ] ]
		[ 0.9833333 [ 471 472 1 376 ] ]
	]
	"Lokot_L_end" [
		[ 0 [ 0 157 1 473 ] ]
	]
	"Ruka_P" [
		[ 0 [ 474 475 476 477 ] ]
		[ 0.01666667 [ 474 478 479 477 ] ]
		[ 0.03333334 [ 480 481 482 477 ] ]
		[ 0.05 [ 483 484 485 477 ] ]
		[ 0.06666667 [ 486 487 488 477 ] ]
		[ 0.08333334 [ 489 490 491 477 ] ]
		[ 0.1 [ 492 493 494 477 ] ]
		[ 0.1166667 [ 495 496 497 477 ] ]
		[ 0.1333333 [ 498 499 500 477 ] ]
		[ 0.15 [ 501 502 503 477 ] ]
		[ 0.1666667 [ 504 505 506 477 ] ]
		[ 0.1833333 [ 507 508 509 477 ] ]
		[ 0.2 [ 510 511 512 477 ] ]
		[ 0.2166667 [ 513 514 515 477 ] ]
		[ 0.2333333 [ 516 517 518 477 ] ]
		[ 0.25 [ 519 520 521 477 ] ]
		[ 0.2666667 [ 522 523 524 477 ] ]
		[ 0.2833333 [ 525 526 527 477 ] ]
		[ 0.3 [ 525 528 529 477 ] ]
		[ 0.3166667 [ 525 530 531 477 ] ]
		[ 0.3333333 [ 525 532 533 477 ] ]
		[ 0.35 [ 522 534 535 477 ] ]
		[ 0.3666667 [ 536 537 538 477 ] ]
		[ 0.3833333 [ 539 540 541 477 ] ]
		[ 0.4 [ 510 542 543 477 ] ]
		[ 0.4166667 [ 544 545 546 477 ] ]
		[ 0.4333333 [ 547 548 549 477 ] ]
		[ 0.45 [ 550 551 552 477 ] ]
		[ 0.4666667 [ 474 553 554 477 ] ]
		[ 0.4833333 [ 555 556 557 477 ] ]
		[ 0.5 [ 558 559 560 477 ] ]
		[ 0.5166667 [ 561 562 563 477 ] ]
		[ 0.5333334 [ 564 565 566 477 ] ]
		[ 0.55 [ 567 568 569 477 ] ]
		[ 0.5666667 [ 570 571 572 477 ] ]
		[ 0.5833333 [ 573 574 575 477 ] ]
		[ 0.6 [ 576 577 578 477 ] ]
		[ 0.6166667 [ 579 580 581 477 ] ]
		[ 0.6333333 [ 582 583 584 477 ] ]
		[ 0.65 [ 585 586 587 477 ] ]
		[ 0.6666667 [ 588 589 590 477 ] ]
		[ 0.6833333 [ 591 592 593 477 ] ]
		[ 0.7 [ 594 595 596 477 ] ]
		[ 0.7166666 [ 597 598 599 477 ] ]
		[ 0.7333333 [ 600 601 602 477 ] ]
		[ 0.75 [ 603 604 605 477 ] ]
		[ 0.7666667 [ 606 607 608 477 ] ]
		[ 0.7833334 [ 609 610 611 477 ] ]
		[ 0.8 [ 612 613 614 477 ] ]
		[ 0.8166667 [ 615 616 617 477 ] ]
		[ 0.8333333 [ 618 619 620 477 ] ]
		[ 0.85 [ 621 622 623 477 ] ]
		[ 0.8666667 [ 624 625 626 477 ] ]
		[ 0.8833333 [ 627 628 629 477 ] ]
		[ 0.9 [ 630 631 632 477 ] ]
		[ 0.9166667 [ 633 634 635 477 ] ]
		[ 0.9333333 [ 636 637 638 477 ] ]
		[ 0.95 [ 639 640 641 477 ] ]
		[ 0.9666666 [ 642 643 644 477 ] ]
		[ 0.9833333 [ 645 646 647 477 ] ]
	]
	"Lokot_P" [
		[ 0 [ 648 649 650 376 ] ]
		[ 0.01666667 [ 648 649 650 376 ] ]
		[ 0.03333334 [ 651 649 650 376 ] ]
		[ 0.05 [ 651 652 653 376 ] ]
		[ 0.06666667 [ 654 652 653 376 ] ]
		[ 0.08333334 [ 654 655 656 376 ] ]
		[ 0.1 [ 657 658 659 376 ] ]
		[ 0.1166667 [ 660 661 659 376 ] ]
		[ 0.1333333 [ 662 663 664 376 ] ]
		[ 0.15 [ 665 666 667 376 ] ]
		[ 0.1666667 [ 668 669 670 376 ] ]
		[ 0.1833333 [ 671 672 673 376 ] ]
		[ 0.2 [ 674 672 675 376 ] ]
		[ 0.2166667 [ 676 677 678 376 ] ]
		[ 0.2333333 [ 679 680 678 376 ] ]
		[ 0.25 [ 681 682 683 376 ] ]
		[ 0.2666667 [ 681 684 685 376 ] ]
		[ 0.2833333 [ 686 684 687 376 ] ]
		[ 0.3 [ 686 684 687 376 ] ]
		[ 0.3166667 [ 686 684 687 376 ] ]
		[ 0.3333333 [ 686 684 687 376 ] ]
		[ 0.35 [ 688 684 687 376 ] ]
		[ 0.3666667 [ 681 682 683 376 ] ]
		[ 0.3833333 [ 679 677 678 376 ] ]
		[ 0.4 [ 674 672 675 376 ] ]
		[ 0.4166667 [ 689 669 670 376 ] ]
		[ 0.4333333 [ 662 663 667 376 ] ]
		[ 0.45 [ 657 655 656 376 ] ]
		[ 0.4666667 [ 648 649 650 376 ] ]
		[ 0.4833333 [ 690 691 692 376 ] ]
		[ 0.5 [ 693 694 695 376 ] ]
		[ 0.5166667 [ 696 697 698 376 ] ]
		[ 0.5333334 [ 699 700 701 376 ] ]
		[ 0.55 [ 702 703 704 376 ] ]
		[ 0.5666667 [ 705 706 707 376 ] ]
		[ 0.5833333 [ 708 709 710 376 ] ]
		[ 0.6 [ 711 712 713 376 ] ]
		[ 0.6166667 [ 714 715 716 376 ] ]
		[ 0.6333333 [ 717 718 719 376 ] ]
		[ 0.65 [ 720 721 722 376 ] ]
		[ 0.6666667 [ 723 724 725 376 ] ]
		[ 0.6833333 [ 726 727 728 376 ] ]
		[ 0.7 [ 729 730 731 376 ] ]
		[ 0.7166666 [ 732 733 734 376 ] ]
		[ 0.7333333 [ 735 736 737 376 ] ]
		[ 0.75 [ 738 739 740 376 ] ]
		[ 0.7666667 [ 741 742 743 376 ] ]
		[ 0.7833334 [ 744 745 746 376 ] ]
		[ 0.8 [ 747 748 749 376 ] ]
		[ 0.8166667 [ 750 751 752 376 ] ]
		[ 0.8333333 [ 753 754 755 376 ] ]
		[ 0.85 [ 756 757 758 376 ] ]
		[ 0.8666667 [ 759 760 761 376 ] ]
		[ 0.8833333 [ 762 763 764 376 ] ]
		[ 0.9 [ 765 766 767 376 ] ]
		[ 0.9166667 [ 768 769 770 376 ] ]
		[ 0.9333333 [ 771 772 773 376 ] ]
		[ 0.95 [ 774 775 776 376 ] ]
		[ 0.9666666 [ 777 470 778 376 ] ]
		[ 0.9833333 [ 471 472 1 376 ] ]
	]
	"Lokot_P_end" [
		[ 0 [ 0 157 1 473 ] ]
	]
	"Camera" [
		[ 0 [ 779 780 781 782 ] ]
	]
	"Lamp" [
		[ 0 [ 783 784 785 786 ] ]
	]
	"Mag" [
		[ 0 [ 787 788 789 789 ] ]
	]
	}
	:resources [
		[1.000 0.000 0.000]
		[0.000 0.000 1.000]
		[0.000 -1.000 0.000]
		[0.000 0.000 0.100]
		[0.000 0.000 0.104]
		[0.000 0.000 0.107]
		[0.000 0.000 0.111]
		[0.000 0.000 0.115]
		[0.000 0.000 0.119]
		[0.000 0.000 0.123]
		[0.000 0.000 0.127]
		[0.000 0.000 0.131]
		[0.000 0.000 0.136]
		[0.000 0.000 0.140]
		[0.000 0.000 0.144]
		[0.000 0.000 0.148]
		[0.000 0.000 0.152]
		[0.000 0.000 0.156]
		[0.000 0.000 0.160]
		[0.000 0.000 0.164]
		[0.000 0.000 0.168]
		[0.000 0.000 0.172]
		[0.000 0.000 0.175]
		[0.000 0.000 0.179]
		[0.000 0.000 0.182]
		[0.000 0.000 0.185]
		[0.000 0.000 0.188]
		[0.000 0.000 0.191]
		[0.000 0.000 0.194]
		[0.000 0.000 0.196]
		[0.000 0.000 0.198]
		[0.000 0.000 0.200]
		[0.000 0.000 0.202]
		[0.000 0.000 0.203]
		[0.000 0.000 0.205]
		[0.000 0.000 0.206]
		[0.000 0.000 0.207]
		[0.000 0.000 0.209]
		[0.000 0.000 0.210]
		[0.000 0.000 0.211]
		[0.000 0.000 0.212]
		[0.000 0.000 0.213]
		[0.000 0.000 0.214]
		[0.000 0.000 0.208]
		[0.000 -0.342 0.940]
		[0.000 -0.940 -0.342]
		[0.123 -0.038 0.000]
		[-0.766 0.643 -0.007]
		[0.643 0.766 -0.009]
		[0.000 -0.011 -1.000]
		[0.000 0.532 0.000]
		[-0.770 0.638 -0.007]
		[0.638 0.770 -0.009]
		[-0.774 0.633 -0.007]
		[0.633 0.774 -0.009]
		[-0.779 0.627 -0.007]
		[0.627 0.779 -0.009]
		[-0.784 0.621 -0.007]
		[0.621 0.784 -0.009]
		[-0.788 0.615 -0.007]
		[0.615 0.788 -0.009]
		[-0.793 0.609 -0.007]
		[0.609 0.793 -0.009]
		[-0.798 0.603 -0.007]
		[0.603 0.798 -0.009]
		[-0.803 0.596 -0.007]
		[0.596 0.803 -0.009]
		[-0.808 0.590 -0.007]
		[0.590 0.808 -0.009]
		[-0.812 0.583 -0.007]
		[0.583 0.812 -0.009]
		[-0.817 0.576 -0.006]
		[0.576 0.817 -0.009]
		[-0.822 0.570 -0.006]
		[0.570 0.822 -0.009]
		[-0.826 0.563 -0.006]
		[0.563 0.826 -0.009]
		[-0.831 0.557 -0.006]
		[0.557 0.831 -0.009]
		[-0.835 0.550 -0.006]
		[0.550 0.835 -0.009]
		[-0.839 0.544 -0.006]
		[0.544 0.839 -0.009]
		[-0.843 0.538 -0.006]
		[0.538 0.843 -0.009]
		[-0.846 0.533 -0.006]
		[0.533 0.846 -0.010]
		[-0.850 0.527 -0.006]
		[0.527 0.850 -0.010]
		[-0.853 0.522 -0.006]
		[0.522 0.853 -0.010]
		[-0.856 0.518 -0.006]
		[0.518 0.855 -0.010]
		[-0.858 0.514 -0.006]
		[0.514 0.858 -0.010]
		[-0.860 0.510 -0.006]
		[0.510 0.860 -0.010]
		[-0.862 0.507 -0.006]
		[0.507 0.862 -0.010]
		[-0.864 0.504 -0.006]
		[0.504 0.864 -0.010]
		[-0.865 0.502 -0.006]
		[0.502 0.865 -0.010]
		[-0.866 0.501 -0.006]
		[0.501 0.866 -0.010]
		[-0.866 0.500 -0.006]
		[0.500 0.866 -0.010]
		[-0.865 0.501 -0.006]
		[0.501 0.865 -0.010]
		[-0.863 0.506 -0.006]
		[0.506 0.863 -0.010]
		[-0.861 0.508 -0.006]
		[0.508 0.861 -0.010]
		[-0.860 0.511 -0.006]
		[0.511 0.860 -0.010]
		[-0.856 0.517 -0.006]
		[0.517 0.856 -0.010]
		[-0.853 0.521 -0.006]
		[0.521 0.853 -0.010]
		[-0.851 0.525 -0.006]
		[0.525 0.851 -0.010]
		[-0.848 0.529 -0.006]
		[0.530 0.848 -0.010]
		[-0.845 0.534 -0.006]
		[0.534 0.845 -0.010]
		[-0.842 0.539 -0.006]
		[0.539 0.842 -0.009]
		[-0.836 0.549 -0.006]
		[0.549 0.836 -0.009]
		[-0.832 0.555 -0.006]
		[0.555 0.832 -0.009]
		[-0.828 0.560 -0.006]
		[0.560 0.828 -0.009]
		[-0.824 0.566 -0.006]
		[0.566 0.824 -0.009]
		[-0.820 0.572 -0.006]
		[0.572 0.820 -0.009]
		[-0.816 0.578 -0.007]
		[0.578 0.816 -0.009]
		[-0.812 0.584 -0.007]
		[0.584 0.811 -0.009]
		[-0.807 0.591 -0.007]
		[0.591 0.807 -0.009]
		[-0.802 0.597 -0.007]
		[0.597 0.802 -0.009]
		[-0.797 0.603 -0.007]
		[0.603 0.797 -0.009]
		[-0.792 0.610 -0.007]
		[0.610 0.792 -0.009]
		[-0.787 0.616 -0.007]
		[0.617 0.787 -0.009]
		[-0.782 0.623 -0.007]
		[0.623 0.782 -0.009]
		[-0.777 0.630 -0.007]
		[0.630 0.777 -0.009]
		[-0.772 0.636 -0.007]
		[0.636 0.772 -0.009]
		[0.000 1.000 0.000]
		[0.000 0.578 0.000]
		[0.000 -0.643 0.766]
		[0.000 -0.766 -0.643]
		[-0.123 -0.038 0.000]
		[0.000 0.000 -1.000]
		[-0.001 1.000 0.000]
		[1.000 0.001 0.000]
		[-0.002 1.000 0.000]
		[1.000 0.002 0.000]
		[-0.003 1.000 0.000]
		[1.000 0.003 0.000]
		[-0.004 1.000 0.000]
		[1.000 0.004 0.000]
		[-0.005 1.000 0.000]
		[1.000 0.005 0.000]
		[-0.006 1.000 0.000]
		[1.000 0.006 0.000]
		[-0.007 1.000 0.000]
		[1.000 0.007 0.000]
		[-0.008 1.000 0.000]
		[1.000 0.008 0.000]
		[-0.009 1.000 0.000]
		[1.000 0.009 0.000]
		[-0.010 1.000 0.000]
		[1.000 0.010 0.000]
		[-0.011 1.000 0.000]
		[1.000 0.011 0.000]
		[-0.012 1.000 0.000]
		[1.000 0.012 0.000]
		[-0.013 1.000 0.000]
		[1.000 0.013 0.000]
		[-0.014 1.000 0.000]
		[1.000 0.014 0.000]
		[0.000 0.130 0.000]
		[0.000 0.985 -0.174]
		[0.000 0.174 0.985]
		[0.000 0.596 0.000]
		[0.000 0.315 0.000]
		[0.000 0.470 0.000]
		[0.000 0.300 0.000]
		[-1.000 0.000 0.000]
		[-0.500 0.000 0.866]
		[0.557 -0.766 0.321]
		[0.663 0.643 0.383]
		[0.279 0.394 -0.035]
		[0.552 -0.770 0.319]
		[0.667 0.638 0.385]
		[-0.501 0.000 0.866]
		[0.548 -0.774 0.317]
		[0.670 0.633 0.388]
		[-0.501 0.000 0.865]
		[0.543 -0.779 0.314]
		[0.674 0.627 0.391]
		[-0.502 0.000 0.865]
		[0.537 -0.784 0.312]
		[0.678 0.621 0.394]
		[-0.503 0.000 0.864]
		[0.532 -0.788 0.310]
		[0.681 0.615 0.397]
		[-0.505 0.000 0.863]
		[0.526 -0.793 0.307]
		[0.685 0.609 0.400]
		[-0.506 0.000 0.862]
		[0.520 -0.798 0.305]
		[0.688 0.603 0.404]
		[-0.508 0.000 0.862]
		[0.514 -0.803 0.303]
		[0.692 0.596 0.408]
		[-0.509 0.000 0.861]
		[0.507 -0.808 0.300]
		[0.695 0.590 0.411]
		[-0.511 0.000 0.860]
		[0.501 -0.812 0.298]
		[0.698 0.583 0.415]
		[-0.512 0.000 0.859]
		[0.495 -0.817 0.295]
		[0.702 0.576 0.419]
		[-0.514 0.000 0.858]
		[0.489 -0.822 0.293]
		[0.705 0.570 0.422]
		[-0.515 0.000 0.857]
		[0.483 -0.826 0.290]
		[0.708 0.563 0.426]
		[-0.516 0.000 0.856]
		[0.477 -0.831 0.288]
		[0.711 0.557 0.429]
		[-0.518 0.000 0.856]
		[0.471 -0.835 0.285]
		[0.714 0.550 0.432]
		[-0.518 0.000 0.855]
		[0.465 -0.839 0.282]
		[0.717 0.544 0.435]
		[-0.519 0.000 0.855]
		[0.460 -0.843 0.279]
		[0.720 0.538 0.437]
		[0.455 -0.846 0.277]
		[0.723 0.533 0.440]
		[0.451 -0.850 0.274]
		[0.726 0.527 0.441]
		[0.446 -0.853 0.271]
		[0.729 0.522 0.443]
		[0.443 -0.856 0.268]
		[0.732 0.518 0.444]
		[-0.517 0.000 0.856]
		[0.439 -0.858 0.266]
		[0.734 0.514 0.444]
		[-0.516 0.000 0.857]
		[0.437 -0.860 0.263]
		[0.737 0.510 0.444]
		[0.435 -0.862 0.260]
		[0.740 0.507 0.443]
		[-0.511 0.000 0.859]
		[0.433 -0.864 0.258]
		[0.742 0.504 0.442]
		[-0.508 0.000 0.861]
		[0.432 -0.865 0.255]
		[0.745 0.502 0.439]
		[-0.504 0.000 0.863]
		[0.432 -0.866 0.253]
		[0.747 0.501 0.437]
		[0.433 -0.866 0.250]
		[0.750 0.500 0.433]
		[-0.495 0.000 0.869]
		[0.435 -0.866 0.247]
		[0.753 0.500 0.428]
		[-0.488 0.000 0.873]
		[0.437 -0.866 0.244]
		[0.756 0.501 0.423]
		[-0.481 0.000 0.877]
		[0.440 -0.865 0.241]
		[0.759 0.502 0.416]
		[-0.472 0.000 0.882]
		[0.444 -0.864 0.238]
		[0.762 0.503 0.408]
		[-0.463 0.000 0.887]
		[0.448 -0.863 0.234]
		[0.765 0.505 0.399]
		[-0.452 0.000 0.892]
		[0.453 -0.861 0.230]
		[0.768 0.508 0.390]
		[-0.441 0.000 0.897]
		[0.459 -0.859 0.226]
		[0.771 0.511 0.379]
		[-0.430 0.000 0.903]
		[0.465 -0.857 0.221]
		[0.774 0.515 0.368]
		[-0.417 0.000 0.909]
		[0.471 -0.855 0.216]
		[0.777 0.519 0.357]
		[-0.404 0.000 0.915]
		[0.478 -0.852 0.211]
		[0.780 0.523 0.345]
		[-0.391 0.000 0.920]
		[0.485 -0.850 0.206]
		[0.782 0.527 0.332]
		[-0.377 0.000 0.926]
		[0.493 -0.847 0.201]
		[0.784 0.532 0.319]
		[-0.363 0.000 0.932]
		[0.501 -0.843 0.195]
		[0.786 0.537 0.306]
		[-0.349 0.000 0.937]
		[0.508 -0.840 0.189]
		[0.787 0.543 0.293]
		[-0.334 0.000 0.942]
		[0.516 -0.836 0.183]
		[0.788 0.548 0.280]
		[-0.320 0.000 0.947]
		[0.525 -0.833 0.177]
		[0.789 0.554 0.267]
		[-0.306 0.000 0.952]
		[0.533 -0.829 0.171]
		[0.789 0.559 0.253]
		[-0.292 0.000 0.956]
		[0.541 -0.825 0.165]
		[0.789 0.565 0.241]
		[-0.278 0.000 0.961]
		[0.549 -0.821 0.159]
		[0.788 0.571 0.228]
		[-0.265 0.000 0.964]
		[0.557 -0.817 0.153]
		[0.787 0.577 0.216]
		[-0.252 0.000 0.968]
		[0.564 -0.812 0.147]
		[0.786 0.583 0.205]
		[-0.240 0.000 0.971]
		[0.572 -0.808 0.141]
		[0.784 0.589 0.194]
		[-0.228 0.000 0.974]
		[0.580 -0.804 0.136]
		[0.782 0.595 0.183]
		[-0.218 0.000 0.976]
		[0.587 -0.799 0.131]
		[0.780 0.601 0.174]
		[-0.208 0.000 0.978]
		[0.594 -0.795 0.126]
		[0.777 0.607 0.165]
		[-0.199 0.000 0.980]
		[0.600 -0.790 0.122]
		[0.775 0.613 0.157]
		[-0.191 0.000 0.982]
		[0.607 -0.786 0.118]
		[0.772 0.618 0.150]
		[-0.185 0.000 0.983]
		[0.613 -0.782 0.115]
		[0.768 0.623 0.145]
		[-0.180 0.000 0.984]
		[0.618 -0.778 0.113]
		[0.765 0.629 0.140]
		[-0.176 0.000 0.984]
		[0.624 -0.774 0.112]
		[0.762 0.634 0.136]
		[-0.174 0.000 0.985]
		[0.629 -0.770 0.111]
		[0.758 0.638 0.134]
		[0.983 0.184 -0.001]
		[-0.184 0.983 -0.011]
		[-0.001 0.011 1.000]
		[0.000 0.316 0.000]
		[0.983 0.183 -0.001]
		[-0.183 0.983 -0.011]
		[0.983 0.182 -0.001]
		[-0.182 0.983 -0.011]
		[0.983 0.181 -0.001]
		[-0.181 0.983 -0.011]
		[0.984 0.180 -0.001]
		[-0.180 0.984 -0.012]
		[-0.001 0.012 1.000]
		[0.984 0.179 -0.001]
		[-0.179 0.984 -0.012]
		[0.984 0.178 -0.001]
		[-0.178 0.984 -0.012]
		[0.984 0.177 -0.001]
		[-0.177 0.984 -0.012]
		[0.984 0.176 -0.001]
		[-0.176 0.984 -0.012]
		[0.985 0.175 -0.001]
		[-0.175 0.985 -0.012]
		[0.985 0.174 -0.001]
		[-0.174 0.985 -0.012]
		[0.985 0.173 -0.001]
		[-0.173 0.985 -0.012]
		[-0.175 0.984 -0.012]
		[0.982 0.187 -0.001]
		[-0.187 0.982 -0.011]
		[0.982 0.190 -0.001]
		[-0.190 0.982 -0.011]
		[0.981 0.194 -0.001]
		[-0.194 0.981 -0.011]
		[0.980 0.198 -0.001]
		[-0.198 0.980 -0.010]
		[-0.001 0.010 1.000]
		[0.979 0.203 -0.001]
		[-0.203 0.979 -0.010]
		[0.978 0.209 -0.001]
		[-0.209 0.978 -0.010]
		[-0.001 0.009 1.000]
		[0.977 0.214 -0.001]
		[-0.214 0.977 -0.009]
		[0.975 0.220 -0.001]
		[-0.220 0.975 -0.009]
		[0.974 0.227 -0.001]
		[-0.227 0.974 -0.008]
		[-0.001 0.008 1.000]
		[0.972 0.233 -0.001]
		[-0.233 0.972 -0.008]
		[0.971 0.240 -0.001]
		[-0.240 0.971 -0.007]
		[-0.001 0.007 1.000]
		[0.969 0.247 -0.001]
		[-0.247 0.969 -0.007]
		[0.967 0.254 -0.001]
		[-0.254 0.967 -0.006]
		[-0.001 0.006 1.000]
		[0.965 0.261 -0.001]
		[-0.261 0.965 -0.006]
		[0.964 0.267 -0.001]
		[-0.267 0.964 -0.005]
		[-0.001 0.005 1.000]
		[0.962 0.274 -0.001]
		[-0.274 0.962 -0.005]
		[0.960 0.281 -0.001]
		[-0.281 0.960 -0.004]
		[0.000 0.004 1.000]
		[0.958 0.288 -0.001]
		[-0.288 0.958 -0.004]
		[0.956 0.294 -0.001]
		[-0.294 0.956 -0.003]
		[0.000 0.003 1.000]
		[0.954 0.300 -0.001]
		[-0.300 0.954 -0.003]
		[0.952 0.306 -0.001]
		[-0.306 0.952 -0.003]
		[0.950 0.312 0.000]
		[-0.312 0.950 -0.002]
		[0.000 0.002 1.000]
		[0.948 0.317 0.000]
		[-0.317 0.948 -0.002]
		[0.947 0.322 0.000]
		[-0.322 0.947 -0.001]
		[0.000 0.001 1.000]
		[0.945 0.327 0.000]
		[-0.327 0.945 -0.001]
		[0.944 0.331 0.000]
		[-0.331 0.944 -0.001]
		[0.943 0.334 0.000]
		[-0.334 0.943 -0.001]
		[0.942 0.337 0.000]
		[-0.337 0.942 0.000]
		[0.941 0.339 0.000]
		[-0.339 0.941 0.000]
		[0.940 0.341 0.000]
		[-0.341 0.940 0.000]
		[0.940 0.342 0.000]
		[-0.342 0.940 0.000]
		[0.000 0.469 0.000]
		[0.500 0.000 0.866]
		[-0.557 -0.766 0.321]
		[0.663 -0.643 -0.383]
		[-0.279 0.394 -0.035]
		[-0.552 -0.770 0.319]
		[0.667 -0.638 -0.385]
		[0.501 0.000 0.866]
		[-0.548 -0.774 0.317]
		[0.670 -0.633 -0.388]
		[0.501 0.000 0.865]
		[-0.543 -0.779 0.314]
		[0.674 -0.627 -0.391]
		[0.502 0.000 0.865]
		[-0.537 -0.784 0.312]
		[0.678 -0.621 -0.394]
		[0.503 0.000 0.864]
		[-0.532 -0.788 0.310]
		[0.681 -0.615 -0.397]
		[0.505 0.000 0.863]
		[-0.526 -0.793 0.307]
		[0.685 -0.609 -0.400]
		[0.506 0.000 0.862]
		[-0.520 -0.798 0.305]
		[0.688 -0.603 -0.404]
		[0.508 0.000 0.862]
		[-0.514 -0.803 0.303]
		[0.692 -0.596 -0.408]
		[0.509 0.000 0.861]
		[-0.507 -0.808 0.300]
		[0.695 -0.590 -0.411]
		[0.511 0.000 0.860]
		[-0.501 -0.812 0.298]
		[0.698 -0.583 -0.415]
		[0.512 0.000 0.859]
		[-0.495 -0.817 0.295]
		[0.702 -0.576 -0.419]
		[0.514 0.000 0.858]
		[-0.489 -0.822 0.293]
		[0.705 -0.570 -0.422]
		[0.515 0.000 0.857]
		[-0.483 -0.826 0.290]
		[0.708 -0.563 -0.426]
		[0.516 0.000 0.856]
		[-0.477 -0.831 0.288]
		[0.711 -0.557 -0.429]
		[0.518 0.000 0.856]
		[-0.471 -0.835 0.285]
		[0.714 -0.550 -0.432]
		[0.518 0.000 0.855]
		[-0.465 -0.839 0.282]
		[0.717 -0.544 -0.435]
		[0.519 0.000 0.855]
		[-0.460 -0.843 0.279]
		[0.720 -0.538 -0.437]
		[-0.455 -0.846 0.277]
		[0.723 -0.533 -0.440]
		[-0.451 -0.850 0.274]
		[0.726 -0.527 -0.441]
		[-0.446 -0.853 0.271]
		[0.729 -0.522 -0.443]
		[-0.443 -0.856 0.268]
		[0.732 -0.518 -0.444]
		[0.517 0.000 0.856]
		[-0.439 -0.858 0.266]
		[0.734 -0.514 -0.444]
		[0.516 0.000 0.857]
		[-0.437 -0.860 0.263]
		[0.737 -0.510 -0.444]
		[-0.435 -0.862 0.260]
		[0.740 -0.507 -0.443]
		[0.511 0.000 0.859]
		[-0.433 -0.864 0.258]
		[0.742 -0.504 -0.442]
		[0.508 0.000 0.861]
		[-0.432 -0.865 0.255]
		[0.745 -0.502 -0.439]
		[0.504 0.000 0.863]
		[-0.432 -0.866 0.253]
		[0.747 -0.501 -0.437]
		[-0.433 -0.866 0.250]
		[0.750 -0.500 -0.433]
		[0.495 0.000 0.869]
		[-0.435 -0.866 0.247]
		[0.753 -0.500 -0.428]
		[0.488 0.000 0.873]
		[-0.437 -0.866 0.244]
		[0.756 -0.501 -0.423]
		[0.481 0.000 0.877]
		[-0.440 -0.865 0.241]
		[0.759 -0.502 -0.416]
		[0.472 0.000 0.882]
		[-0.444 -0.864 0.238]
		[0.762 -0.503 -0.408]
		[0.463 0.000 0.887]
		[-0.448 -0.863 0.234]
		[0.765 -0.505 -0.399]
		[0.452 0.000 0.892]
		[-0.453 -0.861 0.230]
		[0.768 -0.508 -0.390]
		[0.441 0.000 0.897]
		[-0.459 -0.859 0.226]
		[0.771 -0.511 -0.379]
		[0.430 0.000 0.903]
		[-0.465 -0.857 0.221]
		[0.774 -0.515 -0.368]
		[0.417 0.000 0.909]
		[-0.471 -0.855 0.216]
		[0.777 -0.519 -0.357]
		[0.404 0.000 0.915]
		[-0.478 -0.852 0.211]
		[0.780 -0.523 -0.345]
		[0.391 0.000 0.920]
		[-0.485 -0.850 0.206]
		[0.782 -0.527 -0.332]
		[0.377 0.000 0.926]
		[-0.493 -0.847 0.201]
		[0.784 -0.532 -0.319]
		[0.363 0.000 0.932]
		[-0.501 -0.843 0.195]
		[0.786 -0.537 -0.306]
		[0.349 0.000 0.937]
		[-0.508 -0.840 0.189]
		[0.787 -0.543 -0.293]
		[0.334 0.000 0.942]
		[-0.516 -0.836 0.183]
		[0.788 -0.548 -0.280]
		[0.320 0.000 0.947]
		[-0.525 -0.833 0.177]
		[0.789 -0.554 -0.267]
		[0.306 0.000 0.952]
		[-0.533 -0.829 0.171]
		[0.789 -0.559 -0.253]
		[0.292 0.000 0.956]
		[-0.541 -0.825 0.165]
		[0.789 -0.565 -0.241]
		[0.278 0.000 0.961]
		[-0.549 -0.821 0.159]
		[0.788 -0.571 -0.228]
		[0.265 0.000 0.964]
		[-0.557 -0.817 0.153]
		[0.787 -0.577 -0.216]
		[0.252 0.000 0.968]
		[-0.564 -0.812 0.147]
		[0.786 -0.583 -0.205]
		[0.240 0.000 0.971]
		[-0.572 -0.808 0.141]
		[0.784 -0.589 -0.194]
		[0.228 0.000 0.974]
		[-0.580 -0.804 0.136]
		[0.782 -0.595 -0.183]
		[0.218 0.000 0.976]
		[-0.587 -0.799 0.131]
		[0.780 -0.601 -0.174]
		[0.208 0.000 0.978]
		[-0.594 -0.795 0.126]
		[0.777 -0.607 -0.165]
		[0.199 0.000 0.980]
		[-0.600 -0.790 0.122]
		[0.775 -0.613 -0.157]
		[0.191 0.000 0.982]
		[-0.607 -0.786 0.118]
		[0.772 -0.618 -0.150]
		[0.185 0.000 0.983]
		[-0.613 -0.782 0.115]
		[0.768 -0.623 -0.145]
		[0.180 0.000 0.984]
		[-0.618 -0.778 0.113]
		[0.765 -0.629 -0.140]
		[0.176 0.000 0.984]
		[-0.624 -0.774 0.112]
		[0.762 -0.634 -0.136]
		[0.174 0.000 0.985]
		[-0.629 -0.770 0.111]
		[0.758 -0.638 -0.134]
		[0.967 0.182 0.180]
		[-0.184 0.983 -0.009]
		[-0.179 -0.024 0.984]
		[0.967 0.182 0.181]
		[-0.183 0.983 -0.009]
		[-0.180 -0.025 0.983]
		[0.967 0.181 0.182]
		[-0.182 0.983 -0.009]
		[-0.181 -0.025 0.983]
		[0.966 0.180 0.183]
		[-0.181 0.983 -0.009]
		[-0.182 -0.025 0.983]
		[0.966 0.179 0.184]
		[-0.181 0.984 -0.009]
		[0.966 0.178 0.185]
		[-0.180 0.984 -0.008]
		[-0.183 -0.025 0.983]
		[0.966 0.177 0.186]
		[-0.179 0.984 -0.008]
		[-0.184 -0.025 0.983]
		[0.966 0.177 0.187]
		[-0.178 0.984 -0.008]
		[-0.185 -0.025 0.982]
		[0.966 0.176 0.188]
		[-0.177 0.984 -0.008]
		[-0.186 -0.025 0.982]
		[0.966 0.175 0.189]
		[-0.187 -0.026 0.982]
		[0.966 0.174 0.189]
		[-0.176 0.984 -0.008]
		[-0.188 -0.026 0.982]
		[0.966 0.174 0.190]
		[-0.175 0.984 -0.008]
		[0.966 0.173 0.191]
		[-0.175 0.985 -0.008]
		[-0.189 -0.026 0.982]
		[-0.174 0.985 -0.008]
		[-0.190 -0.026 0.982]
		[0.966 0.172 0.192]
		[-0.190 -0.026 0.981]
		[0.966 0.172 0.191]
		[0.966 0.176 0.187]
		[0.967 0.185 0.177]
		[-0.187 0.982 -0.009]
		[-0.176 -0.024 0.984]
		[0.967 0.189 0.173]
		[-0.190 0.982 -0.010]
		[-0.172 -0.023 0.985]
		[0.967 0.193 0.169]
		[-0.194 0.981 -0.010]
		[-0.168 -0.023 0.986]
		[0.967 0.197 0.164]
		[-0.198 0.980 -0.011]
		[-0.163 -0.022 0.986]
		[0.966 0.202 0.158]
		[-0.203 0.979 -0.011]
		[-0.157 -0.021 0.987]
		[0.966 0.208 0.152]
		[-0.208 0.978 -0.011]
		[-0.151 -0.021 0.988]
		[0.966 0.213 0.146]
		[-0.214 0.977 -0.012]
		[-0.145 -0.020 0.989]
		[0.966 0.219 0.139]
		[-0.220 0.975 -0.012]
		[-0.138 -0.019 0.990]
		[0.965 0.226 0.132]
		[-0.226 0.974 -0.012]
		[-0.131 -0.018 0.991]
		[0.965 0.232 0.125]
		[-0.233 0.972 -0.013]
		[-0.124 -0.017 0.992]
		[0.964 0.239 0.117]
		[-0.239 0.971 -0.013]
		[-0.117 -0.016 0.993]
		[0.963 0.246 0.109]
		[-0.246 0.969 -0.013]
		[-0.109 -0.015 0.994]
		[0.962 0.253 0.101]
		[-0.253 0.967 -0.012]
		[-0.101 -0.014 0.995]
		[0.961 0.260 0.094]
		[-0.260 0.966 -0.012]
		[-0.093 -0.013 0.996]
		[0.960 0.267 0.086]
		[-0.267 0.964 -0.012]
		[-0.086 -0.012 0.996]
		[0.959 0.274 0.078]
		[-0.274 0.962 -0.011]
		[-0.078 -0.011 0.997]
		[0.957 0.281 0.070]
		[-0.281 0.960 -0.011]
		[-0.070 -0.010 0.997]
		[0.956 0.287 0.062]
		[-0.287 0.958 -0.010]
		[-0.063 -0.009 0.998]
		[0.954 0.294 0.055]
		[-0.294 0.956 -0.009]
		[-0.055 -0.008 0.998]
		[0.953 0.300 0.048]
		[-0.300 0.954 -0.008]
		[-0.048 -0.007 0.999]
		[0.951 0.306 0.041]
		[-0.306 0.952 -0.007]
		[-0.041 -0.006 0.999]
		[0.950 0.312 0.035]
		[-0.312 0.950 -0.006]
		[-0.035 -0.005 0.999]
		[0.948 0.317 0.028]
		[-0.317 0.948 -0.005]
		[-0.029 -0.004 1.000]
		[0.946 0.322 0.023]
		[-0.322 0.947 -0.004]
		[-0.023 -0.003 1.000]
		[0.945 0.327 0.018]
		[-0.326 0.945 -0.004]
		[-0.018 -0.002 1.000]
		[0.944 0.331 0.013]
		[-0.330 0.944 -0.003]
		[-0.013 -0.002 1.000]
		[0.943 0.334 0.009]
		[-0.334 0.943 -0.002]
		[-0.009 -0.001 1.000]
		[0.942 0.337 0.006]
		[-0.337 0.942 -0.001]
		[-0.006 -0.001 1.000]
		[0.941 0.339 0.003]
		[-0.339 0.941 -0.001]
		[-0.003 0.000 1.000]
		[0.940 0.341 0.001]
		[-0.001 0.000 1.000]
		[-65.486 44.525 61.067]
		[31.737 89.534 -31.247]
		[-68.588 -1.082 -72.763]
		[-748.113 534.367 650.764]
		[-29.087 5.519 95.517]
		[-56.639 79.467 -21.839]
		[-77.110 -60.452 -19.988]
		[-407.625 590.386 -100.545]
		[100.000 0.000 0.000]
		[0.000 0.000 -100.000]
		[0.000 100.000 0.000]]
}