{ :name "Idle" :length 2 :bones { 
	"Armature" [
		[0 [100.000 0.000 0.000 0.000 0.000 0.000 -100.000 0.000 0.000 100.000 0.000 0.000 0.000 1.200 0.000 1.000]]
	]
	"Skelet" [
		[0 [1.000 0.000 0.000 0.000 0.000 0.000 1.000 0.000 0.000 -1.000 0.000 0.000 0.000 0.000 0.001 1.000]]
		[0.01666667 [1.000 0.000 0.000 0.000 0.000 0.000 1.000 0.000 0.000 -1.000 0.000 0.000 0.000 0.000 0.001 1.000]]
		[0.03333334 [1.000 0.000 0.000 0.000 0.000 0.000 1.000 0.000 0.000 -1.000 0.000 0.000 0.000 0.000 0.001 1.000]]
		[0.05 [1.000 0.000 0.000 0.000 0.000 0.000 1.000 0.000 0.000 -1.000 0.000 0.000 0.000 0.000 0.001 1.000]]
		[0.06666667 [1.000 0.000 0.000 0.000 0.000 0.000 1.000 0.000 0.000 -1.000 0.000 0.000 0.000 0.000 0.001 1.000]]
		[0.08333334 [1.000 0.000 0.000 0.000 0.000 0.000 1.000 0.000 0.000 -1.000 0.000 0.000 0.000 0.000 0.001 1.000]]
		[0.1 [1.000 0.000 0.000 0.000 0.000 0.000 1.000 0.000 0.000 -1.000 0.000 0.000 0.000 0.000 0.001 1.000]]
		[0.1166667 [1.000 0.000 0.000 0.000 0.000 0.000 1.000 0.000 0.000 -1.000 0.000 0.000 0.000 0.000 0.001 1.000]]
		[0.1333333 [1.000 0.000 0.000 0.000 0.000 0.000 1.000 0.000 0.000 -1.000 0.000 0.000 0.000 0.000 0.001 1.000]]
		[0.15 [1.000 0.000 0.000 0.000 0.000 0.000 1.000 0.000 0.000 -1.000 0.000 0.000 0.000 0.000 0.001 1.000]]
		[0.1666667 [1.000 0.000 0.000 0.000 0.000 0.000 1.000 0.000 0.000 -1.000 0.000 0.000 0.000 0.000 0.001 1.000]]
		[0.1833333 [1.000 0.000 0.000 0.000 0.000 0.000 1.000 0.000 0.000 -1.000 0.000 0.000 0.000 0.000 0.001 1.000]]
		[0.2 [1.000 0.000 0.000 0.000 0.000 0.000 1.000 0.000 0.000 -1.000 0.000 0.000 0.000 0.000 0.001 1.000]]
		[0.2166667 [1.000 0.000 0.000 0.000 0.000 0.000 1.000 0.000 0.000 -1.000 0.000 0.000 0.000 0.000 0.002 1.000]]
		[0.2333333 [1.000 0.000 0.000 0.000 0.000 0.000 1.000 0.000 0.000 -1.000 0.000 0.000 0.000 0.000 0.002 1.000]]
		[0.25 [1.000 0.000 0.000 0.000 0.000 0.000 1.000 0.000 0.000 -1.000 0.000 0.000 0.000 0.000 0.002 1.000]]
		[0.2666667 [1.000 0.000 0.000 0.000 0.000 0.000 1.000 0.000 0.000 -1.000 0.000 0.000 0.000 0.000 0.002 1.000]]
		[0.2833333 [1.000 0.000 0.000 0.000 0.000 0.000 1.000 0.000 0.000 -1.000 0.000 0.000 0.000 0.000 0.002 1.000]]
		[0.3 [1.000 0.000 0.000 0.000 0.000 0.000 1.000 0.000 0.000 -1.000 0.000 0.000 0.000 0.000 0.002 1.000]]
		[0.3166667 [1.000 0.000 0.000 0.000 0.000 0.000 1.000 0.000 0.000 -1.000 0.000 0.000 0.000 0.000 0.002 1.000]]
		[0.3333333 [1.000 0.000 0.000 0.000 0.000 0.000 1.000 0.000 0.000 -1.000 0.000 0.000 0.000 0.000 0.002 1.000]]
		[0.35 [1.000 0.000 0.000 0.000 0.000 0.000 1.000 0.000 0.000 -1.000 0.000 0.000 0.000 0.000 0.002 1.000]]
		[0.3666667 [1.000 0.000 0.000 0.000 0.000 0.000 1.000 0.000 0.000 -1.000 0.000 0.000 0.000 0.000 0.002 1.000]]
		[0.3833333 [1.000 0.000 0.000 0.000 0.000 0.000 1.000 0.000 0.000 -1.000 0.000 0.000 0.000 0.000 0.002 1.000]]
		[0.4 [1.000 0.000 0.000 0.000 0.000 0.000 1.000 0.000 0.000 -1.000 0.000 0.000 0.000 0.000 0.002 1.000]]
		[0.4166667 [1.000 0.000 0.000 0.000 0.000 0.000 1.000 0.000 0.000 -1.000 0.000 0.000 0.000 0.000 0.002 1.000]]
		[0.4333333 [1.000 0.000 0.000 0.000 0.000 0.000 1.000 0.000 0.000 -1.000 0.000 0.000 0.000 0.000 0.002 1.000]]
		[0.45 [1.000 0.000 0.000 0.000 0.000 0.000 1.000 0.000 0.000 -1.000 0.000 0.000 0.000 0.000 0.002 1.000]]
		[0.4666667 [1.000 0.000 0.000 0.000 0.000 0.000 1.000 0.000 0.000 -1.000 0.000 0.000 0.000 0.000 0.002 1.000]]
		[0.4833333 [1.000 0.000 0.000 0.000 0.000 0.000 1.000 0.000 0.000 -1.000 0.000 0.000 0.000 0.000 0.002 1.000]]
		[0.5 [1.000 0.000 0.000 0.000 0.000 0.000 1.000 0.000 0.000 -1.000 0.000 0.000 0.000 0.000 0.002 1.000]]
		[0.5166667 [1.000 0.000 0.000 0.000 0.000 0.000 1.000 0.000 0.000 -1.000 0.000 0.000 0.000 0.000 0.002 1.000]]
		[0.5333334 [1.000 0.000 0.000 0.000 0.000 0.000 1.000 0.000 0.000 -1.000 0.000 0.000 0.000 0.000 0.002 1.000]]
		[0.55 [1.000 0.000 0.000 0.000 0.000 0.000 1.000 0.000 0.000 -1.000 0.000 0.000 0.000 0.000 0.002 1.000]]
		[0.5666667 [1.000 0.000 0.000 0.000 0.000 0.000 1.000 0.000 0.000 -1.000 0.000 0.000 0.000 0.000 0.002 1.000]]
		[0.5833333 [1.000 0.000 0.000 0.000 0.000 0.000 1.000 0.000 0.000 -1.000 0.000 0.000 0.000 0.000 0.002 1.000]]
		[0.6 [1.000 0.000 0.000 0.000 0.000 0.000 1.000 0.000 0.000 -1.000 0.000 0.000 0.000 0.000 0.002 1.000]]
		[0.6166667 [1.000 0.000 0.000 0.000 0.000 0.000 1.000 0.000 0.000 -1.000 0.000 0.000 0.000 0.000 0.002 1.000]]
		[0.6333333 [1.000 0.000 0.000 0.000 0.000 0.000 1.000 0.000 0.000 -1.000 0.000 0.000 0.000 0.000 0.002 1.000]]
		[0.65 [1.000 0.000 0.000 0.000 0.000 0.000 1.000 0.000 0.000 -1.000 0.000 0.000 0.000 0.000 0.002 1.000]]
		[0.6666667 [1.000 0.000 0.000 0.000 0.000 0.000 1.000 0.000 0.000 -1.000 0.000 0.000 0.000 0.000 0.002 1.000]]
		[0.6833333 [1.000 0.000 0.000 0.000 0.000 0.000 1.000 0.000 0.000 -1.000 0.000 0.000 0.000 0.000 0.002 1.000]]
		[0.7 [1.000 0.000 0.000 0.000 0.000 0.000 1.000 0.000 0.000 -1.000 0.000 0.000 0.000 0.000 0.002 1.000]]
		[0.7166666 [1.000 0.000 0.000 0.000 0.000 0.000 1.000 0.000 0.000 -1.000 0.000 0.000 0.000 0.000 0.002 1.000]]
		[0.7333333 [1.000 0.000 0.000 0.000 0.000 0.000 1.000 0.000 0.000 -1.000 0.000 0.000 0.000 0.000 0.002 1.000]]
		[0.75 [1.000 0.000 0.000 0.000 0.000 0.000 1.000 0.000 0.000 -1.000 0.000 0.000 0.000 0.000 0.002 1.000]]
		[0.7666667 [1.000 0.000 0.000 0.000 0.000 0.000 1.000 0.000 0.000 -1.000 0.000 0.000 0.000 0.000 0.002 1.000]]
		[0.7833334 [1.000 0.000 0.000 0.000 0.000 0.000 1.000 0.000 0.000 -1.000 0.000 0.000 0.000 0.000 0.002 1.000]]
		[0.8 [1.000 0.000 0.000 0.000 0.000 0.000 1.000 0.000 0.000 -1.000 0.000 0.000 0.000 0.000 0.002 1.000]]
		[0.8166667 [1.000 0.000 0.000 0.000 0.000 0.000 1.000 0.000 0.000 -1.000 0.000 0.000 0.000 0.000 0.002 1.000]]
		[0.8333333 [1.000 0.000 0.000 0.000 0.000 0.000 1.000 0.000 0.000 -1.000 0.000 0.000 0.000 0.000 0.002 1.000]]
		[0.85 [1.000 0.000 0.000 0.000 0.000 0.000 1.000 0.000 0.000 -1.000 0.000 0.000 0.000 0.000 0.002 1.000]]
		[0.8666667 [1.000 0.000 0.000 0.000 0.000 0.000 1.000 0.000 0.000 -1.000 0.000 0.000 0.000 0.000 0.002 1.000]]
		[0.8833333 [1.000 0.000 0.000 0.000 0.000 0.000 1.000 0.000 0.000 -1.000 0.000 0.000 0.000 0.000 0.002 1.000]]
		[0.9 [1.000 0.000 0.000 0.000 0.000 0.000 1.000 0.000 0.000 -1.000 0.000 0.000 0.000 0.000 0.002 1.000]]
		[0.9166667 [1.000 0.000 0.000 0.000 0.000 0.000 1.000 0.000 0.000 -1.000 0.000 0.000 0.000 0.000 0.002 1.000]]
		[0.9333333 [1.000 0.000 0.000 0.000 0.000 0.000 1.000 0.000 0.000 -1.000 0.000 0.000 0.000 0.000 0.002 1.000]]
		[0.95 [1.000 0.000 0.000 0.000 0.000 0.000 1.000 0.000 0.000 -1.000 0.000 0.000 0.000 0.000 0.002 1.000]]
		[0.9666666 [1.000 0.000 0.000 0.000 0.000 0.000 1.000 0.000 0.000 -1.000 0.000 0.000 0.000 0.000 0.002 1.000]]
		[0.9833333 [1.000 0.000 0.000 0.000 0.000 0.000 1.000 0.000 0.000 -1.000 0.000 0.000 0.000 0.000 0.002 1.000]]
	]
	"Bedro_L" [
		[0 [0.000 -0.342 0.940 0.000 0.000 -0.940 -0.342 0.000 1.000 0.000 0.000 0.000 0.001 0.000 0.000 1.000]]
	]
	"Koleno_L" [
		[0 [-0.766 0.643 -0.007 0.000 0.643 0.766 -0.009 0.000 0.000 -0.011 -1.000 0.000 0.000 0.005 0.000 1.000]]
		[0.01666667 [-0.770 0.638 -0.007 0.000 0.638 0.770 -0.009 0.000 0.000 -0.011 -1.000 0.000 0.000 0.005 0.000 1.000]]
		[0.03333334 [-0.774 0.633 -0.007 0.000 0.633 0.774 -0.009 0.000 0.000 -0.011 -1.000 0.000 0.000 0.005 0.000 1.000]]
		[0.05 [-0.779 0.627 -0.007 0.000 0.627 0.779 -0.009 0.000 0.000 -0.011 -1.000 0.000 0.000 0.005 0.000 1.000]]
		[0.06666667 [-0.784 0.621 -0.007 0.000 0.621 0.784 -0.009 0.000 0.000 -0.011 -1.000 0.000 0.000 0.005 0.000 1.000]]
		[0.08333334 [-0.788 0.615 -0.007 0.000 0.615 0.788 -0.009 0.000 0.000 -0.011 -1.000 0.000 0.000 0.005 0.000 1.000]]
		[0.1 [-0.793 0.609 -0.007 0.000 0.609 0.793 -0.009 0.000 0.000 -0.011 -1.000 0.000 0.000 0.005 0.000 1.000]]
		[0.1166667 [-0.798 0.603 -0.007 0.000 0.603 0.798 -0.009 0.000 0.000 -0.011 -1.000 0.000 0.000 0.005 0.000 1.000]]
		[0.1333333 [-0.803 0.596 -0.007 0.000 0.596 0.803 -0.009 0.000 0.000 -0.011 -1.000 0.000 0.000 0.005 0.000 1.000]]
		[0.15 [-0.808 0.590 -0.007 0.000 0.590 0.808 -0.009 0.000 0.000 -0.011 -1.000 0.000 0.000 0.005 0.000 1.000]]
		[0.1666667 [-0.812 0.583 -0.007 0.000 0.583 0.812 -0.009 0.000 0.000 -0.011 -1.000 0.000 0.000 0.005 0.000 1.000]]
		[0.1833333 [-0.817 0.576 -0.006 0.000 0.576 0.817 -0.009 0.000 0.000 -0.011 -1.000 0.000 0.000 0.005 0.000 1.000]]
		[0.2 [-0.822 0.570 -0.006 0.000 0.570 0.822 -0.009 0.000 0.000 -0.011 -1.000 0.000 0.000 0.005 0.000 1.000]]
		[0.2166667 [-0.826 0.563 -0.006 0.000 0.563 0.826 -0.009 0.000 0.000 -0.011 -1.000 0.000 0.000 0.005 0.000 1.000]]
		[0.2333333 [-0.831 0.557 -0.006 0.000 0.557 0.831 -0.009 0.000 0.000 -0.011 -1.000 0.000 0.000 0.005 0.000 1.000]]
		[0.25 [-0.835 0.550 -0.006 0.000 0.550 0.835 -0.009 0.000 0.000 -0.011 -1.000 0.000 0.000 0.005 0.000 1.000]]
		[0.2666667 [-0.839 0.544 -0.006 0.000 0.544 0.839 -0.009 0.000 0.000 -0.011 -1.000 0.000 0.000 0.005 0.000 1.000]]
		[0.2833333 [-0.843 0.538 -0.006 0.000 0.538 0.843 -0.009 0.000 0.000 -0.011 -1.000 0.000 0.000 0.005 0.000 1.000]]
		[0.3 [-0.846 0.533 -0.006 0.000 0.533 0.846 -0.010 0.000 0.000 -0.011 -1.000 0.000 0.000 0.005 0.000 1.000]]
		[0.3166667 [-0.850 0.527 -0.006 0.000 0.527 0.850 -0.010 0.000 0.000 -0.011 -1.000 0.000 0.000 0.005 0.000 1.000]]
		[0.3333333 [-0.853 0.522 -0.006 0.000 0.522 0.853 -0.010 0.000 0.000 -0.011 -1.000 0.000 0.000 0.005 0.000 1.000]]
		[0.35 [-0.856 0.518 -0.006 0.000 0.518 0.855 -0.010 0.000 0.000 -0.011 -1.000 0.000 0.000 0.005 0.000 1.000]]
		[0.3666667 [-0.858 0.514 -0.006 0.000 0.514 0.858 -0.010 0.000 0.000 -0.011 -1.000 0.000 0.000 0.005 0.000 1.000]]
		[0.3833333 [-0.860 0.510 -0.006 0.000 0.510 0.860 -0.010 0.000 0.000 -0.011 -1.000 0.000 0.000 0.005 0.000 1.000]]
		[0.4 [-0.862 0.507 -0.006 0.000 0.507 0.862 -0.010 0.000 0.000 -0.011 -1.000 0.000 0.000 0.005 0.000 1.000]]
		[0.4166667 [-0.864 0.504 -0.006 0.000 0.504 0.864 -0.010 0.000 0.000 -0.011 -1.000 0.000 0.000 0.005 0.000 1.000]]
		[0.4333333 [-0.865 0.502 -0.006 0.000 0.502 0.865 -0.010 0.000 0.000 -0.011 -1.000 0.000 0.000 0.005 0.000 1.000]]
		[0.45 [-0.866 0.501 -0.006 0.000 0.501 0.866 -0.010 0.000 0.000 -0.011 -1.000 0.000 0.000 0.005 0.000 1.000]]
		[0.4666667 [-0.866 0.500 -0.006 0.000 0.500 0.866 -0.010 0.000 0.000 -0.011 -1.000 0.000 0.000 0.005 0.000 1.000]]
		[0.4833333 [-0.866 0.500 -0.006 0.000 0.500 0.866 -0.010 0.000 0.000 -0.011 -1.000 0.000 0.000 0.005 0.000 1.000]]
		[0.5 [-0.866 0.500 -0.006 0.000 0.500 0.866 -0.010 0.000 0.000 -0.011 -1.000 0.000 0.000 0.005 0.000 1.000]]
		[0.5166667 [-0.865 0.501 -0.006 0.000 0.501 0.865 -0.010 0.000 0.000 -0.011 -1.000 0.000 0.000 0.005 0.000 1.000]]
		[0.5333334 [-0.865 0.502 -0.006 0.000 0.502 0.865 -0.010 0.000 0.000 -0.011 -1.000 0.000 0.000 0.005 0.000 1.000]]
		[0.55 [-0.864 0.504 -0.006 0.000 0.504 0.864 -0.010 0.000 0.000 -0.011 -1.000 0.000 0.000 0.005 0.000 1.000]]
		[0.5666667 [-0.863 0.506 -0.006 0.000 0.506 0.863 -0.010 0.000 0.000 -0.011 -1.000 0.000 0.000 0.005 0.000 1.000]]
		[0.5833333 [-0.861 0.508 -0.006 0.000 0.508 0.861 -0.010 0.000 0.000 -0.011 -1.000 0.000 0.000 0.005 0.000 1.000]]
		[0.6 [-0.860 0.511 -0.006 0.000 0.511 0.860 -0.010 0.000 0.000 -0.011 -1.000 0.000 0.000 0.005 0.000 1.000]]
		[0.6166667 [-0.858 0.514 -0.006 0.000 0.514 0.858 -0.010 0.000 0.000 -0.011 -1.000 0.000 0.000 0.005 0.000 1.000]]
		[0.6333333 [-0.856 0.517 -0.006 0.000 0.517 0.856 -0.010 0.000 0.000 -0.011 -1.000 0.000 0.000 0.005 0.000 1.000]]
		[0.65 [-0.853 0.521 -0.006 0.000 0.521 0.853 -0.010 0.000 0.000 -0.011 -1.000 0.000 0.000 0.005 0.000 1.000]]
		[0.6666667 [-0.851 0.525 -0.006 0.000 0.525 0.851 -0.010 0.000 0.000 -0.011 -1.000 0.000 0.000 0.005 0.000 1.000]]
		[0.6833333 [-0.848 0.529 -0.006 0.000 0.530 0.848 -0.010 0.000 0.000 -0.011 -1.000 0.000 0.000 0.005 0.000 1.000]]
		[0.7 [-0.845 0.534 -0.006 0.000 0.534 0.845 -0.010 0.000 0.000 -0.011 -1.000 0.000 0.000 0.005 0.000 1.000]]
		[0.7166666 [-0.842 0.539 -0.006 0.000 0.539 0.842 -0.009 0.000 0.000 -0.011 -1.000 0.000 0.000 0.005 0.000 1.000]]
		[0.7333333 [-0.839 0.544 -0.006 0.000 0.544 0.839 -0.009 0.000 0.000 -0.011 -1.000 0.000 0.000 0.005 0.000 1.000]]
		[0.75 [-0.836 0.549 -0.006 0.000 0.549 0.836 -0.009 0.000 0.000 -0.011 -1.000 0.000 0.000 0.005 0.000 1.000]]
		[0.7666667 [-0.832 0.555 -0.006 0.000 0.555 0.832 -0.009 0.000 0.000 -0.011 -1.000 0.000 0.000 0.005 0.000 1.000]]
		[0.7833334 [-0.828 0.560 -0.006 0.000 0.560 0.828 -0.009 0.000 0.000 -0.011 -1.000 0.000 0.000 0.005 0.000 1.000]]
		[0.8 [-0.824 0.566 -0.006 0.000 0.566 0.824 -0.009 0.000 0.000 -0.011 -1.000 0.000 0.000 0.005 0.000 1.000]]
		[0.8166667 [-0.820 0.572 -0.006 0.000 0.572 0.820 -0.009 0.000 0.000 -0.011 -1.000 0.000 0.000 0.005 0.000 1.000]]
		[0.8333333 [-0.816 0.578 -0.007 0.000 0.578 0.816 -0.009 0.000 0.000 -0.011 -1.000 0.000 0.000 0.005 0.000 1.000]]
		[0.85 [-0.812 0.584 -0.007 0.000 0.584 0.811 -0.009 0.000 0.000 -0.011 -1.000 0.000 0.000 0.005 0.000 1.000]]
		[0.8666667 [-0.807 0.591 -0.007 0.000 0.591 0.807 -0.009 0.000 0.000 -0.011 -1.000 0.000 0.000 0.005 0.000 1.000]]
		[0.8833333 [-0.802 0.597 -0.007 0.000 0.597 0.802 -0.009 0.000 0.000 -0.011 -1.000 0.000 0.000 0.005 0.000 1.000]]
		[0.9 [-0.797 0.603 -0.007 0.000 0.603 0.797 -0.009 0.000 0.000 -0.011 -1.000 0.000 0.000 0.005 0.000 1.000]]
		[0.9166667 [-0.792 0.610 -0.007 0.000 0.610 0.792 -0.009 0.000 0.000 -0.011 -1.000 0.000 0.000 0.005 0.000 1.000]]
		[0.9333333 [-0.787 0.616 -0.007 0.000 0.617 0.787 -0.009 0.000 0.000 -0.011 -1.000 0.000 0.000 0.005 0.000 1.000]]
		[0.95 [-0.782 0.623 -0.007 0.000 0.623 0.782 -0.009 0.000 0.000 -0.011 -1.000 0.000 0.000 0.005 0.000 1.000]]
		[0.9666666 [-0.777 0.630 -0.007 0.000 0.630 0.777 -0.009 0.000 0.000 -0.011 -1.000 0.000 0.000 0.005 0.000 1.000]]
		[0.9833333 [-0.772 0.636 -0.007 0.000 0.636 0.772 -0.009 0.000 0.000 -0.011 -1.000 0.000 0.000 0.005 0.000 1.000]]
	]
	"Koleno_L_end" [
		[0 [1.000 0.000 0.000 0.000 0.000 1.000 0.000 0.000 0.000 0.000 1.000 0.000 0.000 0.006 0.000 1.000]]
	]
	"Bedro_P" [
		[0 [0.000 -0.643 0.766 0.000 0.000 -0.766 -0.643 0.000 1.000 0.000 0.000 0.000 -0.001 0.000 0.000 1.000]]
	]
	"Koleno_P" [
		[0 [0.000 1.000 0.000 0.000 1.000 0.000 0.000 0.000 0.000 0.000 -1.000 0.000 0.000 0.005 0.000 1.000]]
		[0.01666667 [0.000 1.000 0.000 0.000 1.000 0.000 0.000 0.000 0.000 0.000 -1.000 0.000 0.000 0.005 0.000 1.000]]
		[0.03333334 [0.000 1.000 0.000 0.000 1.000 0.000 0.000 0.000 0.000 0.000 -1.000 0.000 0.000 0.005 0.000 1.000]]
		[0.05 [0.000 1.000 0.000 0.000 1.000 0.000 0.000 0.000 0.000 0.000 -1.000 0.000 0.000 0.005 0.000 1.000]]
		[0.06666667 [0.000 1.000 0.000 0.000 1.000 0.000 0.000 0.000 0.000 0.000 -1.000 0.000 0.000 0.005 0.000 1.000]]
		[0.08333334 [0.000 1.000 0.000 0.000 1.000 0.000 0.000 0.000 0.000 0.000 -1.000 0.000 0.000 0.005 0.000 1.000]]
		[0.1 [0.000 1.000 0.000 0.000 1.000 0.000 0.000 0.000 0.000 0.000 -1.000 0.000 0.000 0.005 0.000 1.000]]
		[0.1166667 [0.000 1.000 0.000 0.000 1.000 0.000 0.000 0.000 0.000 0.000 -1.000 0.000 0.000 0.005 0.000 1.000]]
		[0.1333333 [0.000 1.000 0.000 0.000 1.000 0.000 0.000 0.000 0.000 0.000 -1.000 0.000 0.000 0.005 0.000 1.000]]
		[0.15 [0.000 1.000 0.000 0.000 1.000 0.000 0.000 0.000 0.000 0.000 -1.000 0.000 0.000 0.005 0.000 1.000]]
		[0.1666667 [0.000 1.000 0.000 0.000 1.000 0.000 0.000 0.000 0.000 0.000 -1.000 0.000 0.000 0.005 0.000 1.000]]
		[0.1833333 [0.000 1.000 0.000 0.000 1.000 0.000 0.000 0.000 0.000 0.000 -1.000 0.000 0.000 0.005 0.000 1.000]]
		[0.2 [0.000 1.000 0.000 0.000 1.000 0.000 0.000 0.000 0.000 0.000 -1.000 0.000 0.000 0.005 0.000 1.000]]
		[0.2166667 [0.000 1.000 0.000 0.000 1.000 0.000 0.000 0.000 0.000 0.000 -1.000 0.000 0.000 0.005 0.000 1.000]]
		[0.2333333 [0.000 1.000 0.000 0.000 1.000 0.000 0.000 0.000 0.000 0.000 -1.000 0.000 0.000 0.005 0.000 1.000]]
		[0.25 [0.000 1.000 0.000 0.000 1.000 0.000 0.000 0.000 0.000 0.000 -1.000 0.000 0.000 0.005 0.000 1.000]]
		[0.2666667 [0.000 1.000 0.000 0.000 1.000 0.000 0.000 0.000 0.000 0.000 -1.000 0.000 0.000 0.005 0.000 1.000]]
		[0.2833333 [0.000 1.000 0.000 0.000 1.000 0.000 0.000 0.000 0.000 0.000 -1.000 0.000 0.000 0.005 0.000 1.000]]
		[0.3 [0.000 1.000 0.000 0.000 1.000 0.000 0.000 0.000 0.000 0.000 -1.000 0.000 0.000 0.005 0.000 1.000]]
		[0.3166667 [0.000 1.000 0.000 0.000 1.000 0.000 0.000 0.000 0.000 0.000 -1.000 0.000 0.000 0.005 0.000 1.000]]
		[0.3333333 [0.000 1.000 0.000 0.000 1.000 0.000 0.000 0.000 0.000 0.000 -1.000 0.000 0.000 0.005 0.000 1.000]]
		[0.35 [0.000 1.000 0.000 0.000 1.000 0.000 0.000 0.000 0.000 0.000 -1.000 0.000 0.000 0.005 0.000 1.000]]
		[0.3666667 [0.000 1.000 0.000 0.000 1.000 0.000 0.000 0.000 0.000 0.000 -1.000 0.000 0.000 0.005 0.000 1.000]]
		[0.3833333 [0.000 1.000 0.000 0.000 1.000 0.000 0.000 0.000 0.000 0.000 -1.000 0.000 0.000 0.005 0.000 1.000]]
		[0.4 [0.000 1.000 0.000 0.000 1.000 0.000 0.000 0.000 0.000 0.000 -1.000 0.000 0.000 0.005 0.000 1.000]]
		[0.4166667 [0.000 1.000 0.000 0.000 1.000 0.000 0.000 0.000 0.000 0.000 -1.000 0.000 0.000 0.005 0.000 1.000]]
		[0.4333333 [0.000 1.000 0.000 0.000 1.000 0.000 0.000 0.000 0.000 0.000 -1.000 0.000 0.000 0.005 0.000 1.000]]
		[0.45 [0.000 1.000 0.000 0.000 1.000 0.000 0.000 0.000 0.000 0.000 -1.000 0.000 0.000 0.005 0.000 1.000]]
		[0.4666667 [0.000 1.000 0.000 0.000 1.000 0.000 0.000 0.000 0.000 0.000 -1.000 0.000 0.000 0.005 0.000 1.000]]
		[0.4833333 [0.000 1.000 0.000 0.000 1.000 0.000 0.000 0.000 0.000 0.000 -1.000 0.000 0.000 0.005 0.000 1.000]]
		[0.5 [0.000 1.000 0.000 0.000 1.000 0.000 0.000 0.000 0.000 0.000 -1.000 0.000 0.000 0.005 0.000 1.000]]
		[0.5166667 [-0.001 1.000 0.000 0.000 1.000 0.001 0.000 0.000 0.000 0.000 -1.000 0.000 0.000 0.005 0.000 1.000]]
		[0.5333334 [-0.001 1.000 0.000 0.000 1.000 0.001 0.000 0.000 0.000 0.000 -1.000 0.000 0.000 0.005 0.000 1.000]]
		[0.55 [-0.002 1.000 0.000 0.000 1.000 0.002 0.000 0.000 0.000 0.000 -1.000 0.000 0.000 0.005 0.000 1.000]]
		[0.5666667 [-0.003 1.000 0.000 0.000 1.000 0.003 0.000 0.000 0.000 0.000 -1.000 0.000 0.000 0.005 0.000 1.000]]
		[0.5833333 [-0.003 1.000 0.000 0.000 1.000 0.003 0.000 0.000 0.000 0.000 -1.000 0.000 0.000 0.005 0.000 1.000]]
		[0.6 [-0.004 1.000 0.000 0.000 1.000 0.004 0.000 0.000 0.000 0.000 -1.000 0.000 0.000 0.005 0.000 1.000]]
		[0.6166667 [-0.005 1.000 0.000 0.000 1.000 0.005 0.000 0.000 0.000 0.000 -1.000 0.000 0.000 0.005 0.000 1.000]]
		[0.6333333 [-0.006 1.000 0.000 0.000 1.000 0.006 0.000 0.000 0.000 0.000 -1.000 0.000 0.000 0.005 0.000 1.000]]
		[0.65 [-0.007 1.000 0.000 0.000 1.000 0.007 0.000 0.000 0.000 0.000 -1.000 0.000 0.000 0.005 0.000 1.000]]
		[0.6666667 [-0.008 1.000 0.000 0.000 1.000 0.008 0.000 0.000 0.000 0.000 -1.000 0.000 0.000 0.005 0.000 1.000]]
		[0.6833333 [-0.009 1.000 0.000 0.000 1.000 0.009 0.000 0.000 0.000 0.000 -1.000 0.000 0.000 0.005 0.000 1.000]]
		[0.7 [-0.010 1.000 0.000 0.000 1.000 0.010 0.000 0.000 0.000 0.000 -1.000 0.000 0.000 0.005 0.000 1.000]]
		[0.7166666 [-0.011 1.000 0.000 0.000 1.000 0.011 0.000 0.000 0.000 0.000 -1.000 0.000 0.000 0.005 0.000 1.000]]
		[0.7333333 [-0.012 1.000 0.000 0.000 1.000 0.012 0.000 0.000 0.000 0.000 -1.000 0.000 0.000 0.005 0.000 1.000]]
		[0.75 [-0.012 1.000 0.000 0.000 1.000 0.012 0.000 0.000 0.000 0.000 -1.000 0.000 0.000 0.005 0.000 1.000]]
		[0.7666667 [-0.013 1.000 0.000 0.000 1.000 0.013 0.000 0.000 0.000 0.000 -1.000 0.000 0.000 0.005 0.000 1.000]]
		[0.7833334 [-0.013 1.000 0.000 0.000 1.000 0.013 0.000 0.000 0.000 0.000 -1.000 0.000 0.000 0.005 0.000 1.000]]
		[0.8 [-0.014 1.000 0.000 0.000 1.000 0.014 0.000 0.000 0.000 0.000 -1.000 0.000 0.000 0.005 0.000 1.000]]
		[0.8166667 [-0.014 1.000 0.000 0.000 1.000 0.014 0.000 0.000 0.000 0.000 -1.000 0.000 0.000 0.005 0.000 1.000]]
		[0.8333333 [-0.014 1.000 0.000 0.000 1.000 0.014 0.000 0.000 0.000 0.000 -1.000 0.000 0.000 0.005 0.000 1.000]]
		[0.85 [-0.014 1.000 0.000 0.000 1.000 0.014 0.000 0.000 0.000 0.000 -1.000 0.000 0.000 0.005 0.000 1.000]]
		[0.8666667 [-0.013 1.000 0.000 0.000 1.000 0.013 0.000 0.000 0.000 0.000 -1.000 0.000 0.000 0.005 0.000 1.000]]
		[0.8833333 [-0.012 1.000 0.000 0.000 1.000 0.012 0.000 0.000 0.000 0.000 -1.000 0.000 0.000 0.005 0.000 1.000]]
		[0.9 [-0.012 1.000 0.000 0.000 1.000 0.012 0.000 0.000 0.000 0.000 -1.000 0.000 0.000 0.005 0.000 1.000]]
		[0.9166667 [-0.010 1.000 0.000 0.000 1.000 0.010 0.000 0.000 0.000 0.000 -1.000 0.000 0.000 0.005 0.000 1.000]]
		[0.9333333 [-0.009 1.000 0.000 0.000 1.000 0.009 0.000 0.000 0.000 0.000 -1.000 0.000 0.000 0.005 0.000 1.000]]
		[0.95 [-0.007 1.000 0.000 0.000 1.000 0.007 0.000 0.000 0.000 0.000 -1.000 0.000 0.000 0.005 0.000 1.000]]
		[0.9666666 [-0.005 1.000 0.000 0.000 1.000 0.005 0.000 0.000 0.000 0.000 -1.000 0.000 0.000 0.005 0.000 1.000]]
		[0.9833333 [-0.003 1.000 0.000 0.000 1.000 0.003 0.000 0.000 0.000 0.000 -1.000 0.000 0.000 0.005 0.000 1.000]]
	]
	"Koleno_P_end" [
		[0 [1.000 0.000 0.000 0.000 0.000 1.000 0.000 0.000 0.000 0.000 1.000 0.000 0.000 0.006 0.000 1.000]]
	]
	"Tors" [
		[0 [1.000 0.000 0.000 0.000 0.000 1.000 0.000 0.000 0.000 0.000 1.000 0.000 0.000 0.001 0.000 1.000]]
	]
	"Golova" [
		[0 [1.000 0.000 0.000 0.000 0.000 0.985 -0.174 0.000 0.000 0.174 0.985 0.000 0.000 0.006 0.000 1.000]]
	]
	"Golova_end" [
		[0 [1.000 0.000 0.000 0.000 0.000 1.000 0.000 0.000 0.000 0.000 1.000 0.000 0.000 0.003 0.000 1.000]]
	]
	"Kluchitsa_L" [
		[0 [0.000 0.000 1.000 0.000 1.000 0.000 0.000 0.000 0.000 1.000 0.000 0.000 0.000 0.005 0.000 1.000]]
	]
	"Kluchitsa_L_end" [
		[0 [1.000 0.000 0.000 0.000 0.000 1.000 0.000 0.000 0.000 0.000 1.000 0.000 0.000 0.003 0.000 1.000]]
	]
	"Kluchitsa_P" [
		[0 [0.000 0.000 -1.000 0.000 -1.000 0.000 0.000 0.000 0.000 1.000 0.000 0.000 0.000 0.005 0.000 1.000]]
	]
	"Kluchitsa_P_end" [
		[0 [1.000 0.000 0.000 0.000 0.000 1.000 0.000 0.000 0.000 0.000 1.000 0.000 0.000 0.003 0.000 1.000]]
	]
	"Ruka_L" [
		[0 [-0.500 0.000 0.866 0.000 0.557 -0.766 0.321 0.000 0.663 0.643 0.383 0.000 0.003 0.004 0.000 1.000]]
		[0.01666667 [-0.500 0.000 0.866 0.000 0.552 -0.770 0.319 0.000 0.667 0.638 0.385 0.000 0.003 0.004 0.000 1.000]]
		[0.03333334 [-0.501 0.000 0.866 0.000 0.548 -0.774 0.317 0.000 0.670 0.633 0.388 0.000 0.003 0.004 0.000 1.000]]
		[0.05 [-0.501 0.000 0.865 0.000 0.543 -0.779 0.314 0.000 0.674 0.627 0.391 0.000 0.003 0.004 0.000 1.000]]
		[0.06666667 [-0.502 0.000 0.865 0.000 0.537 -0.784 0.312 0.000 0.678 0.621 0.394 0.000 0.003 0.004 0.000 1.000]]
		[0.08333334 [-0.503 0.000 0.864 0.000 0.532 -0.788 0.310 0.000 0.681 0.615 0.397 0.000 0.003 0.004 0.000 1.000]]
		[0.1 [-0.505 0.000 0.863 0.000 0.526 -0.793 0.307 0.000 0.685 0.609 0.400 0.000 0.003 0.004 0.000 1.000]]
		[0.1166667 [-0.506 0.000 0.862 0.000 0.520 -0.798 0.305 0.000 0.688 0.603 0.404 0.000 0.003 0.004 0.000 1.000]]
		[0.1333333 [-0.508 0.000 0.862 0.000 0.514 -0.803 0.303 0.000 0.692 0.596 0.408 0.000 0.003 0.004 0.000 1.000]]
		[0.15 [-0.509 0.000 0.861 0.000 0.507 -0.808 0.300 0.000 0.695 0.590 0.411 0.000 0.003 0.004 0.000 1.000]]
		[0.1666667 [-0.511 0.000 0.860 0.000 0.501 -0.812 0.298 0.000 0.698 0.583 0.415 0.000 0.003 0.004 0.000 1.000]]
		[0.1833333 [-0.512 0.000 0.859 0.000 0.495 -0.817 0.295 0.000 0.702 0.576 0.419 0.000 0.003 0.004 0.000 1.000]]
		[0.2 [-0.514 0.000 0.858 0.000 0.489 -0.822 0.293 0.000 0.705 0.570 0.422 0.000 0.003 0.004 0.000 1.000]]
		[0.2166667 [-0.515 0.000 0.857 0.000 0.483 -0.826 0.290 0.000 0.708 0.563 0.426 0.000 0.003 0.004 0.000 1.000]]
		[0.2333333 [-0.516 0.000 0.856 0.000 0.477 -0.831 0.288 0.000 0.711 0.557 0.429 0.000 0.003 0.004 0.000 1.000]]
		[0.25 [-0.518 0.000 0.856 0.000 0.471 -0.835 0.285 0.000 0.714 0.550 0.432 0.000 0.003 0.004 0.000 1.000]]
		[0.2666667 [-0.518 0.000 0.855 0.000 0.465 -0.839 0.282 0.000 0.717 0.544 0.435 0.000 0.003 0.004 0.000 1.000]]
		[0.2833333 [-0.519 0.000 0.855 0.000 0.460 -0.843 0.279 0.000 0.720 0.538 0.437 0.000 0.003 0.004 0.000 1.000]]
		[0.3 [-0.519 0.000 0.855 0.000 0.455 -0.846 0.277 0.000 0.723 0.533 0.440 0.000 0.003 0.004 0.000 1.000]]
		[0.3166667 [-0.519 0.000 0.855 0.000 0.451 -0.850 0.274 0.000 0.726 0.527 0.441 0.000 0.003 0.004 0.000 1.000]]
		[0.3333333 [-0.519 0.000 0.855 0.000 0.446 -0.853 0.271 0.000 0.729 0.522 0.443 0.000 0.003 0.004 0.000 1.000]]
		[0.35 [-0.518 0.000 0.855 0.000 0.443 -0.856 0.268 0.000 0.732 0.518 0.444 0.000 0.003 0.004 0.000 1.000]]
		[0.3666667 [-0.517 0.000 0.856 0.000 0.439 -0.858 0.266 0.000 0.734 0.514 0.444 0.000 0.003 0.004 0.000 1.000]]
		[0.3833333 [-0.516 0.000 0.857 0.000 0.437 -0.860 0.263 0.000 0.737 0.510 0.444 0.000 0.003 0.004 0.000 1.000]]
		[0.4 [-0.514 0.000 0.858 0.000 0.435 -0.862 0.260 0.000 0.740 0.507 0.443 0.000 0.003 0.004 0.000 1.000]]
		[0.4166667 [-0.511 0.000 0.859 0.000 0.433 -0.864 0.258 0.000 0.742 0.504 0.442 0.000 0.003 0.004 0.000 1.000]]
		[0.4333333 [-0.508 0.000 0.861 0.000 0.432 -0.865 0.255 0.000 0.745 0.502 0.439 0.000 0.003 0.004 0.000 1.000]]
		[0.45 [-0.504 0.000 0.863 0.000 0.432 -0.866 0.253 0.000 0.747 0.501 0.437 0.000 0.003 0.004 0.000 1.000]]
		[0.4666667 [-0.500 0.000 0.866 0.000 0.433 -0.866 0.250 0.000 0.750 0.500 0.433 0.000 0.003 0.004 0.000 1.000]]
		[0.4833333 [-0.495 0.000 0.869 0.000 0.435 -0.866 0.247 0.000 0.753 0.500 0.428 0.000 0.003 0.004 0.000 1.000]]
		[0.5 [-0.488 0.000 0.873 0.000 0.437 -0.866 0.244 0.000 0.756 0.501 0.423 0.000 0.003 0.004 0.000 1.000]]
		[0.5166667 [-0.481 0.000 0.877 0.000 0.440 -0.865 0.241 0.000 0.759 0.502 0.416 0.000 0.003 0.004 0.000 1.000]]
		[0.5333334 [-0.472 0.000 0.882 0.000 0.444 -0.864 0.238 0.000 0.762 0.503 0.408 0.000 0.003 0.004 0.000 1.000]]
		[0.55 [-0.463 0.000 0.887 0.000 0.448 -0.863 0.234 0.000 0.765 0.505 0.399 0.000 0.003 0.004 0.000 1.000]]
		[0.5666667 [-0.452 0.000 0.892 0.000 0.453 -0.861 0.230 0.000 0.768 0.508 0.390 0.000 0.003 0.004 0.000 1.000]]
		[0.5833333 [-0.441 0.000 0.897 0.000 0.459 -0.859 0.226 0.000 0.771 0.511 0.379 0.000 0.003 0.004 0.000 1.000]]
		[0.6 [-0.430 0.000 0.903 0.000 0.465 -0.857 0.221 0.000 0.774 0.515 0.368 0.000 0.003 0.004 0.000 1.000]]
		[0.6166667 [-0.417 0.000 0.909 0.000 0.471 -0.855 0.216 0.000 0.777 0.519 0.357 0.000 0.003 0.004 0.000 1.000]]
		[0.6333333 [-0.404 0.000 0.915 0.000 0.478 -0.852 0.211 0.000 0.780 0.523 0.345 0.000 0.003 0.004 0.000 1.000]]
		[0.65 [-0.391 0.000 0.920 0.000 0.485 -0.850 0.206 0.000 0.782 0.527 0.332 0.000 0.003 0.004 0.000 1.000]]
		[0.6666667 [-0.377 0.000 0.926 0.000 0.493 -0.847 0.201 0.000 0.784 0.532 0.319 0.000 0.003 0.004 0.000 1.000]]
		[0.6833333 [-0.363 0.000 0.932 0.000 0.501 -0.843 0.195 0.000 0.786 0.537 0.306 0.000 0.003 0.004 0.000 1.000]]
		[0.7 [-0.349 0.000 0.937 0.000 0.508 -0.840 0.189 0.000 0.787 0.543 0.293 0.000 0.003 0.004 0.000 1.000]]
		[0.7166666 [-0.334 0.000 0.942 0.000 0.516 -0.836 0.183 0.000 0.788 0.548 0.280 0.000 0.003 0.004 0.000 1.000]]
		[0.7333333 [-0.320 0.000 0.947 0.000 0.525 -0.833 0.177 0.000 0.789 0.554 0.267 0.000 0.003 0.004 0.000 1.000]]
		[0.75 [-0.306 0.000 0.952 0.000 0.533 -0.829 0.171 0.000 0.789 0.559 0.253 0.000 0.003 0.004 0.000 1.000]]
		[0.7666667 [-0.292 0.000 0.956 0.000 0.541 -0.825 0.165 0.000 0.789 0.565 0.241 0.000 0.003 0.004 0.000 1.000]]
		[0.7833334 [-0.278 0.000 0.961 0.000 0.549 -0.821 0.159 0.000 0.788 0.571 0.228 0.000 0.003 0.004 0.000 1.000]]
		[0.8 [-0.265 0.000 0.964 0.000 0.557 -0.817 0.153 0.000 0.787 0.577 0.216 0.000 0.003 0.004 0.000 1.000]]
		[0.8166667 [-0.252 0.000 0.968 0.000 0.564 -0.812 0.147 0.000 0.786 0.583 0.205 0.000 0.003 0.004 0.000 1.000]]
		[0.8333333 [-0.240 0.000 0.971 0.000 0.572 -0.808 0.141 0.000 0.784 0.589 0.194 0.000 0.003 0.004 0.000 1.000]]
		[0.85 [-0.228 0.000 0.974 0.000 0.580 -0.804 0.136 0.000 0.782 0.595 0.183 0.000 0.003 0.004 0.000 1.000]]
		[0.8666667 [-0.218 0.000 0.976 0.000 0.587 -0.799 0.131 0.000 0.780 0.601 0.174 0.000 0.003 0.004 0.000 1.000]]
		[0.8833333 [-0.208 0.000 0.978 0.000 0.594 -0.795 0.126 0.000 0.777 0.607 0.165 0.000 0.003 0.004 0.000 1.000]]
		[0.9 [-0.199 0.000 0.980 0.000 0.600 -0.790 0.122 0.000 0.775 0.613 0.157 0.000 0.003 0.004 0.000 1.000]]
		[0.9166667 [-0.191 0.000 0.982 0.000 0.607 -0.786 0.118 0.000 0.772 0.618 0.150 0.000 0.003 0.004 0.000 1.000]]
		[0.9333333 [-0.185 0.000 0.983 0.000 0.613 -0.782 0.115 0.000 0.768 0.623 0.145 0.000 0.003 0.004 0.000 1.000]]
		[0.95 [-0.180 0.000 0.984 0.000 0.618 -0.778 0.113 0.000 0.765 0.629 0.140 0.000 0.003 0.004 0.000 1.000]]
		[0.9666666 [-0.176 0.000 0.984 0.000 0.624 -0.774 0.112 0.000 0.762 0.634 0.136 0.000 0.003 0.004 0.000 1.000]]
		[0.9833333 [-0.174 0.000 0.985 0.000 0.629 -0.770 0.111 0.000 0.758 0.638 0.134 0.000 0.003 0.004 0.000 1.000]]
	]
	"Lokot_L" [
		[0 [0.983 0.184 -0.001 0.000 -0.184 0.983 -0.011 0.000 -0.001 0.011 1.000 0.000 0.000 0.003 0.000 1.000]]
		[0.01666667 [0.983 0.184 -0.001 0.000 -0.184 0.983 -0.011 0.000 -0.001 0.011 1.000 0.000 0.000 0.003 0.000 1.000]]
		[0.03333334 [0.983 0.183 -0.001 0.000 -0.183 0.983 -0.011 0.000 -0.001 0.011 1.000 0.000 0.000 0.003 0.000 1.000]]
		[0.05 [0.983 0.183 -0.001 0.000 -0.183 0.983 -0.011 0.000 -0.001 0.011 1.000 0.000 0.000 0.003 0.000 1.000]]
		[0.06666667 [0.983 0.183 -0.001 0.000 -0.183 0.983 -0.011 0.000 -0.001 0.011 1.000 0.000 0.000 0.003 0.000 1.000]]
		[0.08333334 [0.983 0.182 -0.001 0.000 -0.182 0.983 -0.011 0.000 -0.001 0.011 1.000 0.000 0.000 0.003 0.000 1.000]]
		[0.1 [0.983 0.181 -0.001 0.000 -0.181 0.983 -0.011 0.000 -0.001 0.011 1.000 0.000 0.000 0.003 0.000 1.000]]
		[0.1166667 [0.984 0.180 -0.001 0.000 -0.180 0.984 -0.012 0.000 -0.001 0.011 1.000 0.000 0.000 0.003 0.000 1.000]]
		[0.1333333 [0.984 0.180 -0.001 0.000 -0.180 0.984 -0.012 0.000 -0.001 0.012 1.000 0.000 0.000 0.003 0.000 1.000]]
		[0.15 [0.984 0.179 -0.001 0.000 -0.179 0.984 -0.012 0.000 -0.001 0.012 1.000 0.000 0.000 0.003 0.000 1.000]]
		[0.1666667 [0.984 0.178 -0.001 0.000 -0.178 0.984 -0.012 0.000 -0.001 0.012 1.000 0.000 0.000 0.003 0.000 1.000]]
		[0.1833333 [0.984 0.177 -0.001 0.000 -0.177 0.984 -0.012 0.000 -0.001 0.012 1.000 0.000 0.000 0.003 0.000 1.000]]
		[0.2 [0.984 0.176 -0.001 0.000 -0.176 0.984 -0.012 0.000 -0.001 0.012 1.000 0.000 0.000 0.003 0.000 1.000]]
		[0.2166667 [0.984 0.176 -0.001 0.000 -0.176 0.984 -0.012 0.000 -0.001 0.012 1.000 0.000 0.000 0.003 0.000 1.000]]
		[0.2333333 [0.985 0.175 -0.001 0.000 -0.175 0.985 -0.012 0.000 -0.001 0.012 1.000 0.000 0.000 0.003 0.000 1.000]]
		[0.25 [0.985 0.174 -0.001 0.000 -0.174 0.985 -0.012 0.000 -0.001 0.012 1.000 0.000 0.000 0.003 0.000 1.000]]
		[0.2666667 [0.985 0.174 -0.001 0.000 -0.174 0.985 -0.012 0.000 -0.001 0.012 1.000 0.000 0.000 0.003 0.000 1.000]]
		[0.2833333 [0.985 0.174 -0.001 0.000 -0.174 0.985 -0.012 0.000 -0.001 0.012 1.000 0.000 0.000 0.003 0.000 1.000]]
		[0.3 [0.985 0.173 -0.001 0.000 -0.173 0.985 -0.012 0.000 -0.001 0.012 1.000 0.000 0.000 0.003 0.000 1.000]]
		[0.3166667 [0.985 0.173 -0.001 0.000 -0.173 0.985 -0.012 0.000 -0.001 0.012 1.000 0.000 0.000 0.003 0.000 1.000]]
		[0.3333333 [0.985 0.173 -0.001 0.000 -0.173 0.985 -0.012 0.000 -0.001 0.012 1.000 0.000 0.000 0.003 0.000 1.000]]
		[0.35 [0.985 0.174 -0.001 0.000 -0.174 0.985 -0.012 0.000 -0.001 0.012 1.000 0.000 0.000 0.003 0.000 1.000]]
		[0.3666667 [0.985 0.174 -0.001 0.000 -0.174 0.985 -0.012 0.000 -0.001 0.012 1.000 0.000 0.000 0.003 0.000 1.000]]
		[0.3833333 [0.985 0.175 -0.001 0.000 -0.175 0.984 -0.012 0.000 -0.001 0.012 1.000 0.000 0.000 0.003 0.000 1.000]]
		[0.4 [0.984 0.176 -0.001 0.000 -0.176 0.984 -0.012 0.000 -0.001 0.012 1.000 0.000 0.000 0.003 0.000 1.000]]
		[0.4166667 [0.984 0.178 -0.001 0.000 -0.178 0.984 -0.012 0.000 -0.001 0.012 1.000 0.000 0.000 0.003 0.000 1.000]]
		[0.4333333 [0.984 0.179 -0.001 0.000 -0.179 0.984 -0.012 0.000 -0.001 0.012 1.000 0.000 0.000 0.003 0.000 1.000]]
		[0.45 [0.983 0.181 -0.001 0.000 -0.181 0.983 -0.011 0.000 -0.001 0.011 1.000 0.000 0.000 0.003 0.000 1.000]]
		[0.4666667 [0.983 0.184 -0.001 0.000 -0.184 0.983 -0.011 0.000 -0.001 0.011 1.000 0.000 0.000 0.003 0.000 1.000]]
		[0.4833333 [0.982 0.187 -0.001 0.000 -0.187 0.982 -0.011 0.000 -0.001 0.011 1.000 0.000 0.000 0.003 0.000 1.000]]
		[0.5 [0.982 0.190 -0.001 0.000 -0.190 0.982 -0.011 0.000 -0.001 0.011 1.000 0.000 0.000 0.003 0.000 1.000]]
		[0.5166667 [0.981 0.194 -0.001 0.000 -0.194 0.981 -0.011 0.000 -0.001 0.011 1.000 0.000 0.000 0.003 0.000 1.000]]
		[0.5333334 [0.980 0.198 -0.001 0.000 -0.198 0.980 -0.010 0.000 -0.001 0.010 1.000 0.000 0.000 0.003 0.000 1.000]]
		[0.55 [0.979 0.203 -0.001 0.000 -0.203 0.979 -0.010 0.000 -0.001 0.010 1.000 0.000 0.000 0.003 0.000 1.000]]
		[0.5666667 [0.978 0.209 -0.001 0.000 -0.209 0.978 -0.010 0.000 -0.001 0.009 1.000 0.000 0.000 0.003 0.000 1.000]]
		[0.5833333 [0.977 0.214 -0.001 0.000 -0.214 0.977 -0.009 0.000 -0.001 0.009 1.000 0.000 0.000 0.003 0.000 1.000]]
		[0.6 [0.975 0.220 -0.001 0.000 -0.220 0.975 -0.009 0.000 -0.001 0.009 1.000 0.000 0.000 0.003 0.000 1.000]]
		[0.6166667 [0.974 0.227 -0.001 0.000 -0.227 0.974 -0.008 0.000 -0.001 0.008 1.000 0.000 0.000 0.003 0.000 1.000]]
		[0.6333333 [0.972 0.233 -0.001 0.000 -0.233 0.972 -0.008 0.000 -0.001 0.008 1.000 0.000 0.000 0.003 0.000 1.000]]
		[0.65 [0.971 0.240 -0.001 0.000 -0.240 0.971 -0.007 0.000 -0.001 0.007 1.000 0.000 0.000 0.003 0.000 1.000]]
		[0.6666667 [0.969 0.247 -0.001 0.000 -0.247 0.969 -0.007 0.000 -0.001 0.007 1.000 0.000 0.000 0.003 0.000 1.000]]
		[0.6833333 [0.967 0.254 -0.001 0.000 -0.254 0.967 -0.006 0.000 -0.001 0.006 1.000 0.000 0.000 0.003 0.000 1.000]]
		[0.7 [0.965 0.261 -0.001 0.000 -0.261 0.965 -0.006 0.000 -0.001 0.006 1.000 0.000 0.000 0.003 0.000 1.000]]
		[0.7166666 [0.964 0.267 -0.001 0.000 -0.267 0.964 -0.005 0.000 -0.001 0.005 1.000 0.000 0.000 0.003 0.000 1.000]]
		[0.7333333 [0.962 0.274 -0.001 0.000 -0.274 0.962 -0.005 0.000 -0.001 0.005 1.000 0.000 0.000 0.003 0.000 1.000]]
		[0.75 [0.960 0.281 -0.001 0.000 -0.281 0.960 -0.004 0.000 0.000 0.004 1.000 0.000 0.000 0.003 0.000 1.000]]
		[0.7666667 [0.958 0.288 -0.001 0.000 -0.288 0.958 -0.004 0.000 0.000 0.004 1.000 0.000 0.000 0.003 0.000 1.000]]
		[0.7833334 [0.956 0.294 -0.001 0.000 -0.294 0.956 -0.003 0.000 0.000 0.003 1.000 0.000 0.000 0.003 0.000 1.000]]
		[0.8 [0.954 0.300 -0.001 0.000 -0.300 0.954 -0.003 0.000 0.000 0.003 1.000 0.000 0.000 0.003 0.000 1.000]]
		[0.8166667 [0.952 0.306 -0.001 0.000 -0.306 0.952 -0.003 0.000 0.000 0.003 1.000 0.000 0.000 0.003 0.000 1.000]]
		[0.8333333 [0.950 0.312 0.000 0.000 -0.312 0.950 -0.002 0.000 0.000 0.002 1.000 0.000 0.000 0.003 0.000 1.000]]
		[0.85 [0.948 0.317 0.000 0.000 -0.317 0.948 -0.002 0.000 0.000 0.002 1.000 0.000 0.000 0.003 0.000 1.000]]
		[0.8666667 [0.947 0.322 0.000 0.000 -0.322 0.947 -0.001 0.000 0.000 0.001 1.000 0.000 0.000 0.003 0.000 1.000]]
		[0.8833333 [0.945 0.327 0.000 0.000 -0.327 0.945 -0.001 0.000 0.000 0.001 1.000 0.000 0.000 0.003 0.000 1.000]]
		[0.9 [0.944 0.331 0.000 0.000 -0.331 0.944 -0.001 0.000 0.000 0.001 1.000 0.000 0.000 0.003 0.000 1.000]]
		[0.9166667 [0.943 0.334 0.000 0.000 -0.334 0.943 -0.001 0.000 0.000 0.001 1.000 0.000 0.000 0.003 0.000 1.000]]
		[0.9333333 [0.942 0.337 0.000 0.000 -0.337 0.942 0.000 0.000 0.000 0.000 1.000 0.000 0.000 0.003 0.000 1.000]]
		[0.95 [0.941 0.339 0.000 0.000 -0.339 0.941 0.000 0.000 0.000 0.000 1.000 0.000 0.000 0.003 0.000 1.000]]
		[0.9666666 [0.940 0.341 0.000 0.000 -0.341 0.940 0.000 0.000 0.000 0.000 1.000 0.000 0.000 0.003 0.000 1.000]]
		[0.9833333 [0.940 0.342 0.000 0.000 -0.342 0.940 0.000 0.000 0.000 0.000 1.000 0.000 0.000 0.003 0.000 1.000]]
	]
	"Lokot_L_end" [
		[0 [1.000 0.000 0.000 0.000 0.000 1.000 0.000 0.000 0.000 0.000 1.000 0.000 0.000 0.005 0.000 1.000]]
	]
	"Ruka_P" [
		[0 [0.500 0.000 0.866 0.000 -0.557 -0.766 0.321 0.000 0.663 -0.643 -0.383 0.000 -0.003 0.004 0.000 1.000]]
		[0.01666667 [0.500 0.000 0.866 0.000 -0.552 -0.770 0.319 0.000 0.667 -0.638 -0.385 0.000 -0.003 0.004 0.000 1.000]]
		[0.03333334 [0.501 0.000 0.866 0.000 -0.548 -0.774 0.317 0.000 0.670 -0.633 -0.388 0.000 -0.003 0.004 0.000 1.000]]
		[0.05 [0.501 0.000 0.865 0.000 -0.543 -0.779 0.314 0.000 0.674 -0.627 -0.391 0.000 -0.003 0.004 0.000 1.000]]
		[0.06666667 [0.502 0.000 0.865 0.000 -0.537 -0.784 0.312 0.000 0.678 -0.621 -0.394 0.000 -0.003 0.004 0.000 1.000]]
		[0.08333334 [0.503 0.000 0.864 0.000 -0.532 -0.788 0.310 0.000 0.681 -0.615 -0.397 0.000 -0.003 0.004 0.000 1.000]]
		[0.1 [0.505 0.000 0.863 0.000 -0.526 -0.793 0.307 0.000 0.685 -0.609 -0.400 0.000 -0.003 0.004 0.000 1.000]]
		[0.1166667 [0.506 0.000 0.862 0.000 -0.520 -0.798 0.305 0.000 0.688 -0.603 -0.404 0.000 -0.003 0.004 0.000 1.000]]
		[0.1333333 [0.508 0.000 0.862 0.000 -0.514 -0.803 0.303 0.000 0.692 -0.596 -0.408 0.000 -0.003 0.004 0.000 1.000]]
		[0.15 [0.509 0.000 0.861 0.000 -0.507 -0.808 0.300 0.000 0.695 -0.590 -0.411 0.000 -0.003 0.004 0.000 1.000]]
		[0.1666667 [0.511 0.000 0.860 0.000 -0.501 -0.812 0.298 0.000 0.698 -0.583 -0.415 0.000 -0.003 0.004 0.000 1.000]]
		[0.1833333 [0.512 0.000 0.859 0.000 -0.495 -0.817 0.295 0.000 0.702 -0.576 -0.419 0.000 -0.003 0.004 0.000 1.000]]
		[0.2 [0.514 0.000 0.858 0.000 -0.489 -0.822 0.293 0.000 0.705 -0.570 -0.422 0.000 -0.003 0.004 0.000 1.000]]
		[0.2166667 [0.515 0.000 0.857 0.000 -0.483 -0.826 0.290 0.000 0.708 -0.563 -0.426 0.000 -0.003 0.004 0.000 1.000]]
		[0.2333333 [0.516 0.000 0.856 0.000 -0.477 -0.831 0.288 0.000 0.711 -0.557 -0.429 0.000 -0.003 0.004 0.000 1.000]]
		[0.25 [0.518 0.000 0.856 0.000 -0.471 -0.835 0.285 0.000 0.714 -0.550 -0.432 0.000 -0.003 0.004 0.000 1.000]]
		[0.2666667 [0.518 0.000 0.855 0.000 -0.465 -0.839 0.282 0.000 0.717 -0.544 -0.435 0.000 -0.003 0.004 0.000 1.000]]
		[0.2833333 [0.519 0.000 0.855 0.000 -0.460 -0.843 0.279 0.000 0.720 -0.538 -0.437 0.000 -0.003 0.004 0.000 1.000]]
		[0.3 [0.519 0.000 0.855 0.000 -0.455 -0.846 0.277 0.000 0.723 -0.533 -0.440 0.000 -0.003 0.004 0.000 1.000]]
		[0.3166667 [0.519 0.000 0.855 0.000 -0.451 -0.850 0.274 0.000 0.726 -0.527 -0.441 0.000 -0.003 0.004 0.000 1.000]]
		[0.3333333 [0.519 0.000 0.855 0.000 -0.446 -0.853 0.271 0.000 0.729 -0.522 -0.443 0.000 -0.003 0.004 0.000 1.000]]
		[0.35 [0.518 0.000 0.855 0.000 -0.443 -0.856 0.268 0.000 0.732 -0.518 -0.444 0.000 -0.003 0.004 0.000 1.000]]
		[0.3666667 [0.517 0.000 0.856 0.000 -0.439 -0.858 0.266 0.000 0.734 -0.514 -0.444 0.000 -0.003 0.004 0.000 1.000]]
		[0.3833333 [0.516 0.000 0.857 0.000 -0.437 -0.860 0.263 0.000 0.737 -0.510 -0.444 0.000 -0.003 0.004 0.000 1.000]]
		[0.4 [0.514 0.000 0.858 0.000 -0.435 -0.862 0.260 0.000 0.740 -0.507 -0.443 0.000 -0.003 0.004 0.000 1.000]]
		[0.4166667 [0.511 0.000 0.859 0.000 -0.433 -0.864 0.258 0.000 0.742 -0.504 -0.442 0.000 -0.003 0.004 0.000 1.000]]
		[0.4333333 [0.508 0.000 0.861 0.000 -0.432 -0.865 0.255 0.000 0.745 -0.502 -0.439 0.000 -0.003 0.004 0.000 1.000]]
		[0.45 [0.504 0.000 0.863 0.000 -0.432 -0.866 0.253 0.000 0.747 -0.501 -0.437 0.000 -0.003 0.004 0.000 1.000]]
		[0.4666667 [0.500 0.000 0.866 0.000 -0.433 -0.866 0.250 0.000 0.750 -0.500 -0.433 0.000 -0.003 0.004 0.000 1.000]]
		[0.4833333 [0.495 0.000 0.869 0.000 -0.435 -0.866 0.247 0.000 0.753 -0.500 -0.428 0.000 -0.003 0.004 0.000 1.000]]
		[0.5 [0.488 0.000 0.873 0.000 -0.437 -0.866 0.244 0.000 0.756 -0.501 -0.423 0.000 -0.003 0.004 0.000 1.000]]
		[0.5166667 [0.481 0.000 0.877 0.000 -0.440 -0.865 0.241 0.000 0.759 -0.502 -0.416 0.000 -0.003 0.004 0.000 1.000]]
		[0.5333334 [0.472 0.000 0.882 0.000 -0.444 -0.864 0.238 0.000 0.762 -0.503 -0.408 0.000 -0.003 0.004 0.000 1.000]]
		[0.55 [0.463 0.000 0.887 0.000 -0.448 -0.863 0.234 0.000 0.765 -0.505 -0.399 0.000 -0.003 0.004 0.000 1.000]]
		[0.5666667 [0.452 0.000 0.892 0.000 -0.453 -0.861 0.230 0.000 0.768 -0.508 -0.390 0.000 -0.003 0.004 0.000 1.000]]
		[0.5833333 [0.441 0.000 0.897 0.000 -0.459 -0.859 0.226 0.000 0.771 -0.511 -0.379 0.000 -0.003 0.004 0.000 1.000]]
		[0.6 [0.430 0.000 0.903 0.000 -0.465 -0.857 0.221 0.000 0.774 -0.515 -0.368 0.000 -0.003 0.004 0.000 1.000]]
		[0.6166667 [0.417 0.000 0.909 0.000 -0.471 -0.855 0.216 0.000 0.777 -0.519 -0.357 0.000 -0.003 0.004 0.000 1.000]]
