{ :name "Idle" :length 2 :bones { 
	"Armature" [
		[0 [1.000 0.000 0.000 0.000 0.000 1.000 0.000 0.000 0.000 0.000 1.000 0.000 0.000 0.000 0.000 1.000]]
	]
	"Skelet" [
		[0 [1.000 0.000 0.000 0.000 0.000 1.000 0.000 0.000 0.000 0.000 1.000 0.000 0.000 0.001 0.000 1.000]]
		[0.01666667 [1.000 0.000 0.000 0.000 0.000 1.000 0.000 0.000 0.000 0.000 1.000 0.000 0.000 0.001 0.000 1.000]]
		[0.03333334 [1.000 0.000 0.000 0.000 0.000 1.000 0.000 0.000 0.000 0.000 1.000 0.000 0.000 0.001 0.000 1.000]]
		[0.05 [1.000 0.000 0.000 0.000 0.000 1.000 0.000 0.000 0.000 0.000 1.000 0.000 0.000 0.001 0.000 1.000]]
		[0.06666667 [1.000 0.000 0.000 0.000 0.000 1.000 0.000 0.000 0.000 0.000 1.000 0.000 0.000 0.001 0.000 1.000]]
		[0.08333334 [1.000 0.000 0.000 0.000 0.000 1.000 0.000 0.000 0.000 0.000 1.000 0.000 0.000 0.001 0.000 1.000]]
		[0.1 [1.000 0.000 0.000 0.000 0.000 1.000 0.000 0.000 0.000 0.000 1.000 0.000 0.000 0.001 0.000 1.000]]
		[0.1166667 [1.000 0.000 0.000 0.000 0.000 1.000 0.000 0.000 0.000 0.000 1.000 0.000 0.000 0.001 0.000 1.000]]
		[0.1333333 [1.000 0.000 0.000 0.000 0.000 1.000 0.000 0.000 0.000 0.000 1.000 0.000 0.000 0.001 0.000 1.000]]
		[0.15 [1.000 0.000 0.000 0.000 0.000 1.000 0.000 0.000 0.000 0.000 1.000 0.000 0.000 0.001 0.000 1.000]]
		[0.1666667 [1.000 0.000 0.000 0.000 0.000 1.000 0.000 0.000 0.000 0.000 1.000 0.000 0.000 0.001 0.000 1.000]]
		[0.1833333 [1.000 0.000 0.000 0.000 0.000 1.000 0.000 0.000 0.000 0.000 1.000 0.000 0.000 0.001 0.000 1.000]]
		[0.2 [1.000 0.000 0.000 0.000 0.000 1.000 0.000 0.000 0.000 0.000 1.000 0.000 0.000 0.001 0.000 1.000]]
		[0.2166667 [1.000 0.000 0.000 0.000 0.000 1.000 0.000 0.000 0.000 0.000 1.000 0.000 0.000 0.002 0.000 1.000]]
		[0.2333333 [1.000 0.000 0.000 0.000 0.000 1.000 0.000 0.000 0.000 0.000 1.000 0.000 0.000 0.002 0.000 1.000]]
		[0.25 [1.000 0.000 0.000 0.000 0.000 1.000 0.000 0.000 0.000 0.000 1.000 0.000 0.000 0.002 0.000 1.000]]
		[0.2666667 [1.000 0.000 0.000 0.000 0.000 1.000 0.000 0.000 0.000 0.000 1.000 0.000 0.000 0.002 0.000 1.000]]
		[0.2833333 [1.000 0.000 0.000 0.000 0.000 1.000 0.000 0.000 0.000 0.000 1.000 0.000 0.000 0.002 0.000 1.000]]
		[0.3 [1.000 0.000 0.000 0.000 0.000 1.000 0.000 0.000 0.000 0.000 1.000 0.000 0.000 0.002 0.000 1.000]]
		[0.3166667 [1.000 0.000 0.000 0.000 0.000 1.000 0.000 0.000 0.000 0.000 1.000 0.000 0.000 0.002 0.000 1.000]]
		[0.3333333 [1.000 0.000 0.000 0.000 0.000 1.000 0.000 0.000 0.000 0.000 1.000 0.000 0.000 0.002 0.000 1.000]]
		[0.35 [1.000 0.000 0.000 0.000 0.000 1.000 0.000 0.000 0.000 0.000 1.000 0.000 0.000 0.002 0.000 1.000]]
		[0.3666667 [1.000 0.000 0.000 0.000 0.000 1.000 0.000 0.000 0.000 0.000 1.000 0.000 0.000 0.002 0.000 1.000]]
		[0.3833333 [1.000 0.000 0.000 0.000 0.000 1.000 0.000 0.000 0.000 0.000 1.000 0.000 0.000 0.002 0.000 1.000]]
		[0.4 [1.000 0.000 0.000 0.000 0.000 1.000 0.000 0.000 0.000 0.000 1.000 0.000 0.000 0.002 0.000 1.000]]
		[0.4166667 [1.000 0.000 0.000 0.000 0.000 1.000 0.000 0.000 0.000 0.000 1.000 0.000 0.000 0.002 0.000 1.000]]
		[0.4333333 [1.000 0.000 0.000 0.000 0.000 1.000 0.000 0.000 0.000 0.000 1.000 0.000 0.000 0.002 0.000 1.000]]
		[0.45 [1.000 0.000 0.000 0.000 0.000 1.000 0.000 0.000 0.000 0.000 1.000 0.000 0.000 0.002 0.000 1.000]]
		[0.4666667 [1.000 0.000 0.000 0.000 0.000 1.000 0.000 0.000 0.000 0.000 1.000 0.000 0.000 0.002 0.000 1.000]]
		[0.4833333 [1.000 0.000 0.000 0.000 0.000 1.000 0.000 0.000 0.000 0.000 1.000 0.000 0.000 0.002 0.000 1.000]]
		[0.5 [1.000 0.000 0.000 0.000 0.000 1.000 0.000 0.000 0.000 0.000 1.000 0.000 0.000 0.002 0.000 1.000]]
		[0.5166667 [1.000 0.000 0.000 0.000 0.000 1.000 0.000 0.000 0.000 0.000 1.000 0.000 0.000 0.002 0.000 1.000]]
		[0.5333334 [1.000 0.000 0.000 0.000 0.000 1.000 0.000 0.000 0.000 0.000 1.000 0.000 0.000 0.002 0.000 1.000]]
		[0.55 [1.000 0.000 0.000 0.000 0.000 1.000 0.000 0.000 0.000 0.000 1.000 0.000 0.000 0.002 0.000 1.000]]
		[0.5666667 [1.000 0.000 0.000 0.000 0.000 1.000 0.000 0.000 0.000 0.000 1.000 0.000 0.000 0.002 0.000 1.000]]
		[0.5833333 [1.000 0.000 0.000 0.000 0.000 1.000 0.000 0.000 0.000 0.000 1.000 0.000 0.000 0.002 0.000 1.000]]
		[0.6 [1.000 0.000 0.000 0.000 0.000 1.000 0.000 0.000 0.000 0.000 1.000 0.000 0.000 0.002 0.000 1.000]]
		[0.6166667 [1.000 0.000 0.000 0.000 0.000 1.000 0.000 0.000 0.000 0.000 1.000 0.000 0.000 0.002 0.000 1.000]]
		[0.6333333 [1.000 0.000 0.000 0.000 0.000 1.000 0.000 0.000 0.000 0.000 1.000 0.000 0.000 0.002 0.000 1.000]]
		[0.65 [1.000 0.000 0.000 0.000 0.000 1.000 0.000 0.000 0.000 0.000 1.000 0.000 0.000 0.002 0.000 1.000]]
		[0.6666667 [1.000 0.000 0.000 0.000 0.000 1.000 0.000 0.000 0.000 0.000 1.000 0.000 0.000 0.002 0.000 1.000]]
		[0.6833333 [1.000 0.000 0.000 0.000 0.000 1.000 0.000 0.000 0.000 0.000 1.000 0.000 0.000 0.002 0.000 1.000]]
		[0.7 [1.000 0.000 0.000 0.000 0.000 1.000 0.000 0.000 0.000 0.000 1.000 0.000 0.000 0.002 0.000 1.000]]
		[0.7166666 [1.000 0.000 0.000 0.000 0.000 1.000 0.000 0.000 0.000 0.000 1.000 0.000 0.000 0.002 0.000 1.000]]
		[0.7333333 [1.000 0.000 0.000 0.000 0.000 1.000 0.000 0.000 0.000 0.000 1.000 0.000 0.000 0.002 0.000 1.000]]
		[0.75 [1.000 0.000 0.000 0.000 0.000 1.000 0.000 0.000 0.000 0.000 1.000 0.000 0.000 0.002 0.000 1.000]]
		[0.7666667 [1.000 0.000 0.000 0.000 0.000 1.000 0.000 0.000 0.000 0.000 1.000 0.000 0.000 0.002 0.000 1.000]]
		[0.7833334 [1.000 0.000 0.000 0.000 0.000 1.000 0.000 0.000 0.000 0.000 1.000 0.000 0.000 0.002 0.000 1.000]]
		[0.8 [1.000 0.000 0.000 0.000 0.000 1.000 0.000 0.000 0.000 0.000 1.000 0.000 0.000 0.002 0.000 1.000]]
		[0.8166667 [1.000 0.000 0.000 0.000 0.000 1.000 0.000 0.000 0.000 0.000 1.000 0.000 0.000 0.002 0.000 1.000]]
		[0.8333333 [1.000 0.000 0.000 0.000 0.000 1.000 0.000 0.000 0.000 0.000 1.000 0.000 0.000 0.002 0.000 1.000]]
		[0.85 [1.000 0.000 0.000 0.000 0.000 1.000 0.000 0.000 0.000 0.000 1.000 0.000 0.000 0.002 0.000 1.000]]
		[0.8666667 [1.000 0.000 0.000 0.000 0.000 1.000 0.000 0.000 0.000 0.000 1.000 0.000 0.000 0.002 0.000 1.000]]
		[0.8833333 [1.000 0.000 0.000 0.000 0.000 1.000 0.000 0.000 0.000 0.000 1.000 0.000 0.000 0.002 0.000 1.000]]
		[0.9 [1.000 0.000 0.000 0.000 0.000 1.000 0.000 0.000 0.000 0.000 1.000 0.000 0.000 0.002 0.000 1.000]]
		[0.9166667 [1.000 0.000 0.000 0.000 0.000 1.000 0.000 0.000 0.000 0.000 1.000 0.000 0.000 0.002 0.000 1.000]]
		[0.9333333 [1.000 0.000 0.000 0.000 0.000 1.000 0.000 0.000 0.000 0.000 1.000 0.000 0.000 0.002 0.000 1.000]]
		[0.95 [1.000 0.000 0.000 0.000 0.000 1.000 0.000 0.000 0.000 0.000 1.000 0.000 0.000 0.002 0.000 1.000]]
		[0.9666666 [1.000 0.000 0.000 0.000 0.000 1.000 0.000 0.000 0.000 0.000 1.000 0.000 0.000 0.002 0.000 1.000]]
		[0.9833333 [1.000 0.000 0.000 0.000 0.000 1.000 0.000 0.000 0.000 0.000 1.000 0.000 0.000 0.002 0.000 1.000]]
	]
	"Bedro_L" [
		[0 [0.962 0.271 -0.009 0.000 -0.271 0.962 -0.025 0.000 0.002 0.027 1.000 0.000 0.000 0.000 0.000 1.000]]
	]
	"Koleno_L" [
		[0 [0.850 0.527 0.001 0.000 -0.527 0.850 -0.001 0.000 -0.001 0.000 1.000 0.000 0.000 0.000 0.000 1.000]]
		[0.01666667 [0.853 0.522 0.001 0.000 -0.522 0.853 -0.001 0.000 -0.001 0.000 1.000 0.000 0.000 0.000 0.000 1.000]]
		[0.03333334 [0.857 0.516 0.001 0.000 -0.516 0.857 -0.001 0.000 -0.001 0.000 1.000 0.000 0.000 0.000 0.000 1.000]]
		[0.05 [0.860 0.510 0.001 0.000 -0.510 0.860 -0.001 0.000 -0.001 0.000 1.000 0.000 0.000 0.000 0.000 1.000]]
		[0.06666667 [0.864 0.504 0.001 0.000 -0.504 0.864 -0.001 0.000 -0.001 0.000 1.000 0.000 0.000 0.000 0.000 1.000]]
		[0.08333334 [0.868 0.497 0.001 0.000 -0.497 0.868 -0.001 0.000 -0.001 0.000 1.000 0.000 0.000 0.000 0.000 1.000]]
		[0.1 [0.872 0.490 0.001 0.000 -0.490 0.872 0.000 0.000 -0.001 0.000 1.000 0.000 0.000 0.000 0.000 1.000]]
		[0.1166667 [0.876 0.483 0.001 0.000 -0.483 0.876 0.000 0.000 -0.001 0.000 1.000 0.000 0.000 0.000 0.000 1.000]]
		[0.1333333 [0.879 0.476 0.001 0.000 -0.476 0.879 0.000 0.000 -0.001 0.000 1.000 0.000 0.000 0.000 0.000 1.000]]
		[0.15 [0.883 0.469 0.001 0.000 -0.469 0.883 0.000 0.000 -0.001 0.000 1.000 0.000 0.000 0.000 0.000 1.000]]
		[0.1666667 [0.887 0.462 0.001 0.000 -0.462 0.887 0.000 0.000 -0.001 0.000 1.000 0.000 0.000 0.000 0.000 1.000]]
		[0.1833333 [0.891 0.454 0.001 0.000 -0.454 0.891 0.000 0.000 -0.001 0.000 1.000 0.000 0.000 0.000 0.000 1.000]]
		[0.2 [0.894 0.447 0.001 0.000 -0.447 0.894 0.000 0.000 -0.001 0.000 1.000 0.000 0.000 0.000 0.000 1.000]]
		[0.2166667 [0.898 0.440 0.001 0.000 -0.440 0.898 0.000 0.000 -0.001 0.000 1.000 0.000 0.000 0.000 0.000 1.000]]
		[0.2333333 [0.901 0.433 0.001 0.000 -0.433 0.901 0.000 0.000 -0.001 0.000 1.000 0.000 0.000 0.000 0.000 1.000]]
		[0.25 [0.905 0.426 0.001 0.000 -0.426 0.905 0.000 0.000 -0.001 0.000 1.000 0.000 0.000 0.000 0.000 1.000]]
		[0.2666667 [0.908 0.420 0.001 0.000 -0.420 0.908 0.000 0.000 -0.001 0.000 1.000 0.000 0.000 0.000 0.000 1.000]]
		[0.2833333 [0.911 0.413 0.001 0.000 -0.413 0.911 0.000 0.000 -0.001 0.000 1.000 0.000 0.000 0.000 0.000 1.000]]
		[0.3 [0.913 0.407 0.001 0.000 -0.407 0.913 0.000 0.000 -0.001 0.000 1.000 0.000 0.000 0.000 0.000 1.000]]
		[0.3166667 [0.916 0.401 0.001 0.000 -0.401 0.916 0.000 0.000 -0.001 0.000 1.000 0.000 0.000 0.000 0.000 1.000]]
		[0.3333333 [0.918 0.396 0.001 0.000 -0.396 0.918 0.000 0.000 -0.001 0.000 1.000 0.000 0.000 0.000 0.000 1.000]]
		[0.35 [0.920 0.391 0.001 0.000 -0.391 0.920 0.000 0.000 -0.001 0.000 1.000 0.000 0.000 0.000 0.000 1.000]]
		[0.3666667 [0.922 0.386 0.001 0.000 -0.386 0.922 0.000 0.000 -0.001 0.000 1.000 0.000 0.000 0.000 0.000 1.000]]
		[0.3833333 [0.924 0.382 0.001 0.000 -0.382 0.924 0.000 0.000 -0.001 0.000 1.000 0.000 0.000 0.000 0.000 1.000]]
		[0.4 [0.925 0.379 0.001 0.000 -0.379 0.925 0.000 0.000 -0.001 0.000 1.000 0.000 0.000 0.000 0.000 1.000]]
		[0.4166667 [0.927 0.376 0.001 0.000 -0.376 0.927 0.000 0.000 -0.001 0.000 1.000 0.000 0.000 0.000 0.000 1.000]]
		[0.4333333 [0.927 0.374 0.001 0.000 -0.374 0.927 0.000 0.000 -0.001 0.000 1.000 0.000 0.000 0.000 0.000 1.000]]
		[0.45 [0.928 0.373 0.001 0.000 -0.373 0.928 0.000 0.000 -0.001 0.000 1.000 0.000 0.000 0.000 0.000 1.000]]
		[0.4666667 [0.928 0.372 0.001 0.000 -0.372 0.928 0.000 0.000 -0.001 0.000 1.000 0.000 0.000 0.000 0.000 1.000]]
		[0.4833333 [0.928 0.372 0.001 0.000 -0.372 0.928 0.000 0.000 -0.001 0.000 1.000 0.000 0.000 0.000 0.000 1.000]]
		[0.5 [0.928 0.372 0.001 0.000 -0.372 0.928 0.000 0.000 -0.001 0.000 1.000 0.000 0.000 0.000 0.000 1.000]]
		[0.5166667 [0.928 0.373 0.001 0.000 -0.373 0.928 0.000 0.000 -0.001 0.000 1.000 0.000 0.000 0.000 0.000 1.000]]
		[0.5333334 [0.927 0.374 0.001 0.000 -0.374 0.927 0.000 0.000 -0.001 0.000 1.000 0.000 0.000 0.000 0.000 1.000]]
		[0.55 [0.927 0.376 0.001 0.000 -0.376 0.927 0.000 0.000 -0.001 0.000 1.000 0.000 0.000 0.000 0.000 1.000]]
		[0.5666667 [0.926 0.378 0.001 0.000 -0.378 0.926 0.000 0.000 -0.001 0.000 1.000 0.000 0.000 0.000 0.000 1.000]]
		[0.5833333 [0.925 0.381 0.001 0.000 -0.381 0.925 0.000 0.000 -0.001 0.000 1.000 0.000 0.000 0.000 0.000 1.000]]
		[0.6 [0.923 0.384 0.001 0.000 -0.384 0.923 0.000 0.000 -0.001 0.000 1.000 0.000 0.000 0.000 0.000 1.000]]
		[0.6166667 [0.922 0.387 0.001 0.000 -0.387 0.922 0.000 0.000 -0.001 0.000 1.000 0.000 0.000 0.000 0.000 1.000]]
		[0.6333333 [0.921 0.391 0.001 0.000 -0.391 0.921 0.000 0.000 -0.001 0.000 1.000 0.000 0.000 0.000 0.000 1.000]]
		[0.65 [0.919 0.395 0.001 0.000 -0.395 0.919 0.000 0.000 -0.001 0.000 1.000 0.000 0.000 0.000 0.000 1.000]]
		[0.6666667 [0.917 0.399 0.001 0.000 -0.399 0.917 0.000 0.000 -0.001 0.000 1.000 0.000 0.000 0.000 0.000 1.000]]
		[0.6833333 [0.915 0.404 0.001 0.000 -0.404 0.915 0.000 0.000 -0.001 0.000 1.000 0.000 0.000 0.000 0.000 1.000]]
		[0.7 [0.913 0.409 0.001 0.000 -0.409 0.913 0.000 0.000 -0.001 0.000 1.000 0.000 0.000 0.000 0.000 1.000]]
		[0.7166666 [0.910 0.414 0.001 0.000 -0.414 0.910 0.000 0.000 -0.001 0.000 1.000 0.000 0.000 0.000 0.000 1.000]]
		[0.7333333 [0.908 0.419 0.001 0.000 -0.419 0.908 0.000 0.000 -0.001 0.000 1.000 0.000 0.000 0.000 0.000 1.000]]
		[0.75 [0.905 0.425 0.001 0.000 -0.425 0.905 0.000 0.000 -0.001 0.000 1.000 0.000 0.000 0.000 0.000 1.000]]
		[0.7666667 [0.902 0.431 0.001 0.000 -0.431 0.902 0.000 0.000 -0.001 0.000 1.000 0.000 0.000 0.000 0.000 1.000]]
		[0.7833334 [0.900 0.437 0.001 0.000 -0.437 0.900 0.000 0.000 -0.001 0.000 1.000 0.000 0.000 0.000 0.000 1.000]]
		[0.8 [0.896 0.443 0.001 0.000 -0.443 0.896 0.000 0.000 -0.001 0.000 1.000 0.000 0.000 0.000 0.000 1.000]]
		[0.8166667 [0.893 0.450 0.001 0.000 -0.450 0.893 0.000 0.000 -0.001 0.000 1.000 0.000 0.000 0.000 0.000 1.000]]
		[0.8333333 [0.890 0.456 0.001 0.000 -0.456 0.890 0.000 0.000 -0.001 0.000 1.000 0.000 0.000 0.000 0.000 1.000]]
		[0.85 [0.886 0.463 0.001 0.000 -0.463 0.886 0.000 0.000 -0.001 0.000 1.000 0.000 0.000 0.000 0.000 1.000]]
		[0.8666667 [0.883 0.470 0.001 0.000 -0.470 0.883 0.000 0.000 -0.001 0.000 1.000 0.000 0.000 0.000 0.000 1.000]]
		[0.8833333 [0.879 0.477 0.001 0.000 -0.477 0.879 0.000 0.000 -0.001 0.000 1.000 0.000 0.000 0.000 0.000 1.000]]
		[0.9 [0.875 0.484 0.001 0.000 -0.484 0.875 0.000 0.000 -0.001 0.000 1.000 0.000 0.000 0.000 0.000 1.000]]
		[0.9166667 [0.871 0.491 0.001 0.000 -0.491 0.871 0.000 0.000 -0.001 0.000 1.000 0.000 0.000 0.000 0.000 1.000]]
		[0.9333333 [0.867 0.498 0.001 0.000 -0.498 0.867 -0.001 0.000 -0.001 0.000 1.000 0.000 0.000 0.000 0.000 1.000]]
		[0.95 [0.863 0.506 0.001 0.000 -0.506 0.863 -0.001 0.000 -0.001 0.000 1.000 0.000 0.000 0.000 0.000 1.000]]
		[0.9666666 [0.858 0.513 0.001 0.000 -0.513 0.858 -0.001 0.000 -0.001 0.000 1.000 0.000 0.000 0.000 0.000 1.000]]
		[0.9833333 [0.854 0.520 0.001 0.000 -0.520 0.854 -0.001 0.000 -0.001 0.000 1.000 0.000 0.000 0.000 0.000 1.000]]
	]
	"Koleno_L_end" [
		[0 [1.000 0.000 0.000 0.000 0.000 1.000 0.000 0.000 0.000 0.000 1.000 0.000 0.000 0.000 0.000 1.000]]
	]
	"Bedro_P" [
		[0 [0.812 0.584 0.014 0.000 -0.584 0.811 0.023 0.000 0.002 -0.027 1.000 0.000 0.000 0.000 0.000 1.000]]
	]
	"Koleno_P" [
		[0 [0.142 0.990 0.012 0.000 -0.990 0.142 -0.005 0.000 -0.007 -0.011 1.000 0.000 0.000 0.000 0.000 1.000]]
		[0.01666667 [0.142 0.990 0.012 0.000 -0.990 0.142 -0.005 0.000 -0.007 -0.011 1.000 0.000 0.000 0.000 0.000 1.000]]
		[0.03333334 [0.142 0.990 0.012 0.000 -0.990 0.142 -0.005 0.000 -0.007 -0.011 1.000 0.000 0.000 0.000 0.000 1.000]]
		[0.05 [0.142 0.990 0.012 0.000 -0.990 0.142 -0.005 0.000 -0.007 -0.011 1.000 0.000 0.000 0.000 0.000 1.000]]
		[0.06666667 [0.142 0.990 0.012 0.000 -0.990 0.142 -0.005 0.000 -0.007 -0.011 1.000 0.000 0.000 0.000 0.000 1.000]]
		[0.08333334 [0.142 0.990 0.012 0.000 -0.990 0.142 -0.005 0.000 -0.007 -0.011 1.000 0.000 0.000 0.000 0.000 1.000]]
		[0.1 [0.142 0.990 0.012 0.000 -0.990 0.142 -0.005 0.000 -0.007 -0.011 1.000 0.000 0.000 0.000 0.000 1.000]]
		[0.1166667 [0.142 0.990 0.012 0.000 -0.990 0.142 -0.005 0.000 -0.007 -0.011 1.000 0.000 0.000 0.000 0.000 1.000]]
		[0.1333333 [0.142 0.990 0.012 0.000 -0.990 0.142 -0.005 0.000 -0.007 -0.011 1.000 0.000 0.000 0.000 0.000 1.000]]
		[0.15 [0.142 0.990 0.012 0.000 -0.990 0.142 -0.005 0.000 -0.007 -0.011 1.000 0.000 0.000 0.000 0.000 1.000]]
		[0.1666667 [0.142 0.990 0.012 0.000 -0.990 0.142 -0.005 0.000 -0.007 -0.011 1.000 0.000 0.000 0.000 0.000 1.000]]
		[0.1833333 [0.142 0.990 0.012 0.000 -0.990 0.142 -0.005 0.000 -0.007 -0.011 1.000 0.000 0.000 0.000 0.000 1.000]]
		[0.2 [0.142 0.990 0.012 0.000 -0.990 0.142 -0.005 0.000 -0.007 -0.011 1.000 0.000 0.000 0.000 0.000 1.000]]
		[0.2166667 [0.142 0.990 0.012 0.000 -0.990 0.142 -0.005 0.000 -0.007 -0.011 1.000 0.000 0.000 0.000 0.000 1.000]]
		[0.2333333 [0.142 0.990 0.012 0.000 -0.990 0.142 -0.005 0.000 -0.007 -0.011 1.000 0.000 0.000 0.000 0.000 1.000]]
		[0.25 [0.142 0.990 0.012 0.000 -0.990 0.142 -0.005 0.000 -0.007 -0.011 1.000 0.000 0.000 0.000 0.000 1.000]]
		[0.2666667 [0.142 0.990 0.012 0.000 -0.990 0.142 -0.005 0.000 -0.007 -0.011 1.000 0.000 0.000 0.000 0.000 1.000]]
		[0.2833333 [0.142 0.990 0.012 0.000 -0.990 0.142 -0.005 0.000 -0.007 -0.011 1.000 0.000 0.000 0.000 0.000 1.000]]
		[0.3 [0.142 0.990 0.012 0.000 -0.990 0.142 -0.005 0.000 -0.007 -0.011 1.000 0.000 0.000 0.000 0.000 1.000]]
		[0.3166667 [0.142 0.990 0.012 0.000 -0.990 0.142 -0.005 0.000 -0.007 -0.011 1.000 0.000 0.000 0.000 0.000 1.000]]
		[0.3333333 [0.142 0.990 0.012 0.000 -0.990 0.142 -0.005 0.000 -0.007 -0.011 1.000 0.000 0.000 0.000 0.000 1.000]]
		[0.35 [0.142 0.990 0.012 0.000 -0.990 0.142 -0.005 0.000 -0.007 -0.011 1.000 0.000 0.000 0.000 0.000 1.000]]
		[0.3666667 [0.142 0.990 0.012 0.000 -0.990 0.142 -0.005 0.000 -0.007 -0.011 1.000 0.000 0.000 0.000 0.000 1.000]]
		[0.3833333 [0.142 0.990 0.012 0.000 -0.990 0.142 -0.005 0.000 -0.007 -0.011 1.000 0.000 0.000 0.000 0.000 1.000]]
		[0.4 [0.142 0.990 0.012 0.000 -0.990 0.142 -0.005 0.000 -0.007 -0.011 1.000 0.000 0.000 0.000 0.000 1.000]]
		[0.4166667 [0.142 0.990 0.012 0.000 -0.990 0.142 -0.005 0.000 -0.007 -0.011 1.000 0.000 0.000 0.000 0.000 1.000]]
		[0.4333333 [0.142 0.990 0.012 0.000 -0.990 0.142 -0.005 0.000 -0.007 -0.011 1.000 0.000 0.000 0.000 0.000 1.000]]
		[0.45 [0.142 0.990 0.012 0.000 -0.990 0.142 -0.005 0.000 -0.007 -0.011 1.000 0.000 0.000 0.000 0.000 1.000]]
		[0.4666667 [0.142 0.990 0.012 0.000 -0.990 0.142 -0.005 0.000 -0.007 -0.011 1.000 0.000 0.000 0.000 0.000 1.000]]
		[0.4833333 [0.142 0.990 0.012 0.000 -0.990 0.142 -0.005 0.000 -0.007 -0.011 1.000 0.000 0.000 0.000 0.000 1.000]]
		[0.5 [0.142 0.990 0.012 0.000 -0.990 0.142 -0.005 0.000 -0.007 -0.011 1.000 0.000 0.000 0.000 0.000 1.000]]
		[0.5166667 [0.143 0.990 0.012 0.000 -0.990 0.143 -0.005 0.000 -0.007 -0.011 1.000 0.000 0.000 0.000 0.000 1.000]]
		[0.5333334 [0.143 0.990 0.012 0.000 -0.990 0.143 -0.005 0.000 -0.007 -0.011 1.000 0.000 0.000 0.000 0.000 1.000]]
		[0.55 [0.144 0.990 0.012 0.000 -0.990 0.144 -0.005 0.000 -0.007 -0.011 1.000 0.000 0.000 0.000 0.000 1.000]]
		[0.5666667 [0.145 0.989 0.012 0.000 -0.989 0.145 -0.005 0.000 -0.007 -0.011 1.000 0.000 0.000 0.000 0.000 1.000]]
		[0.5833333 [0.146 0.989 0.012 0.000 -0.989 0.146 -0.005 0.000 -0.007 -0.011 1.000 0.000 0.000 0.000 0.000 1.000]]
		[0.6 [0.146 0.989 0.012 0.000 -0.989 0.146 -0.005 0.000 -0.007 -0.011 1.000 0.000 0.000 0.000 0.000 1.000]]
		[0.6166667 [0.147 0.989 0.012 0.000 -0.989 0.147 -0.005 0.000 -0.007 -0.011 1.000 0.000 0.000 0.000 0.000 1.000]]
		[0.6333333 [0.148 0.989 0.012 0.000 -0.989 0.148 -0.005 0.000 -0.007 -0.011 1.000 0.000 0.000 0.000 0.000 1.000]]
		[0.65 [0.149 0.989 0.012 0.000 -0.989 0.149 -0.005 0.000 -0.007 -0.011 1.000 0.000 0.000 0.000 0.000 1.000]]
		[0.6666667 [0.150 0.989 0.012 0.000 -0.989 0.150 -0.005 0.000 -0.007 -0.011 1.000 0.000 0.000 0.000 0.000 1.000]]
		[0.6833333 [0.151 0.988 0.012 0.000 -0.988 0.151 -0.005 0.000 -0.007 -0.011 1.000 0.000 0.000 0.000 0.000 1.000]]
		[0.7 [0.152 0.988 0.012 0.000 -0.988 0.152 -0.005 0.000 -0.007 -0.011 1.000 0.000 0.000 0.000 0.000 1.000]]
		[0.7166666 [0.153 0.988 0.012 0.000 -0.988 0.153 -0.005 0.000 -0.007 -0.011 1.000 0.000 0.000 0.000 0.000 1.000]]
		[0.7333333 [0.154 0.988 0.012 0.000 -0.988 0.154 -0.005 0.000 -0.007 -0.011 1.000 0.000 0.000 0.000 0.000 1.000]]
		[0.75 [0.154 0.988 0.012 0.000 -0.988 0.154 -0.005 0.000 -0.007 -0.011 1.000 0.000 0.000 0.000 0.000 1.000]]
		[0.7666667 [0.155 0.988 0.012 0.000 -0.988 0.155 -0.005 0.000 -0.007 -0.011 1.000 0.000 0.000 0.000 0.000 1.000]]
		[0.7833334 [0.155 0.988 0.012 0.000 -0.988 0.155 -0.005 0.000 -0.007 -0.011 1.000 0.000 0.000 0.000 0.000 1.000]]
		[0.8 [0.156 0.988 0.012 0.000 -0.988 0.156 -0.005 0.000 -0.007 -0.011 1.000 0.000 0.000 0.000 0.000 1.000]]
		[0.8166667 [0.156 0.988 0.012 0.000 -0.988 0.156 -0.005 0.000 -0.007 -0.011 1.000 0.000 0.000 0.000 0.000 1.000]]
		[0.8333333 [0.156 0.988 0.012 0.000 -0.988 0.156 -0.005 0.000 -0.007 -0.011 1.000 0.000 0.000 0.000 0.000 1.000]]
		[0.85 [0.155 0.988 0.012 0.000 -0.988 0.156 -0.005 0.000 -0.007 -0.011 1.000 0.000 0.000 0.000 0.000 1.000]]
		[0.8666667 [0.155 0.988 0.012 0.000 -0.988 0.155 -0.005 0.000 -0.007 -0.011 1.000 0.000 0.000 0.000 0.000 1.000]]
		[0.8833333 [0.154 0.988 0.012 0.000 -0.988 0.154 -0.005 0.000 -0.007 -0.011 1.000 0.000 0.000 0.000 0.000 1.000]]
		[0.9 [0.153 0.988 0.012 0.000 -0.988 0.154 -0.005 0.000 -0.007 -0.011 1.000 0.000 0.000 0.000 0.000 1.000]]
		[0.9166667 [0.152 0.988 0.012 0.000 -0.988 0.152 -0.005 0.000 -0.007 -0.011 1.000 0.000 0.000 0.000 0.000 1.000]]
		[0.9333333 [0.151 0.988 0.012 0.000 -0.989 0.151 -0.005 0.000 -0.007 -0.011 1.000 0.000 0.000 0.000 0.000 1.000]]
		[0.95 [0.149 0.989 0.012 0.000 -0.989 0.149 -0.005 0.000 -0.007 -0.011 1.000 0.000 0.000 0.000 0.000 1.000]]
		[0.9666666 [0.147 0.989 0.012 0.000 -0.989 0.147 -0.005 0.000 -0.007 -0.011 1.000 0.000 0.000 0.000 0.000 1.000]]
		[0.9833333 [0.145 0.989 0.012 0.000 -0.989 0.145 -0.005 0.000 -0.007 -0.011 1.000 0.000 0.000 0.000 0.000 1.000]]
	]
	"Koleno_P_end" [
		[0 [1.000 0.000 0.000 0.000 0.000 1.000 0.000 0.000 0.000 0.000 1.000 0.000 0.000 0.000 0.000 1.000]]
	]
	"Tors" [
		[0 [1.000 0.000 0.000 0.000 0.000 1.000 0.000 0.000 0.000 0.000 1.000 0.000 0.000 0.000 0.000 1.000]]
	]
	"Golova" [
		[0 [1.000 0.000 0.000 0.000 0.000 0.985 -0.174 0.000 0.000 0.174 0.985 0.000 0.000 0.000 0.000 1.000]]
	]
	"Golova_end" [
		[0 [1.000 0.000 0.000 0.000 0.000 1.000 0.000 0.000 0.000 0.000 1.000 0.000 0.000 0.000 0.000 1.000]]
	]
	"Kluchitsa_L" [
		[0 [1.000 0.000 0.000 0.000 0.000 1.000 0.000 0.000 0.000 0.000 1.000 0.000 0.000 0.000 0.000 1.000]]
	]
	"Kluchitsa_L_end" [
		[0 [1.000 0.000 0.000 0.000 0.000 1.000 0.000 0.000 0.000 0.000 1.000 0.000 0.000 0.000 0.000 1.000]]
	]
	"Kluchitsa_P" [
		[0 [1.000 0.000 0.000 0.000 0.000 1.000 0.000 0.000 0.000 0.000 1.000 0.000 0.000 0.000 0.000 1.000]]
	]
	"Kluchitsa_P_end" [
		[0 [1.000 0.000 0.000 0.000 0.000 1.000 0.000 0.000 0.000 0.000 1.000 0.000 0.000 0.000 0.000 1.000]]
	]
	"Ruka_L" [
		[0 [0.885 -0.127 -0.447 0.000 0.216 0.964 0.155 0.000 0.411 -0.234 0.881 0.000 0.000 0.000 0.000 1.000]]
		[0.01666667 [0.885 -0.127 -0.447 0.000 0.214 0.965 0.149 0.000 0.413 -0.228 0.882 0.000 0.000 0.000 0.000 1.000]]
		[0.03333334 [0.885 -0.127 -0.448 0.000 0.211 0.967 0.143 0.000 0.415 -0.222 0.883 0.000 0.000 0.000 0.000 1.000]]
		[0.05 [0.885 -0.127 -0.448 0.000 0.209 0.968 0.137 0.000 0.417 -0.215 0.883 0.000 0.000 0.000 0.000 1.000]]
		[0.06666667 [0.884 -0.128 -0.449 0.000 0.206 0.970 0.130 0.000 0.419 -0.208 0.884 0.000 0.000 0.000 0.000 1.000]]
		[0.08333334 [0.884 -0.128 -0.450 0.000 0.204 0.971 0.123 0.000 0.422 -0.200 0.884 0.000 0.000 0.000 0.000 1.000]]
		[0.1 [0.883 -0.129 -0.451 0.000 0.201 0.973 0.116 0.000 0.424 -0.193 0.885 0.000 0.000 0.000 0.000 1.000]]
		[0.1166667 [0.882 -0.130 -0.453 0.000 0.199 0.974 0.108 0.000 0.427 -0.185 0.885 0.000 0.000 0.000 0.000 1.000]]
		[0.1333333 [0.881 -0.131 -0.454 0.000 0.196 0.975 0.100 0.000 0.430 -0.178 0.885 0.000 0.000 0.000 0.000 1.000]]
		[0.15 [0.880 -0.131 -0.455 0.000 0.194 0.977 0.093 0.000 0.433 -0.170 0.885 0.000 0.000 0.000 0.000 1.000]]
		[0.1666667 [0.880 -0.132 -0.457 0.000 0.191 0.978 0.085 0.000 0.436 -0.162 0.885 0.000 0.000 0.000 0.000 1.000]]
		[0.1833333 [0.879 -0.133 -0.458 0.000 0.188 0.979 0.077 0.000 0.438 -0.154 0.885 0.000 0.000 0.000 0.000 1.000]]
		[0.2 [0.878 -0.134 -0.460 0.000 0.186 0.980 0.070 0.000 0.441 -0.146 0.885 0.000 0.000 0.000 0.000 1.000]]
		[0.2166667 [0.877 -0.134 -0.461 0.000 0.183 0.981 0.062 0.000 0.444 -0.139 0.885 0.000 0.000 0.000 0.000 1.000]]
		[0.2333333 [0.877 -0.135 -0.462 0.000 0.180 0.982 0.055 0.000 0.446 -0.131 0.885 0.000 0.000 0.000 0.000 1.000]]
		[0.25 [0.876 -0.136 -0.463 0.000 0.177 0.983 0.048 0.000 0.449 -0.124 0.885 0.000 0.000 0.000 0.000 1.000]]
		[0.2666667 [0.875 -0.136 -0.464 0.000 0.175 0.984 0.041 0.000 0.451 -0.117 0.885 0.000 0.000 0.000 0.000 1.000]]
		[0.2833333 [0.875 -0.136 -0.464 0.000 0.172 0.985 0.035 0.000 0.452 -0.110 0.885 0.000 0.000 0.000 0.000 1.000]]
		[0.3 [0.875 -0.137 -0.465 0.000 0.169 0.985 0.029 0.000 0.454 -0.104 0.885 0.000 0.000 0.000 0.000 1.000]]
		[0.3166667 [0.875 -0.137 -0.465 0.000 0.166 0.986 0.023 0.000 0.455 -0.097 0.885 0.000 0.000 0.000 0.000 1.000]]
		[0.3333333 [0.875 -0.136 -0.464 0.000 0.163 0.986 0.018 0.000 0.456 -0.092 0.885 0.000 0.000 0.000 0.000 1.000]]
		[0.35 [0.875 -0.136 -0.464 0.000 0.161 0.987 0.013 0.000 0.456 -0.086 0.886 0.000 0.000 0.000 0.000 1.000]]
		[0.3666667 [0.876 -0.136 -0.463 0.000 0.158 0.987 0.009 0.000 0.456 -0.081 0.886 0.000 0.000 0.000 0.000 1.000]]
		[0.3833333 [0.877 -0.135 -0.461 0.000 0.155 0.988 0.006 0.000 0.455 -0.077 0.887 0.000 0.000 0.000 0.000 1.000]]
		[0.4 [0.878 -0.134 -0.460 0.000 0.152 0.988 0.003 0.000 0.454 -0.073 0.888 0.000 0.000 0.000 0.000 1.000]]
		[0.4166667 [0.879 -0.132 -0.457 0.000 0.150 0.989 0.001 0.000 0.452 -0.069 0.889 0.000 0.000 0.000 0.000 1.000]]
		[0.4333333 [0.881 -0.131 -0.454 0.000 0.147 0.989 0.000 0.000 0.450 -0.067 0.891 0.000 0.000 0.000 0.000 1.000]]
		[0.45 [0.883 -0.129 -0.451 0.000 0.144 0.990 0.000 0.000 0.447 -0.065 0.892 0.000 0.000 0.000 0.000 1.000]]
		[0.4666667 [0.885 -0.127 -0.447 0.000 0.142 0.990 0.000 0.000 0.443 -0.063 0.894 0.000 0.000 0.000 0.000 1.000]]
		[0.4833333 [0.888 -0.124 -0.442 0.000 0.139 0.990 0.001 0.000 0.438 -0.063 0.897 0.000 0.000 0.000 0.000 1.000]]
		[0.5 [0.891 -0.121 -0.437 0.000 0.136 0.991 0.004 0.000 0.432 -0.063 0.900 0.000 0.000 0.000 0.000 1.000]]
		[0.5166667 [0.895 -0.117 -0.430 0.000 0.133 0.991 0.007 0.000 0.425 -0.063 0.903 0.000 0.000 0.000 0.000 1.000]]
		[0.5333334 [0.899 -0.113 -0.422 0.000 0.129 0.992 0.010 0.000 0.418 -0.064 0.906 0.000 0.000 0.000 0.000 1.000]]
		[0.55 [0.904 -0.108 -0.414 0.000 0.125 0.992 0.015 0.000 0.409 -0.065 0.910 0.000 0.000 0.000 0.000 1.000]]
		[0.5666667 [0.909 -0.103 -0.405 0.000 0.121 0.992 0.020 0.000 0.400 -0.067 0.914 0.000 0.000 0.000 0.000 1.000]]
		[0.5833333 [0.914 -0.097 -0.395 0.000 0.117 0.993 0.026 0.000 0.389 -0.070 0.918 0.000 0.000 0.000 0.000 1.000]]
		[0.6 [0.919 -0.091 -0.384 0.000 0.112 0.993 0.032 0.000 0.379 -0.073 0.923 0.000 0.000 0.000 0.000 1.000]]
		[0.6166667 [0.924 -0.085 -0.373 0.000 0.107 0.993 0.039 0.000 0.367 -0.076 0.927 0.000 0.000 0.000 0.000 1.000]]
		[0.6333333 [0.929 -0.079 -0.362 0.000 0.102 0.994 0.046 0.000 0.356 -0.080 0.931 0.000 0.000 0.000 0.000 1.000]]
		[0.65 [0.934 -0.072 -0.350 0.000 0.097 0.994 0.054 0.000 0.343 -0.085 0.935 0.000 0.000 0.000 0.000 1.000]]
		[0.6666667 [0.939 -0.065 -0.337 0.000 0.092 0.994 0.062 0.000 0.331 -0.089 0.939 0.000 0.000 0.000 0.000 1.000]]
		[0.6833333 [0.944 -0.059 -0.325 0.000 0.086 0.994 0.071 0.000 0.319 -0.094 0.943 0.000 0.000 0.000 0.000 1.000]]
		[0.7 [0.949 -0.052 -0.312 0.000 0.080 0.994 0.079 0.000 0.306 -0.100 0.947 0.000 0.000 0.000 0.000 1.000]]
		[0.7166666 [0.953 -0.045 -0.299 0.000 0.074 0.993 0.088 0.000 0.293 -0.106 0.950 0.000 0.000 0.000 0.000 1.000]]
		[0.7333333 [0.957 -0.038 -0.286 0.000 0.068 0.993 0.097 0.000 0.281 -0.112 0.953 0.000 0.000 0.000 0.000 1.000]]
		[0.75 [0.961 -0.031 -0.274 0.000 0.062 0.992 0.106 0.000 0.268 -0.119 0.956 0.000 0.000 0.000 0.000 1.000]]
		[0.7666667 [0.965 -0.024 -0.261 0.000 0.056 0.992 0.115 0.000 0.256 -0.125 0.958 0.000 0.000 0.000 0.000 1.000]]
		[0.7833334 [0.968 -0.018 -0.249 0.000 0.050 0.991 0.124 0.000 0.244 -0.132 0.961 0.000 0.000 0.000 0.000 1.000]]
		[0.8 [0.971 -0.011 -0.237 0.000 0.044 0.990 0.133 0.000 0.233 -0.139 0.962 0.000 0.000 0.000 0.000 1.000]]
		[0.8166667 [0.974 -0.005 -0.225 0.000 0.038 0.989 0.142 0.000 0.222 -0.147 0.964 0.000 0.000 0.000 0.000 1.000]]
		[0.8333333 [0.977 0.001 -0.214 0.000 0.032 0.988 0.150 0.000 0.212 -0.154 0.965 0.000 0.000 0.000 0.000 1.000]]
		[0.85 [0.979 0.006 -0.204 0.000 0.027 0.987 0.159 0.000 0.202 -0.161 0.966 0.000 0.000 0.000 0.000 1.000]]
		[0.8666667 [0.981 0.011 -0.195 0.000 0.022 0.986 0.167 0.000 0.194 -0.169 0.967 0.000 0.000 0.000 0.000 1.000]]
		[0.8833333 [0.982 0.016 -0.186 0.000 0.018 0.984 0.176 0.000 0.186 -0.176 0.967 0.000 0.000 0.000 0.000 1.000]]
		[0.9 [0.984 0.020 -0.178 0.000 0.014 0.983 0.183 0.000 0.179 -0.183 0.967 0.000 0.000 0.000 0.000 1.000]]
		[0.9166667 [0.985 0.023 -0.171 0.000 0.010 0.982 0.191 0.000 0.172 -0.190 0.967 0.000 0.000 0.000 0.000 1.000]]
		[0.9333333 [0.986 0.026 -0.165 0.000 0.007 0.980 0.198 0.000 0.167 -0.197 0.966 0.000 0.000 0.000 0.000 1.000]]
		[0.95 [0.987 0.029 -0.161 0.000 0.005 0.979 0.205 0.000 0.163 -0.203 0.965 0.000 0.000 0.000 0.000 1.000]]
		[0.9666666 [0.987 0.030 -0.158 0.000 0.004 0.977 0.212 0.000 0.160 -0.210 0.965 0.000 0.000 0.000 0.000 1.000]]
		[0.9833333 [0.987 0.031 -0.156 0.000 0.003 0.976 0.218 0.000 0.159 -0.216 0.963 0.000 0.000 0.000 0.000 1.000]]
	]
	"Lokot_L" [
		[0 [1.000 0.000 0.000 0.000 0.000 1.000 0.000 0.000 0.000 0.000 1.000 0.000 0.000 0.000 0.000 1.000]]
		[0.01666667 [1.000 0.000 0.000 0.000 0.000 1.000 0.000 0.000 0.000 0.000 1.000 0.000 0.000 0.000 0.000 1.000]]
		[0.03333334 [1.000 0.000 0.000 0.000 0.000 1.000 0.000 0.000 0.000 0.000 1.000 0.000 0.000 0.000 0.000 1.000]]
		[0.05 [1.000 -0.001 0.000 0.000 0.001 1.000 0.000 0.000 0.000 0.000 1.000 0.000 0.000 0.000 0.000 1.000]]
		[0.06666667 [1.000 -0.001 0.000 0.000 0.001 1.000 0.000 0.000 0.000 0.000 1.000 0.000 0.000 0.000 0.000 1.000]]
		[0.08333334 [1.000 -0.002 0.000 0.000 0.002 1.000 0.000 0.000 0.000 0.000 1.000 0.000 0.000 0.000 0.000 1.000]]
		[0.1 [1.000 -0.003 0.000 0.000 0.003 1.000 0.000 0.000 0.000 0.000 1.000 0.000 0.000 0.000 0.000 1.000]]
		[0.1166667 [1.000 -0.003 0.000 0.000 0.003 1.000 0.000 0.000 0.000 0.000 1.000 0.000 0.000 0.000 0.000 1.000]]
		[0.1333333 [1.000 -0.004 0.000 0.000 0.004 1.000 0.000 0.000 0.000 0.000 1.000 0.000 0.000 0.000 0.000 1.000]]
		[0.15 [1.000 -0.005 0.000 0.000 0.005 1.000 0.000 0.000 0.000 0.000 1.000 0.000 0.000 0.000 0.000 1.000]]
		[0.1666667 [1.000 -0.006 0.000 0.000 0.006 1.000 0.000 0.000 0.000 0.000 1.000 0.000 0.000 0.000 0.000 1.000]]
		[0.1833333 [1.000 -0.007 0.000 0.000 0.007 1.000 0.000 0.000 0.000 0.000 1.000 0.000 0.000 0.000 0.000 1.000]]
		[0.2 [1.000 -0.008 0.000 0.000 0.008 1.000 -0.001 0.000 0.000 0.001 1.000 0.000 0.000 0.000 0.000 1.000]]
		[0.2166667 [1.000 -0.008 0.000 0.000 0.008 1.000 -0.001 0.000 0.000 0.001 1.000 0.000 0.000 0.000 0.000 1.000]]
		[0.2333333 [1.000 -0.009 0.000 0.000 0.009 1.000 -0.001 0.000 0.000 0.001 1.000 0.000 0.000 0.000 0.000 1.000]]
		[0.25 [1.000 -0.010 0.000 0.000 0.010 1.000 -0.001 0.000 0.000 0.001 1.000 0.000 0.000 0.000 0.000 1.000]]
		[0.2666667 [1.000 -0.010 0.000 0.000 0.010 1.000 -0.001 0.000 0.000 0.001 1.000 0.000 0.000 0.000 0.000 1.000]]
		[0.2833333 [1.000 -0.010 0.000 0.000 0.010 1.000 -0.001 0.000 0.000 0.001 1.000 0.000 0.000 0.000 0.000 1.000]]
		[0.3 [1.000 -0.011 0.000 0.000 0.011 1.000 -0.001 0.000 0.000 0.001 1.000 0.000 0.000 0.000 0.000 1.000]]
		[0.3166667 [1.000 -0.011 0.000 0.000 0.011 1.000 -0.001 0.000 0.000 0.001 1.000 0.000 0.000 0.000 0.000 1.000]]
		[0.3333333 [1.000 -0.010 0.000 0.000 0.010 1.000 -0.001 0.000 0.000 0.001 1.000 0.000 0.000 0.000 0.000 1.000]]
		[0.35 [1.000 -0.010 0.000 0.000 0.010 1.000 -0.001 0.000 0.000 0.001 1.000 0.000 0.000 0.000 0.000 1.000]]
		[0.3666667 [1.000 -0.010 0.000 0.000 0.010 1.000 -0.001 0.000 0.000 0.001 1.000 0.000 0.000 0.000 0.000 1.000]]
		[0.3833333 [1.000 -0.009 0.000 0.000 0.009 1.000 -0.001 0.000 0.000 0.001 1.000 0.000 0.000 0.000 0.000 1.000]]
		[0.4 [1.000 -0.008 0.000 0.000 0.008 1.000 -0.001 0.000 0.000 0.001 1.000 0.000 0.000 0.000 0.000 1.000]]
		[0.4166667 [1.000 -0.006 0.000 0.000 0.006 1.000 0.000 0.000 0.000 0.000 1.000 0.000 0.000 0.000 0.000 1.000]]
		[0.4333333 [1.000 -0.004 0.000 0.000 0.004 1.000 0.000 0.000 0.000 0.000 1.000 0.000 0.000 0.000 0.000 1.000]]
		[0.45 [1.000 -0.002 0.000 0.000 0.002 1.000 0.000 0.000 0.000 0.000 1.000 0.000 0.000 0.000 0.000 1.000]]
		[0.4666667 [1.000 0.000 0.000 0.000 0.000 1.000 0.000 0.000 0.000 0.000 1.000 0.000 0.000 0.000 0.000 1.000]]
		[0.4833333 [1.000 0.003 0.000 0.000 -0.003 1.000 0.000 0.000 0.000 0.000 1.000 0.000 0.000 0.000 0.000 1.000]]
		[0.5 [1.000 0.006 0.000 0.000 -0.006 1.000 0.000 0.000 0.000 0.000 1.000 0.000 0.000 0.000 0.000 1.000]]
		[0.5166667 [1.000 0.010 0.000 0.000 -0.010 1.000 0.001 0.000 0.000 -0.001 1.000 0.000 0.000 0.000 0.000 1.000]]
		[0.5333334 [1.000 0.015 0.000 0.000 -0.015 1.000 0.001 0.000 0.000 -0.001 1.000 0.000 0.000 0.000 0.000 1.000]]
		[0.55 [1.000 0.020 0.000 0.000 -0.020 1.000 0.001 0.000 0.000 -0.001 1.000 0.000 0.000 0.000 0.000 1.000]]
		[0.5666667 [1.000 0.025 0.000 0.000 -0.025 1.000 0.002 0.000 0.000 -0.002 1.000 0.000 0.000 0.000 0.000 1.000]]
		[0.5833333 [1.000 0.031 0.000 0.000 -0.031 1.000 0.002 0.000 0.000 -0.002 1.000 0.000 0.000 0.000 0.000 1.000]]
		[0.6 [0.999 0.037 0.000 0.000 -0.037 0.999 0.003 0.000 0.000 -0.003 1.000 0.000 0.000 0.000 0.000 1.000]]
		[0.6166667 [0.999 0.044 0.000 0.000 -0.044 0.999 0.003 0.000 0.000 -0.003 1.000 0.000 0.000 0.000 0.000 1.000]]
		[0.6333333 [0.999 0.051 0.000 0.000 -0.051 0.999 0.003 0.000 0.000 -0.003 1.000 0.000 0.000 0.000 0.000 1.000]]
		[0.65 [0.998 0.057 0.001 0.000 -0.057 0.998 0.004 0.000 0.000 -0.004 1.000 0.000 0.000 0.000 0.000 1.000]]
		[0.6666667 [0.998 0.064 0.001 0.000 -0.064 0.998 0.004 0.000 0.000 -0.004 1.000 0.000 0.000 0.000 0.000 1.000]]
		[0.6833333 [0.997 0.072 0.001 0.000 -0.072 0.997 0.005 0.000 0.000 -0.005 1.000 0.000 0.000 0.000 0.000 1.000]]
		[0.7 [0.997 0.079 0.001 0.000 -0.079 0.997 0.005 0.000 0.000 -0.005 1.000 0.000 0.000 0.000 0.000 1.000]]
		[0.7166666 [0.996 0.086 0.001 0.000 -0.086 0.996 0.006 0.000 0.000 -0.006 1.000 0.000 0.000 0.000 0.000 1.000]]
		[0.7333333 [0.996 0.093 0.001 0.000 -0.093 0.996 0.006 0.000 0.000 -0.006 1.000 0.000 0.000 0.000 0.000 1.000]]
		[0.75 [0.995 0.100 0.001 0.000 -0.100 0.995 0.007 0.000 -0.001 -0.007 1.000 0.000 0.000 0.000 0.000 1.000]]
		[0.7666667 [0.994 0.107 0.001 0.000 -0.107 0.994 0.007 0.000 -0.001 -0.007 1.000 0.000 0.000 0.000 0.000 1.000]]
		[0.7833334 [0.994 0.114 0.001 0.000 -0.114 0.994 0.008 0.000 -0.001 -0.008 1.000 0.000 0.000 0.000 0.000 1.000]]
		[0.8 [0.993 0.120 0.002 0.000 -0.120 0.993 0.008 0.000 -0.001 -0.008 1.000 0.000 0.000 0.000 0.000 1.000]]
		[0.8166667 [0.992 0.126 0.002 0.000 -0.126 0.992 0.009 0.000 -0.001 -0.009 1.000 0.000 0.000 0.000 0.000 1.000]]
		[0.8333333 [0.991 0.132 0.002 0.000 -0.132 0.991 0.009 0.000 -0.001 -0.009 1.000 0.000 0.000 0.000 0.000 1.000]]
		[0.85 [0.990 0.138 0.002 0.000 -0.138 0.990 0.009 0.000 -0.001 -0.009 1.000 0.000 0.000 0.000 0.000 1.000]]
		[0.8666667 [0.990 0.143 0.002 0.000 -0.143 0.990 0.010 0.000 -0.001 -0.010 1.000 0.000 0.000 0.000 0.000 1.000]]
		[0.8833333 [0.989 0.147 0.002 0.000 -0.147 0.989 0.010 0.000 -0.001 -0.010 1.000 0.000 0.000 0.000 0.000 1.000]]
		[0.9 [0.988 0.152 0.002 0.000 -0.152 0.988 0.010 0.000 -0.001 -0.010 1.000 0.000 0.000 0.000 0.000 1.000]]
		[0.9166667 [0.988 0.155 0.002 0.000 -0.155 0.988 0.010 0.000 -0.001 -0.011 1.000 0.000 0.000 0.000 0.000 1.000]]
		[0.9333333 [0.987 0.158 0.003 0.000 -0.158 0.987 0.011 0.000 -0.001 -0.011 1.000 0.000 0.000 0.000 0.000 1.000]]
		[0.95 [0.987 0.161 0.003 0.000 -0.161 0.987 0.011 0.000 -0.001 -0.011 1.000 0.000 0.000 0.000 0.000 1.000]]
		[0.9666666 [0.987 0.162 0.003 0.000 -0.162 0.987 0.011 0.000 -0.001 -0.011 1.000 0.000 0.000 0.000 0.000 1.000]]
		[0.9833333 [0.987 0.163 0.003 0.000 -0.163 0.987 0.011 0.000 -0.001 -0.011 1.000 0.000 0.000 0.000 0.000 1.000]]
	]
	"Lokot_L_end" [
		[0 [1.000 0.000 0.000 0.000 0.000 1.000 0.000 0.000 0.000 0.000 1.000 0.000 0.000 0.000 0.000 1.000]]
	]
	"Ruka_P" [
		[0 [0.831 -0.127 0.542 0.000 0.232 0.964 -0.131 0.000 -0.506 0.234 0.830 0.000 0.000 0.000 0.000 1.000]]
		[0.01666667 [0.831 -0.127 0.542 0.000 0.229 0.965 -0.125 0.000 -0.507 0.228 0.831 0.000 0.000 0.000 0.000 1.000]]
		[0.03333334 [0.830 -0.127 0.542 0.000 0.226 0.967 -0.119 0.000 -0.509 0.222 0.832 0.000 0.000 0.000 0.000 1.000]]
		[0.05 [0.830 -0.127 0.543 0.000 0.223 0.968 -0.113 0.000 -0.511 0.215 0.832 0.000 0.000 0.000 0.000 1.000]]
		[0.06666667 [0.829 -0.128 0.544 0.000 0.219 0.970 -0.107 0.000 -0.514 0.208 0.832 0.000 0.000 0.000 0.000 1.000]]
		[0.08333334 [0.829 -0.128 0.545 0.000 0.216 0.971 -0.100 0.000 -0.516 0.200 0.833 0.000 0.000 0.000 0.000 1.000]]
		[0.1 [0.828 -0.129 0.546 0.000 0.213 0.973 -0.093 0.000 -0.519 0.193 0.833 0.000 0.000 0.000 0.000 1.000]]
		[0.1166667 [0.827 -0.130 0.547 0.000 0.209 0.974 -0.085 0.000 -0.522 0.185 0.833 0.000 0.000 0.000 0.000 1.000]]
		[0.1333333 [0.826 -0.131 0.548 0.000 0.206 0.975 -0.078 0.000 -0.525 0.178 0.833 0.000 0.000 0.000 0.000 1.000]]
		[0.15 [0.825 -0.131 0.550 0.000 0.203 0.977 -0.071 0.000 -0.527 0.170 0.832 0.000 0.000 0.000 0.000 1.000]]
		[0.1666667 [0.824 -0.132 0.551 0.000 0.199 0.978 -0.063 0.000 -0.530 0.162 0.832 0.000 0.000 0.000 0.000 1.000]]
		[0.1833333 [0.823 -0.133 0.552 0.000 0.196 0.979 -0.056 0.000 -0.533 0.154 0.832 0.000 0.000 0.000 0.000 1.000]]
		[0.2 [0.822 -0.134 0.553 0.000 0.192 0.980 -0.049 0.000 -0.536 0.146 0.832 0.000 0.000 0.000 0.000 1.000]]
		[0.2166667 [0.821 -0.134 0.555 0.000 0.189 0.981 -0.042 0.000 -0.538 0.139 0.831 0.000 0.000 0.000 0.000 1.000]]
		[0.2333333 [0.820 -0.135 0.556 0.000 0.185 0.982 -0.035 0.000 -0.541 0.131 0.831 0.000 0.000 0.000 0.000 1.000]]
		[0.25 [0.820 -0.136 0.556 0.000 0.182 0.983 -0.028 0.000 -0.543 0.124 0.830 0.000 0.000 0.000 0.000 1.000]]
		[0.2666667 [0.819 -0.136 0.557 0.000 0.178 0.984 -0.022 0.000 -0.545 0.117 0.830 0.000 0.000 0.000 0.000 1.000]]
		[0.2833333 [0.819 -0.136 0.558 0.000 0.175 0.985 -0.016 0.000 -0.547 0.110 0.830 0.000 0.000 0.000 0.000 1.000]]
		[0.3 [0.819 -0.137 0.558 0.000 0.171 0.985 -0.010 0.000 -0.548 0.104 0.830 0.000 0.000 0.000 0.000 1.000]]
		[0.3166667 [0.819 -0.137 0.558 0.000 0.168 0.986 -0.005 0.000 -0.549 0.097 0.830 0.000 0.000 0.000 0.000 1.000]]
		[0.3333333 [0.819 -0.136 0.558 0.000 0.164 0.986 0.000 0.000 -0.550 0.092 0.830 0.000 0.000 0.000 0.000 1.000]]
		[0.35 [0.819 -0.136 0.557 0.000 0.161 0.987 0.004 0.000 -0.551 0.086 0.830 0.000 0.000 0.000 0.000 1.000]]
		[0.3666667 [0.820 -0.136 0.556 0.000 0.158 0.987 0.008 0.000 -0.550 0.081 0.831 0.000 0.000 0.000 0.000 1.000]]
		[0.3833333 [0.821 -0.135 0.555 0.000 0.155 0.988 0.011 0.000 -0.550 0.077 0.832 0.000 0.000 0.000 0.000 1.000]]
		[0.4 [0.822 -0.134 0.553 0.000 0.152 0.988 0.014 0.000 -0.549 0.073 0.833 0.000 0.000 0.000 0.000 1.000]]
		[0.4166667 [0.824 -0.132 0.551 0.000 0.149 0.989 0.015 0.000 -0.547 0.069 0.834 0.000 0.000 0.000 0.000 1.000]]
		[0.4333333 [0.826 -0.131 0.549 0.000 0.146 0.989 0.016 0.000 -0.545 0.067 0.836 0.000 0.000 0.000 0.000 1.000]]
		[0.45 [0.828 -0.129 0.546 0.000 0.143 0.990 0.016 0.000 -0.542 0.065 0.838 0.000 0.000 0.000 0.000 1.000]]
		[0.4666667 [0.831 -0.127 0.542 0.000 0.141 0.990 0.016 0.000 -0.538 0.063 0.840 0.000 0.000 0.000 0.000 1.000]]
		[0.4833333 [0.834 -0.124 0.537 0.000 0.138 0.990 0.014 0.000 -0.534 0.063 0.843 0.000 0.000 0.000 0.000 1.000]]
		[0.5 [0.838 -0.121 0.532 0.000 0.135 0.991 0.011 0.000 -0.529 0.063 0.847 0.000 0.000 0.000 0.000 1.000]]
		[0.5166667 [0.843 -0.117 0.526 0.000 0.133 0.991 0.008 0.000 -0.522 0.063 0.851 0.000 0.000 0.000 0.000 1.000]]
		[0.5333334 [0.848 -0.113 0.519 0.000 0.129 0.992 0.004 0.000 -0.515 0.064 0.855 0.000 0.000 0.000 0.000 1.000]]
		[0.55 [0.853 -0.108 0.511 0.000 0.126 0.992 -0.001 0.000 -0.507 0.065 0.860 0.000 0.000 0.000 0.000 1.000]]
		[0.5666667 [0.859 -0.103 0.502 0.000 0.123 0.992 -0.007 0.000 -0.498 0.067 0.865 0.000 0.000 0.000 0.000 1.000]]
		[0.5833333 [0.865 -0.097 0.493 0.000 0.119 0.993 -0.013 0.000 -0.488 0.070 0.870 0.000 0.000 0.000 0.000 1.000]]
		[0.6 [0.871 -0.091 0.483 0.000 0.115 0.993 -0.020 0.000 -0.478 0.073 0.875 0.000 0.000 0.000 0.000 1.000]]
		[0.6166667 [0.877 -0.085 0.472 0.000 0.111 0.993 -0.027 0.000 -0.467 0.076 0.881 0.000 0.000 0.000 0.000 1.000]]
		[0.6333333 [0.884 -0.079 0.462 0.000 0.107 0.994 -0.035 0.000 -0.456 0.080 0.886 0.000 0.000 0.000 0.000 1.000]]
		[0.65 [0.890 -0.072 0.450 0.000 0.102 0.994 -0.043 0.000 -0.444 0.085 0.892 0.000 0.000 0.000 0.000 1.000]]
