{ :name "SphereSpell" :length 2.066667 :bones { 
	"Armature" [
		[0 [100.000 0.000 0.000 0.000 0.000 0.000 -100.000 0.000 0.000 100.000 0.000 0.000 0.000 120.000 0.000 1.000]]
	]
	"Skelet" [
		[0 [1.000 0.000 0.000 0.000 0.000 0.000 1.000 0.000 0.000 -1.000 0.000 0.000 0.000 0.000 0.100 1.000]]
		[0.01639344 [1.000 0.000 0.000 0.000 0.000 0.000 1.000 0.000 0.000 -1.000 0.000 0.000 0.000 0.000 0.093 1.000]]
		[0.03278688 [1.000 0.000 0.000 0.000 0.000 0.000 1.000 0.000 0.000 -1.000 0.000 0.000 0.000 0.000 0.085 1.000]]
		[0.04918033 [1.000 0.000 0.000 0.000 0.000 0.000 1.000 0.000 0.000 -1.000 0.000 0.000 0.000 0.000 0.077 1.000]]
		[0.06557377 [1.000 0.000 0.000 0.000 0.000 0.000 1.000 0.000 0.000 -1.000 0.000 0.000 0.000 0.000 0.069 1.000]]
		[0.08196721 [1.000 0.000 0.000 0.000 0.000 0.000 1.000 0.000 0.000 -1.000 0.000 0.000 0.000 0.000 0.061 1.000]]
		[0.09836066 [1.000 0.000 0.000 0.000 0.000 0.000 1.000 0.000 0.000 -1.000 0.000 0.000 0.000 0.000 0.053 1.000]]
		[0.1147541 [1.000 0.000 0.000 0.000 0.000 0.000 1.000 0.000 0.000 -1.000 0.000 0.000 0.000 0.000 0.044 1.000]]
		[0.1311475 [1.000 0.000 0.000 0.000 0.000 0.000 1.000 0.000 0.000 -1.000 0.000 0.000 0.000 0.000 0.036 1.000]]
		[0.147541 [1.000 0.000 0.000 0.000 0.000 0.000 1.000 0.000 0.000 -1.000 0.000 0.000 0.000 0.000 0.027 1.000]]
		[0.1639344 [1.000 0.000 0.000 0.000 0.000 0.000 1.000 0.000 0.000 -1.000 0.000 0.000 0.000 0.000 0.019 1.000]]
		[0.1803279 [1.000 0.000 0.000 0.000 0.000 0.000 1.000 0.000 0.000 -1.000 0.000 0.000 0.000 0.000 0.010 1.000]]
		[0.1967213 [1.000 0.000 0.000 0.000 0.000 0.000 1.000 0.000 0.000 -1.000 0.000 0.000 0.000 0.000 0.001 1.000]]
		[0.2131148 [1.000 0.000 0.000 0.000 0.000 0.000 1.000 0.000 0.000 -1.000 0.000 0.000 0.000 0.000 -0.008 1.000]]
		[0.2295082 [1.000 0.000 0.000 0.000 0.000 0.000 1.000 0.000 0.000 -1.000 0.000 0.000 0.000 0.000 -0.016 1.000]]
		[0.2459016 [1.000 0.000 0.000 0.000 0.000 0.000 1.000 0.000 0.000 -1.000 0.000 0.000 0.000 0.000 -0.025 1.000]]
		[0.2622951 [1.000 0.000 0.000 0.000 0.000 0.000 1.000 0.000 0.000 -1.000 0.000 0.000 0.000 0.000 -0.033 1.000]]
		[0.2786885 [1.000 0.000 0.000 0.000 0.000 0.000 1.000 0.000 0.000 -1.000 0.000 0.000 0.000 0.000 -0.042 1.000]]
		[0.295082 [1.000 0.000 0.000 0.000 0.000 0.000 1.000 0.000 0.000 -1.000 0.000 0.000 0.000 0.000 -0.050 1.000]]
		[0.3114754 [1.000 0.000 0.000 0.000 0.000 0.000 1.000 0.000 0.000 -1.000 0.000 0.000 0.000 0.000 -0.058 1.000]]
		[0.3278688 [1.000 0.000 0.000 0.000 0.000 0.000 1.000 0.000 0.000 -1.000 0.000 0.000 0.000 0.000 -0.066 1.000]]
		[0.3442623 [1.000 0.000 0.000 0.000 0.000 0.000 1.000 0.000 0.000 -1.000 0.000 0.000 0.000 0.000 -0.074 1.000]]
		[0.3606557 [1.000 0.000 0.000 0.000 0.000 0.000 1.000 0.000 0.000 -1.000 0.000 0.000 0.000 0.000 -0.082 1.000]]
		[0.3770492 [1.000 0.000 0.000 0.000 0.000 0.000 1.000 0.000 0.000 -1.000 0.000 0.000 0.000 0.000 -0.089 1.000]]
		[0.3934426 [1.000 0.000 0.000 0.000 0.000 0.000 1.000 0.000 0.000 -1.000 0.000 0.000 0.000 0.000 -0.096 1.000]]
		[0.4098361 [1.000 0.000 0.000 0.000 0.000 0.000 1.000 0.000 0.000 -1.000 0.000 0.000 0.000 0.000 -0.103 1.000]]
		[0.4262295 [1.000 0.000 0.000 0.000 0.000 0.000 1.000 0.000 0.000 -1.000 0.000 0.000 0.000 0.000 -0.110 1.000]]
		[0.442623 [1.000 0.000 0.000 0.000 0.000 0.000 1.000 0.000 0.000 -1.000 0.000 0.000 0.000 0.000 -0.116 1.000]]
		[0.4590164 [1.000 0.000 0.000 0.000 0.000 0.000 1.000 0.000 0.000 -1.000 0.000 0.000 0.000 0.000 -0.122 1.000]]
		[0.4754098 [1.000 0.000 0.000 0.000 0.000 0.000 1.000 0.000 0.000 -1.000 0.000 0.000 0.000 0.000 -0.127 1.000]]
		[0.4918033 [1.000 0.000 0.000 0.000 0.000 0.000 1.000 0.000 0.000 -1.000 0.000 0.000 0.000 0.000 -0.132 1.000]]
		[0.5081967 [1.000 0.000 0.000 0.000 0.000 0.000 1.000 0.000 0.000 -1.000 0.000 0.000 0.000 0.000 -0.137 1.000]]
		[0.5245901 [1.000 0.000 0.000 0.000 0.000 0.000 1.000 0.000 0.000 -1.000 0.000 0.000 0.000 0.000 -0.141 1.000]]
		[0.5409836 [1.000 0.000 0.000 0.000 0.000 0.000 1.000 0.000 0.000 -1.000 0.000 0.000 0.000 0.000 -0.145 1.000]]
		[0.557377 [1.000 0.000 0.000 0.000 0.000 0.000 1.000 0.000 0.000 -1.000 0.000 0.000 0.000 0.000 -0.148 1.000]]
		[0.5737705 [1.000 0.000 0.000 0.000 0.000 0.000 1.000 0.000 0.000 -1.000 0.000 0.000 0.000 0.000 -0.151 1.000]]
		[0.5901639 [1.000 0.000 0.000 0.000 0.000 0.000 1.000 0.000 0.000 -1.000 0.000 0.000 0.000 0.000 -0.153 1.000]]
		[0.6065574 [1.000 0.000 0.000 0.000 0.000 0.000 1.000 0.000 0.000 -1.000 0.000 0.000 0.000 0.000 -0.155 1.000]]
		[0.6229508 [1.000 0.000 0.000 0.000 0.000 0.000 1.000 0.000 0.000 -1.000 0.000 0.000 0.000 0.000 -0.156 1.000]]
		[0.6393443 [1.000 0.000 0.000 0.000 0.000 0.000 1.000 0.000 0.000 -1.000 0.000 0.000 0.000 0.000 -0.157 1.000]]
		[0.6557377 [1.000 0.000 0.000 0.000 0.000 0.000 1.000 0.000 0.000 -1.000 0.000 0.000 0.000 0.000 -0.157 1.000]]
		[0.6721311 [1.000 0.000 0.000 0.000 0.000 0.000 1.000 0.000 0.000 -1.000 0.000 0.000 0.000 0.000 -0.156 1.000]]
		[0.6885246 [1.000 0.000 0.000 0.000 0.000 0.000 1.000 0.000 0.000 -1.000 0.000 0.000 0.000 0.000 -0.154 1.000]]
		[0.704918 [1.000 0.000 0.000 0.000 0.000 0.000 1.000 0.000 0.000 -1.000 0.000 0.000 0.000 0.000 -0.151 1.000]]
		[0.7213115 [1.000 0.000 0.000 0.000 0.000 0.000 1.000 0.000 0.000 -1.000 0.000 0.000 0.000 0.000 -0.147 1.000]]
		[0.7377049 [1.000 0.000 0.000 0.000 0.000 0.000 1.000 0.000 0.000 -1.000 0.000 0.000 0.000 0.000 -0.142 1.000]]
		[0.7540984 [1.000 0.000 0.000 0.000 0.000 0.000 1.000 0.000 0.000 -1.000 0.000 0.000 0.000 0.000 -0.136 1.000]]
		[0.7704918 [1.000 0.000 0.000 0.000 0.000 0.000 1.000 0.000 0.000 -1.000 0.000 0.000 0.000 0.000 -0.128 1.000]]
		[0.7868853 [1.000 0.000 0.000 0.000 0.000 0.000 1.000 0.000 0.000 -1.000 0.000 0.000 0.000 0.000 -0.120 1.000]]
		[0.8032787 [1.000 0.000 0.000 0.000 0.000 0.000 1.000 0.000 0.000 -1.000 0.000 0.000 0.000 0.000 -0.111 1.000]]
		[0.8196721 [1.000 0.000 0.000 0.000 0.000 0.000 1.000 0.000 0.000 -1.000 0.000 0.000 0.000 0.000 -0.100 1.000]]
		[0.8360656 [1.000 0.000 0.000 0.000 0.000 0.000 1.000 0.000 0.000 -1.000 0.000 0.000 0.000 0.000 -0.089 1.000]]
		[0.852459 [1.000 0.000 0.000 0.000 0.000 0.000 1.000 0.000 0.000 -1.000 0.000 0.000 0.000 0.000 -0.078 1.000]]
		[0.8688524 [1.000 0.000 0.000 0.000 0.000 0.000 1.000 0.000 0.000 -1.000 0.000 0.000 0.000 0.000 -0.065 1.000]]
		[0.8852459 [1.000 0.000 0.000 0.000 0.000 0.000 1.000 0.000 0.000 -1.000 0.000 0.000 0.000 0.000 -0.052 1.000]]
		[0.9016393 [1.000 0.000 0.000 0.000 0.000 0.000 1.000 0.000 0.000 -1.000 0.000 0.000 0.000 0.000 -0.038 1.000]]
		[0.9180328 [1.000 0.000 0.000 0.000 0.000 0.000 1.000 0.000 0.000 -1.000 0.000 0.000 0.000 0.000 -0.024 1.000]]
		[0.9344262 [1.000 0.000 0.000 0.000 0.000 0.000 1.000 0.000 0.000 -1.000 0.000 0.000 0.000 0.000 -0.009 1.000]]
		[0.9508197 [1.000 0.000 0.000 0.000 0.000 0.000 1.000 0.000 0.000 -1.000 0.000 0.000 0.000 0.000 0.006 1.000]]
		[0.9672131 [1.000 0.000 0.000 0.000 0.000 0.000 1.000 0.000 0.000 -1.000 0.000 0.000 0.000 0.000 0.021 1.000]]
		[0.9836066 [1.000 0.000 0.000 0.000 0.000 0.000 1.000 0.000 0.000 -1.000 0.000 0.000 0.000 0.000 0.037 1.000]]
	]
	"Bedro_L" [
		[0 [0.000 -0.342 0.940 0.000 0.000 -0.940 -0.342 0.000 1.000 0.000 0.000 0.000 0.123 -0.038 0.000 1.000]]
		[0.01639344 [-0.003 -0.352 0.936 0.000 0.008 -0.936 -0.352 0.000 1.000 0.006 0.006 0.000 0.123 -0.038 0.000 1.000]]
		[0.03278688 [-0.007 -0.362 0.932 0.000 0.015 -0.932 -0.362 0.000 1.000 0.012 0.012 0.000 0.123 -0.038 0.000 1.000]]
		[0.04918033 [-0.010 -0.372 0.928 0.000 0.023 -0.928 -0.372 0.000 1.000 0.018 0.018 0.000 0.123 -0.038 0.000 1.000]]
		[0.06557377 [-0.013 -0.382 0.924 0.000 0.030 -0.924 -0.382 0.000 0.999 0.023 0.023 0.000 0.123 -0.038 0.000 1.000]]
		[0.08196721 [-0.015 -0.392 0.920 0.000 0.037 -0.919 -0.392 0.000 0.999 0.029 0.029 0.000 0.123 -0.038 0.000 1.000]]
		[0.09836066 [-0.017 -0.403 0.915 0.000 0.045 -0.915 -0.402 0.000 0.999 0.034 0.034 0.000 0.123 -0.038 0.000 1.000]]
		[0.1147541 [-0.020 -0.413 0.910 0.000 0.052 -0.910 -0.412 0.000 0.998 0.039 0.039 0.000 0.123 -0.038 0.000 1.000]]
		[0.1311475 [-0.021 -0.424 0.905 0.000 0.059 -0.905 -0.422 0.000 0.998 0.045 0.044 0.000 0.123 -0.038 0.000 1.000]]
		[0.147541 [-0.023 -0.435 0.900 0.000 0.066 -0.899 -0.432 0.000 0.998 0.050 0.050 0.000 0.123 -0.038 0.000 1.000]]
		[0.1639344 [-0.025 -0.445 0.895 0.000 0.074 -0.894 -0.443 0.000 0.997 0.055 0.055 0.000 0.123 -0.038 0.000 1.000]]
		[0.1803279 [-0.026 -0.456 0.890 0.000 0.081 -0.888 -0.453 0.000 0.996 0.060 0.060 0.000 0.123 -0.038 0.000 1.000]]
		[0.1967213 [-0.027 -0.466 0.884 0.000 0.088 -0.882 -0.462 0.000 0.996 0.065 0.065 0.000 0.123 -0.038 0.000 1.000]]
		[0.2131148 [-0.028 -0.477 0.879 0.000 0.095 -0.876 -0.472 0.000 0.995 0.070 0.070 0.000 0.123 -0.038 0.000 1.000]]
		[0.2295082 [-0.029 -0.487 0.873 0.000 0.103 -0.870 -0.482 0.000 0.994 0.075 0.075 0.000 0.123 -0.038 0.000 1.000]]
		[0.2459016 [-0.030 -0.497 0.867 0.000 0.110 -0.864 -0.491 0.000 0.993 0.081 0.080 0.000 0.123 -0.038 0.000 1.000]]
		[0.2622951 [-0.030 -0.507 0.861 0.000 0.117 -0.858 -0.501 0.000 0.993 0.086 0.086 0.000 0.123 -0.038 0.000 1.000]]
		[0.2786885 [-0.031 -0.517 0.856 0.000 0.125 -0.851 -0.509 0.000 0.992 0.091 0.091 0.000 0.123 -0.038 0.000 1.000]]
		[0.295082 [-0.031 -0.526 0.850 0.000 0.133 -0.845 -0.518 0.000 0.991 0.097 0.096 0.000 0.123 -0.038 0.000 1.000]]
		[0.3114754 [-0.031 -0.535 0.844 0.000 0.140 -0.838 -0.527 0.000 0.990 0.102 0.102 0.000 0.123 -0.038 0.000 1.000]]
		[0.3278688 [-0.031 -0.544 0.838 0.000 0.148 -0.832 -0.535 0.000 0.988 0.108 0.107 0.000 0.123 -0.038 0.000 1.000]]
		[0.3442623 [-0.031 -0.553 0.833 0.000 0.157 -0.825 -0.542 0.000 0.987 0.113 0.113 0.000 0.123 -0.038 0.000 1.000]]
		[0.3606557 [-0.031 -0.561 0.827 0.000 0.165 -0.819 -0.550 0.000 0.986 0.119 0.118 0.000 0.123 -0.038 0.000 1.000]]
		[0.3770492 [-0.031 -0.569 0.821 0.000 0.173 -0.812 -0.557 0.000 0.984 0.125 0.124 0.000 0.123 -0.038 0.000 1.000]]
		[0.3934426 [-0.031 -0.577 0.816 0.000 0.182 -0.806 -0.563 0.000 0.983 0.131 0.130 0.000 0.123 -0.038 0.000 1.000]]
		[0.4098361 [-0.031 -0.585 0.811 0.000 0.191 -0.800 -0.569 0.000 0.981 0.137 0.136 0.000 0.123 -0.038 0.000 1.000]]
		[0.4262295 [-0.030 -0.591 0.806 0.000 0.200 -0.793 -0.575 0.000 0.979 0.144 0.142 0.000 0.123 -0.038 0.000 1.000]]
		[0.442623 [-0.030 -0.598 0.801 0.000 0.209 -0.787 -0.580 0.000 0.977 0.150 0.149 0.000 0.123 -0.038 0.000 1.000]]
		[0.4590164 [-0.029 -0.604 0.796 0.000 0.219 -0.781 -0.585 0.000 0.975 0.157 0.155 0.000 0.123 -0.038 0.000 1.000]]
		[0.4754098 [-0.029 -0.610 0.792 0.000 0.229 -0.775 -0.589 0.000 0.973 0.164 0.162 0.000 0.123 -0.038 0.000 1.000]]
		[0.4918033 [-0.029 -0.615 0.788 0.000 0.239 -0.770 -0.592 0.000 0.971 0.171 0.169 0.000 0.123 -0.038 0.000 1.000]]
		[0.5081967 [-0.028 -0.620 0.784 0.000 0.249 -0.764 -0.595 0.000 0.968 0.179 0.176 0.000 0.123 -0.038 0.000 1.000]]
		[0.5245901 [-0.028 -0.624 0.781 0.000 0.260 -0.759 -0.597 0.000 0.965 0.187 0.183 0.000 0.123 -0.038 0.000 1.000]]
		[0.5409836 [-0.027 -0.627 0.778 0.000 0.271 -0.754 -0.598 0.000 0.962 0.194 0.191 0.000 0.123 -0.038 0.000 1.000]]
		[0.557377 [-0.027 -0.631 0.776 0.000 0.282 -0.749 -0.599 0.000 0.959 0.203 0.198 0.000 0.123 -0.038 0.000 1.000]]
		[0.5737705 [-0.027 -0.633 0.774 0.000 0.295 -0.744 -0.599 0.000 0.955 0.212 0.207 0.000 0.123 -0.038 0.000 1.000]]
		[0.5901639 [-0.027 -0.635 0.772 0.000 0.309 -0.740 -0.598 0.000 0.951 0.222 0.217 0.000 0.123 -0.038 0.000 1.000]]
		[0.6065574 [-0.028 -0.637 0.771 0.000 0.326 -0.735 -0.595 0.000 0.945 0.235 0.228 0.000 0.123 -0.038 0.000 1.000]]
		[0.6229508 [-0.029 -0.638 0.770 0.000 0.344 -0.729 -0.591 0.000 0.938 0.248 0.240 0.000 0.123 -0.038 0.000 1.000]]
		[0.6393443 [-0.030 -0.638 0.770 0.000 0.364 -0.724 -0.586 0.000 0.931 0.262 0.253 0.000 0.123 -0.038 0.000 1.000]]
		[0.6557377 [-0.031 -0.637 0.770 0.000 0.383 -0.720 -0.579 0.000 0.923 0.277 0.266 0.000 0.123 -0.038 0.000 1.000]]
		[0.6721311 [-0.033 -0.635 0.772 0.000 0.402 -0.716 -0.571 0.000 0.915 0.291 0.279 0.000 0.123 -0.038 0.000 1.000]]
		[0.6885246 [-0.035 -0.632 0.774 0.000 0.419 -0.713 -0.563 0.000 0.907 0.305 0.290 0.000 0.123 -0.038 0.000 1.000]]
		[0.704918 [-0.038 -0.628 0.777 0.000 0.435 -0.711 -0.553 0.000 0.900 0.317 0.300 0.000 0.123 -0.038 0.000 1.000]]
		[0.7213115 [-0.042 -0.623 0.781 0.000 0.448 -0.710 -0.543 0.000 0.893 0.327 0.309 0.000 0.123 -0.038 0.000 1.000]]
		[0.7377049 [-0.046 -0.617 0.785 0.000 0.458 -0.712 -0.533 0.000 0.888 0.335 0.315 0.000 0.123 -0.038 0.000 1.000]]
		[0.7540984 [-0.051 -0.610 0.791 0.000 0.464 -0.716 -0.522 0.000 0.885 0.340 0.320 0.000 0.123 -0.038 0.000 1.000]]
		[0.7704918 [-0.057 -0.602 0.796 0.000 0.466 -0.721 -0.512 0.000 0.883 0.342 0.322 0.000 0.123 -0.038 0.000 1.000]]
		[0.7868853 [-0.063 -0.593 0.803 0.000 0.466 -0.729 -0.502 0.000 0.883 0.343 0.322 0.000 0.123 -0.038 0.000 1.000]]
		[0.8032787 [-0.069 -0.582 0.810 0.000 0.464 -0.738 -0.491 0.000 0.883 0.342 0.321 0.000 0.123 -0.038 0.000 1.000]]
		[0.8196721 [-0.076 -0.571 0.817 0.000 0.460 -0.747 -0.479 0.000 0.885 0.340 0.319 0.000 0.123 -0.038 0.000 1.000]]
		[0.8360656 [-0.083 -0.559 0.825 0.000 0.455 -0.758 -0.467 0.000 0.887 0.337 0.317 0.000 0.123 -0.038 0.000 1.000]]
		[0.852459 [-0.090 -0.545 0.833 0.000 0.448 -0.769 -0.455 0.000 0.889 0.333 0.314 0.000 0.123 -0.038 0.000 1.000]]
		[0.8688524 [-0.097 -0.531 0.842 0.000 0.440 -0.782 -0.442 0.000 0.893 0.328 0.310 0.000 0.123 -0.038 0.000 1.000]]
		[0.8852459 [-0.104 -0.515 0.851 0.000 0.431 -0.794 -0.428 0.000 0.896 0.322 0.305 0.000 0.123 -0.038 0.000 1.000]]
		[0.9016393 [-0.111 -0.499 0.860 0.000 0.420 -0.807 -0.414 0.000 0.901 0.315 0.299 0.000 0.123 -0.038 0.000 1.000]]
		[0.9180328 [-0.118 -0.481 0.869 0.000 0.408 -0.821 -0.399 0.000 0.905 0.308 0.293 0.000 0.123 -0.038 0.000 1.000]]
		[0.9344262 [-0.124 -0.462 0.878 0.000 0.395 -0.835 -0.384 0.000 0.910 0.300 0.286 0.000 0.123 -0.038 0.000 1.000]]
		[0.9508197 [-0.129 -0.443 0.887 0.000 0.381 -0.848 -0.368 0.000 0.915 0.291 0.278 0.000 0.123 -0.038 0.000 1.000]]
		[0.9672131 [-0.134 -0.422 0.897 0.000 0.366 -0.862 -0.351 0.000 0.921 0.281 0.270 0.000 0.123 -0.038 0.000 1.000]]
		[0.9836066 [-0.138 -0.400 0.906 0.000 0.350 -0.875 -0.334 0.000 0.926 0.271 0.261 0.000 0.123 -0.038 0.000 1.000]]
	]
	"Koleno_L" [
		[0 [-0.766 0.643 -0.007 0.000 0.643 0.766 -0.009 0.000 0.000 -0.011 -1.000 0.000 0.000 0.532 0.000 1.000]]
		[0.01639344 [-0.749 0.663 -0.007 0.000 0.663 0.749 -0.008 0.000 0.000 -0.011 -1.000 0.000 0.000 0.532 0.000 1.000]]
		[0.03278688 [-0.730 0.683 -0.008 0.000 0.683 0.730 -0.008 0.000 0.000 -0.011 -1.000 0.000 0.000 0.532 0.000 1.000]]
		[0.04918033 [-0.710 0.705 -0.008 0.000 0.705 0.709 -0.008 0.000 0.000 -0.011 -1.000 0.000 0.000 0.532 0.000 1.000]]
		[0.06557377 [-0.687 0.726 -0.008 0.000 0.726 0.687 -0.008 0.000 0.000 -0.011 -1.000 0.000 0.000 0.532 0.000 1.000]]
		[0.08196721 [-0.663 0.748 -0.008 0.000 0.748 0.663 -0.007 0.000 0.000 -0.011 -1.000 0.000 0.000 0.532 0.000 1.000]]
		[0.09836066 [-0.638 0.770 -0.009 0.000 0.770 0.638 -0.007 0.000 0.000 -0.011 -1.000 0.000 0.000 0.532 0.000 1.000]]
		[0.1147541 [-0.611 0.792 -0.009 0.000 0.792 0.611 -0.007 0.000 0.000 -0.011 -1.000 0.000 0.000 0.532 0.000 1.000]]
		[0.1311475 [-0.583 0.813 -0.009 0.000 0.813 0.583 -0.007 0.000 0.000 -0.011 -1.000 0.000 0.000 0.532 0.000 1.000]]
		[0.147541 [-0.553 0.833 -0.009 0.000 0.833 0.553 -0.006 0.000 0.000 -0.011 -1.000 0.000 0.000 0.532 0.000 1.000]]
		[0.1639344 [-0.523 0.852 -0.010 0.000 0.852 0.523 -0.006 0.000 0.000 -0.011 -1.000 0.000 0.000 0.532 0.000 1.000]]
		[0.1803279 [-0.491 0.871 -0.010 0.000 0.871 0.491 -0.006 0.000 0.000 -0.011 -1.000 0.000 0.000 0.532 0.000 1.000]]
		[0.1967213 [-0.459 0.888 -0.010 0.000 0.888 0.459 -0.005 0.000 0.000 -0.011 -1.000 0.000 0.000 0.532 0.000 1.000]]
		[0.2131148 [-0.426 0.904 -0.010 0.000 0.905 0.426 -0.005 0.000 0.000 -0.011 -1.000 0.000 0.000 0.532 0.000 1.000]]
		[0.2295082 [-0.393 0.919 -0.010 0.000 0.919 0.393 -0.004 0.000 0.000 -0.011 -1.000 0.000 0.000 0.532 0.000 1.000]]
		[0.2459016 [-0.360 0.933 -0.011 0.000 0.933 0.360 -0.004 0.000 0.000 -0.011 -1.000 0.000 0.000 0.532 0.000 1.000]]
		[0.2622951 [-0.327 0.945 -0.011 0.000 0.945 0.327 -0.004 0.000 0.000 -0.011 -1.000 0.000 0.000 0.532 0.000 1.000]]
		[0.2786885 [-0.294 0.956 -0.011 0.000 0.956 0.294 -0.003 0.000 0.000 -0.011 -1.000 0.000 0.000 0.532 0.000 1.000]]
		[0.295082 [-0.262 0.965 -0.011 0.000 0.965 0.262 -0.003 0.000 0.000 -0.011 -1.000 0.000 0.000 0.532 0.000 1.000]]
		[0.3114754 [-0.231 0.973 -0.011 0.000 0.973 0.231 -0.003 0.000 0.000 -0.011 -1.000 0.000 0.000 0.532 0.000 1.000]]
		[0.3278688 [-0.200 0.980 -0.011 0.000 0.980 0.200 -0.002 0.000 0.000 -0.011 -1.000 0.000 0.000 0.532 0.000 1.000]]
		[0.3442623 [-0.171 0.985 -0.011 0.000 0.985 0.171 -0.002 0.000 0.000 -0.011 -1.000 0.000 0.000 0.532 0.000 1.000]]
		[0.3606557 [-0.143 0.990 -0.011 0.000 0.990 0.143 -0.002 0.000 0.000 -0.011 -1.000 0.000 0.000 0.532 0.000 1.000]]
		[0.3770492 [-0.117 0.993 -0.011 0.000 0.993 0.117 -0.001 0.000 0.000 -0.011 -1.000 0.000 0.000 0.532 0.000 1.000]]
		[0.3934426 [-0.093 0.996 -0.011 0.000 0.996 0.093 -0.001 0.000 0.000 -0.011 -1.000 0.000 0.000 0.532 0.000 1.000]]
		[0.4098361 [-0.071 0.997 -0.011 0.000 0.997 0.071 -0.001 0.000 0.000 -0.011 -1.000 0.000 0.000 0.532 0.000 1.000]]
		[0.4262295 [-0.051 0.999 -0.011 0.000 0.999 0.051 -0.001 0.000 0.000 -0.011 -1.000 0.000 0.000 0.532 0.000 1.000]]
		[0.442623 [-0.034 0.999 -0.011 0.000 0.999 0.034 0.000 0.000 0.000 -0.011 -1.000 0.000 0.000 0.532 0.000 1.000]]
		[0.4590164 [-0.019 1.000 -0.011 0.000 1.000 0.019 0.000 0.000 0.000 -0.011 -1.000 0.000 0.000 0.532 0.000 1.000]]
		[0.4754098 [-0.007 1.000 -0.011 0.000 1.000 0.007 0.000 0.000 0.000 -0.011 -1.000 0.000 0.000 0.532 0.000 1.000]]
		[0.4918033 [0.002 1.000 -0.011 0.000 1.000 -0.002 0.000 0.000 0.000 -0.011 -1.000 0.000 0.000 0.532 0.000 1.000]]
		[0.5081967 [0.008 1.000 -0.011 0.000 1.000 -0.008 0.000 0.000 0.000 -0.011 -1.000 0.000 0.000 0.532 0.000 1.000]]
		[0.5245901 [0.010 1.000 -0.011 0.000 1.000 -0.010 0.000 0.000 0.000 -0.011 -1.000 0.000 0.000 0.532 0.000 1.000]]
		[0.5409836 [0.009 1.000 -0.011 0.000 1.000 -0.009 0.000 0.000 0.000 -0.011 -1.000 0.000 0.000 0.532 0.000 1.000]]
		[0.557377 [0.006 1.000 -0.011 0.000 1.000 -0.006 0.000 0.000 0.000 -0.011 -1.000 0.000 0.000 0.532 0.000 1.000]]
		[0.5737705 [-0.006 1.000 -0.011 0.000 1.000 0.006 0.000 0.000 0.000 -0.011 -1.000 0.000 0.000 0.532 0.000 1.000]]
		[0.5901639 [-0.026 1.000 -0.011 0.000 1.000 0.026 0.000 0.000 0.000 -0.011 -1.000 0.000 0.000 0.532 0.000 1.000]]
		[0.6065574 [-0.056 0.998 -0.011 0.000 0.998 0.056 -0.001 0.000 0.000 -0.011 -1.000 0.000 0.000 0.532 0.000 1.000]]
		[0.6229508 [-0.096 0.995 -0.011 0.000 0.995 0.096 -0.001 0.000 0.000 -0.011 -1.000 0.000 0.000 0.532 0.000 1.000]]
		[0.6393443 [-0.141 0.990 -0.011 0.000 0.990 0.141 -0.002 0.000 0.000 -0.011 -1.000 0.000 0.000 0.532 0.000 1.000]]
		[0.6557377 [-0.192 0.981 -0.011 0.000 0.981 0.192 -0.002 0.000 0.000 -0.011 -1.000 0.000 0.000 0.532 0.000 1.000]]
		[0.6721311 [-0.244 0.970 -0.011 0.000 0.970 0.244 -0.003 0.000 0.000 -0.011 -1.000 0.000 0.000 0.532 0.000 1.000]]
		[0.6885246 [-0.298 0.955 -0.011 0.000 0.955 0.298 -0.003 0.000 0.000 -0.011 -1.000 0.000 0.000 0.532 0.000 1.000]]
		[0.704918 [-0.349 0.937 -0.011 0.000 0.937 0.349 -0.004 0.000 0.000 -0.011 -1.000 0.000 0.000 0.532 0.000 1.000]]
		[0.7213115 [-0.398 0.917 -0.010 0.000 0.918 0.398 -0.004 0.000 0.000 -0.011 -1.000 0.000 0.000 0.532 0.000 1.000]]
		[0.7377049 [-0.440 0.898 -0.010 0.000 0.898 0.440 -0.005 0.000 0.000 -0.011 -1.000 0.000 0.000 0.532 0.000 1.000]]
		[0.7540984 [-0.476 0.879 -0.010 0.000 0.879 0.476 -0.005 0.000 0.000 -0.011 -1.000 0.000 0.000 0.532 0.000 1.000]]
		[0.7704918 [-0.507 0.862 -0.010 0.000 0.862 0.507 -0.006 0.000 0.000 -0.011 -1.000 0.000 0.000 0.532 0.000 1.000]]
		[0.7868853 [-0.532 0.846 -0.010 0.000 0.847 0.532 -0.006 0.000 0.000 -0.011 -1.000 0.000 0.000 0.532 0.000 1.000]]
		[0.8032787 [-0.556 0.831 -0.009 0.000 0.831 0.556 -0.006 0.000 0.000 -0.011 -1.000 0.000 0.000 0.532 0.000 1.000]]
		[0.8196721 [-0.579 0.815 -0.009 0.000 0.815 0.579 -0.007 0.000 0.000 -0.011 -1.000 0.000 0.000 0.532 0.000 1.000]]
		[0.8360656 [-0.602 0.799 -0.009 0.000 0.799 0.602 -0.007 0.000 0.000 -0.011 -1.000 0.000 0.000 0.532 0.000 1.000]]
		[0.852459 [-0.623 0.782 -0.009 0.000 0.782 0.623 -0.007 0.000 0.000 -0.011 -1.000 0.000 0.000 0.532 0.000 1.000]]
		[0.8688524 [-0.643 0.766 -0.009 0.000 0.766 0.643 -0.007 0.000 0.000 -0.011 -1.000 0.000 0.000 0.532 0.000 1.000]]
		[0.8852459 [-0.662 0.749 -0.008 0.000 0.749 0.662 -0.007 0.000 0.000 -0.011 -1.000 0.000 0.000 0.532 0.000 1.000]]
		[0.9016393 [-0.680 0.733 -0.008 0.000 0.733 0.680 -0.008 0.000 0.000 -0.011 -1.000 0.000 0.000 0.532 0.000 1.000]]
		[0.9180328 [-0.698 0.716 -0.008 0.000 0.716 0.698 -0.008 0.000 0.000 -0.011 -1.000 0.000 0.000 0.532 0.000 1.000]]
		[0.9344262 [-0.714 0.700 -0.008 0.000 0.700 0.714 -0.008 0.000 0.000 -0.011 -1.000 0.000 0.000 0.532 0.000 1.000]]
		[0.9508197 [-0.730 0.684 -0.008 0.000 0.684 0.730 -0.008 0.000 0.000 -0.011 -1.000 0.000 0.000 0.532 0.000 1.000]]
		[0.9672131 [-0.744 0.668 -0.008 0.000 0.668 0.744 -0.008 0.000 0.000 -0.011 -1.000 0.000 0.000 0.532 0.000 1.000]]
		[0.9836066 [-0.758 0.652 -0.007 0.000 0.652 0.758 -0.009 0.000 0.000 -0.011 -1.000 0.000 0.000 0.532 0.000 1.000]]
	]
	"Koleno_L_end" [
		[0 [1.000 0.000 0.000 0.000 0.000 1.000 0.000 0.000 0.000 0.000 1.000 0.000 0.000 0.578 0.000 1.000]]
	]
	"Bedro_P" [
		[0 [0.000 -0.643 0.766 0.000 0.000 -0.766 -0.643 0.000 1.000 0.000 0.000 0.000 -0.123 -0.038 0.000 1.000]]
		[0.01639344 [0.001 -0.643 0.766 0.000 -0.008 -0.766 -0.643 0.000 1.000 -0.006 -0.006 0.000 -0.123 -0.038 0.000 1.000]]
		[0.03278688 [0.001 -0.643 0.766 0.000 -0.017 -0.766 -0.643 0.000 1.000 -0.012 -0.012 0.000 -0.123 -0.038 0.000 1.000]]
		[0.04918033 [0.002 -0.643 0.766 0.000 -0.025 -0.766 -0.642 0.000 1.000 -0.018 -0.018 0.000 -0.123 -0.038 0.000 1.000]]
		[0.06557377 [0.003 -0.643 0.766 0.000 -0.033 -0.766 -0.642 0.000 0.999 -0.023 -0.023 0.000 -0.123 -0.038 0.000 1.000]]
		[0.08196721 [0.004 -0.643 0.766 0.000 -0.040 -0.766 -0.642 0.000 0.999 -0.029 -0.029 0.000 -0.123 -0.038 0.000 1.000]]
		[0.09836066 [0.004 -0.642 0.766 0.000 -0.048 -0.766 -0.642 0.000 0.999 -0.034 -0.034 0.000 -0.123 -0.038 0.000 1.000]]
		[0.1147541 [0.005 -0.642 0.766 0.000 -0.055 -0.765 -0.641 0.000 0.998 -0.039 -0.039 0.000 -0.123 -0.038 0.000 1.000]]
		[0.1311475 [0.006 -0.642 0.767 0.000 -0.063 -0.765 -0.641 0.000 0.998 -0.045 -0.044 0.000 -0.123 -0.038 0.000 1.000]]
		[0.147541 [0.006 -0.642 0.767 0.000 -0.070 -0.765 -0.640 0.000 0.998 -0.050 -0.050 0.000 -0.123 -0.038 0.000 1.000]]
		[0.1639344 [0.007 -0.642 0.767 0.000 -0.077 -0.765 -0.640 0.000 0.997 -0.055 -0.055 0.000 -0.123 -0.038 0.000 1.000]]
		[0.1803279 [0.007 -0.642 0.767 0.000 -0.085 -0.765 -0.639 0.000 0.996 -0.060 -0.060 0.000 -0.123 -0.038 0.000 1.000]]
		[0.1967213 [0.008 -0.641 0.767 0.000 -0.092 -0.764 -0.638 0.000 0.996 -0.065 -0.065 0.000 -0.123 -0.038 0.000 1.000]]
		[0.2131148 [0.009 -0.641 0.767 0.000 -0.099 -0.764 -0.637 0.000 0.995 -0.070 -0.070 0.000 -0.123 -0.038 0.000 1.000]]
		[0.2295082 [0.009 -0.641 0.768 0.000 -0.106 -0.764 -0.637 0.000 0.994 -0.075 -0.075 0.000 -0.123 -0.038 0.000 1.000]]
		[0.2459016 [0.010 -0.641 0.768 0.000 -0.113 -0.764 -0.636 0.000 0.993 -0.081 -0.080 0.000 -0.123 -0.038 0.000 1.000]]
		[0.2622951 [0.011 -0.640 0.768 0.000 -0.121 -0.763 -0.635 0.000 0.993 -0.086 -0.086 0.000 -0.123 -0.038 0.000 1.000]]
		[0.2786885 [0.011 -0.640 0.768 0.000 -0.128 -0.763 -0.634 0.000 0.992 -0.091 -0.091 0.000 -0.123 -0.038 0.000 1.000]]
		[0.295082 [0.012 -0.640 0.768 0.000 -0.136 -0.762 -0.633 0.000 0.991 -0.097 -0.096 0.000 -0.123 -0.038 0.000 1.000]]
		[0.3114754 [0.013 -0.639 0.769 0.000 -0.143 -0.762 -0.631 0.000 0.990 -0.102 -0.102 0.000 -0.123 -0.038 0.000 1.000]]
		[0.3278688 [0.014 -0.639 0.769 0.000 -0.151 -0.762 -0.630 0.000 0.988 -0.108 -0.107 0.000 -0.123 -0.038 0.000 1.000]]
		[0.3442623 [0.014 -0.639 0.769 0.000 -0.159 -0.761 -0.629 0.000 0.987 -0.113 -0.113 0.000 -0.123 -0.038 0.000 1.000]]
		[0.3606557 [0.015 -0.638 0.770 0.000 -0.167 -0.761 -0.627 0.000 0.986 -0.119 -0.118 0.000 -0.123 -0.038 0.000 1.000]]
		[0.3770492 [0.016 -0.638 0.770 0.000 -0.175 -0.760 -0.626 0.000 0.984 -0.125 -0.124 0.000 -0.123 -0.038 0.000 1.000]]
		[0.3934426 [0.017 -0.637 0.770 0.000 -0.184 -0.759 -0.624 0.000 0.983 -0.131 -0.130 0.000 -0.123 -0.038 0.000 1.000]]
		[0.4098361 [0.018 -0.637 0.771 0.000 -0.192 -0.759 -0.622 0.000 0.981 -0.137 -0.136 0.000 -0.123 -0.038 0.000 1.000]]
		[0.4262295 [0.019 -0.636 0.771 0.000 -0.201 -0.758 -0.620 0.000 0.979 -0.144 -0.142 0.000 -0.123 -0.038 0.000 1.000]]
		[0.442623 [0.020 -0.635 0.772 0.000 -0.210 -0.757 -0.618 0.000 0.977 -0.150 -0.149 0.000 -0.123 -0.038 0.000 1.000]]
		[0.4590164 [0.021 -0.635 0.772 0.000 -0.220 -0.757 -0.616 0.000 0.975 -0.157 -0.155 0.000 -0.123 -0.038 0.000 1.000]]
		[0.4754098 [0.022 -0.634 0.773 0.000 -0.230 -0.756 -0.613 0.000 0.973 -0.164 -0.162 0.000 -0.123 -0.038 0.000 1.000]]
		[0.4918033 [0.023 -0.633 0.774 0.000 -0.239 -0.755 -0.611 0.000 0.971 -0.171 -0.169 0.000 -0.123 -0.038 0.000 1.000]]
		[0.5081967 [0.024 -0.632 0.774 0.000 -0.250 -0.754 -0.608 0.000 0.968 -0.179 -0.176 0.000 -0.123 -0.038 0.000 1.000]]
		[0.5245901 [0.025 -0.632 0.775 0.000 -0.260 -0.753 -0.605 0.000 0.965 -0.187 -0.183 0.000 -0.123 -0.038 0.000 1.000]]
		[0.5409836 [0.026 -0.630 0.776 0.000 -0.271 -0.751 -0.601 0.000 0.962 -0.194 -0.191 0.000 -0.123 -0.038 0.000 1.000]]
		[0.557377 [0.028 -0.629 0.777 0.000 -0.282 -0.750 -0.598 0.000 0.959 -0.203 -0.198 0.000 -0.123 -0.038 0.000 1.000]]
		[0.5737705 [0.029 -0.628 0.777 0.000 -0.295 -0.748 -0.594 0.000 0.955 -0.212 -0.207 0.000 -0.123 -0.038 0.000 1.000]]
		[0.5901639 [0.030 -0.628 0.778 0.000 -0.309 -0.746 -0.590 0.000 0.951 -0.222 -0.217 0.000 -0.123 -0.038 0.000 1.000]]
		[0.6065574 [0.032 -0.628 0.778 0.000 -0.326 -0.742 -0.586 0.000 0.945 -0.235 -0.228 0.000 -0.123 -0.038 0.000 1.000]]
		[0.6229508 [0.033 -0.628 0.777 0.000 -0.344 -0.737 -0.582 0.000 0.938 -0.248 -0.240 0.000 -0.123 -0.038 0.000 1.000]]
		[0.6393443 [0.034 -0.629 0.777 0.000 -0.363 -0.732 -0.576 0.000 0.931 -0.262 -0.253 0.000 -0.123 -0.038 0.000 1.000]]
		[0.6557377 [0.035 -0.629 0.777 0.000 -0.383 -0.727 -0.571 0.000 0.923 -0.277 -0.266 0.000 -0.123 -0.038 0.000 1.000]]
		[0.6721311 [0.037 -0.628 0.777 0.000 -0.401 -0.722 -0.564 0.000 0.915 -0.291 -0.279 0.000 -0.123 -0.038 0.000 1.000]]
		[0.6885246 [0.038 -0.627 0.778 0.000 -0.419 -0.717 -0.557 0.000 0.907 -0.305 -0.290 0.000 -0.123 -0.038 0.000 1.000]]
		[0.704918 [0.041 -0.624 0.780 0.000 -0.434 -0.714 -0.549 0.000 0.900 -0.317 -0.300 0.000 -0.123 -0.038 0.000 1.000]]
		[0.7213115 [0.043 -0.621 0.783 0.000 -0.448 -0.712 -0.540 0.000 0.893 -0.327 -0.309 0.000 -0.123 -0.038 0.000 1.000]]
		[0.7377049 [0.047 -0.616 0.786 0.000 -0.458 -0.713 -0.531 0.000 0.888 -0.335 -0.315 0.000 -0.123 -0.038 0.000 1.000]]
		[0.7540984 [0.051 -0.610 0.791 0.000 -0.464 -0.716 -0.522 0.000 0.885 -0.340 -0.320 0.000 -0.123 -0.038 0.000 1.000]]
		[0.7704918 [0.057 -0.602 0.796 0.000 -0.466 -0.721 -0.512 0.000 0.883 -0.342 -0.322 0.000 -0.123 -0.038 0.000 1.000]]
		[0.7868853 [0.063 -0.593 0.803 0.000 -0.466 -0.729 -0.502 0.000 0.883 -0.343 -0.322 0.000 -0.123 -0.038 0.000 1.000]]
		[0.8032787 [0.069 -0.583 0.810 0.000 -0.464 -0.737 -0.491 0.000 0.883 -0.342 -0.321 0.000 -0.123 -0.038 0.000 1.000]]
		[0.8196721 [0.076 -0.571 0.817 0.000 -0.460 -0.747 -0.480 0.000 0.885 -0.340 -0.319 0.000 -0.123 -0.038 0.000 1.000]]
		[0.8360656 [0.083 -0.559 0.825 0.000 -0.455 -0.758 -0.468 0.000 0.887 -0.337 -0.317 0.000 -0.123 -0.038 0.000 1.000]]
		[0.852459 [0.090 -0.546 0.833 0.000 -0.448 -0.769 -0.456 0.000 0.889 -0.333 -0.314 0.000 -0.123 -0.038 0.000 1.000]]
		[0.8688524 [0.097 -0.531 0.842 0.000 -0.440 -0.781 -0.443 0.000 0.893 -0.328 -0.310 0.000 -0.123 -0.038 0.000 1.000]]
		[0.8852459 [0.104 -0.516 0.850 0.000 -0.431 -0.794 -0.429 0.000 0.896 -0.322 -0.305 0.000 -0.123 -0.038 0.000 1.000]]
		[0.9016393 [0.111 -0.499 0.859 0.000 -0.420 -0.807 -0.415 0.000 0.901 -0.315 -0.299 0.000 -0.123 -0.038 0.000 1.000]]
		[0.9180328 [0.117 -0.482 0.868 0.000 -0.408 -0.820 -0.400 0.000 0.905 -0.308 -0.293 0.000 -0.123 -0.038 0.000 1.000]]
		[0.9344262 [0.123 -0.463 0.878 0.000 -0.395 -0.834 -0.385 0.000 0.910 -0.300 -0.286 0.000 -0.123 -0.038 0.000 1.000]]
		[0.9508197 [0.129 -0.444 0.887 0.000 -0.381 -0.848 -0.369 0.000 0.915 -0.291 -0.278 0.000 -0.123 -0.038 0.000 1.000]]
		[0.9672131 [0.134 -0.423 0.896 0.000 -0.366 -0.861 -0.352 0.000 0.921 -0.281 -0.270 0.000 -0.123 -0.038 0.000 1.000]]
		[0.9836066 [0.138 -0.401 0.906 0.000 -0.350 -0.875 -0.335 0.000 0.926 -0.271 -0.261 0.000 -0.123 -0.038 0.000 1.000]]
	]
	"Koleno_P" [
		[0 [0.000 1.000 0.000 0.000 1.000 0.000 0.000 0.000 0.000 0.000 -1.000 0.000 0.000 0.532 0.000 1.000]]
		[0.01639344 [0.001 1.000 0.000 0.000 1.000 -0.001 0.000 0.000 0.000 0.000 -1.000 0.000 0.000 0.532 0.000 1.000]]
		[0.03278688 [0.002 1.000 0.000 0.000 1.000 -0.002 0.000 0.000 0.000 0.000 -1.000 0.000 0.000 0.532 0.000 1.000]]
		[0.04918033 [0.005 1.000 0.000 0.000 1.000 -0.005 0.000 0.000 0.000 0.000 -1.000 0.000 0.000 0.532 0.000 1.000]]
		[0.06557377 [0.009 1.000 0.000 0.000 1.000 -0.009 0.000 0.000 0.000 0.000 -1.000 0.000 0.000 0.532 0.000 1.000]]
		[0.08196721 [0.013 1.000 0.000 0.000 1.000 -0.013 0.000 0.000 0.000 0.000 -1.000 0.000 0.000 0.532 0.000 1.000]]
		[0.09836066 [0.018 1.000 0.000 0.000 1.000 -0.018 0.000 0.000 0.000 0.000 -1.000 0.000 0.000 0.532 0.000 1.000]]
		[0.1147541 [0.024 1.000 0.000 0.000 1.000 -0.024 0.000 0.000 0.000 0.000 -1.000 0.000 0.000 0.532 0.000 1.000]]
		[0.1311475 [0.031 1.000 0.000 0.000 1.000 -0.031 0.000 0.000 0.000 0.000 -1.000 0.000 0.000 0.532 0.000 1.000]]
		[0.147541 [0.037 0.999 0.000 0.000 0.999 -0.037 0.000 0.000 0.000 0.000 -1.000 0.000 0.000 0.532 0.000 1.000]]
		[0.1639344 [0.044 0.999 0.000 0.000 0.999 -0.044 0.000 0.000 0.000 0.000 -1.000 0.000 0.000 0.532 0.000 1.000]]
		[0.1803279 [0.051 0.999 0.000 0.000 0.999 -0.051 0.000 0.000 0.000 0.000 -1.000 0.000 0.000 0.532 0.000 1.000]]
		[0.1967213 [0.058 0.998 0.000 0.000 0.998 -0.058 0.000 0.000 0.000 0.000 -1.000 0.000 0.000 0.532 0.000 1.000]]
		[0.2131148 [0.065 0.998 0.000 0.000 0.998 -0.065 0.000 0.000 0.000 0.000 -1.000 0.000 0.000 0.532 0.000 1.000]]
		[0.2295082 [0.072 0.997 0.000 0.000 0.997 -0.072 0.000 0.000 0.000 0.000 -1.000 0.000 0.000 0.532 0.000 1.000]]
		[0.2459016 [0.079 0.997 0.000 0.000 0.997 -0.079 0.000 0.000 0.000 0.000 -1.000 0.000 0.000 0.532 0.000 1.000]]
		[0.2622951 [0.085 0.996 0.000 0.000 0.996 -0.085 0.000 0.000 0.000 0.000 -1.000 0.000 0.000 0.532 0.000 1.000]]
		[0.2786885 [0.091 0.996 0.000 0.000 0.996 -0.091 0.000 0.000 0.000 0.000 -1.000 0.000 0.000 0.532 0.000 1.000]]
		[0.295082 [0.096 0.995 0.000 0.000 0.995 -0.096 0.000 0.000 0.000 0.000 -1.000 0.000 0.000 0.532 0.000 1.000]]
		[0.3114754 [0.101 0.995 0.000 0.000 0.995 -0.101 0.000 0.000 0.000 0.000 -1.000 0.000 0.000 0.532 0.000 1.000]]
		[0.3278688 [0.104 0.995 0.000 0.000 0.995 -0.104 0.000 0.000 0.000 0.000 -1.000 0.000 0.000 0.532 0.000 1.000]]
		[0.3442623 [0.107 0.994 0.000 0.000 0.994 -0.107 0.000 0.000 0.000 0.000 -1.000 0.000 0.000 0.532 0.000 1.000]]
		[0.3606557 [0.109 0.994 0.000 0.000 0.994 -0.109 0.000 0.000 0.000 0.000 -1.000 0.000 0.000 0.532 0.000 1.000]]
		[0.3770492 [0.110 0.994 0.000 0.000 0.994 -0.110 0.000 0.000 0.000 0.000 -1.000 0.000 0.000 0.532 0.000 1.000]]
		[0.3934426 [0.109 0.994 0.000 0.000 0.994 -0.109 0.000 0.000 0.000 0.000 -1.000 0.000 0.000 0.532 0.000 1.000]]
		[0.4098361 [0.107 0.994 0.000 0.000 0.994 -0.107 0.000 0.000 0.000 0.000 -1.000 0.000 0.000 0.532 0.000 1.000]]
		[0.4262295 [0.104 0.995 0.000 0.000 0.995 -0.104 0.000 0.000 0.000 0.000 -1.000 0.000 0.000 0.532 0.000 1.000]]
		[0.442623 [0.099 0.995 0.000 0.000 0.995 -0.099 0.000 0.000 0.000 0.000 -1.000 0.000 0.000 0.532 0.000 1.000]]
		[0.4590164 [0.092 0.996 0.000 0.000 0.996 -0.092 0.000 0.000 0.000 0.000 -1.000 0.000 0.000 0.532 0.000 1.000]]
		[0.4754098 [0.084 0.996 0.000 0.000 0.996 -0.084 0.000 0.000 0.000 0.000 -1.000 0.000 0.000 0.532 0.000 1.000]]
		[0.4918033 [0.074 0.997 0.000 0.000 0.997 -0.074 0.000 0.000 0.000 0.000 -1.000 0.000 0.000 0.532 0.000 1.000]]
		[0.5081967 [0.062 0.998 0.000 0.000 0.998 -0.062 0.000 0.000 0.000 0.000 -1.000 0.000 0.000 0.532 0.000 1.000]]
		[0.5245901 [0.047 0.999 0.000 0.000 0.999 -0.047 0.000 0.000 0.000 0.000 -1.000 0.000 0.000 0.532 0.000 1.000]]
		[0.5409836 [0.031 1.000 0.000 0.000 1.000 -0.031 0.000 0.000 0.000 0.000 -1.000 0.000 0.000 0.532 0.000 1.000]]
		[0.557377 [0.013 1.000 0.000 0.000 1.000 -0.013 0.000 0.000 0.000 0.000 -1.000 0.000 0.000 0.532 0.000 1.000]]
		[0.5737705 [-0.011 1.000 0.000 0.000 1.000 0.011 0.000 0.000 0.000 0.000 -1.000 0.000 0.000 0.532 0.000 1.000]]
		[0.5901639 [-0.040 0.999 0.000 0.000 0.999 0.040 0.000 0.000 0.000 0.000 -1.000 0.000 0.000 0.532 0.000 1.000]]
		[0.6065574 [-0.076 0.997 0.000 0.000 0.997 0.076 0.000 0.000 0.000 0.000 -1.000 0.000 0.000 0.532 0.000 1.000]]
		[0.6229508 [-0.118 0.993 0.000 0.000 0.993 0.118 0.000 0.000 0.000 0.000 -1.000 0.000 0.000 0.532 0.000 1.000]]
		[0.6393443 [-0.164 0.987 0.000 0.000 0.987 0.164 0.000 0.000 0.000 0.000 -1.000 0.000 0.000 0.532 0.000 1.000]]
		[0.6557377 [-0.213 0.977 0.000 0.000 0.977 0.213 0.000 0.000 0.000 0.000 -1.000 0.000 0.000 0.532 0.000 1.000]]
		[0.6721311 [-0.262 0.965 0.000 0.000 0.965 0.262 0.000 0.000 0.000 0.000 -1.000 0.000 0.000 0.532 0.000 1.000]]
		[0.6885246 [-0.312 0.950 0.000 0.000 0.950 0.312 0.000 0.000 0.000 0.000 -1.000 0.000 0.000 0.532 0.000 1.000]]
		[0.704918 [-0.359 0.933 0.000 0.000 0.933 0.359 0.000 0.000 0.000 0.000 -1.000 0.000 0.000 0.532 0.000 1.000]]
		[0.7213115 [-0.403 0.915 0.000 0.000 0.915 0.403 0.000 0.000 0.000 0.000 -1.000 0.000 0.000 0.532 0.000 1.000]]
		[0.7377049 [-0.443 0.897 0.000 0.000 0.897 0.443 0.000 0.000 0.000 0.000 -1.000 0.000 0.000 0.532 0.000 1.000]]
		[0.7540984 [-0.477 0.879 0.000 0.000 0.879 0.477 0.000 0.000 0.000 0.000 -1.000 0.000 0.000 0.532 0.000 1.000]]
		[0.7704918 [-0.507 0.862 0.000 0.000 0.862 0.507 0.000 0.000 0.000 0.000 -1.000 0.000 0.000 0.532 0.000 1.000]]
		[0.7868853 [-0.532 0.847 0.000 0.000 0.847 0.532 0.000 0.000 0.000 0.000 -1.000 0.000 0.000 0.532 0.000 1.000]]
		[0.8032787 [-0.556 0.831 0.000 0.000 0.831 0.556 0.000 0.000 0.000 0.000 -1.000 0.000 0.000 0.532 0.000 1.000]]
		[0.8196721 [-0.579 0.815 0.000 0.000 0.815 0.579 0.000 0.000 0.000 0.000 -1.000 0.000 0.000 0.532 0.000 1.000]]
		[0.8360656 [-0.602 0.799 0.000 0.000 0.799 0.602 0.000 0.000 0.000 0.000 -1.000 0.000 0.000 0.532 0.000 1.000]]
		[0.852459 [-0.623 0.782 0.000 0.000 0.782 0.623 0.000 0.000 0.000 0.000 -1.000 0.000 0.000 0.532 0.000 1.000]]
		[0.8688524 [-0.643 0.766 0.000 0.000 0.766 0.643 0.000 0.000 0.000 0.000 -1.000 0.000 0.000 0.532 0.000 1.000]]
		[0.8852459 [-0.662 0.749 0.000 0.000 0.749 0.662 0.000 0.000 0.000 0.000 -1.000 0.000 0.000 0.532 0.000 1.000]]
		[0.9016393 [-0.680 0.733 0.000 0.000 0.733 0.680 0.000 0.000 0.000 0.000 -1.000 0.000 0.000 0.532 0.000 1.000]]
		[0.9180328 [-0.698 0.716 0.000 0.000 0.716 0.698 0.000 0.000 0.000 0.000 -1.000 0.000 0.000 0.532 0.000 1.000]]
		[0.9344262 [-0.714 0.700 0.000 0.000 0.700 0.714 0.000 0.000 0.000 0.000 -1.000 0.000 0.000 0.532 0.000 1.000]]
		[0.9508197 [-0.730 0.684 0.000 0.000 0.684 0.730 0.000 0.000 0.000 0.000 -1.000 0.000 0.000 0.532 0.000 1.000]]
		[0.9672131 [-0.744 0.668 0.000 0.000 0.668 0.744 0.000 0.000 0.000 0.000 -1.000 0.000 0.000 0.532 0.000 1.000]]
		[0.9836066 [-0.758 0.652 0.000 0.000 0.652 0.758 0.000 0.000 0.000 0.000 -1.000 0.000 0.000 0.532 0.000 1.000]]
	]
	"Koleno_P_end" [
		[0 [1.000 0.000 0.000 0.000 0.000 1.000 0.000 0.000 0.000 0.000 1.000 0.000 0.000 0.578 0.000 1.000]]
	]
	"Tors" [
		[0 [1.000 0.000 0.000 0.000 0.000 1.000 0.000 0.000 0.000 0.000 1.000 0.000 0.000 0.130 0.000 1.000]]
		[0.01639344 [1.000 0.000 0.000 0.000 0.000 1.000 -0.015 0.000 0.000 0.015 1.000 0.000 0.000 0.130 0.000 1.000]]
		[0.03278688 [1.000 0.000 0.000 0.000 0.000 1.000 -0.029 0.000 0.000 0.029 1.000 0.000 0.000 0.130 0.000 1.000]]
		[0.04918033 [1.000 0.000 0.000 0.000 0.000 0.999 -0.045 0.000 0.000 0.045 0.999 0.000 0.000 0.130 0.000 1.000]]
		[0.06557377 [1.000 0.000 0.000 0.000 0.000 0.998 -0.061 0.000 0.000 0.061 0.998 0.000 0.000 0.130 0.000 1.000]]
		[0.08196721 [1.000 0.000 0.000 0.000 0.000 0.997 -0.078 0.000 0.000 0.078 0.997 0.000 0.000 0.130 0.000 1.000]]
		[0.09836066 [1.000 0.000 0.000 0.000 0.000 0.995 -0.095 0.000 0.000 0.095 0.995 0.000 0.000 0.130 0.000 1.000]]
		[0.1147541 [1.000 0.000 0.000 0.000 0.000 0.994 -0.112 0.000 0.000 0.112 0.994 0.000 0.000 0.130 0.000 1.000]]
		[0.1311475 [1.000 0.000 0.000 0.000 0.000 0.992 -0.130 0.000 0.000 0.130 0.992 0.000 0.000 0.130 0.000 1.000]]
		[0.147541 [1.000 0.000 0.000 0.000 0.000 0.989 -0.147 0.000 0.000 0.147 0.989 0.000 0.000 0.130 0.000 1.000]]
		[0.1639344 [1.000 0.000 0.000 0.000 0.000 0.986 -0.165 0.000 0.000 0.165 0.986 0.000 0.000 0.130 0.000 1.000]]
		[0.1803279 [1.000 0.000 0.000 0.000 0.000 0.983 -0.183 0.000 0.000 0.183 0.983 0.000 0.000 0.130 0.000 1.000]]
		[0.1967213 [1.000 0.000 0.000 0.000 0.000 0.980 -0.201 0.000 0.000 0.201 0.980 0.000 0.000 0.130 0.000 1.000]]
		[0.2131148 [1.000 0.000 0.000 0.000 0.000 0.976 -0.219 0.000 0.000 0.219 0.976 0.000 0.000 0.130 0.000 1.000]]
		[0.2295082 [1.000 0.000 0.000 0.000 0.000 0.972 -0.237 0.000 0.000 0.237 0.972 0.000 0.000 0.130 0.000 1.000]]
		[0.2459016 [1.000 0.000 0.000 0.000 0.000 0.967 -0.254 0.000 0.000 0.254 0.967 0.000 0.000 0.130 0.000 1.000]]
		[0.2622951 [1.000 0.000 0.000 0.000 0.000 0.963 -0.271 0.000 0.000 0.271 0.963 0.000 0.000 0.130 0.000 1.000]]
		[0.2786885 [1.000 0.000 0.000 0.000 0.000 0.958 -0.288 0.000 0.000 0.288 0.958 0.000 0.000 0.130 0.000 1.000]]
		[0.295082 [1.000 0.000 0.000 0.000 0.000 0.953 -0.304 0.000 0.000 0.304 0.953 0.000 0.000 0.130 0.000 1.000]]
		[0.3114754 [1.000 0.000 0.000 0.000 0.000 0.947 -0.320 0.000 0.000 0.320 0.947 0.000 0.000 0.130 0.000 1.000]]
		[0.3278688 [1.000 0.000 0.000 0.000 0.000 0.942 -0.335 0.000 0.000 0.335 0.942 0.000 0.000 0.130 0.000 1.000]]
		[0.3442623 [1.000 0.000 0.000 0.000 0.000 0.937 -0.350 0.000 0.000 0.350 0.937 0.000 0.000 0.130 0.000 1.000]]
		[0.3606557 [1.000 0.000 0.000 0.000 0.000 0.931 -0.364 0.000 0.000 0.364 0.931 0.000 0.000 0.130 0.000 1.000]]
		[0.3770492 [1.000 0.000 0.000 0.000 0.000 0.926 -0.377 0.000 0.000 0.377 0.926 0.000 0.000 0.130 0.000 1.000]]
		[0.3934426 [1.000 0.000 0.000 0.000 0.000 0.921 -0.390 0.000 0.000 0.390 0.921 0.000 0.000 0.130 0.000 1.000]]
		[0.4098361 [1.000 0.000 0.000 0.000 0.000 0.916 -0.402 0.000 0.000 0.402 0.916 0.000 0.000 0.130 0.000 1.000]]
		[0.4262295 [1.000 0.000 0.000 0.000 0.000 0.911 -0.413 0.000 0.000 0.413 0.911 0.000 0.000 0.130 0.000 1.000]]
		[0.442623 [1.000 0.000 0.000 0.000 0.000 0.906 -0.423 0.000 0.000 0.423 0.906 0.000 0.000 0.130 0.000 1.000]]
		[0.4590164 [1.000 0.000 0.000 0.000 0.000 0.902 -0.432 0.000 0.000 0.432 0.902 0.000 0.000 0.130 0.000 1.000]]
		[0.4754098 [1.000 0.000 0.000 0.000 0.000 0.898 -0.440 0.000 0.000 0.440 0.898 0.000 0.000 0.130 0.000 1.000]]
		[0.4918033 [1.000 0.000 0.000 0.000 0.000 0.894 -0.448 0.000 0.000 0.448 0.894 0.000 0.000 0.130 0.000 1.000]]
		[0.5081967 [1.000 0.000 0.000 0.000 0.000 0.891 -0.454 0.000 0.000 0.454 0.891 0.000 0.000 0.130 0.000 1.000]]
		[0.5245901 [1.000 0.000 0.000 0.000 0.000 0.889 -0.459 0.000 0.000 0.459 0.889 0.000 0.000 0.130 0.000 1.000]]
		[0.5409836 [1.000 0.000 0.000 0.000 0.000 0.887 -0.463 0.000 0.000 0.463 0.887 0.000 0.000 0.130 0.000 1.000]]
		[0.557377 [1.000 0.000 0.000 0.000 0.000 0.885 -0.465 0.000 0.000 0.465 0.885 0.000 0.000 0.130 0.000 1.000]]
