{ :name "SphereSpell" :length 2.066667 :bones { 
	"Skelet" [
		[ 0 [ 0 1 2 3 ] ]
		[ 0.01639344 [ 0 1 2 4 ] ]
		[ 0.03278688 [ 0 1 2 5 ] ]
		[ 0.04918033 [ 0 1 2 6 ] ]
		[ 0.06557377 [ 0 1 2 7 ] ]
		[ 0.08196721 [ 0 1 2 8 ] ]
		[ 0.09836066 [ 0 1 2 9 ] ]
		[ 0.1147541 [ 0 1 2 10 ] ]
		[ 0.1311475 [ 0 1 2 11 ] ]
		[ 0.147541 [ 0 1 2 12 ] ]
		[ 0.1639344 [ 0 1 2 13 ] ]
		[ 0.1803279 [ 0 1 2 14 ] ]
		[ 0.1967213 [ 0 1 2 15 ] ]
		[ 0.2131148 [ 0 1 2 16 ] ]
		[ 0.2295082 [ 0 1 2 17 ] ]
		[ 0.2459016 [ 0 1 2 18 ] ]
		[ 0.2622951 [ 0 1 2 19 ] ]
		[ 0.2786885 [ 0 1 2 20 ] ]
		[ 0.295082 [ 0 1 2 21 ] ]
		[ 0.3114754 [ 0 1 2 22 ] ]
		[ 0.3278688 [ 0 1 2 23 ] ]
		[ 0.3442623 [ 0 1 2 24 ] ]
		[ 0.3606557 [ 0 1 2 25 ] ]
		[ 0.3770492 [ 0 1 2 26 ] ]
		[ 0.3934426 [ 0 1 2 27 ] ]
		[ 0.4098361 [ 0 1 2 28 ] ]
		[ 0.4262295 [ 0 1 2 29 ] ]
		[ 0.442623 [ 0 1 2 30 ] ]
		[ 0.4590164 [ 0 1 2 31 ] ]
		[ 0.4754098 [ 0 1 2 32 ] ]
		[ 0.4918033 [ 0 1 2 33 ] ]
		[ 0.5081967 [ 0 1 2 34 ] ]
		[ 0.5245901 [ 0 1 2 35 ] ]
		[ 0.5409836 [ 0 1 2 36 ] ]
		[ 0.557377 [ 0 1 2 37 ] ]
		[ 0.5737705 [ 0 1 2 38 ] ]
		[ 0.5901639 [ 0 1 2 39 ] ]
		[ 0.6065574 [ 0 1 2 40 ] ]
		[ 0.6229508 [ 0 1 2 41 ] ]
		[ 0.6393443 [ 0 1 2 42 ] ]
		[ 0.6557377 [ 0 1 2 42 ] ]
		[ 0.6721311 [ 0 1 2 41 ] ]
		[ 0.6885246 [ 0 1 2 43 ] ]
		[ 0.704918 [ 0 1 2 38 ] ]
		[ 0.7213115 [ 0 1 2 44 ] ]
		[ 0.7377049 [ 0 1 2 45 ] ]
		[ 0.7540984 [ 0 1 2 46 ] ]
		[ 0.7704918 [ 0 1 2 47 ] ]
		[ 0.7868853 [ 0 1 2 48 ] ]
		[ 0.8032787 [ 0 1 2 49 ] ]
		[ 0.8196721 [ 0 1 2 50 ] ]
		[ 0.8360656 [ 0 1 2 26 ] ]
		[ 0.852459 [ 0 1 2 51 ] ]
		[ 0.8688524 [ 0 1 2 52 ] ]
		[ 0.8852459 [ 0 1 2 53 ] ]
		[ 0.9016393 [ 0 1 2 54 ] ]
		[ 0.9180328 [ 0 1 2 55 ] ]
		[ 0.9344262 [ 0 1 2 56 ] ]
		[ 0.9508197 [ 0 1 2 57 ] ]
		[ 0.9672131 [ 0 1 2 58 ] ]
		[ 0.9836066 [ 0 1 2 59 ] ]
	]
	"Bedro_L" [
		[ 0 [ 60 61 0 62 ] ]
		[ 0.01639344 [ 63 64 65 62 ] ]
		[ 0.03278688 [ 66 67 68 62 ] ]
		[ 0.04918033 [ 69 70 71 62 ] ]
		[ 0.06557377 [ 72 73 74 62 ] ]
		[ 0.08196721 [ 75 76 77 62 ] ]
		[ 0.09836066 [ 78 79 80 62 ] ]
		[ 0.1147541 [ 81 82 83 62 ] ]
		[ 0.1311475 [ 84 85 86 62 ] ]
		[ 0.147541 [ 87 88 89 62 ] ]
		[ 0.1639344 [ 90 91 92 62 ] ]
		[ 0.1803279 [ 93 94 95 62 ] ]
		[ 0.1967213 [ 96 97 98 62 ] ]
		[ 0.2131148 [ 99 100 101 62 ] ]
		[ 0.2295082 [ 102 103 104 62 ] ]
		[ 0.2459016 [ 105 106 107 62 ] ]
		[ 0.2622951 [ 108 109 110 62 ] ]
		[ 0.2786885 [ 111 112 113 62 ] ]
		[ 0.295082 [ 114 115 116 62 ] ]
		[ 0.3114754 [ 117 118 119 62 ] ]
		[ 0.3278688 [ 120 121 122 62 ] ]
		[ 0.3442623 [ 123 124 125 62 ] ]
		[ 0.3606557 [ 126 127 128 62 ] ]
		[ 0.3770492 [ 129 130 131 62 ] ]
		[ 0.3934426 [ 132 133 134 62 ] ]
		[ 0.4098361 [ 135 136 137 62 ] ]
		[ 0.4262295 [ 138 139 140 62 ] ]
		[ 0.442623 [ 141 142 143 62 ] ]
		[ 0.4590164 [ 144 145 146 62 ] ]
		[ 0.4754098 [ 147 148 149 62 ] ]
		[ 0.4918033 [ 150 151 152 62 ] ]
		[ 0.5081967 [ 153 154 155 62 ] ]
		[ 0.5245901 [ 156 157 158 62 ] ]
		[ 0.5409836 [ 159 160 161 62 ] ]
		[ 0.557377 [ 162 163 164 62 ] ]
		[ 0.5737705 [ 165 166 167 62 ] ]
		[ 0.5901639 [ 168 169 170 62 ] ]
		[ 0.6065574 [ 171 172 173 62 ] ]
		[ 0.6229508 [ 174 175 176 62 ] ]
		[ 0.6393443 [ 177 178 179 62 ] ]
		[ 0.6557377 [ 180 181 182 62 ] ]
		[ 0.6721311 [ 183 184 185 62 ] ]
		[ 0.6885246 [ 186 187 188 62 ] ]
		[ 0.704918 [ 189 190 191 62 ] ]
		[ 0.7213115 [ 192 193 194 62 ] ]
		[ 0.7377049 [ 195 196 197 62 ] ]
		[ 0.7540984 [ 198 199 200 62 ] ]
		[ 0.7704918 [ 201 202 203 62 ] ]
		[ 0.7868853 [ 204 205 206 62 ] ]
		[ 0.8032787 [ 207 208 209 62 ] ]
		[ 0.8196721 [ 210 211 212 62 ] ]
		[ 0.8360656 [ 213 214 215 62 ] ]
		[ 0.852459 [ 216 217 218 62 ] ]
		[ 0.8688524 [ 219 220 221 62 ] ]
		[ 0.8852459 [ 222 223 224 62 ] ]
		[ 0.9016393 [ 225 226 227 62 ] ]
		[ 0.9180328 [ 228 229 230 62 ] ]
		[ 0.9344262 [ 231 232 233 62 ] ]
		[ 0.9508197 [ 234 235 236 62 ] ]
		[ 0.9672131 [ 237 238 239 62 ] ]
		[ 0.9836066 [ 240 241 242 62 ] ]
	]
	"Koleno_L" [
		[ 0 [ 243 244 245 246 ] ]
		[ 0.01639344 [ 247 248 245 246 ] ]
		[ 0.03278688 [ 249 250 245 246 ] ]
		[ 0.04918033 [ 251 252 245 246 ] ]
		[ 0.06557377 [ 253 254 245 246 ] ]
		[ 0.08196721 [ 255 256 245 246 ] ]
		[ 0.09836066 [ 257 258 245 246 ] ]
		[ 0.1147541 [ 259 260 245 246 ] ]
		[ 0.1311475 [ 261 262 245 246 ] ]
		[ 0.147541 [ 263 264 245 246 ] ]
		[ 0.1639344 [ 265 266 245 246 ] ]
		[ 0.1803279 [ 267 268 245 246 ] ]
		[ 0.1967213 [ 269 270 245 246 ] ]
		[ 0.2131148 [ 271 272 245 246 ] ]
		[ 0.2295082 [ 273 274 245 246 ] ]
		[ 0.2459016 [ 275 276 245 246 ] ]
		[ 0.2622951 [ 277 278 245 246 ] ]
		[ 0.2786885 [ 279 280 245 246 ] ]
		[ 0.295082 [ 281 282 245 246 ] ]
		[ 0.3114754 [ 283 284 245 246 ] ]
		[ 0.3278688 [ 285 286 245 246 ] ]
		[ 0.3442623 [ 287 288 245 246 ] ]
		[ 0.3606557 [ 289 290 245 246 ] ]
		[ 0.3770492 [ 291 292 245 246 ] ]
		[ 0.3934426 [ 293 294 245 246 ] ]
		[ 0.4098361 [ 295 296 245 246 ] ]
		[ 0.4262295 [ 297 298 245 246 ] ]
		[ 0.442623 [ 299 300 245 246 ] ]
		[ 0.4590164 [ 301 302 245 246 ] ]
		[ 0.4754098 [ 303 304 245 246 ] ]
		[ 0.4918033 [ 305 306 245 246 ] ]
		[ 0.5081967 [ 307 308 245 246 ] ]
		[ 0.5245901 [ 309 310 245 246 ] ]
		[ 0.5409836 [ 311 312 245 246 ] ]
		[ 0.557377 [ 313 314 245 246 ] ]
		[ 0.5737705 [ 315 316 245 246 ] ]
		[ 0.5901639 [ 317 318 245 246 ] ]
		[ 0.6065574 [ 319 320 245 246 ] ]
		[ 0.6229508 [ 321 322 245 246 ] ]
		[ 0.6393443 [ 323 324 245 246 ] ]
		[ 0.6557377 [ 325 326 245 246 ] ]
		[ 0.6721311 [ 327 328 245 246 ] ]
		[ 0.6885246 [ 329 330 245 246 ] ]
		[ 0.704918 [ 331 332 245 246 ] ]
		[ 0.7213115 [ 333 334 245 246 ] ]
		[ 0.7377049 [ 335 336 245 246 ] ]
		[ 0.7540984 [ 337 338 245 246 ] ]
		[ 0.7704918 [ 339 340 245 246 ] ]
		[ 0.7868853 [ 341 342 245 246 ] ]
		[ 0.8032787 [ 343 344 245 246 ] ]
		[ 0.8196721 [ 345 346 245 246 ] ]
		[ 0.8360656 [ 347 348 245 246 ] ]
		[ 0.852459 [ 349 350 245 246 ] ]
		[ 0.8688524 [ 351 352 245 246 ] ]
		[ 0.8852459 [ 353 354 245 246 ] ]
		[ 0.9016393 [ 355 356 245 246 ] ]
		[ 0.9180328 [ 357 358 245 246 ] ]
		[ 0.9344262 [ 359 360 245 246 ] ]
		[ 0.9508197 [ 361 362 245 246 ] ]
		[ 0.9672131 [ 363 364 245 246 ] ]
		[ 0.9836066 [ 365 366 245 246 ] ]
	]
	"Koleno_L_end" [
		[ 0 [ 0 367 1 368 ] ]
	]
	"Bedro_P" [
		[ 0 [ 369 370 0 371 ] ]
		[ 0.01639344 [ 372 373 374 371 ] ]
		[ 0.03278688 [ 372 375 376 371 ] ]
		[ 0.04918033 [ 377 378 379 371 ] ]
		[ 0.06557377 [ 380 381 382 371 ] ]
		[ 0.08196721 [ 383 384 385 371 ] ]
		[ 0.09836066 [ 386 387 388 371 ] ]
		[ 0.1147541 [ 389 390 391 371 ] ]
		[ 0.1311475 [ 392 393 394 371 ] ]
		[ 0.147541 [ 392 395 396 371 ] ]
		[ 0.1639344 [ 397 398 399 371 ] ]
		[ 0.1803279 [ 397 400 401 371 ] ]
		[ 0.1967213 [ 402 403 404 371 ] ]
		[ 0.2131148 [ 405 406 407 371 ] ]
		[ 0.2295082 [ 408 409 410 371 ] ]
		[ 0.2459016 [ 411 412 413 371 ] ]
		[ 0.2622951 [ 414 415 416 371 ] ]
		[ 0.2786885 [ 414 417 418 371 ] ]
		[ 0.295082 [ 419 420 421 371 ] ]
		[ 0.3114754 [ 422 423 424 371 ] ]
		[ 0.3278688 [ 425 426 427 371 ] ]
		[ 0.3442623 [ 425 428 429 371 ] ]
		[ 0.3606557 [ 430 431 432 371 ] ]
		[ 0.3770492 [ 433 434 435 371 ] ]
		[ 0.3934426 [ 436 437 438 371 ] ]
		[ 0.4098361 [ 439 440 441 371 ] ]
		[ 0.4262295 [ 442 443 444 371 ] ]
		[ 0.442623 [ 445 446 447 371 ] ]
		[ 0.4590164 [ 448 449 450 371 ] ]
		[ 0.4754098 [ 451 452 453 371 ] ]
		[ 0.4918033 [ 454 455 456 371 ] ]
		[ 0.5081967 [ 457 458 459 371 ] ]
		[ 0.5245901 [ 460 461 462 371 ] ]
		[ 0.5409836 [ 463 464 465 371 ] ]
		[ 0.557377 [ 466 467 468 371 ] ]
		[ 0.5737705 [ 469 470 471 371 ] ]
		[ 0.5901639 [ 472 473 474 371 ] ]
		[ 0.6065574 [ 475 476 477 371 ] ]
		[ 0.6229508 [ 478 479 480 371 ] ]
		[ 0.6393443 [ 481 482 483 371 ] ]
		[ 0.6557377 [ 484 485 486 371 ] ]
		[ 0.6721311 [ 487 488 489 371 ] ]
		[ 0.6885246 [ 490 491 492 371 ] ]
		[ 0.704918 [ 493 494 495 371 ] ]
		[ 0.7213115 [ 496 497 498 371 ] ]
		[ 0.7377049 [ 499 500 501 371 ] ]
		[ 0.7540984 [ 502 503 504 371 ] ]
		[ 0.7704918 [ 505 506 507 371 ] ]
		[ 0.7868853 [ 508 509 510 371 ] ]
		[ 0.8032787 [ 511 512 513 371 ] ]
		[ 0.8196721 [ 514 515 516 371 ] ]
		[ 0.8360656 [ 517 518 519 371 ] ]
		[ 0.852459 [ 520 521 522 371 ] ]
		[ 0.8688524 [ 523 524 525 371 ] ]
		[ 0.8852459 [ 526 527 528 371 ] ]
		[ 0.9016393 [ 529 530 531 371 ] ]
		[ 0.9180328 [ 532 533 534 371 ] ]
		[ 0.9344262 [ 535 536 537 371 ] ]
		[ 0.9508197 [ 538 539 540 371 ] ]
		[ 0.9672131 [ 541 542 543 371 ] ]
		[ 0.9836066 [ 544 545 546 371 ] ]
	]
	"Koleno_P" [
		[ 0 [ 367 0 547 246 ] ]
		[ 0.01639344 [ 548 549 547 246 ] ]
		[ 0.03278688 [ 550 306 547 246 ] ]
		[ 0.04918033 [ 551 552 547 246 ] ]
		[ 0.06557377 [ 553 312 547 246 ] ]
		[ 0.08196721 [ 554 555 547 246 ] ]
		[ 0.09836066 [ 556 557 547 246 ] ]
		[ 0.1147541 [ 558 559 547 246 ] ]
		[ 0.1311475 [ 560 561 547 246 ] ]
		[ 0.147541 [ 562 563 547 246 ] ]
		[ 0.1639344 [ 564 565 547 246 ] ]
		[ 0.1803279 [ 566 567 547 246 ] ]
		[ 0.1967213 [ 568 569 547 246 ] ]
		[ 0.2131148 [ 570 571 547 246 ] ]
		[ 0.2295082 [ 572 573 547 246 ] ]
		[ 0.2459016 [ 574 575 547 246 ] ]
		[ 0.2622951 [ 576 577 547 246 ] ]
		[ 0.2786885 [ 578 579 547 246 ] ]
		[ 0.295082 [ 580 581 547 246 ] ]
		[ 0.3114754 [ 582 583 547 246 ] ]
		[ 0.3278688 [ 584 585 547 246 ] ]
		[ 0.3442623 [ 586 587 547 246 ] ]
		[ 0.3606557 [ 588 589 547 246 ] ]
		[ 0.3770492 [ 590 591 547 246 ] ]
		[ 0.3934426 [ 588 589 547 246 ] ]
		[ 0.4098361 [ 586 587 547 246 ] ]
		[ 0.4262295 [ 584 585 547 246 ] ]
		[ 0.442623 [ 592 593 547 246 ] ]
		[ 0.4590164 [ 594 595 547 246 ] ]
		[ 0.4754098 [ 596 597 547 246 ] ]
		[ 0.4918033 [ 598 599 547 246 ] ]
		[ 0.5081967 [ 600 601 547 246 ] ]
		[ 0.5245901 [ 602 603 547 246 ] ]
		[ 0.5409836 [ 560 561 547 246 ] ]
		[ 0.557377 [ 554 555 547 246 ] ]
		[ 0.5737705 [ 604 605 547 246 ] ]
		[ 0.5901639 [ 606 607 547 246 ] ]
		[ 0.6065574 [ 608 609 547 246 ] ]
		[ 0.6229508 [ 610 611 547 246 ] ]
		[ 0.6393443 [ 612 613 547 246 ] ]
		[ 0.6557377 [ 614 615 547 246 ] ]
		[ 0.6721311 [ 616 617 547 246 ] ]
		[ 0.6885246 [ 618 619 547 246 ] ]
		[ 0.704918 [ 620 621 547 246 ] ]
		[ 0.7213115 [ 622 623 547 246 ] ]
		[ 0.7377049 [ 624 625 547 246 ] ]
		[ 0.7540984 [ 626 627 547 246 ] ]
		[ 0.7704918 [ 628 629 547 246 ] ]
		[ 0.7868853 [ 630 631 547 246 ] ]
		[ 0.8032787 [ 632 633 547 246 ] ]
		[ 0.8196721 [ 634 635 547 246 ] ]
		[ 0.8360656 [ 636 637 547 246 ] ]
		[ 0.852459 [ 638 639 547 246 ] ]
		[ 0.8688524 [ 640 641 547 246 ] ]
		[ 0.8852459 [ 642 643 547 246 ] ]
		[ 0.9016393 [ 644 645 547 246 ] ]
		[ 0.9180328 [ 646 647 547 246 ] ]
		[ 0.9344262 [ 648 649 547 246 ] ]
		[ 0.9508197 [ 650 651 547 246 ] ]
		[ 0.9672131 [ 652 653 547 246 ] ]
		[ 0.9836066 [ 654 655 547 246 ] ]
	]
	"Koleno_P_end" [
		[ 0 [ 0 367 1 368 ] ]
	]
	"Tors" [
		[ 0 [ 0 367 1 656 ] ]
		[ 0.01639344 [ 0 657 658 656 ] ]
		[ 0.03278688 [ 0 659 660 656 ] ]
		[ 0.04918033 [ 0 661 662 656 ] ]
		[ 0.06557377 [ 0 663 664 656 ] ]
		[ 0.08196721 [ 0 665 666 656 ] ]
		[ 0.09836066 [ 0 667 668 656 ] ]
		[ 0.1147541 [ 0 669 670 656 ] ]
		[ 0.1311475 [ 0 671 672 656 ] ]
		[ 0.147541 [ 0 673 674 656 ] ]
		[ 0.1639344 [ 0 675 676 656 ] ]
		[ 0.1803279 [ 0 677 678 656 ] ]
		[ 0.1967213 [ 0 679 680 656 ] ]
		[ 0.2131148 [ 0 681 682 656 ] ]
		[ 0.2295082 [ 0 683 684 656 ] ]
		[ 0.2459016 [ 0 685 686 656 ] ]
		[ 0.2622951 [ 0 687 688 656 ] ]
		[ 0.2786885 [ 0 689 690 656 ] ]
		[ 0.295082 [ 0 691 692 656 ] ]
		[ 0.3114754 [ 0 693 694 656 ] ]
		[ 0.3278688 [ 0 695 696 656 ] ]
		[ 0.3442623 [ 0 697 698 656 ] ]
		[ 0.3606557 [ 0 699 700 656 ] ]
		[ 0.3770492 [ 0 701 702 656 ] ]
		[ 0.3934426 [ 0 703 704 656 ] ]
		[ 0.4098361 [ 0 705 706 656 ] ]
		[ 0.4262295 [ 0 707 708 656 ] ]
		[ 0.442623 [ 0 709 710 656 ] ]
		[ 0.4590164 [ 0 711 712 656 ] ]
		[ 0.4754098 [ 0 713 714 656 ] ]
		[ 0.4918033 [ 0 715 716 656 ] ]
		[ 0.5081967 [ 0 717 718 656 ] ]
		[ 0.5245901 [ 0 719 720 656 ] ]
		[ 0.5409836 [ 0 721 722 656 ] ]
		[ 0.557377 [ 0 723 724 656 ] ]
		[ 0.5737705 [ 0 725 726 656 ] ]
		[ 0.5901639 [ 0 725 726 656 ] ]
		[ 0.6065574 [ 0 727 728 656 ] ]
		[ 0.6229508 [ 0 729 730 656 ] ]
		[ 0.6393443 [ 0 731 732 656 ] ]
		[ 0.6557377 [ 0 717 718 656 ] ]
		[ 0.6721311 [ 0 733 734 656 ] ]
		[ 0.6885246 [ 0 735 736 656 ] ]
		[ 0.704918 [ 0 737 738 656 ] ]
		[ 0.7213115 [ 0 739 740 656 ] ]
		[ 0.7377049 [ 0 741 742 656 ] ]
		[ 0.7540984 [ 0 743 744 656 ] ]
		[ 0.7704918 [ 0 695 696 656 ] ]
		[ 0.7868853 [ 0 745 746 656 ] ]
		[ 0.8032787 [ 0 747 748 656 ] ]
		[ 0.8196721 [ 0 749 750 656 ] ]
		[ 0.8360656 [ 0 751 752 656 ] ]
		[ 0.852459 [ 0 753 754 656 ] ]
		[ 0.8688524 [ 0 755 756 656 ] ]
		[ 0.8852459 [ 0 757 758 656 ] ]
		[ 0.9016393 [ 0 759 760 656 ] ]
		[ 0.9180328 [ 0 761 762 656 ] ]
		[ 0.9344262 [ 0 763 764 656 ] ]
		[ 0.9508197 [ 0 765 766 656 ] ]
		[ 0.9672131 [ 0 767 768 656 ] ]
		[ 0.9836066 [ 0 769 770 656 ] ]
	]
	"Golova" [
		[ 0 [ 0 771 772 773 ] ]
		[ 0.01639344 [ 0 774 775 773 ] ]
		[ 0.03278688 [ 0 776 777 773 ] ]
		[ 0.04918033 [ 0 778 779 773 ] ]
		[ 0.06557377 [ 0 780 781 773 ] ]
		[ 0.08196721 [ 0 782 783 773 ] ]
		[ 0.09836066 [ 0 784 785 773 ] ]
		[ 0.1147541 [ 0 786 787 773 ] ]
		[ 0.1311475 [ 0 788 789 773 ] ]
		[ 0.147541 [ 0 790 791 773 ] ]
		[ 0.1639344 [ 0 792 793 773 ] ]
		[ 0.1803279 [ 0 794 795 773 ] ]
		[ 0.1967213 [ 0 796 797 773 ] ]
		[ 0.2131148 [ 0 798 799 773 ] ]
		[ 0.2295082 [ 0 800 801 773 ] ]
		[ 0.2459016 [ 0 802 803 773 ] ]
		[ 0.2622951 [ 0 804 805 773 ] ]
		[ 0.2786885 [ 0 806 807 773 ] ]
		[ 0.295082 [ 0 808 809 773 ] ]
		[ 0.3114754 [ 0 810 811 773 ] ]
		[ 0.3278688 [ 0 812 813 773 ] ]
		[ 0.3442623 [ 0 814 815 773 ] ]
		[ 0.3606557 [ 0 816 817 773 ] ]
		[ 0.3770492 [ 0 818 819 773 ] ]
		[ 0.3934426 [ 0 820 821 773 ] ]
		[ 0.4098361 [ 0 822 823 773 ] ]
		[ 0.4262295 [ 0 824 825 773 ] ]
		[ 0.442623 [ 0 826 827 773 ] ]
		[ 0.4590164 [ 0 828 829 773 ] ]
		[ 0.4754098 [ 0 830 831 773 ] ]
		[ 0.4918033 [ 0 832 833 773 ] ]
		[ 0.5081967 [ 0 834 835 773 ] ]
		[ 0.5245901 [ 0 836 837 773 ] ]
		[ 0.5409836 [ 0 838 839 773 ] ]
		[ 0.557377 [ 0 840 841 773 ] ]
		[ 0.5737705 [ 0 842 843 773 ] ]
		[ 0.5901639 [ 0 840 841 773 ] ]
		[ 0.6065574 [ 0 844 845 773 ] ]
		[ 0.6229508 [ 0 846 847 773 ] ]
		[ 0.6393443 [ 0 848 849 773 ] ]
		[ 0.6557377 [ 0 850 851 773 ] ]
		[ 0.6721311 [ 0 826 827 773 ] ]
		[ 0.6885246 [ 0 852 853 773 ] ]
		[ 0.704918 [ 0 854 855 773 ] ]
		[ 0.7213115 [ 0 856 857 773 ] ]
		[ 0.7377049 [ 0 858 859 773 ] ]
		[ 0.7540984 [ 0 860 861 773 ] ]
		[ 0.7704918 [ 0 862 863 773 ] ]
		[ 0.7868853 [ 0 864 865 773 ] ]
		[ 0.8032787 [ 0 866 867 773 ] ]
		[ 0.8196721 [ 0 868 869 773 ] ]
		[ 0.8360656 [ 0 870 871 773 ] ]
		[ 0.852459 [ 0 870 871 773 ] ]
		[ 0.8688524 [ 0 872 873 773 ] ]
		[ 0.8852459 [ 0 816 817 773 ] ]
		[ 0.9016393 [ 0 864 865 773 ] ]
		[ 0.9180328 [ 0 862 863 773 ] ]
		[ 0.9344262 [ 0 874 875 773 ] ]
		[ 0.9508197 [ 0 876 877 773 ] ]
		[ 0.9672131 [ 0 878 879 773 ] ]
		[ 0.9836066 [ 0 880 881 773 ] ]
	]
	"Golova_end" [
		[ 0 [ 0 367 1 882 ] ]
	]
	"Kluchitsa_L" [
		[ 0 [ 1 0 367 883 ] ]
	]
	"Kluchitsa_L_end" [
		[ 0 [ 0 367 1 884 ] ]
	]
	"Kluchitsa_P" [
		[ 0 [ 547 885 367 883 ] ]
	]
	"Kluchitsa_P_end" [
		[ 0 [ 0 367 1 884 ] ]
	]
	"Ruka_L" [
		[ 0 [ 886 887 888 889 ] ]
		[ 0.01639344 [ 890 891 892 889 ] ]
		[ 0.03278688 [ 893 894 895 889 ] ]
		[ 0.04918033 [ 896 897 898 889 ] ]
		[ 0.06557377 [ 899 900 901 889 ] ]
		[ 0.08196721 [ 902 903 904 889 ] ]
		[ 0.09836066 [ 905 906 907 889 ] ]
		[ 0.1147541 [ 908 909 910 889 ] ]
		[ 0.1311475 [ 911 912 913 889 ] ]
		[ 0.147541 [ 914 915 916 889 ] ]
		[ 0.1639344 [ 917 918 919 889 ] ]
		[ 0.1803279 [ 920 921 922 889 ] ]
		[ 0.1967213 [ 923 924 925 889 ] ]
		[ 0.2131148 [ 926 927 928 889 ] ]
		[ 0.2295082 [ 929 930 931 889 ] ]
		[ 0.2459016 [ 932 933 934 889 ] ]
		[ 0.2622951 [ 935 936 937 889 ] ]
		[ 0.2786885 [ 938 939 940 889 ] ]
		[ 0.295082 [ 941 942 943 889 ] ]
		[ 0.3114754 [ 944 945 946 889 ] ]
		[ 0.3278688 [ 947 948 949 889 ] ]
		[ 0.3442623 [ 950 951 952 889 ] ]
		[ 0.3606557 [ 953 954 955 889 ] ]
		[ 0.3770492 [ 956 957 958 889 ] ]
		[ 0.3934426 [ 959 960 961 889 ] ]
		[ 0.4098361 [ 962 963 964 889 ] ]
		[ 0.4262295 [ 965 966 967 889 ] ]
		[ 0.442623 [ 968 969 970 889 ] ]
		[ 0.4590164 [ 971 972 973 889 ] ]
		[ 0.4754098 [ 974 975 976 889 ] ]
		[ 0.4918033 [ 977 978 979 889 ] ]
		[ 0.5081967 [ 980 981 982 889 ] ]
		[ 0.5245901 [ 983 984 985 889 ] ]
		[ 0.5409836 [ 986 987 988 889 ] ]
		[ 0.557377 [ 989 990 991 889 ] ]
		[ 0.5737705 [ 992 993 994 889 ] ]
		[ 0.5901639 [ 995 996 997 889 ] ]
		[ 0.6065574 [ 998 999 1000 889 ] ]
		[ 0.6229508 [ 1001 1002 1003 889 ] ]
		[ 0.6393443 [ 1004 1005 1006 889 ] ]
		[ 0.6557377 [ 1007 1008 1009 889 ] ]
		[ 0.6721311 [ 1010 1011 1012 889 ] ]
		[ 0.6885246 [ 1013 1014 1015 889 ] ]
		[ 0.704918 [ 1016 1017 1018 889 ] ]
		[ 0.7213115 [ 1019 1020 1021 889 ] ]
		[ 0.7377049 [ 1022 1023 1024 889 ] ]
		[ 0.7540984 [ 1025 1026 1027 889 ] ]
		[ 0.7704918 [ 1028 1029 1030 889 ] ]
		[ 0.7868853 [ 1031 1032 1033 889 ] ]
		[ 0.8032787 [ 1034 1035 1036 889 ] ]
		[ 0.8196721 [ 1037 1038 1039 889 ] ]
		[ 0.8360656 [ 1040 1041 1042 889 ] ]
		[ 0.852459 [ 1043 1044 1045 889 ] ]
		[ 0.8688524 [ 1046 1047 1048 889 ] ]
		[ 0.8852459 [ 1049 1050 1051 889 ] ]
		[ 0.9016393 [ 1052 1053 1054 889 ] ]
		[ 0.9180328 [ 1055 1056 1057 889 ] ]
		[ 0.9344262 [ 1058 1059 1060 889 ] ]
		[ 0.9508197 [ 1061 1062 1063 889 ] ]
		[ 0.9672131 [ 1064 1065 1066 889 ] ]
		[ 0.9836066 [ 1067 1068 1069 889 ] ]
	]
	"Lokot_L" [
		[ 0 [ 1070 1071 1072 1073 ] ]
	]
	"Lokot_L_end" [
		[ 0 [ 0 367 1 1074 ] ]
	]
	"Ruka_P" [
		[ 0 [ 1075 1076 1077 1078 ] ]
		[ 0.01639344 [ 1079 1080 1081 1078 ] ]
		[ 0.03278688 [ 1082 1083 1084 1078 ] ]
		[ 0.04918033 [ 1085 1086 1087 1078 ] ]
		[ 0.06557377 [ 1088 1089 1090 1078 ] ]
		[ 0.08196721 [ 1091 1092 1093 1078 ] ]
		[ 0.09836066 [ 1094 1095 1096 1078 ] ]
		[ 0.1147541 [ 1097 1098 1099 1078 ] ]
		[ 0.1311475 [ 1100 1101 1102 1078 ] ]
		[ 0.147541 [ 1103 1104 1105 1078 ] ]
		[ 0.1639344 [ 1106 1107 1108 1078 ] ]
		[ 0.1803279 [ 1109 1110 1111 1078 ] ]
		[ 0.1967213 [ 1112 1113 1114 1078 ] ]
		[ 0.2131148 [ 1115 1116 1117 1078 ] ]
		[ 0.2295082 [ 1118 1119 1120 1078 ] ]
		[ 0.2459016 [ 1121 1122 1123 1078 ] ]
		[ 0.2622951 [ 1124 1125 1126 1078 ] ]
		[ 0.2786885 [ 1127 1128 1129 1078 ] ]
		[ 0.295082 [ 1130 1131 1132 1078 ] ]
		[ 0.3114754 [ 1133 1134 1135 1078 ] ]
		[ 0.3278688 [ 1136 1137 1138 1078 ] ]
		[ 0.3442623 [ 1139 1140 1141 1078 ] ]
		[ 0.3606557 [ 1142 1143 1144 1078 ] ]
		[ 0.3770492 [ 1145 1146 1147 1078 ] ]
		[ 0.3934426 [ 1148 1149 1150 1078 ] ]
		[ 0.4098361 [ 1151 1152 1153 1078 ] ]
		[ 0.4262295 [ 1154 1155 1156 1078 ] ]
		[ 0.442623 [ 1157 1158 1159 1078 ] ]
		[ 0.4590164 [ 1160 1161 1162 1078 ] ]
		[ 0.4754098 [ 1163 1164 1165 1078 ] ]
		[ 0.4918033 [ 1166 1167 1168 1078 ] ]
		[ 0.5081967 [ 1169 1170 1171 1078 ] ]
		[ 0.5245901 [ 1172 1173 1174 1078 ] ]
		[ 0.5409836 [ 1175 1176 1177 1078 ] ]
		[ 0.557377 [ 1178 1179 1180 1078 ] ]
		[ 0.5737705 [ 1181 1182 1183 1078 ] ]
		[ 0.5901639 [ 1184 1185 1186 1078 ] ]
		[ 0.6065574 [ 1187 1188 1189 1078 ] ]
		[ 0.6229508 [ 1190 1191 1192 1078 ] ]
		[ 0.6393443 [ 1193 1194 1195 1078 ] ]
		[ 0.6557377 [ 1196 1197 1198 1078 ] ]
		[ 0.6721311 [ 1199 1200 1201 1078 ] ]
		[ 0.6885246 [ 1202 1203 1204 1078 ] ]
		[ 0.704918 [ 1205 1206 1207 1078 ] ]
		[ 0.7213115 [ 1208 1209 1210 1078 ] ]
		[ 0.7377049 [ 1211 1212 1213 1078 ] ]
		[ 0.7540984 [ 1214 1215 1216 1078 ] ]
		[ 0.7704918 [ 1217 1218 1219 1078 ] ]
		[ 0.7868853 [ 1220 1221 1222 1078 ] ]
		[ 0.8032787 [ 1223 1224 1225 1078 ] ]
		[ 0.8196721 [ 1226 1227 1228 1078 ] ]
		[ 0.8360656 [ 1229 1230 1231 1078 ] ]
		[ 0.852459 [ 1232 1233 1234 1078 ] ]
		[ 0.8688524 [ 1235 1236 1237 1078 ] ]
		[ 0.8852459 [ 1238 1239 1240 1078 ] ]
		[ 0.9016393 [ 1241 1242 1243 1078 ] ]
		[ 0.9180328 [ 1244 1245 1246 1078 ] ]
		[ 0.9344262 [ 1247 1248 1249 1078 ] ]
		[ 0.9508197 [ 1250 1251 1252 1078 ] ]
		[ 0.9672131 [ 1253 1254 1255 1078 ] ]
		[ 0.9836066 [ 1256 1257 1258 1078 ] ]
	]
	"Lokot_P" [
		[ 0 [ 1259 1260 1261 1073 ] ]
	]
	"Lokot_P_end" [
		[ 0 [ 0 367 1 1074 ] ]
	]
	"Camera" [
		[ 0 [ 1262 1263 1264 1265 ] ]
	]
	"Lamp" [
		[ 0 [ 1266 1267 1268 1269 ] ]
	]
	"Mag" [
		[ 0 [ 1270 1271 1272 1272 ] ]
	]
	}
	:resources [
		[1.000 0.000 0.000]
		[0.000 0.000 1.000]
		[0.000 -1.000 0.000]
		[0.000 0.000 0.100]
		[0.000 0.000 0.093]
		[0.000 0.000 0.085]
		[0.000 0.000 0.077]
		[0.000 0.000 0.069]
		[0.000 0.000 0.061]
		[0.000 0.000 0.053]
		[0.000 0.000 0.044]
		[0.000 0.000 0.036]
		[0.000 0.000 0.027]
		[0.000 0.000 0.019]
		[0.000 0.000 0.010]
		[0.000 0.000 0.001]
		[0.000 0.000 -0.008]
		[0.000 0.000 -0.016]
		[0.000 0.000 -0.025]
		[0.000 0.000 -0.033]
		[0.000 0.000 -0.042]
		[0.000 0.000 -0.050]
		[0.000 0.000 -0.058]
		[0.000 0.000 -0.066]
		[0.000 0.000 -0.074]
		[0.000 0.000 -0.082]
		[0.000 0.000 -0.089]
		[0.000 0.000 -0.096]
		[0.000 0.000 -0.103]
		[0.000 0.000 -0.110]
		[0.000 0.000 -0.116]
		[0.000 0.000 -0.122]
		[0.000 0.000 -0.127]
		[0.000 0.000 -0.132]
		[0.000 0.000 -0.137]
		[0.000 0.000 -0.141]
		[0.000 0.000 -0.145]
		[0.000 0.000 -0.148]
		[0.000 0.000 -0.151]
		[0.000 0.000 -0.153]
		[0.000 0.000 -0.155]
		[0.000 0.000 -0.156]
		[0.000 0.000 -0.157]
		[0.000 0.000 -0.154]
		[0.000 0.000 -0.147]
		[0.000 0.000 -0.142]
		[0.000 0.000 -0.136]
		[0.000 0.000 -0.128]
		[0.000 0.000 -0.120]
		[0.000 0.000 -0.111]
		[0.000 0.000 -0.100]
		[0.000 0.000 -0.078]
		[0.000 0.000 -0.065]
		[0.000 0.000 -0.052]
		[0.000 0.000 -0.038]
		[0.000 0.000 -0.024]
		[0.000 0.000 -0.009]
		[0.000 0.000 0.006]
		[0.000 0.000 0.021]
		[0.000 0.000 0.037]
		[0.000 -0.342 0.940]
		[0.000 -0.940 -0.342]
		[0.123 -0.038 0.000]
		[-0.003 -0.352 0.936]
		[0.008 -0.936 -0.352]
		[1.000 0.006 0.006]
		[-0.007 -0.362 0.932]
		[0.015 -0.932 -0.362]
		[1.000 0.012 0.012]
		[-0.010 -0.372 0.928]
		[0.023 -0.928 -0.372]
		[1.000 0.018 0.018]
		[-0.013 -0.382 0.924]
		[0.030 -0.924 -0.382]
		[0.999 0.023 0.023]
		[-0.015 -0.392 0.920]
		[0.037 -0.919 -0.392]
		[0.999 0.029 0.029]
		[-0.017 -0.403 0.915]
		[0.045 -0.915 -0.402]
		[0.999 0.034 0.034]
		[-0.020 -0.413 0.910]
		[0.052 -0.910 -0.412]
		[0.998 0.039 0.039]
		[-0.021 -0.424 0.905]
		[0.059 -0.905 -0.422]
		[0.998 0.045 0.044]
		[-0.023 -0.435 0.900]
		[0.066 -0.899 -0.432]
		[0.998 0.050 0.050]
		[-0.025 -0.445 0.895]
		[0.074 -0.894 -0.443]
		[0.997 0.055 0.055]
		[-0.026 -0.456 0.890]
		[0.081 -0.888 -0.453]
		[0.996 0.060 0.060]
		[-0.027 -0.466 0.884]
		[0.088 -0.882 -0.462]
		[0.996 0.065 0.065]
		[-0.028 -0.477 0.879]
		[0.095 -0.876 -0.472]
		[0.995 0.070 0.070]
		[-0.029 -0.487 0.873]
		[0.103 -0.870 -0.482]
		[0.994 0.075 0.075]
		[-0.030 -0.497 0.867]
		[0.110 -0.864 -0.491]
		[0.993 0.081 0.080]
		[-0.030 -0.507 0.861]
		[0.117 -0.858 -0.501]
		[0.993 0.086 0.086]
		[-0.031 -0.517 0.856]
		[0.125 -0.851 -0.509]
		[0.992 0.091 0.091]
		[-0.031 -0.526 0.850]
		[0.133 -0.845 -0.518]
		[0.991 0.097 0.096]
		[-0.031 -0.535 0.844]
		[0.140 -0.838 -0.527]
		[0.990 0.102 0.102]
		[-0.031 -0.544 0.838]
		[0.148 -0.832 -0.535]
		[0.988 0.108 0.107]
		[-0.031 -0.553 0.833]
		[0.157 -0.825 -0.542]
		[0.987 0.113 0.113]
		[-0.031 -0.561 0.827]
		[0.165 -0.819 -0.550]
		[0.986 0.119 0.118]
		[-0.031 -0.569 0.821]
		[0.173 -0.812 -0.557]
		[0.984 0.125 0.124]
		[-0.031 -0.577 0.816]
		[0.182 -0.806 -0.563]
		[0.983 0.131 0.130]
		[-0.031 -0.585 0.811]
		[0.191 -0.800 -0.569]
		[0.981 0.137 0.136]
		[-0.030 -0.591 0.806]
		[0.200 -0.793 -0.575]
		[0.979 0.144 0.142]
		[-0.030 -0.598 0.801]
		[0.209 -0.787 -0.580]
		[0.977 0.150 0.149]
		[-0.029 -0.604 0.796]
		[0.219 -0.781 -0.585]
		[0.975 0.157 0.155]
		[-0.029 -0.610 0.792]
		[0.229 -0.775 -0.589]
		[0.973 0.164 0.162]
		[-0.029 -0.615 0.788]
		[0.239 -0.770 -0.592]
		[0.971 0.171 0.169]
		[-0.028 -0.620 0.784]
		[0.249 -0.764 -0.595]
		[0.968 0.179 0.176]
		[-0.028 -0.624 0.781]
		[0.260 -0.759 -0.597]
		[0.965 0.187 0.183]
		[-0.027 -0.627 0.778]
		[0.271 -0.754 -0.598]
		[0.962 0.194 0.191]
		[-0.027 -0.631 0.776]
		[0.282 -0.749 -0.599]
		[0.959 0.203 0.198]
		[-0.027 -0.633 0.774]
		[0.295 -0.744 -0.599]
		[0.955 0.212 0.207]
		[-0.027 -0.635 0.772]
		[0.309 -0.740 -0.598]
		[0.951 0.222 0.217]
		[-0.028 -0.637 0.771]
		[0.326 -0.735 -0.595]
		[0.945 0.235 0.228]
		[-0.029 -0.638 0.770]
		[0.344 -0.729 -0.591]
		[0.938 0.248 0.240]
		[-0.030 -0.638 0.770]
		[0.364 -0.724 -0.586]
		[0.931 0.262 0.253]
		[-0.031 -0.637 0.770]
		[0.383 -0.720 -0.579]
		[0.923 0.277 0.266]
		[-0.033 -0.635 0.772]
		[0.402 -0.716 -0.571]
		[0.915 0.291 0.279]
		[-0.035 -0.632 0.774]
		[0.419 -0.713 -0.563]
		[0.907 0.305 0.290]
		[-0.038 -0.628 0.777]
		[0.435 -0.711 -0.553]
		[0.900 0.317 0.300]
		[-0.042 -0.623 0.781]
		[0.448 -0.710 -0.543]
		[0.893 0.327 0.309]
		[-0.046 -0.617 0.785]
		[0.458 -0.712 -0.533]
		[0.888 0.335 0.315]
		[-0.051 -0.610 0.791]
		[0.464 -0.716 -0.522]
		[0.885 0.340 0.320]
		[-0.057 -0.602 0.796]
		[0.466 -0.721 -0.512]
		[0.883 0.342 0.322]
		[-0.063 -0.593 0.803]
		[0.466 -0.729 -0.502]
		[0.883 0.343 0.322]
		[-0.069 -0.582 0.810]
		[0.464 -0.738 -0.491]
		[0.883 0.342 0.321]
		[-0.076 -0.571 0.817]
		[0.460 -0.747 -0.479]
		[0.885 0.340 0.319]
		[-0.083 -0.559 0.825]
		[0.455 -0.758 -0.467]
		[0.887 0.337 0.317]
		[-0.090 -0.545 0.833]
		[0.448 -0.769 -0.455]
		[0.889 0.333 0.314]
		[-0.097 -0.531 0.842]
		[0.440 -0.782 -0.442]
		[0.893 0.328 0.310]
		[-0.104 -0.515 0.851]
		[0.431 -0.794 -0.428]
		[0.896 0.322 0.305]
		[-0.111 -0.499 0.860]
		[0.420 -0.807 -0.414]
		[0.901 0.315 0.299]
		[-0.118 -0.481 0.869]
		[0.408 -0.821 -0.399]
		[0.905 0.308 0.293]
		[-0.124 -0.462 0.878]
		[0.395 -0.835 -0.384]
		[0.910 0.300 0.286]
		[-0.129 -0.443 0.887]
		[0.381 -0.848 -0.368]
		[0.915 0.291 0.278]
		[-0.134 -0.422 0.897]
		[0.366 -0.862 -0.351]
		[0.921 0.281 0.270]
		[-0.138 -0.400 0.906]
		[0.350 -0.875 -0.334]
		[0.926 0.271 0.261]
		[-0.766 0.643 -0.007]
		[0.643 0.766 -0.009]
		[0.000 -0.011 -1.000]
		[0.000 0.532 0.000]
		[-0.749 0.663 -0.007]
		[0.663 0.749 -0.008]
		[-0.730 0.683 -0.008]
		[0.683 0.730 -0.008]
		[-0.710 0.705 -0.008]
		[0.705 0.709 -0.008]
		[-0.687 0.726 -0.008]
		[0.726 0.687 -0.008]
		[-0.663 0.748 -0.008]
		[0.748 0.663 -0.007]
		[-0.638 0.770 -0.009]
		[0.770 0.638 -0.007]
		[-0.611 0.792 -0.009]
		[0.792 0.611 -0.007]
		[-0.583 0.813 -0.009]
		[0.813 0.583 -0.007]
		[-0.553 0.833 -0.009]
		[0.833 0.553 -0.006]
		[-0.523 0.852 -0.010]
		[0.852 0.523 -0.006]
		[-0.491 0.871 -0.010]
		[0.871 0.491 -0.006]
		[-0.459 0.888 -0.010]
		[0.888 0.459 -0.005]
		[-0.426 0.904 -0.010]
		[0.905 0.426 -0.005]
		[-0.393 0.919 -0.010]
		[0.919 0.393 -0.004]
		[-0.360 0.933 -0.011]
		[0.933 0.360 -0.004]
		[-0.327 0.945 -0.011]
		[0.945 0.327 -0.004]
		[-0.294 0.956 -0.011]
		[0.956 0.294 -0.003]
		[-0.262 0.965 -0.011]
		[0.965 0.262 -0.003]
		[-0.231 0.973 -0.011]
		[0.973 0.231 -0.003]
		[-0.200 0.980 -0.011]
		[0.980 0.200 -0.002]
		[-0.171 0.985 -0.011]
		[0.985 0.171 -0.002]
		[-0.143 0.990 -0.011]
		[0.990 0.143 -0.002]
		[-0.117 0.993 -0.011]
		[0.993 0.117 -0.001]
		[-0.093 0.996 -0.011]
		[0.996 0.093 -0.001]
		[-0.071 0.997 -0.011]
		[0.997 0.071 -0.001]
		[-0.051 0.999 -0.011]
		[0.999 0.051 -0.001]
		[-0.034 0.999 -0.011]
		[0.999 0.034 0.000]
		[-0.019 1.000 -0.011]
		[1.000 0.019 0.000]
		[-0.007 1.000 -0.011]
		[1.000 0.007 0.000]
		[0.002 1.000 -0.011]
		[1.000 -0.002 0.000]
		[0.008 1.000 -0.011]
		[1.000 -0.008 0.000]
		[0.010 1.000 -0.011]
		[1.000 -0.010 0.000]
		[0.009 1.000 -0.011]
		[1.000 -0.009 0.000]
		[0.006 1.000 -0.011]
		[1.000 -0.006 0.000]
		[-0.006 1.000 -0.011]
		[1.000 0.006 0.000]
		[-0.026 1.000 -0.011]
		[1.000 0.026 0.000]
		[-0.056 0.998 -0.011]
		[0.998 0.056 -0.001]
		[-0.096 0.995 -0.011]
		[0.995 0.096 -0.001]
		[-0.141 0.990 -0.011]
		[0.990 0.141 -0.002]
		[-0.192 0.981 -0.011]
		[0.981 0.192 -0.002]
		[-0.244 0.970 -0.011]
		[0.970 0.244 -0.003]
		[-0.298 0.955 -0.011]
		[0.955 0.298 -0.003]
		[-0.349 0.937 -0.011]
		[0.937 0.349 -0.004]
		[-0.398 0.917 -0.010]
		[0.918 0.398 -0.004]
		[-0.440 0.898 -0.010]
		[0.898 0.440 -0.005]
		[-0.476 0.879 -0.010]
		[0.879 0.476 -0.005]
		[-0.507 0.862 -0.010]
		[0.862 0.507 -0.006]
		[-0.532 0.846 -0.010]
		[0.847 0.532 -0.006]
		[-0.556 0.831 -0.009]
		[0.831 0.556 -0.006]
		[-0.579 0.815 -0.009]
		[0.815 0.579 -0.007]
		[-0.602 0.799 -0.009]
		[0.799 0.602 -0.007]
		[-0.623 0.782 -0.009]
		[0.782 0.623 -0.007]
		[-0.643 0.766 -0.009]
		[0.766 0.643 -0.007]
		[-0.662 0.749 -0.008]
		[0.749 0.662 -0.007]
		[-0.680 0.733 -0.008]
		[0.733 0.680 -0.008]
		[-0.698 0.716 -0.008]
		[0.716 0.698 -0.008]
		[-0.714 0.700 -0.008]
		[0.700 0.714 -0.008]
		[-0.730 0.684 -0.008]
		[0.684 0.730 -0.008]
		[-0.744 0.668 -0.008]
		[0.668 0.744 -0.008]
		[-0.758 0.652 -0.007]
		[0.652 0.758 -0.009]
		[0.000 1.000 0.000]
		[0.000 0.578 0.000]
		[0.000 -0.643 0.766]
		[0.000 -0.766 -0.643]
		[-0.123 -0.038 0.000]
		[0.001 -0.643 0.766]
		[-0.008 -0.766 -0.643]
		[1.000 -0.006 -0.006]
		[-0.017 -0.766 -0.643]
		[1.000 -0.012 -0.012]
		[0.002 -0.643 0.766]
		[-0.025 -0.766 -0.642]
		[1.000 -0.018 -0.018]
		[0.003 -0.643 0.766]
		[-0.033 -0.766 -0.642]
		[0.999 -0.023 -0.023]
		[0.004 -0.643 0.766]
		[-0.040 -0.766 -0.642]
		[0.999 -0.029 -0.029]
		[0.004 -0.642 0.766]
		[-0.048 -0.766 -0.642]
		[0.999 -0.034 -0.034]
		[0.005 -0.642 0.766]
		[-0.055 -0.765 -0.641]
		[0.998 -0.039 -0.039]
		[0.006 -0.642 0.767]
		[-0.063 -0.765 -0.641]
		[0.998 -0.045 -0.044]
		[-0.070 -0.765 -0.640]
		[0.998 -0.050 -0.050]
		[0.007 -0.642 0.767]
		[-0.077 -0.765 -0.640]
		[0.997 -0.055 -0.055]
		[-0.085 -0.765 -0.639]
		[0.996 -0.060 -0.060]
		[0.008 -0.641 0.767]
		[-0.092 -0.764 -0.638]
		[0.996 -0.065 -0.065]
		[0.009 -0.641 0.767]
		[-0.099 -0.764 -0.637]
		[0.995 -0.070 -0.070]
		[0.009 -0.641 0.768]
		[-0.106 -0.764 -0.637]
		[0.994 -0.075 -0.075]
		[0.010 -0.641 0.768]
		[-0.113 -0.764 -0.636]
		[0.993 -0.081 -0.080]
		[0.011 -0.640 0.768]
		[-0.121 -0.763 -0.635]
		[0.993 -0.086 -0.086]
		[-0.128 -0.763 -0.634]
		[0.992 -0.091 -0.091]
		[0.012 -0.640 0.768]
		[-0.136 -0.762 -0.633]
		[0.991 -0.097 -0.096]
		[0.013 -0.639 0.769]
		[-0.143 -0.762 -0.631]
		[0.990 -0.102 -0.102]
		[0.014 -0.639 0.769]
		[-0.151 -0.762 -0.630]
		[0.988 -0.108 -0.107]
		[-0.159 -0.761 -0.629]
		[0.987 -0.113 -0.113]
		[0.015 -0.638 0.770]
		[-0.167 -0.761 -0.627]
		[0.986 -0.119 -0.118]
		[0.016 -0.638 0.770]
		[-0.175 -0.760 -0.626]
		[0.984 -0.125 -0.124]
		[0.017 -0.637 0.770]
		[-0.184 -0.759 -0.624]
		[0.983 -0.131 -0.130]
		[0.018 -0.637 0.771]
		[-0.192 -0.759 -0.622]
		[0.981 -0.137 -0.136]
		[0.019 -0.636 0.771]
		[-0.201 -0.758 -0.620]
		[0.979 -0.144 -0.142]
		[0.020 -0.635 0.772]
		[-0.210 -0.757 -0.618]
		[0.977 -0.150 -0.149]
		[0.021 -0.635 0.772]
		[-0.220 -0.757 -0.616]
		[0.975 -0.157 -0.155]
		[0.022 -0.634 0.773]
		[-0.230 -0.756 -0.613]
		[0.973 -0.164 -0.162]
		[0.023 -0.633 0.774]
		[-0.239 -0.755 -0.611]
		[0.971 -0.171 -0.169]
		[0.024 -0.632 0.774]
		[-0.250 -0.754 -0.608]
		[0.968 -0.179 -0.176]
		[0.025 -0.632 0.775]
		[-0.260 -0.753 -0.605]
		[0.965 -0.187 -0.183]
		[0.026 -0.630 0.776]
		[-0.271 -0.751 -0.601]
		[0.962 -0.194 -0.191]
		[0.028 -0.629 0.777]
		[-0.282 -0.750 -0.598]
		[0.959 -0.203 -0.198]
		[0.029 -0.628 0.777]
		[-0.295 -0.748 -0.594]
		[0.955 -0.212 -0.207]
		[0.030 -0.628 0.778]
		[-0.309 -0.746 -0.590]
		[0.951 -0.222 -0.217]
		[0.032 -0.628 0.778]
		[-0.326 -0.742 -0.586]
		[0.945 -0.235 -0.228]
		[0.033 -0.628 0.777]
		[-0.344 -0.737 -0.582]
		[0.938 -0.248 -0.240]
		[0.034 -0.629 0.777]
		[-0.363 -0.732 -0.576]
		[0.931 -0.262 -0.253]
		[0.035 -0.629 0.777]
		[-0.383 -0.727 -0.571]
		[0.923 -0.277 -0.266]
		[0.037 -0.628 0.777]
		[-0.401 -0.722 -0.564]
		[0.915 -0.291 -0.279]
		[0.038 -0.627 0.778]
		[-0.419 -0.717 -0.557]
		[0.907 -0.305 -0.290]
		[0.041 -0.624 0.780]
		[-0.434 -0.714 -0.549]
		[0.900 -0.317 -0.300]
		[0.043 -0.621 0.783]
		[-0.448 -0.712 -0.540]
		[0.893 -0.327 -0.309]
		[0.047 -0.616 0.786]
		[-0.458 -0.713 -0.531]
		[0.888 -0.335 -0.315]
		[0.051 -0.610 0.791]
		[-0.464 -0.716 -0.522]
		[0.885 -0.340 -0.320]
		[0.057 -0.602 0.796]
		[-0.466 -0.721 -0.512]
		[0.883 -0.342 -0.322]
		[0.063 -0.593 0.803]
		[-0.466 -0.729 -0.502]
		[0.883 -0.343 -0.322]
		[0.069 -0.583 0.810]
		[-0.464 -0.737 -0.491]
		[0.883 -0.342 -0.321]
		[0.076 -0.571 0.817]
		[-0.460 -0.747 -0.480]
		[0.885 -0.340 -0.319]
		[0.083 -0.559 0.825]
		[-0.455 -0.758 -0.468]
		[0.887 -0.337 -0.317]
		[0.090 -0.546 0.833]
		[-0.448 -0.769 -0.456]
		[0.889 -0.333 -0.314]
		[0.097 -0.531 0.842]
		[-0.440 -0.781 -0.443]
		[0.893 -0.328 -0.310]
		[0.104 -0.516 0.850]
		[-0.431 -0.794 -0.429]
		[0.896 -0.322 -0.305]
		[0.111 -0.499 0.859]
		[-0.420 -0.807 -0.415]
		[0.901 -0.315 -0.299]
		[0.117 -0.482 0.868]
		[-0.408 -0.820 -0.400]
		[0.905 -0.308 -0.293]
		[0.123 -0.463 0.878]
		[-0.395 -0.834 -0.385]
		[0.910 -0.300 -0.286]
		[0.129 -0.444 0.887]
		[-0.381 -0.848 -0.369]
		[0.915 -0.291 -0.278]
		[0.134 -0.423 0.896]
		[-0.366 -0.861 -0.352]
		[0.921 -0.281 -0.270]
		[0.138 -0.401 0.906]
		[-0.350 -0.875 -0.335]
		[0.926 -0.271 -0.261]
		[0.000 0.000 -1.000]
		[0.001 1.000 0.000]
		[1.000 -0.001 0.000]
		[0.002 1.000 0.000]
		[0.005 1.000 0.000]
		[1.000 -0.005 0.000]
		[0.009 1.000 0.000]
		[0.013 1.000 0.000]
		[1.000 -0.013 0.000]
		[0.018 1.000 0.000]
		[1.000 -0.018 0.000]
		[0.024 1.000 0.000]
		[1.000 -0.024 0.000]
		[0.031 1.000 0.000]
		[1.000 -0.031 0.000]
		[0.037 0.999 0.000]
		[0.999 -0.037 0.000]
		[0.044 0.999 0.000]
		[0.999 -0.044 0.000]
		[0.051 0.999 0.000]
		[0.999 -0.051 0.000]
		[0.058 0.998 0.000]
		[0.998 -0.058 0.000]
		[0.065 0.998 0.000]
		[0.998 -0.065 0.000]
		[0.072 0.997 0.000]
		[0.997 -0.072 0.000]
		[0.079 0.997 0.000]
		[0.997 -0.079 0.000]
		[0.085 0.996 0.000]
		[0.996 -0.085 0.000]
		[0.091 0.996 0.000]
		[0.996 -0.091 0.000]
		[0.096 0.995 0.000]
		[0.995 -0.096 0.000]
		[0.101 0.995 0.000]
		[0.995 -0.101 0.000]
		[0.104 0.995 0.000]
		[0.995 -0.104 0.000]
		[0.107 0.994 0.000]
		[0.994 -0.107 0.000]
		[0.109 0.994 0.000]
		[0.994 -0.109 0.000]
		[0.110 0.994 0.000]
		[0.994 -0.110 0.000]
		[0.099 0.995 0.000]
		[0.995 -0.099 0.000]
		[0.092 0.996 0.000]
		[0.996 -0.092 0.000]
		[0.084 0.996 0.000]
		[0.996 -0.084 0.000]
		[0.074 0.997 0.000]
		[0.997 -0.074 0.000]
		[0.062 0.998 0.000]
		[0.998 -0.062 0.000]
		[0.047 0.999 0.000]
		[0.999 -0.047 0.000]
		[-0.011 1.000 0.000]
		[1.000 0.011 0.000]
		[-0.040 0.999 0.000]
		[0.999 0.040 0.000]
		[-0.076 0.997 0.000]
		[0.997 0.076 0.000]
		[-0.118 0.993 0.000]
		[0.993 0.118 0.000]
		[-0.164 0.987 0.000]
		[0.987 0.164 0.000]
		[-0.213 0.977 0.000]
		[0.977 0.213 0.000]
		[-0.262 0.965 0.000]
		[0.965 0.262 0.000]
		[-0.312 0.950 0.000]
		[0.950 0.312 0.000]
		[-0.359 0.933 0.000]
		[0.933 0.359 0.000]
		[-0.403 0.915 0.000]
		[0.915 0.403 0.000]
		[-0.443 0.897 0.000]
		[0.897 0.443 0.000]
		[-0.477 0.879 0.000]
		[0.879 0.477 0.000]
		[-0.507 0.862 0.000]
		[0.862 0.507 0.000]
		[-0.532 0.847 0.000]
		[0.847 0.532 0.000]
		[-0.556 0.831 0.000]
		[0.831 0.556 0.000]
		[-0.579 0.815 0.000]
		[0.815 0.579 0.000]
		[-0.602 0.799 0.000]
		[0.799 0.602 0.000]
		[-0.623 0.782 0.000]
		[0.782 0.623 0.000]
		[-0.643 0.766 0.000]
		[0.766 0.643 0.000]
		[-0.662 0.749 0.000]
		[0.749 0.662 0.000]
		[-0.680 0.733 0.000]
		[0.733 0.680 0.000]
		[-0.698 0.716 0.000]
		[0.716 0.698 0.000]
		[-0.714 0.700 0.000]
		[0.700 0.714 0.000]
		[-0.730 0.684 0.000]
		[0.684 0.730 0.000]
		[-0.744 0.668 0.000]
		[0.668 0.744 0.000]
		[-0.758 0.652 0.000]
		[0.652 0.758 0.000]
		[0.000 0.130 0.000]
		[0.000 1.000 -0.015]
		[0.000 0.015 1.000]
		[0.000 1.000 -0.029]
		[0.000 0.029 1.000]
		[0.000 0.999 -0.045]
		[0.000 0.045 0.999]
		[0.000 0.998 -0.061]
		[0.000 0.061 0.998]
		[0.000 0.997 -0.078]
		[0.000 0.078 0.997]
		[0.000 0.995 -0.095]
		[0.000 0.095 0.995]
		[0.000 0.994 -0.112]
		[0.000 0.112 0.994]
		[0.000 0.992 -0.130]
		[0.000 0.130 0.992]
		[0.000 0.989 -0.147]
		[0.000 0.147 0.989]
		[0.000 0.986 -0.165]
		[0.000 0.165 0.986]
		[0.000 0.983 -0.183]
		[0.000 0.183 0.983]
		[0.000 0.980 -0.201]
		[0.000 0.201 0.980]
		[0.000 0.976 -0.219]
		[0.000 0.219 0.976]
		[0.000 0.972 -0.237]
		[0.000 0.237 0.972]
		[0.000 0.967 -0.254]
		[0.000 0.254 0.967]
		[0.000 0.963 -0.271]
		[0.000 0.271 0.963]
		[0.000 0.958 -0.288]
		[0.000 0.288 0.958]
		[0.000 0.953 -0.304]
		[0.000 0.304 0.953]
		[0.000 0.947 -0.320]
		[0.000 0.320 0.947]
		[0.000 0.942 -0.335]
		[0.000 0.335 0.942]
		[0.000 0.937 -0.350]
		[0.000 0.350 0.937]
		[0.000 0.931 -0.364]
		[0.000 0.364 0.931]
		[0.000 0.926 -0.377]
		[0.000 0.377 0.926]
		[0.000 0.921 -0.390]
		[0.000 0.390 0.921]
		[0.000 0.916 -0.402]
		[0.000 0.402 0.916]
		[0.000 0.911 -0.413]
		[0.000 0.413 0.911]
		[0.000 0.906 -0.423]
		[0.000 0.423 0.906]
		[0.000 0.902 -0.432]
		[0.000 0.432 0.902]
		[0.000 0.898 -0.440]
		[0.000 0.440 0.898]
		[0.000 0.894 -0.448]
		[0.000 0.448 0.894]
		[0.000 0.891 -0.454]
		[0.000 0.454 0.891]
		[0.000 0.889 -0.459]
		[0.000 0.459 0.889]
		[0.000 0.887 -0.463]
		[0.000 0.463 0.887]
		[0.000 0.885 -0.465]
		[0.000 0.465 0.885]
		[0.000 0.884 -0.467]
		[0.000 0.467 0.884]
		[0.000 0.885 -0.466]
		[0.000 0.466 0.885]
		[0.000 0.886 -0.464]
		[0.000 0.464 0.886]
		[0.000 0.888 -0.460]
		[0.000 0.460 0.888]
		[0.000 0.895 -0.445]
		[0.000 0.445 0.895]
		[0.000 0.900 -0.435]
		[0.000 0.435 0.900]
		[0.000 0.907 -0.422]
		[0.000 0.422 0.907]
		[0.000 0.914 -0.405]
		[0.000 0.405 0.914]
		[0.000 0.923 -0.386]
		[0.000 0.386 0.923]
		[0.000 0.932 -0.363]
		[0.000 0.363 0.932]
		[0.000 0.954 -0.300]
		[0.000 0.300 0.954]
		[0.000 0.966 -0.258]
		[0.000 0.258 0.966]
		[0.000 0.978 -0.209]
		[0.000 0.209 0.978]
		[0.000 0.988 -0.156]
		[0.000 0.156 0.988]
		[0.000 0.995 -0.098]
		[0.000 0.098 0.995]
		[0.000 0.999 -0.038]
		[0.000 0.038 0.999]
		[0.000 1.000 0.023]
		[0.000 -0.023 1.000]
		[0.000 0.997 0.083]
		[0.000 -0.083 0.997]
		[0.000 0.990 0.141]
		[0.000 -0.141 0.990]
		[0.000 0.981 0.194]
		[0.000 -0.194 0.981]
		[0.000 0.970 0.243]
		[0.000 -0.243 0.970]
		[0.000 0.959 0.284]
		[0.000 -0.284 0.959]
		[0.000 0.949 0.317]
		[0.000 -0.317 0.949]
		[0.000 0.985 -0.174]
		[0.000 0.174 0.985]
		[0.000 0.596 0.000]
		[0.000 0.988 -0.154]
		[0.000 0.154 0.988]
		[0.000 0.991 -0.133]
		[0.000 0.133 0.991]
		[0.000 0.994 -0.111]
		[0.000 0.111 0.994]
		[0.000 0.996 -0.089]
		[0.000 0.089 0.996]
		[0.000 0.998 -0.066]
		[0.000 0.066 0.998]
		[0.000 0.999 -0.042]
		[0.000 0.042 0.999]
		[0.000 1.000 -0.018]
		[0.000 0.018 1.000]
		[0.000 1.000 0.006]
		[0.000 -0.006 1.000]
		[0.000 1.000 0.031]
		[0.000 -0.031 1.000]
		[0.000 0.998 0.056]
		[0.000 -0.056 0.998]
		[0.000 0.997 0.081]
		[0.000 -0.081 0.997]
		[0.000 0.994 0.106]
		[0.000 -0.106 0.994]
		[0.000 0.991 0.131]
		[0.000 -0.131 0.991]
		[0.000 0.988 0.156]
		[0.000 -0.156 0.988]
		[0.000 0.984 0.180]
		[0.000 -0.180 0.984]
		[0.000 0.979 0.204]
		[0.000 -0.204 0.979]
		[0.000 0.974 0.228]
		[0.000 -0.228 0.974]
		[0.000 0.968 0.251]
		[0.000 -0.251 0.968]
		[0.000 0.962 0.273]
		[0.000 -0.273 0.962]
		[0.000 0.956 0.295]
		[0.000 -0.295 0.956]
		[0.000 0.949 0.316]
		[0.000 -0.316 0.949]
		[0.000 0.942 0.336]
		[0.000 -0.336 0.942]
		[0.000 0.935 0.354]
		[0.000 -0.354 0.935]
		[0.000 0.928 0.372]
		[0.000 -0.372 0.928]
		[0.000 0.921 0.389]
		[0.000 -0.389 0.921]
		[0.000 0.914 0.405]
		[0.000 -0.405 0.914]
		[0.000 0.908 0.420]
		[0.000 -0.420 0.908]
		[0.000 0.901 0.433]
		[0.000 -0.433 0.901]
		[0.000 0.896 0.445]
		[0.000 -0.445 0.896]
		[0.000 0.890 0.455]
		[0.000 -0.455 0.890]
		[0.000 0.885 0.465]
		[0.000 -0.465 0.885]
		[0.000 0.881 0.472]
		[0.000 -0.472 0.881]
		[0.000 0.878 0.479]
		[0.000 -0.479 0.878]
		[0.000 0.875 0.484]
		[0.000 -0.484 0.875]
		[0.000 0.874 0.486]
		[0.000 -0.486 0.874]
		[0.000 0.879 0.477]
		[0.000 -0.477 0.879]
		[0.000 0.885 0.466]
		[0.000 -0.466 0.885]
		[0.000 0.892 0.453]
		[0.000 -0.453 0.892]
		[0.000 0.900 0.437]
		[0.000 -0.437 0.900]
		[0.000 0.916 0.402]
		[0.000 -0.402 0.916]
		[0.000 0.923 0.385]
		[0.000 -0.385 0.923]
		[0.000 0.929 0.369]
		[0.000 -0.369 0.929]
		[0.000 0.934 0.356]
		[0.000 -0.356 0.934]
		[0.000 0.938 0.347]
