{ :name "SphereSpell" :length 2.066667 :bones { 
	"Skelet" [
		[ 0 [ 0 1 2 3 ] ]
		[ 0.03387978 [ 0 1 2 4 ] ]
		[ 0.06775956 [ 0 1 2 5 ] ]
		[ 0.1016393 [ 0 1 2 6 ] ]
		[ 0.1355191 [ 0 1 2 7 ] ]
		[ 0.1693989 [ 0 1 2 8 ] ]
		[ 0.2032787 [ 0 1 2 9 ] ]
		[ 0.2371585 [ 0 1 2 10 ] ]
		[ 0.2710382 [ 0 1 2 11 ] ]
		[ 0.304918 [ 0 1 2 12 ] ]
		[ 0.3387978 [ 0 1 2 13 ] ]
		[ 0.3726776 [ 0 1 2 14 ] ]
		[ 0.4065574 [ 0 1 2 15 ] ]
		[ 0.4404371 [ 0 1 2 16 ] ]
		[ 0.4743169 [ 0 1 2 17 ] ]
		[ 0.5081967 [ 0 1 2 18 ] ]
		[ 0.5420765 [ 0 1 2 19 ] ]
		[ 0.5759563 [ 0 1 2 20 ] ]
		[ 0.609836 [ 0 1 2 21 ] ]
		[ 0.6437158 [ 0 1 2 22 ] ]
		[ 0.6775956 [ 0 1 2 23 ] ]
		[ 0.7114754 [ 0 1 2 24 ] ]
		[ 0.7453552 [ 0 1 2 25 ] ]
		[ 0.7792349 [ 0 1 2 26 ] ]
		[ 0.8131147 [ 0 1 2 27 ] ]
		[ 0.8469945 [ 0 1 2 28 ] ]
		[ 0.8808743 [ 0 1 2 29 ] ]
		[ 0.9147541 [ 0 1 2 30 ] ]
		[ 0.9486338 [ 0 1 2 31 ] ]
		[ 0.9825136 [ 0 1 2 32 ] ]
		[ 1.016393 [ 0 1 2 33 ] ]
		[ 1.050273 [ 0 1 2 34 ] ]
		[ 1.084153 [ 0 1 2 35 ] ]
		[ 1.118033 [ 0 1 2 36 ] ]
		[ 1.151913 [ 0 1 2 37 ] ]
		[ 1.185792 [ 0 1 2 38 ] ]
		[ 1.219672 [ 0 1 2 39 ] ]
		[ 1.253552 [ 0 1 2 40 ] ]
		[ 1.287432 [ 0 1 2 41 ] ]
		[ 1.321311 [ 0 1 2 42 ] ]
		[ 1.355191 [ 0 1 2 43 ] ]
		[ 1.389071 [ 0 1 2 44 ] ]
		[ 1.422951 [ 0 1 2 45 ] ]
		[ 1.456831 [ 0 1 2 46 ] ]
		[ 1.49071 [ 0 1 2 47 ] ]
		[ 1.52459 [ 0 1 2 48 ] ]
		[ 1.55847 [ 0 1 2 49 ] ]
		[ 1.59235 [ 0 1 2 50 ] ]
		[ 1.626229 [ 0 1 2 50 ] ]
		[ 1.660109 [ 0 1 2 51 ] ]
		[ 1.693989 [ 0 1 2 52 ] ]
		[ 1.727869 [ 0 1 2 47 ] ]
		[ 1.761749 [ 0 1 2 53 ] ]
		[ 1.795628 [ 0 1 2 54 ] ]
		[ 1.829508 [ 0 1 2 55 ] ]
		[ 1.863388 [ 0 1 2 56 ] ]
		[ 1.897268 [ 0 1 2 57 ] ]
		[ 1.931147 [ 0 1 2 58 ] ]
		[ 1.965027 [ 0 1 2 59 ] ]
		[ 1.998907 [ 0 1 2 60 ] ]
		[ 2.032787 [ 0 1 2 35 ] ]
	]
	"Bedro_L" [
		[ 0 [ 61 62 0 63 ] ]
		[ 0.03387978 [ 64 65 66 63 ] ]
		[ 0.06775956 [ 67 68 69 63 ] ]
		[ 0.1016393 [ 70 71 72 63 ] ]
		[ 0.1355191 [ 73 74 75 63 ] ]
		[ 0.1693989 [ 76 77 78 63 ] ]
		[ 0.2032787 [ 79 80 81 63 ] ]
		[ 0.2371585 [ 82 83 84 63 ] ]
		[ 0.2710382 [ 85 86 87 63 ] ]
		[ 0.304918 [ 88 89 90 63 ] ]
		[ 0.3387978 [ 91 92 93 63 ] ]
		[ 0.3726776 [ 94 95 96 63 ] ]
		[ 0.4065574 [ 97 98 99 63 ] ]
		[ 0.4404371 [ 100 101 102 63 ] ]
		[ 0.4743169 [ 103 104 105 63 ] ]
		[ 0.5081967 [ 106 107 108 63 ] ]
		[ 0.5420765 [ 109 110 111 63 ] ]
		[ 0.5759563 [ 112 113 114 63 ] ]
		[ 0.609836 [ 115 116 117 63 ] ]
		[ 0.6437158 [ 118 119 120 63 ] ]
		[ 0.6775956 [ 121 122 123 63 ] ]
		[ 0.7114754 [ 124 125 126 63 ] ]
		[ 0.7453552 [ 127 128 129 63 ] ]
		[ 0.7792349 [ 130 131 132 63 ] ]
		[ 0.8131147 [ 133 134 135 63 ] ]
		[ 0.8469945 [ 136 137 138 63 ] ]
		[ 0.8808743 [ 139 140 141 63 ] ]
		[ 0.9147541 [ 142 143 144 63 ] ]
		[ 0.9486338 [ 145 146 147 63 ] ]
		[ 0.9825136 [ 148 149 150 63 ] ]
		[ 1.016393 [ 151 152 153 63 ] ]
		[ 1.050273 [ 154 155 156 63 ] ]
		[ 1.084153 [ 157 158 159 63 ] ]
		[ 1.118033 [ 160 161 162 63 ] ]
		[ 1.151913 [ 163 164 165 63 ] ]
		[ 1.185792 [ 166 167 168 63 ] ]
		[ 1.219672 [ 169 170 171 63 ] ]
		[ 1.253552 [ 172 173 174 63 ] ]
		[ 1.287432 [ 175 176 177 63 ] ]
		[ 1.321311 [ 178 179 180 63 ] ]
		[ 1.355191 [ 181 182 183 63 ] ]
		[ 1.389071 [ 184 185 186 63 ] ]
		[ 1.422951 [ 187 188 189 63 ] ]
		[ 1.456831 [ 190 191 192 63 ] ]
		[ 1.49071 [ 193 194 195 63 ] ]
		[ 1.52459 [ 196 197 198 63 ] ]
		[ 1.55847 [ 199 200 198 63 ] ]
		[ 1.59235 [ 201 202 203 63 ] ]
		[ 1.626229 [ 204 205 192 63 ] ]
		[ 1.660109 [ 206 207 208 63 ] ]
		[ 1.693989 [ 209 210 189 63 ] ]
		[ 1.727869 [ 211 212 213 63 ] ]
		[ 1.761749 [ 214 215 216 63 ] ]
		[ 1.795628 [ 217 218 0 63 ] ]
		[ 1.829508 [ 219 220 0 63 ] ]
		[ 1.863388 [ 221 222 0 63 ] ]
		[ 1.897268 [ 223 224 0 63 ] ]
		[ 1.931147 [ 225 226 0 63 ] ]
		[ 1.965027 [ 227 228 0 63 ] ]
		[ 1.998907 [ 229 230 0 63 ] ]
		[ 2.032787 [ 231 232 0 63 ] ]
	]
	"Koleno_L" [
		[ 0 [ 233 234 235 236 ] ]
		[ 0.03387978 [ 237 238 235 236 ] ]
		[ 0.06775956 [ 239 240 235 236 ] ]
		[ 0.1016393 [ 241 242 235 236 ] ]
		[ 0.1355191 [ 243 244 235 236 ] ]
		[ 0.1693989 [ 245 246 235 236 ] ]
		[ 0.2032787 [ 247 248 235 236 ] ]
		[ 0.2371585 [ 249 250 235 236 ] ]
		[ 0.2710382 [ 251 252 235 236 ] ]
		[ 0.304918 [ 253 254 235 236 ] ]
		[ 0.3387978 [ 255 256 235 236 ] ]
		[ 0.3726776 [ 257 258 235 236 ] ]
		[ 0.4065574 [ 259 260 235 236 ] ]
		[ 0.4404371 [ 261 262 235 236 ] ]
		[ 0.4743169 [ 263 264 235 236 ] ]
		[ 0.5081967 [ 265 266 235 236 ] ]
		[ 0.5420765 [ 267 268 235 236 ] ]
		[ 0.5759563 [ 263 264 235 236 ] ]
		[ 0.609836 [ 269 270 235 236 ] ]
		[ 0.6437158 [ 271 272 235 236 ] ]
		[ 0.6775956 [ 273 274 235 236 ] ]
		[ 0.7114754 [ 275 276 235 236 ] ]
		[ 0.7453552 [ 277 278 235 236 ] ]
		[ 0.7792349 [ 279 280 235 236 ] ]
		[ 0.8131147 [ 281 282 235 236 ] ]
		[ 0.8469945 [ 283 284 235 236 ] ]
		[ 0.8808743 [ 285 286 235 236 ] ]
		[ 0.9147541 [ 287 288 235 236 ] ]
		[ 0.9486338 [ 289 290 235 236 ] ]
		[ 0.9825136 [ 291 292 235 236 ] ]
		[ 1.016393 [ 293 294 235 236 ] ]
		[ 1.050273 [ 295 296 235 236 ] ]
		[ 1.084153 [ 297 298 235 236 ] ]
		[ 1.118033 [ 299 300 235 236 ] ]
		[ 1.151913 [ 301 302 235 236 ] ]
		[ 1.185792 [ 303 304 235 236 ] ]
		[ 1.219672 [ 305 306 235 236 ] ]
		[ 1.253552 [ 307 308 235 236 ] ]
		[ 1.287432 [ 309 310 235 236 ] ]
		[ 1.321311 [ 311 312 235 236 ] ]
		[ 1.355191 [ 313 314 235 236 ] ]
		[ 1.389071 [ 315 316 235 236 ] ]
		[ 1.422951 [ 317 318 235 236 ] ]
		[ 1.456831 [ 319 320 235 236 ] ]
		[ 1.49071 [ 321 322 235 236 ] ]
		[ 1.52459 [ 323 324 235 236 ] ]
		[ 1.55847 [ 325 326 235 236 ] ]
		[ 1.59235 [ 327 328 235 236 ] ]
		[ 1.626229 [ 329 328 235 236 ] ]
		[ 1.660109 [ 330 331 235 236 ] ]
		[ 1.693989 [ 332 333 235 236 ] ]
		[ 1.727869 [ 334 335 235 236 ] ]
		[ 1.761749 [ 336 337 235 236 ] ]
		[ 1.795628 [ 338 339 235 236 ] ]
		[ 1.829508 [ 340 341 235 236 ] ]
		[ 1.863388 [ 342 343 235 236 ] ]
		[ 1.897268 [ 344 345 235 236 ] ]
		[ 1.931147 [ 346 347 235 236 ] ]
		[ 1.965027 [ 348 349 235 236 ] ]
		[ 1.998907 [ 350 351 235 236 ] ]
		[ 2.032787 [ 352 353 235 236 ] ]
	]
	"Koleno_L_end" [
		[ 0 [ 0 354 1 355 ] ]
	]
	"Bedro_P" [
		[ 0 [ 356 357 0 358 ] ]
		[ 0.03387978 [ 359 360 192 358 ] ]
		[ 0.06775956 [ 361 362 363 358 ] ]
		[ 0.1016393 [ 364 365 366 358 ] ]
		[ 0.1355191 [ 367 368 369 358 ] ]
		[ 0.1693989 [ 370 371 372 358 ] ]
		[ 0.2032787 [ 373 374 375 358 ] ]
		[ 0.2371585 [ 376 377 378 358 ] ]
		[ 0.2710382 [ 379 380 381 358 ] ]
		[ 0.304918 [ 382 383 384 358 ] ]
		[ 0.3387978 [ 385 386 387 358 ] ]
		[ 0.3726776 [ 388 389 390 358 ] ]
		[ 0.4065574 [ 391 392 393 358 ] ]
		[ 0.4404371 [ 394 395 396 358 ] ]
		[ 0.4743169 [ 397 398 399 358 ] ]
		[ 0.5081967 [ 400 401 402 358 ] ]
		[ 0.5420765 [ 403 404 405 358 ] ]
		[ 0.5759563 [ 406 407 408 358 ] ]
		[ 0.609836 [ 409 410 411 358 ] ]
		[ 0.6437158 [ 412 413 414 358 ] ]
		[ 0.6775956 [ 415 416 417 358 ] ]
		[ 0.7114754 [ 418 419 420 358 ] ]
		[ 0.7453552 [ 421 422 423 358 ] ]
		[ 0.7792349 [ 424 425 426 358 ] ]
		[ 0.8131147 [ 427 428 429 358 ] ]
		[ 0.8469945 [ 430 431 432 358 ] ]
		[ 0.8808743 [ 433 434 435 358 ] ]
		[ 0.9147541 [ 436 437 438 358 ] ]
		[ 0.9486338 [ 439 440 441 358 ] ]
		[ 0.9825136 [ 442 443 444 358 ] ]
		[ 1.016393 [ 445 446 447 358 ] ]
		[ 1.050273 [ 448 449 450 358 ] ]
		[ 1.084153 [ 451 452 453 358 ] ]
		[ 1.118033 [ 454 455 456 358 ] ]
		[ 1.151913 [ 457 458 459 358 ] ]
		[ 1.185792 [ 460 461 462 358 ] ]
		[ 1.219672 [ 463 464 465 358 ] ]
		[ 1.253552 [ 466 467 468 358 ] ]
		[ 1.287432 [ 469 470 471 358 ] ]
		[ 1.321311 [ 472 473 474 358 ] ]
		[ 1.355191 [ 475 476 198 358 ] ]
		[ 1.389071 [ 477 478 213 358 ] ]
		[ 1.422951 [ 479 480 481 358 ] ]
		[ 1.456831 [ 482 483 66 358 ] ]
		[ 1.49071 [ 484 485 486 358 ] ]
		[ 1.52459 [ 487 488 183 358 ] ]
		[ 1.55847 [ 489 490 183 358 ] ]
		[ 1.59235 [ 491 492 493 358 ] ]
		[ 1.626229 [ 494 495 66 358 ] ]
		[ 1.660109 [ 496 497 498 358 ] ]
		[ 1.693989 [ 499 500 481 358 ] ]
		[ 1.727869 [ 501 502 186 358 ] ]
		[ 1.761749 [ 503 504 505 358 ] ]
		[ 1.795628 [ 506 507 0 358 ] ]
		[ 1.829508 [ 508 509 0 358 ] ]
		[ 1.863388 [ 510 511 0 358 ] ]
		[ 1.897268 [ 512 513 0 358 ] ]
		[ 1.931147 [ 514 515 0 358 ] ]
		[ 1.965027 [ 516 517 0 358 ] ]
		[ 1.998907 [ 518 519 0 358 ] ]
		[ 2.032787 [ 520 521 0 358 ] ]
	]
	"Koleno_P" [
		[ 0 [ 354 0 522 236 ] ]
		[ 0.03387978 [ 523 524 522 236 ] ]
		[ 0.06775956 [ 525 268 522 236 ] ]
		[ 0.1016393 [ 526 527 522 236 ] ]
		[ 0.1355191 [ 528 529 522 236 ] ]
		[ 0.1693989 [ 530 531 522 236 ] ]
		[ 0.2032787 [ 532 533 522 236 ] ]
		[ 0.2371585 [ 534 535 522 236 ] ]
		[ 0.2710382 [ 536 537 522 236 ] ]
		[ 0.304918 [ 538 539 522 236 ] ]
		[ 0.3387978 [ 540 541 522 236 ] ]
		[ 0.3726776 [ 542 543 522 236 ] ]
		[ 0.4065574 [ 544 545 522 236 ] ]
		[ 0.4404371 [ 546 547 522 236 ] ]
		[ 0.4743169 [ 548 549 522 236 ] ]
		[ 0.5081967 [ 550 551 522 236 ] ]
		[ 0.5420765 [ 552 553 522 236 ] ]
		[ 0.5759563 [ 554 555 522 236 ] ]
		[ 0.609836 [ 556 557 522 236 ] ]
		[ 0.6437158 [ 558 559 522 236 ] ]
		[ 0.6775956 [ 560 561 522 236 ] ]
		[ 0.7114754 [ 562 563 522 236 ] ]
		[ 0.7453552 [ 564 565 522 236 ] ]
		[ 0.7792349 [ 566 567 522 236 ] ]
		[ 0.8131147 [ 568 569 522 236 ] ]
		[ 0.8469945 [ 570 571 522 236 ] ]
		[ 0.8808743 [ 572 573 522 236 ] ]
		[ 0.9147541 [ 574 575 522 236 ] ]
		[ 0.9486338 [ 576 577 522 236 ] ]
		[ 0.9825136 [ 578 579 522 236 ] ]
		[ 1.016393 [ 580 581 522 236 ] ]
		[ 1.050273 [ 582 583 522 236 ] ]
		[ 1.084153 [ 584 585 522 236 ] ]
		[ 1.118033 [ 586 587 522 236 ] ]
		[ 1.151913 [ 588 589 522 236 ] ]
		[ 1.185792 [ 590 591 522 236 ] ]
		[ 1.219672 [ 592 593 522 236 ] ]
		[ 1.253552 [ 594 595 522 236 ] ]
		[ 1.287432 [ 596 597 522 236 ] ]
		[ 1.321311 [ 598 599 522 236 ] ]
		[ 1.355191 [ 600 601 522 236 ] ]
		[ 1.389071 [ 602 603 522 236 ] ]
		[ 1.422951 [ 604 605 522 236 ] ]
		[ 1.456831 [ 606 607 522 236 ] ]
		[ 1.49071 [ 608 609 522 236 ] ]
		[ 1.52459 [ 610 611 522 236 ] ]
		[ 1.55847 [ 612 613 522 236 ] ]
		[ 1.59235 [ 614 615 522 236 ] ]
		[ 1.626229 [ 616 617 522 236 ] ]
		[ 1.660109 [ 618 619 522 236 ] ]
		[ 1.693989 [ 620 621 522 236 ] ]
		[ 1.727869 [ 622 623 522 236 ] ]
		[ 1.761749 [ 624 625 522 236 ] ]
		[ 1.795628 [ 626 627 522 236 ] ]
		[ 1.829508 [ 628 629 522 236 ] ]
		[ 1.863388 [ 630 631 522 236 ] ]
		[ 1.897268 [ 632 633 522 236 ] ]
		[ 1.931147 [ 634 635 522 236 ] ]
		[ 1.965027 [ 636 637 522 236 ] ]
		[ 1.998907 [ 638 639 522 236 ] ]
		[ 2.032787 [ 640 641 522 236 ] ]
	]
	"Koleno_P_end" [
		[ 0 [ 0 354 1 355 ] ]
	]
	"Tors" [
		[ 0 [ 0 354 1 642 ] ]
		[ 0.03387978 [ 0 643 644 642 ] ]
		[ 0.06775956 [ 0 645 646 642 ] ]
		[ 0.1016393 [ 0 647 648 642 ] ]
		[ 0.1355191 [ 0 649 650 642 ] ]
		[ 0.1693989 [ 0 651 652 642 ] ]
		[ 0.2032787 [ 0 653 654 642 ] ]
		[ 0.2371585 [ 0 655 656 642 ] ]
		[ 0.2710382 [ 0 657 658 642 ] ]
		[ 0.304918 [ 0 659 660 642 ] ]
		[ 0.3387978 [ 0 661 662 642 ] ]
		[ 0.3726776 [ 0 663 664 642 ] ]
		[ 0.4065574 [ 0 665 666 642 ] ]
		[ 0.4404371 [ 0 667 668 642 ] ]
		[ 0.4743169 [ 0 669 670 642 ] ]
		[ 0.5081967 [ 0 671 672 642 ] ]
		[ 0.5420765 [ 0 673 674 642 ] ]
		[ 0.5759563 [ 0 675 676 642 ] ]
		[ 0.609836 [ 0 677 678 642 ] ]
		[ 0.6437158 [ 0 679 680 642 ] ]
		[ 0.6775956 [ 0 681 682 642 ] ]
		[ 0.7114754 [ 0 683 684 642 ] ]
		[ 0.7453552 [ 0 685 686 642 ] ]
		[ 0.7792349 [ 0 687 688 642 ] ]
		[ 0.8131147 [ 0 689 690 642 ] ]
		[ 0.8469945 [ 0 691 692 642 ] ]
		[ 0.8808743 [ 0 693 694 642 ] ]
		[ 0.9147541 [ 0 695 696 642 ] ]
		[ 0.9486338 [ 0 697 698 642 ] ]
		[ 0.9825136 [ 0 699 700 642 ] ]
		[ 1.016393 [ 0 701 702 642 ] ]
		[ 1.050273 [ 0 703 704 642 ] ]
		[ 1.084153 [ 0 705 706 642 ] ]
		[ 1.118033 [ 0 707 708 642 ] ]
		[ 1.151913 [ 0 709 710 642 ] ]
		[ 1.185792 [ 0 711 61 642 ] ]
		[ 1.219672 [ 0 712 713 642 ] ]
		[ 1.253552 [ 0 714 715 642 ] ]
		[ 1.287432 [ 0 716 717 642 ] ]
		[ 1.321311 [ 0 718 719 642 ] ]
		[ 1.355191 [ 0 720 721 642 ] ]
		[ 1.389071 [ 0 722 723 642 ] ]
		[ 1.422951 [ 0 724 725 642 ] ]
		[ 1.456831 [ 0 726 727 642 ] ]
		[ 1.49071 [ 0 726 727 642 ] ]
		[ 1.52459 [ 0 724 725 642 ] ]
		[ 1.55847 [ 0 728 729 642 ] ]
		[ 1.59235 [ 0 730 731 642 ] ]
		[ 1.626229 [ 0 732 733 642 ] ]
		[ 1.660109 [ 0 734 735 642 ] ]
		[ 1.693989 [ 0 736 737 642 ] ]
		[ 1.727869 [ 0 738 739 642 ] ]
		[ 1.761749 [ 0 740 741 642 ] ]
		[ 1.795628 [ 0 742 743 642 ] ]
		[ 1.829508 [ 0 744 745 642 ] ]
		[ 1.863388 [ 0 746 747 642 ] ]
		[ 1.897268 [ 0 748 749 642 ] ]
		[ 1.931147 [ 0 750 751 642 ] ]
		[ 1.965027 [ 0 752 753 642 ] ]
		[ 1.998907 [ 0 754 755 642 ] ]
		[ 2.032787 [ 0 756 757 642 ] ]
	]
	"Golova" [
		[ 0 [ 0 758 759 760 ] ]
		[ 0.03387978 [ 0 761 762 760 ] ]
		[ 0.06775956 [ 0 763 221 760 ] ]
		[ 0.1016393 [ 0 764 765 760 ] ]
		[ 0.1355191 [ 0 766 767 760 ] ]
		[ 0.1693989 [ 0 768 769 760 ] ]
		[ 0.2032787 [ 0 770 771 760 ] ]
		[ 0.2371585 [ 0 726 727 760 ] ]
		[ 0.2710382 [ 0 718 719 760 ] ]
		[ 0.304918 [ 0 772 773 760 ] ]
		[ 0.3387978 [ 0 774 775 760 ] ]
		[ 0.3726776 [ 0 776 777 760 ] ]
		[ 0.4065574 [ 0 778 779 760 ] ]
		[ 0.4404371 [ 0 780 781 760 ] ]
		[ 0.4743169 [ 0 782 783 760 ] ]
		[ 0.5081967 [ 0 784 785 760 ] ]
		[ 0.5420765 [ 0 786 787 760 ] ]
		[ 0.5759563 [ 0 788 789 760 ] ]
		[ 0.609836 [ 0 790 791 760 ] ]
		[ 0.6437158 [ 0 792 793 760 ] ]
		[ 0.6775956 [ 0 794 795 760 ] ]
		[ 0.7114754 [ 0 796 797 760 ] ]
		[ 0.7453552 [ 0 798 799 760 ] ]
		[ 0.7792349 [ 0 800 801 760 ] ]
		[ 0.8131147 [ 0 802 803 760 ] ]
		[ 0.8469945 [ 0 804 805 760 ] ]
		[ 0.8808743 [ 0 802 803 760 ] ]
		[ 0.9147541 [ 0 806 807 760 ] ]
		[ 0.9486338 [ 0 808 809 760 ] ]
		[ 0.9825136 [ 0 810 811 760 ] ]
		[ 1.016393 [ 0 812 813 760 ] ]
		[ 1.050273 [ 0 814 815 760 ] ]
		[ 1.084153 [ 0 816 817 760 ] ]
		[ 1.118033 [ 0 818 819 760 ] ]
		[ 1.151913 [ 0 820 821 760 ] ]
		[ 1.185792 [ 0 822 823 760 ] ]
		[ 1.219672 [ 0 824 825 760 ] ]
		[ 1.253552 [ 0 826 827 760 ] ]
		[ 1.287432 [ 0 828 829 760 ] ]
		[ 1.321311 [ 0 830 831 760 ] ]
		[ 1.355191 [ 0 832 833 760 ] ]
		[ 1.389071 [ 0 834 835 760 ] ]
		[ 1.422951 [ 0 836 837 760 ] ]
		[ 1.456831 [ 0 838 839 760 ] ]
		[ 1.49071 [ 0 840 841 760 ] ]
		[ 1.52459 [ 0 842 843 760 ] ]
		[ 1.55847 [ 0 844 520 760 ] ]
		[ 1.59235 [ 0 845 846 760 ] ]
		[ 1.626229 [ 0 847 848 760 ] ]
		[ 1.660109 [ 0 849 850 760 ] ]
		[ 1.693989 [ 0 851 852 760 ] ]
		[ 1.727869 [ 0 853 854 760 ] ]
		[ 1.761749 [ 0 855 856 760 ] ]
		[ 1.795628 [ 0 857 858 760 ] ]
		[ 1.829508 [ 0 859 860 760 ] ]
		[ 1.863388 [ 0 861 862 760 ] ]
		[ 1.897268 [ 0 699 700 760 ] ]
		[ 1.931147 [ 0 863 864 760 ] ]
		[ 1.965027 [ 0 748 749 760 ] ]
		[ 1.998907 [ 0 865 866 760 ] ]
		[ 2.032787 [ 0 867 868 760 ] ]
	]
	"Golova_end" [
		[ 0 [ 0 354 1 869 ] ]
	]
	"Kluchitsa_L" [
		[ 0 [ 1 0 354 870 ] ]
	]
	"Kluchitsa_L_end" [
		[ 0 [ 0 354 1 871 ] ]
	]
	"Kluchitsa_P" [
		[ 0 [ 522 872 354 870 ] ]
	]
	"Kluchitsa_P_end" [
		[ 0 [ 0 354 1 871 ] ]
	]
	"Ruka_L" [
		[ 0 [ 873 874 875 876 ] ]
		[ 0.03387978 [ 877 878 879 876 ] ]
		[ 0.06775956 [ 880 881 882 876 ] ]
		[ 0.1016393 [ 883 884 885 876 ] ]
		[ 0.1355191 [ 886 887 888 876 ] ]
		[ 0.1693989 [ 889 890 891 876 ] ]
		[ 0.2032787 [ 892 893 894 876 ] ]
		[ 0.2371585 [ 895 896 897 876 ] ]
		[ 0.2710382 [ 898 899 900 876 ] ]
		[ 0.304918 [ 901 902 903 876 ] ]
		[ 0.3387978 [ 904 905 906 876 ] ]
		[ 0.3726776 [ 907 908 909 876 ] ]
		[ 0.4065574 [ 910 911 912 876 ] ]
		[ 0.4404371 [ 913 914 915 876 ] ]
		[ 0.4743169 [ 916 917 918 876 ] ]
		[ 0.5081967 [ 919 920 921 876 ] ]
		[ 0.5420765 [ 922 923 924 876 ] ]
		[ 0.5759563 [ 925 926 927 876 ] ]
		[ 0.609836 [ 928 929 930 876 ] ]
		[ 0.6437158 [ 931 932 933 876 ] ]
		[ 0.6775956 [ 934 935 936 876 ] ]
		[ 0.7114754 [ 937 938 939 876 ] ]
		[ 0.7453552 [ 940 941 942 876 ] ]
		[ 0.7792349 [ 943 944 945 876 ] ]
		[ 0.8131147 [ 946 947 948 876 ] ]
		[ 0.8469945 [ 949 950 951 876 ] ]
		[ 0.8808743 [ 952 953 954 876 ] ]
		[ 0.9147541 [ 955 956 957 876 ] ]
		[ 0.9486338 [ 958 959 960 876 ] ]
		[ 0.9825136 [ 961 962 963 876 ] ]
		[ 1.016393 [ 964 965 966 876 ] ]
		[ 1.050273 [ 967 968 969 876 ] ]
		[ 1.084153 [ 970 971 972 876 ] ]
		[ 1.118033 [ 973 974 975 876 ] ]
		[ 1.151913 [ 976 977 978 876 ] ]
		[ 1.185792 [ 979 980 981 876 ] ]
		[ 1.219672 [ 982 983 984 876 ] ]
		[ 1.253552 [ 985 986 987 876 ] ]
		[ 1.287432 [ 988 989 990 876 ] ]
		[ 1.321311 [ 991 992 993 876 ] ]
		[ 1.355191 [ 994 995 996 876 ] ]
		[ 1.389071 [ 997 998 999 876 ] ]
		[ 1.422951 [ 1000 1001 1002 876 ] ]
		[ 1.456831 [ 1003 1004 1005 876 ] ]
		[ 1.49071 [ 1006 1007 1008 876 ] ]
		[ 1.52459 [ 1009 1010 1011 876 ] ]
		[ 1.55847 [ 1012 1013 1014 876 ] ]
		[ 1.59235 [ 1015 1016 1017 876 ] ]
		[ 1.626229 [ 1018 1019 1020 876 ] ]
		[ 1.660109 [ 1018 1021 1022 876 ] ]
		[ 1.693989 [ 1015 1023 1024 876 ] ]
		[ 1.727869 [ 1025 1026 1027 876 ] ]
		[ 1.761749 [ 1006 1028 1029 876 ] ]
		[ 1.795628 [ 1030 1031 1032 876 ] ]
		[ 1.829508 [ 1033 1034 1035 876 ] ]
		[ 1.863388 [ 1036 1037 1038 876 ] ]
		[ 1.897268 [ 1039 1040 1041 876 ] ]
		[ 1.931147 [ 1042 1043 1044 876 ] ]
		[ 1.965027 [ 1045 1046 1047 876 ] ]
		[ 1.998907 [ 1048 1049 1050 876 ] ]
		[ 2.032787 [ 1051 1052 1053 876 ] ]
	]
	"Lokot_L" [
		[ 0 [ 1054 1055 1056 1057 ] ]
	]
	"Lokot_L_end" [
		[ 0 [ 0 354 1 1058 ] ]
	]
	"Ruka_P" [
		[ 0 [ 1059 1060 1061 1062 ] ]
		[ 0.03387978 [ 1063 1064 1065 1062 ] ]
		[ 0.06775956 [ 1066 1067 1068 1062 ] ]
		[ 0.1016393 [ 1069 1070 1071 1062 ] ]
		[ 0.1355191 [ 1072 1073 1074 1062 ] ]
		[ 0.1693989 [ 1075 1076 1077 1062 ] ]
		[ 0.2032787 [ 1078 1079 1080 1062 ] ]
		[ 0.2371585 [ 1081 1082 1083 1062 ] ]
		[ 0.2710382 [ 1084 1085 1086 1062 ] ]
		[ 0.304918 [ 1087 1088 1089 1062 ] ]
		[ 0.3387978 [ 1090 1091 1092 1062 ] ]
		[ 0.3726776 [ 1093 1094 1095 1062 ] ]
		[ 0.4065574 [ 1096 1097 1098 1062 ] ]
		[ 0.4404371 [ 1099 1100 1101 1062 ] ]
		[ 0.4743169 [ 1102 1103 1104 1062 ] ]
		[ 0.5081967 [ 1105 1106 1107 1062 ] ]
		[ 0.5420765 [ 1108 1109 1110 1062 ] ]
		[ 0.5759563 [ 1111 1112 1113 1062 ] ]
		[ 0.609836 [ 1114 1115 1116 1062 ] ]
		[ 0.6437158 [ 1117 1118 1119 1062 ] ]
		[ 0.6775956 [ 1120 1121 1122 1062 ] ]
		[ 0.7114754 [ 1123 1124 1125 1062 ] ]
		[ 0.7453552 [ 1126 1127 1128 1062 ] ]
		[ 0.7792349 [ 1129 1130 1131 1062 ] ]
		[ 0.8131147 [ 1132 1133 1134 1062 ] ]
		[ 0.8469945 [ 1135 1136 1137 1062 ] ]
		[ 0.8808743 [ 1138 1139 1140 1062 ] ]
		[ 0.9147541 [ 1141 1142 1143 1062 ] ]
		[ 0.9486338 [ 1144 1145 1146 1062 ] ]
		[ 0.9825136 [ 1147 1148 1149 1062 ] ]
		[ 1.016393 [ 1150 1151 1152 1062 ] ]
		[ 1.050273 [ 1153 1154 1155 1062 ] ]
		[ 1.084153 [ 1156 1157 1158 1062 ] ]
		[ 1.118033 [ 1159 1160 1161 1062 ] ]
		[ 1.151913 [ 1162 1163 1164 1062 ] ]
		[ 1.185792 [ 1165 1166 1167 1062 ] ]
		[ 1.219672 [ 1168 1169 1170 1062 ] ]
		[ 1.253552 [ 1171 1172 1173 1062 ] ]
		[ 1.287432 [ 1174 1175 1176 1062 ] ]
		[ 1.321311 [ 1006 1177 1178 1062 ] ]
		[ 1.355191 [ 1179 1180 1181 1062 ] ]
		[ 1.389071 [ 1030 1182 1183 1062 ] ]
		[ 1.422951 [ 1184 1185 1186 1062 ] ]
		[ 1.456831 [ 1187 1188 1189 1062 ] ]
		[ 1.49071 [ 991 1190 1191 1062 ] ]
		[ 1.52459 [ 1192 1193 1194 1062 ] ]
		[ 1.55847 [ 1195 1196 1197 1062 ] ]
		[ 1.59235 [ 1198 1199 1200 1062 ] ]
		[ 1.626229 [ 1201 1202 1203 1062 ] ]
		[ 1.660109 [ 1201 1204 1205 1062 ] ]
		[ 1.693989 [ 1198 1206 1207 1062 ] ]
		[ 1.727869 [ 1208 1209 1210 1062 ] ]
		[ 1.761749 [ 991 1211 1212 1062 ] ]
		[ 1.795628 [ 997 1213 1214 1062 ] ]
		[ 1.829508 [ 1215 1216 1217 1062 ] ]
		[ 1.863388 [ 1218 1219 1220 1062 ] ]
		[ 1.897268 [ 1221 1222 1223 1062 ] ]
		[ 1.931147 [ 1224 1225 1226 1062 ] ]
		[ 1.965027 [ 1227 1228 1229 1062 ] ]
		[ 1.998907 [ 1230 1231 1232 1062 ] ]
		[ 2.032787 [ 1233 1234 1235 1062 ] ]
	]
	"Lokot_P" [
		[ 0 [ 1236 1237 1238 1057 ] ]
	]
	"Lokot_P_end" [
		[ 0 [ 0 354 1 1058 ] ]
	]
	"Camera" [
		[ 0 [ 1239 1240 1241 1242 ] ]
	]
	"Lamp" [
		[ 0 [ 1243 1244 1245 1246 ] ]
	]
	"Mag" [
		[ 0 [ 1247 1248 1249 1249 ] ]
	]
	}
	:resources [
		[1.000 0.000 0.000]
		[0.000 0.000 1.000]
		[0.000 -1.000 0.000]
		[0.000 0.000 0.100]
		[0.000 0.000 0.085]
		[0.000 0.000 0.068]
		[0.000 0.000 0.051]
		[0.000 0.000 0.034]
		[0.000 0.000 0.016]
		[0.000 0.000 -0.002]
		[0.000 0.000 -0.020]
		[0.000 0.000 -0.038]
		[0.000 0.000 -0.055]
		[0.000 0.000 -0.072]
		[0.000 0.000 -0.087]
		[0.000 0.000 -0.102]
		[0.000 0.000 -0.115]
		[0.000 0.000 -0.127]
		[0.000 0.000 -0.137]
		[0.000 0.000 -0.145]
		[0.000 0.000 -0.152]
		[0.000 0.000 -0.156]
		[0.000 0.000 -0.157]
		[0.000 0.000 -0.155]
		[0.000 0.000 -0.149]
		[0.000 0.000 -0.139]
		[0.000 0.000 -0.124]
		[0.000 0.000 -0.105]
		[0.000 0.000 -0.082]
		[0.000 0.000 -0.056]
		[0.000 0.000 -0.027]
		[0.000 0.000 0.004]
		[0.000 0.000 0.036]
		[0.000 0.000 0.070]
		[0.000 0.000 0.105]
		[0.000 0.000 0.140]
		[0.000 0.000 0.175]
		[0.000 0.000 0.209]
		[0.000 0.000 0.242]
		[0.000 0.000 0.274]
		[0.000 0.000 0.304]
		[0.000 0.000 0.332]
		[0.000 0.000 0.356]
		[0.000 0.000 0.378]
		[0.000 0.000 0.395]
		[0.000 0.000 0.409]
		[0.000 0.000 0.421]
		[0.000 0.000 0.432]
		[0.000 0.000 0.440]
		[0.000 0.000 0.445]
		[0.000 0.000 0.449]
		[0.000 0.000 0.447]
		[0.000 0.000 0.441]
		[0.000 0.000 0.419]
		[0.000 0.000 0.402]
		[0.000 0.000 0.380]
		[0.000 0.000 0.349]
		[0.000 0.000 0.313]
		[0.000 0.000 0.272]
		[0.000 0.000 0.228]
		[0.000 0.000 0.183]
		[0.000 -0.342 0.940]
		[0.000 -0.940 -0.342]
		[0.123 -0.038 0.000]
		[-0.007 -0.362 0.932]
		[0.016 -0.932 -0.362]
		[1.000 0.012 0.012]
		[-0.013 -0.383 0.923]
		[0.031 -0.923 -0.383]
		[0.999 0.024 0.024]
		[-0.018 -0.405 0.914]
		[0.046 -0.914 -0.404]
		[0.999 0.035 0.035]
		[-0.022 -0.427 0.904]
		[0.061 -0.903 -0.425]
		[0.998 0.046 0.046]
		[-0.025 -0.449 0.893]
		[0.076 -0.892 -0.446]
		[0.997 0.057 0.057]
		[-0.028 -0.470 0.882]
		[0.091 -0.880 -0.466]
		[0.995 0.067 0.067]
		[-0.029 -0.492 0.870]
		[0.106 -0.867 -0.486]
		[0.994 0.078 0.078]
		[-0.031 -0.512 0.858]
		[0.121 -0.854 -0.505]
		[0.992 0.089 0.088]
		[-0.031 -0.532 0.846]
		[0.137 -0.841 -0.523]
		[0.990 0.100 0.099]
		[-0.031 -0.550 0.834]
		[0.154 -0.828 -0.540]
		[0.988 0.111 0.111]
		[-0.031 -0.567 0.823]
		[0.171 -0.814 -0.555]
		[0.985 0.123 0.122]
		[-0.031 -0.583 0.812]
		[0.189 -0.801 -0.568]
		[0.981 0.136 0.135]
		[-0.030 -0.597 0.802]
		[0.208 -0.788 -0.579]
		[0.978 0.149 0.148]
		[-0.029 -0.609 0.792]
		[0.228 -0.776 -0.588]
		[0.973 0.164 0.161]
		[-0.028 -0.620 0.784]
		[0.249 -0.764 -0.595]
		[0.968 0.179 0.176]
		[-0.027 -0.628 0.778]
		[0.272 -0.754 -0.598]
		[0.962 0.195 0.191]
		[-0.027 -0.633 0.773]
		[0.297 -0.744 -0.599]
		[0.955 0.213 0.208]
		[-0.028 -0.637 0.770]
		[0.330 -0.734 -0.594]
		[0.944 0.237 0.230]
		[-0.030 -0.637 0.770]
		[0.369 -0.723 -0.584]
		[0.929 0.266 0.257]
		[-0.034 -0.634 0.773]
		[0.408 -0.715 -0.569]
		[0.913 0.296 0.282]
		[-0.040 -0.626 0.779]
		[0.440 -0.710 -0.549]
		[0.897 0.321 0.304]
		[-0.049 -0.614 0.788]
		[0.461 -0.713 -0.528]
		[0.886 0.337 0.318]
		[-0.060 -0.597 0.800]
		[0.467 -0.725 -0.506]
		[0.882 0.343 0.322]
		[-0.073 -0.576 0.814]
		[0.462 -0.743 -0.484]
		[0.884 0.341 0.320]
		[-0.088 -0.550 0.831]
		[0.451 -0.766 -0.459]
		[0.888 0.334 0.315]
		[-0.102 -0.519 0.848]
		[0.433 -0.791 -0.432]
		[0.895 0.324 0.306]
		[-0.116 -0.485 0.867]
		[0.411 -0.818 -0.402]
		[0.904 0.309 0.294]
		[-0.128 -0.445 0.886]
		[0.383 -0.846 -0.370]
		[0.915 0.292 0.279]
		[-0.138 -0.402 0.905]
		[0.351 -0.874 -0.335]
		[0.926 0.272 0.262]
		[-0.144 -0.355 0.924]
		[0.316 -0.901 -0.297]
		[0.938 0.250 0.242]
		[-0.146 -0.304 0.941]
		[0.279 -0.925 -0.256]
		[0.949 0.226 0.220]
		[-0.143 -0.251 0.957]
		[0.241 -0.947 -0.213]
		[0.960 0.200 0.196]
		[-0.136 -0.197 0.971]
		[0.203 -0.965 -0.167]
		[0.970 0.174 0.171]
		[-0.125 -0.142 0.982]
		[0.166 -0.979 -0.120]
		[0.978 0.148 0.146]
		[-0.111 -0.088 0.990]
		[0.131 -0.989 -0.073]
		[0.985 0.122 0.121]
		[-0.093 -0.035 0.995]
		[0.100 -0.995 -0.026]
		[0.991 0.097 0.096]
		[-0.074 0.015 0.997]
		[0.072 -0.997 0.020]
		[0.995 0.073 0.073]
		[-0.054 0.061 0.997]
		[0.048 -0.997 0.063]
		[0.997 0.051 0.051]
		[-0.035 0.102 0.994]
		[0.029 -0.994 0.103]
		[0.999 0.032 0.032]
		[-0.018 0.137 0.990]
		[0.014 -0.990 0.137]
		[1.000 0.016 0.016]
		[-0.004 0.166 0.986]
		[0.003 -0.986 0.166]
		[1.000 0.003 0.003]
		[0.007 0.189 0.982]
		[-0.004 -0.982 0.189]
		[1.000 -0.006 -0.006]
		[0.014 0.209 0.978]
		[-0.009 -0.978 0.209]
		[1.000 -0.012 -0.012]
		[0.018 0.226 0.974]
		[-0.011 -0.974 0.226]
		[1.000 -0.015 -0.015]
		[0.020 0.239 0.971]
		[-0.012 -0.971 0.239]
		[1.000 -0.016 -0.016]
		[0.019 0.249 0.968]
		[-0.011 -0.968 0.249]
		[0.017 0.255 0.967]
		[-0.010 -0.967 0.255]
		[1.000 -0.014 -0.014]
		[0.014 0.256 0.967]
		[-0.008 -0.967 0.256]
		[0.011 0.252 0.968]
		[-0.006 -0.968 0.252]
		[1.000 -0.009 -0.009]
		[0.007 0.243 0.970]
		[-0.004 -0.970 0.243]
		[0.004 0.227 0.974]
		[-0.002 -0.974 0.227]
		[1.000 -0.003 -0.003]
		[0.001 0.206 0.979]
		[-0.001 -0.979 0.206]
		[1.000 -0.001 -0.001]
		[0.000 0.178 0.984]
		[0.000 -0.984 0.178]
		[0.000 0.139 0.990]
		[0.000 -0.990 0.139]
		[0.000 0.086 0.996]
		[0.000 -0.996 0.086]
		[0.000 0.022 1.000]
		[0.000 -1.000 0.022]
		[0.000 -0.050 0.999]
		[0.000 -0.999 -0.050]
		[0.000 -0.126 0.992]
		[0.000 -0.992 -0.126]
		[0.000 -0.202 0.979]
		[0.000 -0.979 -0.202]
		[0.000 -0.275 0.961]
		[0.000 -0.961 -0.275]
		[-0.766 0.643 -0.007]
		[0.643 0.766 -0.009]
		[0.000 -0.011 -1.000]
		[0.000 0.532 0.000]
		[-0.729 0.685 -0.008]
		[0.685 0.729 -0.008]
		[-0.684 0.729 -0.008]
		[0.729 0.684 -0.008]
		[-0.633 0.774 -0.009]
		[0.774 0.633 -0.007]
		[-0.575 0.818 -0.009]
		[0.818 0.575 -0.006]
		[-0.512 0.859 -0.010]
		[0.859 0.512 -0.006]
		[-0.446 0.895 -0.010]
		[0.895 0.446 -0.005]
		[-0.378 0.926 -0.010]
		[0.926 0.378 -0.004]
		[-0.310 0.951 -0.011]
		[0.951 0.309 -0.003]
		[-0.243 0.970 -0.011]
		[0.970 0.243 -0.003]
		[-0.181 0.983 -0.011]
		[0.984 0.181 -0.002]
		[-0.124 0.992 -0.011]
		[0.992 0.124 -0.001]
		[-0.075 0.997 -0.011]
		[0.997 0.075 -0.001]
		[-0.036 0.999 -0.011]
		[0.999 0.036 0.000]
		[-0.008 1.000 -0.011]
		[1.000 0.008 0.000]
		[0.008 1.000 -0.011]
		[1.000 -0.008 0.000]
		[0.009 1.000 -0.011]
		[1.000 -0.009 0.000]
		[-0.063 0.998 -0.011]
		[0.998 0.063 -0.001]
		[-0.154 0.988 -0.011]
		[0.988 0.154 -0.002]
		[-0.262 0.965 -0.011]
		[0.965 0.262 -0.003]
		[-0.369 0.929 -0.010]
		[0.929 0.369 -0.004]
		[-0.458 0.889 -0.010]
		[0.889 0.458 -0.005]
		[-0.521 0.854 -0.010]
		[0.854 0.521 -0.006]
		[-0.570 0.821 -0.009]
		[0.821 0.570 -0.006]
		[-0.616 0.788 -0.009]
		[0.788 0.616 -0.007]
		[-0.657 0.754 -0.008]
		[0.754 0.657 -0.007]
		[-0.694 0.720 -0.008]
		[0.720 0.694 -0.008]
		[-0.728 0.686 -0.008]
		[0.686 0.728 -0.008]
		[-0.757 0.653 -0.007]
		[0.653 0.757 -0.009]
		[-0.784 0.621 -0.007]
		[0.621 0.784 -0.009]
		[-0.808 0.589 -0.007]
		[0.589 0.808 -0.009]
		[-0.829 0.559 -0.006]
		[0.559 0.829 -0.009]
		[-0.848 0.531 -0.006]
		[0.531 0.848 -0.010]
		[-0.864 0.503 -0.006]
		[0.503 0.864 -0.010]
		[-0.879 0.477 -0.005]
		[0.477 0.879 -0.010]
		[-0.892 0.452 -0.005]
		[0.452 0.892 -0.010]
		[-0.903 0.429 -0.005]
		[0.429 0.903 -0.010]
		[-0.914 0.407 -0.005]
		[0.407 0.914 -0.010]
		[-0.923 0.386 -0.004]
		[0.386 0.923 -0.010]
		[-0.931 0.366 -0.004]
		[0.366 0.930 -0.010]
		[-0.938 0.348 -0.004]
		[0.348 0.938 -0.011]
		[-0.944 0.331 -0.004]
		[0.331 0.944 -0.011]
		[-0.949 0.316 -0.004]
		[0.316 0.949 -0.011]
		[-0.953 0.304 -0.003]
		[0.304 0.953 -0.011]
		[-0.956 0.295 -0.003]
		[0.295 0.956 -0.011]
		[-0.958 0.288 -0.003]
		[0.288 0.957 -0.011]
		[-0.959 0.285 -0.003]
		[0.285 0.958 -0.011]
		[-0.958 0.285 -0.003]
		[-0.957 0.289 -0.003]
		[0.289 0.957 -0.011]
		[-0.955 0.296 -0.003]
		[0.296 0.955 -0.011]
		[-0.952 0.306 -0.003]
		[0.306 0.952 -0.011]
		[-0.947 0.321 -0.004]
		[0.321 0.947 -0.011]
		[-0.941 0.339 -0.004]
		[0.339 0.941 -0.011]
		[-0.931 0.364 -0.004]
		[0.364 0.931 -0.010]
		[-0.918 0.397 -0.004]
		[0.397 0.918 -0.010]
		[-0.900 0.436 -0.005]
		[0.436 0.900 -0.010]
		[-0.878 0.478 -0.005]
		[0.478 0.878 -0.010]
		[-0.853 0.522 -0.006]
		[0.522 0.853 -0.010]
		[-0.825 0.565 -0.006]
		[0.566 0.825 -0.009]
		[-0.795 0.606 -0.007]
		[0.606 0.795 -0.009]
		[0.000 1.000 0.000]
		[0.000 0.578 0.000]
		[0.000 -0.643 0.766]
		[0.000 -0.766 -0.643]
		[-0.123 -0.038 0.000]
		[0.002 -0.643 0.766]
		[-0.017 -0.766 -0.643]
		[0.003 -0.643 0.766]
		[-0.034 -0.766 -0.642]
		[0.999 -0.024 -0.024]
		[0.004 -0.642 0.766]
		[-0.049 -0.766 -0.641]
		[0.999 -0.035 -0.035]
		[0.006 -0.642 0.767]
		[-0.065 -0.765 -0.640]
		[0.998 -0.046 -0.046]
		[0.007 -0.642 0.767]
		[-0.080 -0.765 -0.639]
		[0.997 -0.057 -0.057]
		[0.008 -0.641 0.767]
		[-0.095 -0.764 -0.638]
		[0.995 -0.067 -0.067]
		[0.010 -0.641 0.768]
		[-0.110 -0.764 -0.636]
		[0.994 -0.078 -0.078]
		[0.011 -0.640 0.768]
		[-0.125 -0.763 -0.634]
		[0.992 -0.089 -0.088]
		[0.013 -0.640 0.769]
		[-0.140 -0.762 -0.632]
		[0.990 -0.100 -0.099]
		[0.014 -0.639 0.769]
		[-0.156 -0.761 -0.629]
		[0.988 -0.111 -0.111]
		[0.016 -0.638 0.770]
		[-0.173 -0.760 -0.626]
		[0.985 -0.123 -0.122]
		[0.018 -0.637 0.771]
		[-0.191 -0.759 -0.623]
		[0.981 -0.136 -0.135]
		[0.019 -0.636 0.772]
		[-0.209 -0.757 -0.618]
		[0.978 -0.149 -0.148]
		[0.022 -0.634 0.773]
		[-0.229 -0.756 -0.614]
		[0.973 -0.164 -0.161]
		[0.024 -0.632 0.774]
		[-0.250 -0.754 -0.608]
		[0.968 -0.179 -0.176]
		[0.026 -0.630 0.776]
		[-0.272 -0.751 -0.601]
		[0.962 -0.195 -0.191]
		[0.029 -0.628 0.777]
		[-0.297 -0.748 -0.594]
		[0.955 -0.213 -0.208]
		[0.032 -0.628 0.777]
		[-0.329 -0.741 -0.585]
		[0.944 -0.237 -0.230]
		[0.034 -0.629 0.777]
		[-0.368 -0.731 -0.575]
		[0.929 -0.266 -0.257]
		[0.037 -0.628 0.778]
		[-0.407 -0.720 -0.562]
		[0.913 -0.296 -0.282]
		[0.042 -0.623 0.781]
		[-0.440 -0.713 -0.546]
		[0.897 -0.321 -0.304]
		[0.049 -0.613 0.788]
		[-0.461 -0.714 -0.527]
		[0.886 -0.337 -0.318]
		[0.060 -0.597 0.800]
		[-0.467 -0.725 -0.507]
		[0.882 -0.343 -0.322]
		[0.073 -0.576 0.814]
		[-0.462 -0.743 -0.484]
		[0.884 -0.341 -0.320]
		[0.087 -0.550 0.830]
		[-0.451 -0.765 -0.460]
		[0.888 -0.334 -0.315]
		[0.102 -0.520 0.848]
		[-0.434 -0.790 -0.433]
		[0.895 -0.324 -0.306]
		[0.116 -0.485 0.867]
		[-0.411 -0.818 -0.403]
		[0.904 -0.309 -0.294]
		[0.128 -0.446 0.886]
		[-0.383 -0.846 -0.371]
		[0.915 -0.292 -0.279]
		[0.137 -0.403 0.905]
		[-0.351 -0.874 -0.336]
		[0.926 -0.272 -0.262]
		[0.143 -0.356 0.924]
		[-0.316 -0.901 -0.298]
		[0.938 -0.250 -0.242]
		[0.145 -0.305 0.941]
		[-0.279 -0.925 -0.257]
		[0.949 -0.226 -0.220]
		[0.143 -0.252 0.957]
		[-0.241 -0.947 -0.214]
		[0.960 -0.200 -0.196]
		[0.136 -0.198 0.971]
		[-0.203 -0.965 -0.168]
		[0.970 -0.174 -0.171]
		[0.125 -0.143 0.982]
		[-0.166 -0.979 -0.121]
		[0.978 -0.148 -0.146]
		[0.111 -0.088 0.990]
		[-0.131 -0.989 -0.073]
		[0.985 -0.122 -0.121]
		[0.093 -0.035 0.995]
		[-0.100 -0.995 -0.026]
		[0.991 -0.097 -0.096]
		[0.074 0.014 0.997]
		[-0.072 -0.997 0.020]
		[0.995 -0.073 -0.073]
		[0.054 0.060 0.997]
		[-0.048 -0.997 0.063]
		[0.997 -0.051 -0.051]
		[0.035 0.102 0.994]
		[-0.029 -0.994 0.103]
		[0.999 -0.032 -0.032]
		[0.018 0.137 0.990]
		[-0.014 -0.990 0.137]
		[0.004 0.166 0.986]
		[-0.003 -0.986 0.166]
		[-0.007 0.190 0.982]
		[0.004 -0.982 0.190]
		[1.000 0.006 0.006]
		[-0.014 0.213 0.977]
		[0.009 -0.977 0.213]
		[-0.018 0.236 0.972]
		[0.011 -0.972 0.236]
		[1.000 0.015 0.015]
		[-0.020 0.256 0.966]
		[0.012 -0.967 0.256]
		[-0.020 0.273 0.962]
		[0.011 -0.962 0.273]
		[-0.018 0.285 0.958]
		[0.010 -0.958 0.285]
		[1.000 0.014 0.014]
		[-0.015 0.291 0.957]
		[0.008 -0.957 0.291]
		[-0.011 0.289 0.957]
		[0.006 -0.957 0.289]
		[1.000 0.009 0.009]
		[-0.007 0.279 0.960]
		[0.004 -0.960 0.279]
		[-0.004 0.258 0.966]
		[0.002 -0.966 0.258]
		[-0.001 0.226 0.974]
		[0.001 -0.974 0.226]
		[1.000 0.001 0.001]
		[0.000 0.181 0.984]
		[0.000 -0.984 0.181]
		[0.000 0.116 0.993]
		[0.000 -0.993 0.116]
		[0.000 0.027 1.000]
		[0.000 -1.000 0.027]
		[0.000 -0.080 0.997]
		[0.000 -0.997 -0.080]
		[0.000 -0.198 0.980]
		[0.000 -0.980 -0.198]
		[0.000 -0.321 0.947]
		[0.000 -0.947 -0.321]
		[0.000 -0.440 0.898]
		[0.000 -0.898 -0.440]
		[0.000 -0.549 0.836]
		[0.000 -0.836 -0.549]
		[0.000 0.000 -1.000]
		[0.002 1.000 0.000]
		[1.000 -0.002 0.000]
		[0.009 1.000 0.000]
		[0.020 1.000 0.000]
		[1.000 -0.020 0.000]
		[0.032 0.999 0.000]
		[0.999 -0.032 0.000]
		[0.046 0.999 0.000]
		[0.999 -0.046 0.000]
		[0.061 0.998 0.000]
		[0.998 -0.061 0.000]
		[0.075 0.997 0.000]
		[0.997 -0.075 0.000]
		[0.088 0.996 0.000]
		[0.996 -0.088 0.000]
		[0.099 0.995 0.000]
		[0.995 -0.099 0.000]
		[0.106 0.994 0.000]
		[0.994 -0.106 0.000]
		[0.110 0.994 0.000]
		[0.994 -0.110 0.000]
		[0.108 0.994 0.000]
		[0.994 -0.108 0.000]
		[0.100 0.995 0.000]
		[0.995 -0.100 0.000]
		[0.085 0.996 0.000]
		[0.996 -0.085 0.000]
		[0.062 0.998 0.000]
		[0.998 -0.062 0.000]
		[0.030 1.000 0.000]
		[1.000 -0.030 0.000]
		[-0.015 1.000 0.000]
		[1.000 0.015 0.000]
		[-0.084 0.997 0.000]
		[0.997 0.084 0.000]
		[-0.176 0.984 0.000]
		[0.984 0.176 0.000]
		[-0.278 0.960 0.000]
		[0.960 0.278 0.000]
		[-0.377 0.926 0.000]
		[0.926 0.377 0.000]
		[-0.459 0.888 0.000]
		[0.888 0.459 0.000]
		[-0.521 0.854 0.000]
		[0.854 0.521 0.000]
		[-0.570 0.821 0.000]
		[0.821 0.570 0.000]
		[-0.616 0.788 0.000]
		[0.788 0.616 0.000]
		[-0.657 0.754 0.000]
		[0.754 0.657 0.000]
		[-0.694 0.720 0.000]
		[0.720 0.694 0.000]
		[-0.728 0.686 0.000]
		[0.686 0.728 0.000]
		[-0.757 0.653 0.000]
		[0.653 0.757 0.000]
		[-0.784 0.621 0.000]
		[0.621 0.784 0.000]
		[-0.808 0.589 0.000]
		[0.589 0.808 0.000]
		[-0.829 0.559 0.000]
		[0.559 0.829 0.000]
		[-0.848 0.531 0.000]
		[0.531 0.848 0.000]
		[-0.864 0.503 0.000]
		[0.503 0.864 0.000]
		[-0.879 0.477 0.000]
		[0.477 0.879 0.000]
		[-0.892 0.452 0.000]
		[0.452 0.892 0.000]
		[-0.903 0.429 0.000]
		[0.429 0.903 0.000]
		[-0.914 0.407 0.000]
		[0.407 0.914 0.000]
		[-0.923 0.386 0.000]
		[0.386 0.923 0.000]
		[-0.931 0.366 0.000]
		[0.366 0.931 0.000]
		[-0.938 0.348 0.000]
		[0.348 0.938 0.000]
		[-0.944 0.329 0.000]
		[0.329 0.944 0.000]
		[-0.952 0.305 0.000]
		[0.305 0.952 0.000]
		[-0.960 0.279 0.000]
		[0.279 0.960 0.000]
		[-0.968 0.253 0.000]
		[0.253 0.968 0.000]
		[-0.974 0.228 0.000]
		[0.228 0.974 0.000]
		[-0.978 0.209 0.000]
		[0.209 0.978 0.000]
		[-0.980 0.197 0.000]
		[0.197 0.980 0.000]
		[-0.981 0.195 0.000]
		[0.195 0.981 0.000]
		[-0.979 0.205 0.000]
		[0.205 0.979 0.000]
		[-0.973 0.230 0.000]
		[0.230 0.973 0.000]
		[-0.962 0.272 0.000]
		[0.272 0.962 0.000]
		[-0.943 0.332 0.000]
		[0.332 0.943 0.000]
		[-0.909 0.418 0.000]
		[0.418 0.909 0.000]
		[-0.850 0.527 0.000]
		[0.527 0.850 0.000]
		[-0.762 0.648 0.000]
		[0.648 0.762 0.000]
		[-0.643 0.766 0.000]
		[0.766 0.643 0.000]
		[-0.497 0.868 0.000]
		[0.868 0.497 0.000]
		[-0.333 0.943 0.000]
		[0.943 0.333 0.000]
		[-0.163 0.987 0.000]
		[0.987 0.163 0.000]
		[0.000 0.130 0.000]
		[0.000 1.000 -0.030]
		[0.000 0.030 1.000]
		[0.000 0.998 -0.063]
		[0.000 0.063 0.998]
		[0.000 0.995 -0.098]
		[0.000 0.098 0.995]
		[0.000 0.991 -0.134]
		[0.000 0.134 0.991]
		[0.000 0.985 -0.171]
		[0.000 0.171 0.985]
		[0.000 0.978 -0.208]
		[0.000 0.208 0.978]
		[0.000 0.970 -0.245]
		[0.000 0.245 0.970]
		[0.000 0.960 -0.280]
		[0.000 0.280 0.960]
		[0.000 0.950 -0.314]
		[0.000 0.314 0.950]
		[0.000 0.939 -0.345]
		[0.000 0.345 0.939]
		[0.000 0.927 -0.374]
		[0.000 0.374 0.927]
		[0.000 0.917 -0.400]
		[0.000 0.400 0.917]
		[0.000 0.907 -0.422]
		[0.000 0.422 0.907]
		[0.000 0.898 -0.440]
		[0.000 0.440 0.898]
		[0.000 0.891 -0.454]
		[0.000 0.454 0.891]
		[0.000 0.887 -0.463]
		[0.000 0.463 0.887]
		[0.000 0.884 -0.467]
		[0.000 0.467 0.884]
		[0.000 0.885 -0.466]
		[0.000 0.466 0.885]
		[0.000 0.889 -0.458]
		[0.000 0.458 0.889]
		[0.000 0.897 -0.442]
		[0.000 0.442 0.897]
		[0.000 0.910 -0.415]
		[0.000 0.415 0.910]
		[0.000 0.927 -0.376]
		[0.000 0.376 0.927]
		[0.000 0.948 -0.317]
		[0.000 0.317 0.948]
		[0.000 0.973 -0.230]
		[0.000 0.230 0.973]
		[0.000 0.993 -0.117]
		[0.000 0.117 0.993]
		[0.000 1.000 0.007]
		[0.000 -0.007 1.000]
		[0.000 0.992 0.130]
		[0.000 -0.130 0.992]
		[0.000 0.972 0.236]
		[0.000 -0.236 0.972]
		[0.000 0.949 0.315]
		[0.000 -0.315 0.949]
		[0.000 0.933 0.360]
		[0.000 -0.360 0.933]
		[0.000 0.924 0.382]
		[0.000 -0.382 0.924]
		[0.000 0.921 0.389]
		[0.000 -0.389 0.921]
		[0.000 0.924 0.383]
		[0.000 -0.383 0.924]
		[0.000 0.930 0.366]
		[0.000 -0.366 0.930]
		[0.000 0.940 0.342]
		[0.000 0.950 0.313]
		[0.000 -0.313 0.950]
		[0.000 0.960 0.280]
		[0.000 -0.280 0.960]
		[0.000 0.969 0.247]
		[0.000 -0.247 0.969]
		[0.000 0.976 0.217]
		[0.000 -0.217 0.976]
		[0.000 0.981 0.193]
		[0.000 -0.193 0.981]
		[0.000 0.984 0.177]
		[0.000 -0.177 0.984]
		[0.000 0.986 0.170]
		[0.000 -0.170 0.986]
		[0.000 0.986 0.167]
		[0.000 -0.167 0.986]
		[0.000 0.985 0.173]
		[0.000 -0.173 0.985]
		[0.000 0.984 0.178]
		[0.000 -0.178 0.984]
		[0.000 0.983 0.182]
		[0.000 -0.182 0.983]
		[0.000 0.983 0.186]
		[0.000 -0.186 0.983]
		[0.000 0.982 0.188]
		[0.000 -0.188 0.982]
		[0.000 0.982 0.187]
		[0.000 -0.187 0.982]
		[0.000 0.983 0.183]
		[0.000 -0.183 0.983]
		[0.000 0.985 0.175]
		[0.000 -0.175 0.985]
		[0.000 0.987 0.162]
		[0.000 -0.162 0.987]
		[0.000 0.989 0.145]
		[0.000 -0.145 0.989]
		[0.000 0.992 0.123]
		[0.000 -0.123 0.992]
		[0.000 0.995 0.100]
		[0.000 -0.100 0.995]
		[0.000 0.997 0.074]
		[0.000 -0.074 0.997]
		[0.000 0.999 0.049]
		[0.000 -0.049 0.999]
		[0.000 1.000 0.023]
		[0.000 -0.023 1.000]
		[0.000 0.985 -0.174]
		[0.000 0.174 0.985]
		[0.000 0.596 0.000]
		[0.000 0.991 -0.132]
		[0.000 0.132 0.991]
		[0.000 0.996 -0.086]
		[0.000 0.999 -0.037]
		[0.000 0.037 0.999]
		[0.000 1.000 0.013]
		[0.000 -0.013 1.000]
		[0.000 0.998 0.064]
		[0.000 -0.064 0.998]
		[0.000 0.993 0.116]
		[0.000 -0.116 0.993]
		[0.000 0.964 0.264]
		[0.000 -0.264 0.964]
		[0.000 0.951 0.309]
		[0.000 -0.309 0.951]
		[0.000 0.937 0.350]
		[0.000 -0.350 0.937]
		[0.000 0.922 0.386]
		[0.000 -0.386 0.922]
		[0.000 0.909 0.418]
		[0.000 -0.418 0.909]
		[0.000 0.896 0.444]
		[0.000 -0.444 0.896]
		[0.000 0.885 0.465]
		[0.000 -0.465 0.885]
		[0.000 0.878 0.479]
		[0.000 -0.479 0.878]
		[0.000 0.874 0.486]
		[0.000 -0.486 0.874]
		[0.000 0.880 0.475]
		[0.000 -0.475 0.880]
		[0.000 0.894 0.449]
		[0.000 -0.449 0.894]
		[0.000 0.910 0.414]
		[0.000 -0.414 0.910]
		[0.000 0.926 0.379]
		[0.000 -0.379 0.926]
		[0.000 0.936 0.352]
		[0.000 -0.352 0.936]
		[0.000 0.941 0.339]
		[0.000 -0.339 0.941]
		[0.000 0.942 0.335]
		[0.000 -0.335 0.942]
		[0.000 0.943 0.333]
		[0.000 -0.333 0.943]
		[0.000 0.940 0.340]
		[0.000 -0.340 0.940]
		[0.000 0.938 0.348]
		[0.000 -0.348 0.938]
		[0.000 0.934 0.357]
		[0.000 -0.357 0.934]
		[0.000 0.930 0.368]
		[0.000 -0.368 0.930]
		[0.000 0.925 0.381]
		[0.000 -0.381 0.925]
		[0.000 0.919 0.394]
		[0.000 -0.394 0.919]
		[0.000 0.913 0.408]
		[0.000 -0.408 0.913]
		[0.000 0.906 0.423]
		[0.000 -0.423 0.906]
		[0.000 0.900 0.437]
		[0.000 -0.437 0.900]
		[0.000 0.893 0.450]
		[0.000 -0.450 0.893]
		[0.000 0.886 0.463]
		[0.000 -0.463 0.886]
		[0.000 0.880 0.474]
		[0.000 -0.474 0.880]
		[0.000 0.875 0.484]
		[0.000 -0.484 0.875]
		[0.000 0.870 0.493]
		[0.000 -0.493 0.870]
		[0.000 0.867 0.498]
		[0.000 -0.498 0.867]
		[0.000 0.864 0.504]
		[0.000 -0.504 0.864]
		[0.000 0.859 0.513]
		[0.000 -0.513 0.859]
		[0.000 0.852 0.524]
		[0.000 -0.524 0.852]
		[0.000 0.844 0.537]
		[0.000 -0.537 0.844]
		[0.000 0.836 0.549]
		[0.000 0.829 0.559]
		[0.000 -0.559 0.829]
		[0.000 0.824 0.567]
		[0.000 -0.567 0.824]
		[0.000 0.822 0.569]
		[0.000 -0.569 0.822]
		[0.000 0.825 0.566]
		[0.000 -0.566 0.825]
		[0.000 0.832 0.555]
		[0.000 -0.555 0.832]
		[0.000 0.845 0.535]
		[0.000 -0.535 0.845]
		[0.000 0.863 0.505]
		[0.000 -0.505 0.863]
		[0.000 0.888 0.459]
		[0.000 -0.459 0.888]
		[0.000 0.919 0.395]
		[0.000 -0.395 0.919]
		[0.000 0.975 0.223]
		[0.000 -0.223 0.975]
		[0.000 1.000 0.020]
		[0.000 -0.020 1.000]
		[0.000 0.997 -0.081]
		[0.000 0.081 0.997]
		[0.000 0.315 0.000]
		[0.000 0.470 0.000]
		[0.000 0.300 0.000]
		[-1.000 0.000 0.000]
		[-0.500 0.000 0.866]
		[0.557 -0.766 0.321]
		[0.663 0.643 0.383]
		[0.279 0.394 -0.035]
		[-0.495 0.000 0.869]
		[0.541 -0.783 0.308]
		[0.680 0.622 0.388]
		[-0.490 0.000 0.872]
		[0.522 -0.801 0.294]
		[0.698 0.599 0.393]
