{ :name "TeleportSpell" :length 0.9166667 :bones { 
	"Armature" [
		[0 [1.000 0.000 0.000 0.000 0.000 1.000 0.000 0.000 0.000 0.000 1.000 0.000 0.000 0.000 0.000 1.000]]
	]
	"Skelet" [
		[0 [1.000 0.000 0.000 0.000 0.000 1.000 0.000 0.000 0.000 0.000 1.000 0.000 0.000 0.001 0.000 1.000]]
		[0.01818182 [1.000 0.000 0.000 0.000 0.000 1.000 0.000 0.000 0.000 0.000 1.000 0.000 0.000 0.001 0.000 1.000]]
		[0.03636364 [1.000 0.000 0.000 0.000 0.000 1.000 0.000 0.000 0.000 0.000 1.000 0.000 0.000 0.001 0.000 1.000]]
		[0.05454545 [1.000 0.000 0.000 0.000 0.000 1.000 0.000 0.000 0.000 0.000 1.000 0.000 0.000 0.001 0.000 1.000]]
		[0.07272727 [1.000 0.000 0.000 0.000 0.000 1.000 0.000 0.000 0.000 0.000 1.000 0.000 0.000 0.001 0.000 1.000]]
		[0.09090909 [1.000 0.000 0.000 0.000 0.000 1.000 0.000 0.000 0.000 0.000 1.000 0.000 0.000 0.001 0.000 1.000]]
		[0.1090909 [1.000 0.000 0.000 0.000 0.000 1.000 0.000 0.000 0.000 0.000 1.000 0.000 0.000 0.001 0.000 1.000]]
		[0.1272727 [1.000 0.000 0.000 0.000 0.000 1.000 0.000 0.000 0.000 0.000 1.000 0.000 0.000 0.001 0.000 1.000]]
		[0.1454545 [1.000 0.000 0.000 0.000 0.000 1.000 0.000 0.000 0.000 0.000 1.000 0.000 0.000 0.001 0.000 1.000]]
		[0.1636364 [1.000 0.000 0.000 0.000 0.000 1.000 0.000 0.000 0.000 0.000 1.000 0.000 0.000 0.001 0.000 1.000]]
		[0.1818182 [1.000 0.000 0.000 0.000 0.000 1.000 0.000 0.000 0.000 0.000 1.000 0.000 0.000 0.001 0.000 1.000]]
		[0.2 [1.000 0.000 0.000 0.000 0.000 1.000 0.000 0.000 0.000 0.000 1.000 0.000 0.000 0.001 0.000 1.000]]
		[0.2181818 [1.000 0.000 0.000 0.000 0.000 1.000 0.000 0.000 0.000 0.000 1.000 0.000 0.000 0.002 0.000 1.000]]
		[0.2363636 [1.000 0.000 0.000 0.000 0.000 1.000 0.000 0.000 0.000 0.000 1.000 0.000 0.000 0.002 0.000 1.000]]
		[0.2545455 [1.000 0.000 0.000 0.000 0.000 1.000 0.000 0.000 0.000 0.000 1.000 0.000 0.000 0.002 0.000 1.000]]
		[0.2727273 [1.000 0.000 0.000 0.000 0.000 1.000 0.000 0.000 0.000 0.000 1.000 0.000 0.000 0.002 0.000 1.000]]
		[0.2909091 [1.000 0.000 0.000 0.000 0.000 1.000 0.000 0.000 0.000 0.000 1.000 0.000 0.000 0.003 0.000 1.000]]
		[0.3090909 [1.000 0.000 0.000 0.000 0.000 1.000 0.000 0.000 0.000 0.000 1.000 0.000 0.000 0.003 0.000 1.000]]
		[0.3272727 [1.000 0.000 0.000 0.000 0.000 1.000 0.001 0.000 0.000 -0.001 1.000 0.000 0.000 0.003 0.000 1.000]]
		[0.3454545 [1.000 0.000 0.000 0.000 0.000 1.000 -0.011 0.000 0.000 0.011 1.000 0.000 0.000 0.003 0.000 1.000]]
		[0.3636364 [1.000 0.000 -0.012 0.000 0.000 0.998 -0.056 0.000 0.012 0.056 0.998 0.000 0.000 0.003 0.000 1.000]]
		[0.3818182 [0.999 -0.003 -0.048 0.000 -0.003 0.993 -0.116 0.000 0.048 0.116 0.992 0.000 0.000 0.003 0.000 1.000]]
		[0.4 [0.994 -0.009 -0.111 0.000 -0.009 0.986 -0.166 0.000 0.111 0.166 0.980 0.000 0.000 0.002 0.000 1.000]]
		[0.4181818 [0.982 -0.018 -0.189 0.000 -0.018 0.983 -0.183 0.000 0.189 0.183 0.965 0.000 0.000 0.002 0.000 1.000]]
		[0.4363636 [0.967 -0.021 -0.255 0.000 -0.021 0.987 -0.159 0.000 0.255 0.159 0.954 0.000 0.000 0.002 0.000 1.000]]
		[0.4545455 [0.960 -0.015 -0.278 0.000 -0.015 0.994 -0.104 0.000 0.278 0.104 0.955 0.000 0.000 0.002 0.000 1.000]]
		[0.4727273 [0.972 -0.005 -0.233 0.000 -0.005 0.999 -0.044 0.000 0.233 0.044 0.971 0.000 0.000 0.001 0.000 1.000]]
		[0.4909091 [0.995 0.000 -0.102 0.000 0.000 1.000 -0.005 0.000 0.102 0.005 0.995 0.000 0.000 0.001 0.000 1.000]]
		[0.5090909 [0.992 0.000 0.126 0.000 0.000 1.000 -0.005 0.000 -0.126 0.005 0.992 0.000 0.000 0.001 0.000 1.000]]
		[0.5272727 [0.903 0.010 0.430 0.000 0.010 0.999 -0.044 0.000 -0.430 0.044 0.902 0.000 0.000 0.001 0.000 1.000]]
		[0.5454546 [0.670 0.048 0.741 0.000 0.048 0.993 -0.107 0.000 -0.741 0.107 0.663 0.000 0.000 0.001 0.000 1.000]]
		[0.5636364 [0.281 0.121 0.952 0.000 0.121 0.980 -0.160 0.000 -0.952 0.160 0.260 0.000 0.000 0.001 0.000 1.000]]
		[0.5818182 [-0.207 0.213 0.955 0.000 0.213 0.962 -0.168 0.000 -0.955 0.168 -0.245 0.000 0.000 0.001 0.000 1.000]]
		[0.6 [-0.663 0.285 0.693 0.000 0.285 0.951 -0.119 0.000 -0.693 0.119 -0.712 0.000 0.000 0.001 0.000 1.000]]
		[0.6181818 [-0.930 0.301 0.210 0.000 0.301 0.953 -0.033 0.000 -0.210 0.033 -0.977 0.000 0.000 0.001 0.000 1.000]]
		[0.6363636 [-0.903 0.254 -0.345 0.000 0.254 0.966 0.046 0.000 0.345 -0.046 -0.937 0.000 0.000 0.001 0.000 1.000]]
		[0.6545454 [-0.590 0.170 -0.789 0.000 0.170 0.982 0.084 0.000 0.789 -0.084 -0.608 0.000 0.000 0.001 0.000 1.000]]
		[0.6727273 [-0.109 0.087 -0.990 0.000 0.087 0.993 0.077 0.000 0.990 -0.077 -0.115 0.000 0.000 0.001 0.000 1.000]]
		[0.6909091 [0.376 0.031 -0.926 0.000 0.031 0.998 0.047 0.000 0.926 -0.047 0.375 0.000 0.000 0.001 0.000 1.000]]
		[0.7090909 [0.739 0.007 -0.673 0.000 0.007 1.000 0.018 0.000 0.673 -0.018 0.739 0.000 0.000 0.001 0.000 1.000]]
		[0.7272727 [0.936 0.001 -0.351 0.000 0.001 1.000 0.003 0.000 0.351 -0.003 0.936 0.000 0.000 0.001 0.000 1.000]]
		[0.7454545 [0.998 0.000 -0.060 0.000 0.000 1.000 0.000 0.000 0.060 0.000 0.998 0.000 0.000 0.001 0.000 1.000]]
		[0.7636364 [0.990 0.000 0.144 0.000 0.000 1.000 0.000 0.000 -0.144 0.000 0.990 0.000 0.000 0.001 0.000 1.000]]
		[0.7818182 [0.966 0.000 0.259 0.000 0.000 1.000 0.000 0.000 -0.259 0.000 0.966 0.000 0.000 0.001 0.000 1.000]]
		[0.8 [0.953 0.000 0.303 0.000 0.000 1.000 0.000 0.000 -0.303 0.000 0.953 0.000 0.000 0.001 0.000 1.000]]
		[0.8181818 [0.956 0.000 0.295 0.000 0.000 1.000 0.000 0.000 -0.295 0.000 0.956 0.000 0.000 0.001 0.000 1.000]]
		[0.8363636 [0.968 0.000 0.249 0.000 0.000 1.000 0.000 0.000 -0.249 0.000 0.968 0.000 0.000 0.001 0.000 1.000]]
		[0.8545455 [0.983 0.000 0.182 0.000 0.000 1.000 0.000 0.000 -0.182 0.000 0.983 0.000 0.000 0.001 0.000 1.000]]
		[0.8727273 [0.994 0.000 0.107 0.000 0.000 1.000 0.000 0.000 -0.107 0.000 0.994 0.000 0.000 0.001 0.000 1.000]]
		[0.8909091 [0.999 0.000 0.042 0.000 0.000 1.000 0.000 0.000 -0.042 0.000 0.999 0.000 0.000 0.001 0.000 1.000]]
		[0.9090909 [1.000 0.000 0.007 0.000 0.000 1.000 0.000 0.000 -0.007 0.000 1.000 0.000 0.000 0.001 0.000 1.000]]
		[0.9272727 [1.000 0.000 0.000 0.000 0.000 1.000 0.000 0.000 0.000 0.000 1.000 0.000 0.000 0.001 0.000 1.000]]
		[0.9454545 [1.000 0.000 0.000 0.000 0.000 1.000 0.000 0.000 0.000 0.000 1.000 0.000 0.000 0.001 0.000 1.000]]
		[0.9636363 [1.000 0.000 0.000 0.000 0.000 1.000 0.000 0.000 0.000 0.000 1.000 0.000 0.000 0.001 0.000 1.000]]
		[0.9818182 [1.000 0.000 0.000 0.000 0.000 1.000 0.000 0.000 0.000 0.000 1.000 0.000 0.000 0.001 0.000 1.000]]
	]
	"Bedro_L" [
		[0 [0.962 0.271 -0.009 0.000 -0.271 0.962 -0.025 0.000 0.002 0.027 1.000 0.000 0.000 0.000 0.000 1.000]]
		[0.01818182 [0.973 0.232 -0.010 0.000 -0.233 0.972 -0.031 0.000 0.002 0.033 0.999 0.000 0.000 0.000 0.000 1.000]]
		[0.03636364 [0.982 0.191 -0.010 0.000 -0.191 0.981 -0.038 0.000 0.003 0.039 0.999 0.000 0.000 0.000 0.000 1.000]]
		[0.05454545 [0.989 0.147 -0.010 0.000 -0.147 0.988 -0.045 0.000 0.003 0.046 0.999 0.000 0.000 0.000 0.000 1.000]]
		[0.07272727 [0.995 0.103 -0.009 0.000 -0.104 0.993 -0.052 0.000 0.004 0.052 0.999 0.000 0.000 0.000 0.000 1.000]]
		[0.09090909 [0.998 0.060 -0.008 0.000 -0.061 0.996 -0.058 0.000 0.004 0.059 0.998 0.000 0.000 0.000 0.000 1.000]]
		[0.1090909 [1.000 0.020 -0.006 0.000 -0.021 0.998 -0.065 0.000 0.005 0.065 0.998 0.000 0.000 0.000 0.000 1.000]]
		[0.1272727 [1.000 -0.016 -0.004 0.000 0.016 0.997 -0.070 0.000 0.005 0.070 0.998 0.000 0.000 0.000 0.000 1.000]]
		[0.1454545 [0.999 -0.047 -0.002 0.000 0.047 0.996 -0.075 0.000 0.006 0.075 0.997 0.000 0.000 0.000 0.000 1.000]]
		[0.1636364 [0.997 -0.071 0.000 0.000 0.071 0.994 -0.079 0.000 0.006 0.078 0.997 0.000 0.000 0.000 0.000 1.000]]
		[0.1818182 [0.996 -0.087 0.001 0.000 0.087 0.993 -0.081 0.000 0.006 0.081 0.997 0.000 0.000 0.000 0.000 1.000]]
		[0.2 [0.995 -0.096 0.002 0.000 0.096 0.992 -0.082 0.000 0.006 0.082 0.997 0.000 0.000 0.000 0.000 1.000]]
		[0.2181818 [0.995 -0.100 0.002 0.000 0.100 0.992 -0.083 0.000 0.006 0.083 0.997 0.000 0.000 0.000 0.000 1.000]]
		[0.2363636 [0.995 -0.099 0.002 0.000 0.099 0.992 -0.083 0.000 0.006 0.083 0.997 0.000 0.000 0.000 0.000 1.000]]
		[0.2545455 [0.996 -0.095 0.002 0.000 0.095 0.992 -0.082 0.000 0.006 0.082 0.997 0.000 0.000 0.000 0.000 1.000]]
		[0.2727273 [0.996 -0.089 0.001 0.000 0.089 0.993 -0.081 0.000 0.006 0.081 0.997 0.000 0.000 0.000 0.000 1.000]]
		[0.2909091 [0.997 -0.083 0.001 0.000 0.082 0.993 -0.080 0.000 0.006 0.080 0.997 0.000 0.000 0.000 0.000 1.000]]
		[0.3090909 [0.997 -0.077 0.000 0.000 0.077 0.994 -0.080 0.000 0.006 0.079 0.997 0.000 0.000 0.000 0.000 1.000]]
		[0.3272727 [0.997 -0.075 0.000 0.000 0.074 0.994 -0.079 0.000 0.006 0.079 0.997 0.000 0.000 0.000 0.000 1.000]]
		[0.3454545 [0.997 -0.074 0.000 0.000 0.074 0.994 -0.079 0.000 0.006 0.079 0.997 0.000 0.000 0.000 0.000 1.000]]
		[0.3636364 [0.997 -0.074 0.000 0.000 0.074 0.994 -0.079 0.000 0.006 0.079 0.997 0.000 0.000 0.000 0.000 1.000]]
		[0.3818182 [0.997 -0.074 0.000 0.000 0.074 0.994 -0.079 0.000 0.006 0.079 0.997 0.000 0.000 0.000 0.000 1.000]]
		[0.4 [0.997 -0.074 0.000 0.000 0.074 0.994 -0.079 0.000 0.006 0.079 0.997 0.000 0.000 0.000 0.000 1.000]]
		[0.4181818 [0.997 -0.074 0.000 0.000 0.074 0.994 -0.079 0.000 0.006 0.079 0.997 0.000 0.000 0.000 0.000 1.000]]
		[0.4363636 [0.997 -0.074 0.000 0.000 0.074 0.994 -0.079 0.000 0.006 0.079 0.997 0.000 0.000 0.000 0.000 1.000]]
		[0.4545455 [0.997 -0.074 0.000 0.000 0.074 0.994 -0.079 0.000 0.006 0.079 0.997 0.000 0.000 0.000 0.000 1.000]]
		[0.4727273 [0.997 -0.074 0.000 0.000 0.074 0.994 -0.079 0.000 0.006 0.079 0.997 0.000 0.000 0.000 0.000 1.000]]
		[0.4909091 [0.997 -0.074 0.000 0.000 0.074 0.994 -0.079 0.000 0.006 0.079 0.997 0.000 0.000 0.000 0.000 1.000]]
		[0.5090909 [0.997 -0.075 0.000 0.000 0.074 0.994 -0.079 0.000 0.006 0.079 0.997 0.000 0.000 0.000 0.000 1.000]]
		[0.5272727 [0.997 -0.077 0.000 0.000 0.077 0.994 -0.079 0.000 0.006 0.079 0.997 0.000 0.000 0.000 0.000 1.000]]
		[0.5454546 [0.997 -0.081 0.001 0.000 0.081 0.993 -0.080 0.000 0.006 0.080 0.997 0.000 0.000 0.000 0.000 1.000]]
		[0.5636364 [0.996 -0.087 0.001 0.000 0.087 0.993 -0.081 0.000 0.006 0.081 0.997 0.000 0.000 0.000 0.000 1.000]]
		[0.5818182 [0.996 -0.093 0.002 0.000 0.093 0.992 -0.082 0.000 0.006 0.082 0.997 0.000 0.000 0.000 0.000 1.000]]
		[0.6 [0.995 -0.099 0.002 0.000 0.099 0.992 -0.083 0.000 0.006 0.083 0.997 0.000 0.000 0.000 0.000 1.000]]
		[0.6181818 [0.994 -0.105 0.003 0.000 0.105 0.991 -0.084 0.000 0.006 0.083 0.996 0.000 0.000 0.000 0.000 1.000]]
		[0.6363636 [0.994 -0.109 0.003 0.000 0.109 0.990 -0.084 0.000 0.006 0.084 0.996 0.000 0.000 0.000 0.000 1.000]]
		[0.6545454 [0.994 -0.112 0.003 0.000 0.112 0.990 -0.085 0.000 0.006 0.085 0.996 0.000 0.000 0.000 0.000 1.000]]
		[0.6727273 [0.994 -0.113 0.003 0.000 0.112 0.990 -0.085 0.000 0.006 0.085 0.996 0.000 0.000 0.000 0.000 1.000]]
		[0.6909091 [0.994 -0.110 0.003 0.000 0.110 0.990 -0.084 0.000 0.006 0.084 0.996 0.000 0.000 0.000 0.000 1.000]]
		[0.7090909 [0.995 -0.104 0.002 0.000 0.104 0.991 -0.083 0.000 0.006 0.083 0.997 0.000 0.000 0.000 0.000 1.000]]
		[0.7272727 [0.996 -0.094 0.002 0.000 0.094 0.992 -0.082 0.000 0.006 0.082 0.997 0.000 0.000 0.000 0.000 1.000]]
		[0.7454545 [0.997 -0.079 0.000 0.000 0.079 0.994 -0.080 0.000 0.006 0.080 0.997 0.000 0.000 0.000 0.000 1.000]]
		[0.7636364 [0.998 -0.058 -0.001 0.000 0.058 0.995 -0.077 0.000 0.006 0.076 0.997 0.000 0.000 0.000 0.000 1.000]]
		[0.7818182 [1.000 -0.030 -0.003 0.000 0.029 0.997 -0.072 0.000 0.005 0.072 0.997 0.000 0.000 0.000 0.000 1.000]]
		[0.8 [1.000 0.005 -0.005 0.000 -0.005 0.998 -0.067 0.000 0.005 0.067 0.998 0.000 0.000 0.000 0.000 1.000]]
		[0.8181818 [0.999 0.043 -0.007 0.000 -0.044 0.997 -0.061 0.000 0.005 0.061 0.998 0.000 0.000 0.000 0.000 1.000]]
		[0.8363636 [0.996 0.085 -0.009 0.000 -0.086 0.995 -0.054 0.000 0.004 0.055 0.998 0.000 0.000 0.000 0.000 1.000]]
		[0.8545455 [0.992 0.129 -0.010 0.000 -0.129 0.990 -0.048 0.000 0.004 0.048 0.999 0.000 0.000 0.000 0.000 1.000]]
		[0.8727273 [0.985 0.173 -0.010 0.000 -0.173 0.984 -0.041 0.000 0.003 0.042 0.999 0.000 0.000 0.000 0.000 1.000]]
		[0.8909091 [0.976 0.215 -0.010 0.000 -0.216 0.976 -0.034 0.000 0.003 0.035 0.999 0.000 0.000 0.000 0.000 1.000]]
		[0.9090909 [0.967 0.255 -0.010 0.000 -0.255 0.966 -0.028 0.000 0.002 0.029 1.000 0.000 0.000 0.000 0.000 1.000]]
		[0.9272727 [0.962 0.271 -0.009 0.000 -0.271 0.962 -0.025 0.000 0.002 0.027 1.000 0.000 0.000 0.000 0.000 1.000]]
		[0.9454545 [0.962 0.271 -0.009 0.000 -0.271 0.962 -0.025 0.000 0.002 0.027 1.000 0.000 0.000 0.000 0.000 1.000]]
		[0.9636363 [0.962 0.271 -0.009 0.000 -0.271 0.962 -0.025 0.000 0.002 0.027 1.000 0.000 0.000 0.000 0.000 1.000]]
		[0.9818182 [0.962 0.271 -0.009 0.000 -0.271 0.962 -0.025 0.000 0.002 0.027 1.000 0.000 0.000 0.000 0.000 1.000]]
	]
	"Koleno_L" [
		[0 [0.850 0.527 0.001 0.000 -0.527 0.850 -0.001 0.000 -0.001 0.000 1.000 0.000 0.000 0.000 0.000 1.000]]
		[0.01818182 [0.870 0.493 0.000 0.000 -0.493 0.870 -0.002 0.000 -0.001 0.001 1.000 0.000 0.000 0.000 0.000 1.000]]
		[0.03636364 [0.890 0.455 -0.001 0.000 -0.455 0.890 -0.003 0.000 0.000 0.003 1.000 0.000 0.000 0.000 0.000 1.000]]
		[0.05454545 [0.909 0.416 -0.002 0.000 -0.416 0.909 -0.004 0.000 0.000 0.004 1.000 0.000 0.000 0.000 0.000 1.000]]
		[0.07272727 [0.927 0.375 -0.002 0.000 -0.375 0.927 -0.005 0.000 0.000 0.006 1.000 0.000 0.000 0.000 0.000 1.000]]
		[0.09090909 [0.942 0.335 -0.002 0.000 -0.335 0.942 -0.006 0.000 0.000 0.007 1.000 0.000 0.000 0.000 0.000 1.000]]
		[0.1090909 [0.955 0.297 -0.003 0.000 -0.297 0.955 -0.008 0.000 0.000 0.008 1.000 0.000 0.000 0.000 0.000 1.000]]
		[0.1272727 [0.965 0.262 -0.003 0.000 -0.262 0.965 -0.009 0.000 0.001 0.009 1.000 0.000 0.000 0.000 0.000 1.000]]
		[0.1454545 [0.973 0.232 -0.003 0.000 -0.232 0.973 -0.010 0.000 0.001 0.010 1.000 0.000 0.000 0.000 0.000 1.000]]
		[0.1636364 [0.978 0.208 -0.003 0.000 -0.208 0.978 -0.011 0.000 0.001 0.011 1.000 0.000 0.000 0.000 0.000 1.000]]
		[0.1818182 [0.981 0.192 -0.003 0.000 -0.192 0.981 -0.011 0.000 0.001 0.012 1.000 0.000 0.000 0.000 0.000 1.000]]
		[0.2 [0.983 0.183 -0.003 0.000 -0.183 0.983 -0.012 0.000 0.001 0.012 1.000 0.000 0.000 0.000 0.000 1.000]]
		[0.2181818 [0.984 0.180 -0.003 0.000 -0.180 0.984 -0.012 0.000 0.001 0.012 1.000 0.000 0.000 0.000 0.000 1.000]]
		[0.2363636 [0.984 0.181 -0.003 0.000 -0.181 0.983 -0.012 0.000 0.001 0.012 1.000 0.000 0.000 0.000 0.000 1.000]]
		[0.2545455 [0.983 0.185 -0.003 0.000 -0.185 0.983 -0.012 0.000 0.001 0.012 1.000 0.000 0.000 0.000 0.000 1.000]]
		[0.2727273 [0.982 0.191 -0.003 0.000 -0.191 0.982 -0.011 0.000 0.001 0.012 1.000 0.000 0.000 0.000 0.000 1.000]]
		[0.2909091 [0.980 0.197 -0.003 0.000 -0.197 0.980 -0.011 0.000 0.001 0.012 1.000 0.000 0.000 0.000 0.000 1.000]]
		[0.3090909 [0.979 0.202 -0.003 0.000 -0.202 0.979 -0.011 0.000 0.001 0.011 1.000 0.000 0.000 0.000 0.000 1.000]]
		[0.3272727 [0.979 0.205 -0.003 0.000 -0.205 0.979 -0.011 0.000 0.001 0.011 1.000 0.000 0.000 0.000 0.000 1.000]]
		[0.3454545 [0.979 0.205 -0.003 0.000 -0.205 0.979 -0.011 0.000 0.001 0.011 1.000 0.000 0.000 0.000 0.000 1.000]]
		[0.3636364 [0.979 0.205 -0.003 0.000 -0.205 0.979 -0.011 0.000 0.001 0.011 1.000 0.000 0.000 0.000 0.000 1.000]]
		[0.3818182 [0.979 0.205 -0.003 0.000 -0.205 0.979 -0.011 0.000 0.001 0.011 1.000 0.000 0.000 0.000 0.000 1.000]]
		[0.4 [0.979 0.205 -0.003 0.000 -0.205 0.979 -0.011 0.000 0.001 0.011 1.000 0.000 0.000 0.000 0.000 1.000]]
		[0.4181818 [0.979 0.205 -0.003 0.000 -0.205 0.979 -0.011 0.000 0.001 0.011 1.000 0.000 0.000 0.000 0.000 1.000]]
		[0.4363636 [0.979 0.205 -0.003 0.000 -0.205 0.979 -0.011 0.000 0.001 0.011 1.000 0.000 0.000 0.000 0.000 1.000]]
		[0.4545455 [0.979 0.205 -0.003 0.000 -0.205 0.979 -0.011 0.000 0.001 0.011 1.000 0.000 0.000 0.000 0.000 1.000]]
		[0.4727273 [0.979 0.205 -0.003 0.000 -0.205 0.979 -0.011 0.000 0.001 0.011 1.000 0.000 0.000 0.000 0.000 1.000]]
		[0.4909091 [0.979 0.205 -0.003 0.000 -0.205 0.979 -0.011 0.000 0.001 0.011 1.000 0.000 0.000 0.000 0.000 1.000]]
		[0.5090909 [0.979 0.205 -0.003 0.000 -0.205 0.979 -0.011 0.000 0.001 0.011 1.000 0.000 0.000 0.000 0.000 1.000]]
		[0.5272727 [0.979 0.202 -0.003 0.000 -0.202 0.979 -0.011 0.000 0.001 0.011 1.000 0.000 0.000 0.000 0.000 1.000]]
		[0.5454546 [0.980 0.198 -0.003 0.000 -0.198 0.980 -0.011 0.000 0.001 0.011 1.000 0.000 0.000 0.000 0.000 1.000]]
		[0.5636364 [0.981 0.193 -0.003 0.000 -0.193 0.981 -0.011 0.000 0.001 0.012 1.000 0.000 0.000 0.000 0.000 1.000]]
		[0.5818182 [0.982 0.186 -0.003 0.000 -0.187 0.982 -0.011 0.000 0.001 0.012 1.000 0.000 0.000 0.000 0.000 1.000]]
		[0.6 [0.984 0.180 -0.003 0.000 -0.180 0.984 -0.012 0.000 0.001 0.012 1.000 0.000 0.000 0.000 0.000 1.000]]
		[0.6181818 [0.985 0.175 -0.003 0.000 -0.175 0.985 -0.012 0.000 0.001 0.012 1.000 0.000 0.000 0.000 0.000 1.000]]
		[0.6363636 [0.985 0.170 -0.003 0.000 -0.170 0.985 -0.012 0.000 0.001 0.012 1.000 0.000 0.000 0.000 0.000 1.000]]
		[0.6545454 [0.986 0.167 -0.003 0.000 -0.167 0.986 -0.012 0.000 0.001 0.012 1.000 0.000 0.000 0.000 0.000 1.000]]
		[0.6727273 [0.986 0.167 -0.003 0.000 -0.167 0.986 -0.012 0.000 0.001 0.012 1.000 0.000 0.000 0.000 0.000 1.000]]
		[0.6909091 [0.986 0.170 -0.003 0.000 -0.170 0.985 -0.012 0.000 0.001 0.012 1.000 0.000 0.000 0.000 0.000 1.000]]
		[0.7090909 [0.984 0.176 -0.003 0.000 -0.176 0.984 -0.012 0.000 0.001 0.012 1.000 0.000 0.000 0.000 0.000 1.000]]
		[0.7272727 [0.983 0.186 -0.003 0.000 -0.186 0.983 -0.012 0.000 0.001 0.012 1.000 0.000 0.000 0.000 0.000 1.000]]
		[0.7454545 [0.980 0.200 -0.003 0.000 -0.200 0.980 -0.011 0.000 0.001 0.011 1.000 0.000 0.000 0.000 0.000 1.000]]
		[0.7636364 [0.975 0.221 -0.003 0.000 -0.221 0.975 -0.010 0.000 0.001 0.011 1.000 0.000 0.000 0.000 0.000 1.000]]
		[0.7818182 [0.969 0.249 -0.003 0.000 -0.249 0.969 -0.009 0.000 0.001 0.010 1.000 0.000 0.000 0.000 0.000 1.000]]
		[0.8 [0.960 0.282 -0.003 0.000 -0.282 0.959 -0.008 0.000 0.000 0.009 1.000 0.000 0.000 0.000 0.000 1.000]]
		[0.8181818 [0.948 0.319 -0.003 0.000 -0.319 0.948 -0.007 0.000 0.000 0.007 1.000 0.000 0.000 0.000 0.000 1.000]]
		[0.8363636 [0.934 0.358 -0.002 0.000 -0.358 0.934 -0.006 0.000 0.000 0.006 1.000 0.000 0.000 0.000 0.000 1.000]]
		[0.8545455 [0.917 0.399 -0.002 0.000 -0.399 0.917 -0.004 0.000 0.000 0.005 1.000 0.000 0.000 0.000 0.000 1.000]]
		[0.8727273 [0.898 0.439 -0.001 0.000 -0.439 0.898 -0.003 0.000 0.000 0.003 1.000 0.000 0.000 0.000 0.000 1.000]]
		[0.8909091 [0.879 0.478 0.000 0.000 -0.478 0.879 -0.002 0.000 -0.001 0.002 1.000 0.000 0.000 0.000 0.000 1.000]]
		[0.9090909 [0.858 0.513 0.000 0.000 -0.513 0.858 -0.001 0.000 -0.001 0.001 1.000 0.000 0.000 0.000 0.000 1.000]]
		[0.9272727 [0.850 0.527 0.001 0.000 -0.527 0.850 -0.001 0.000 -0.001 0.000 1.000 0.000 0.000 0.000 0.000 1.000]]
		[0.9454545 [0.850 0.527 0.001 0.000 -0.527 0.850 -0.001 0.000 -0.001 0.000 1.000 0.000 0.000 0.000 0.000 1.000]]
		[0.9636363 [0.850 0.527 0.001 0.000 -0.527 0.850 -0.001 0.000 -0.001 0.000 1.000 0.000 0.000 0.000 0.000 1.000]]
		[0.9818182 [0.850 0.527 0.001 0.000 -0.527 0.850 -0.001 0.000 -0.001 0.000 1.000 0.000 0.000 0.000 0.000 1.000]]
	]
	"Koleno_L_end" [
		[0 [1.000 0.000 0.000 0.000 0.000 1.000 0.000 0.000 0.000 0.000 1.000 0.000 0.000 0.000 0.000 1.000]]
	]
	"Bedro_P" [
		[0 [0.812 0.584 0.014 0.000 -0.584 0.811 0.023 0.000 0.002 -0.027 1.000 0.000 0.000 0.000 0.000 1.000]]
		[0.01818182 [0.856 0.517 0.016 0.000 -0.518 0.855 0.029 0.000 0.002 -0.033 0.999 0.000 0.000 0.000 0.000 1.000]]
		[0.03636364 [0.897 0.443 0.016 0.000 -0.443 0.896 0.036 0.000 0.001 -0.039 0.999 0.000 0.000 0.000 0.000 1.000]]
		[0.05454545 [0.932 0.362 0.016 0.000 -0.362 0.931 0.043 0.000 0.001 -0.046 0.999 0.000 0.000 0.000 0.000 1.000]]
		[0.07272727 [0.961 0.278 0.014 0.000 -0.278 0.959 0.050 0.000 0.000 -0.052 0.999 0.000 0.000 0.000 0.000 1.000]]
		[0.09090909 [0.981 0.194 0.012 0.000 -0.195 0.979 0.058 0.000 0.000 -0.059 0.998 0.000 0.000 0.000 0.000 1.000]]
		[0.1090909 [0.993 0.115 0.008 0.000 -0.115 0.991 0.064 0.000 -0.001 -0.065 0.998 0.000 0.000 0.000 0.000 1.000]]
		[0.1272727 [0.999 0.043 0.004 0.000 -0.043 0.997 0.070 0.000 -0.001 -0.070 0.998 0.000 0.000 0.000 0.000 1.000]]
		[0.1454545 [1.000 -0.019 0.000 0.000 0.019 0.997 0.075 0.000 -0.002 -0.075 0.997 0.000 0.000 0.000 0.000 1.000]]
		[0.1636364 [0.998 -0.067 -0.003 0.000 0.067 0.995 0.078 0.000 -0.002 -0.078 0.997 0.000 0.000 0.000 0.000 1.000]]
		[0.1818182 [0.995 -0.100 -0.006 0.000 0.100 0.992 0.081 0.000 -0.002 -0.081 0.997 0.000 0.000 0.000 0.000 1.000]]
		[0.2 [0.993 -0.118 -0.008 0.000 0.118 0.990 0.082 0.000 -0.002 -0.082 0.997 0.000 0.000 0.000 0.000 1.000]]
		[0.2181818 [0.992 -0.125 -0.008 0.000 0.125 0.989 0.082 0.000 -0.002 -0.083 0.997 0.000 0.000 0.000 0.000 1.000]]
		[0.2363636 [0.992 -0.123 -0.008 0.000 0.123 0.989 0.082 0.000 -0.002 -0.083 0.997 0.000 0.000 0.000 0.000 1.000]]
		[0.2545455 [0.993 -0.115 -0.007 0.000 0.115 0.990 0.082 0.000 -0.002 -0.082 0.997 0.000 0.000 0.000 0.000 1.000]]
		[0.2727273 [0.995 -0.103 -0.006 0.000 0.103 0.991 0.081 0.000 -0.002 -0.081 0.997 0.000 0.000 0.000 0.000 1.000]]
		[0.2909091 [0.996 -0.091 -0.005 0.000 0.091 0.993 0.080 0.000 -0.002 -0.080 0.997 0.000 0.000 0.000 0.000 1.000]]
		[0.3090909 [0.997 -0.080 -0.004 0.000 0.080 0.994 0.079 0.000 -0.002 -0.079 0.997 0.000 0.000 0.000 0.000 1.000]]
		[0.3272727 [0.997 -0.075 -0.004 0.000 0.075 0.994 0.079 0.000 -0.002 -0.079 0.997 0.000 0.000 0.000 0.000 1.000]]
		[0.3454545 [0.997 -0.074 -0.004 0.000 0.074 0.994 0.079 0.000 -0.002 -0.079 0.997 0.000 0.000 0.000 0.000 1.000]]
		[0.3636364 [0.997 -0.074 -0.004 0.000 0.074 0.994 0.079 0.000 -0.002 -0.079 0.997 0.000 0.000 0.000 0.000 1.000]]
		[0.3818182 [0.997 -0.074 -0.004 0.000 0.074 0.994 0.079 0.000 -0.002 -0.079 0.997 0.000 0.000 0.000 0.000 1.000]]
		[0.4 [0.997 -0.074 -0.004 0.000 0.074 0.994 0.079 0.000 -0.002 -0.079 0.997 0.000 0.000 0.000 0.000 1.000]]
		[0.4181818 [0.997 -0.074 -0.004 0.000 0.074 0.994 0.079 0.000 -0.002 -0.079 0.997 0.000 0.000 0.000 0.000 1.000]]
		[0.4363636 [0.997 -0.074 -0.004 0.000 0.074 0.994 0.079 0.000 -0.002 -0.079 0.997 0.000 0.000 0.000 0.000 1.000]]
		[0.4545455 [0.997 -0.074 -0.004 0.000 0.074 0.994 0.079 0.000 -0.002 -0.079 0.997 0.000 0.000 0.000 0.000 1.000]]
		[0.4727273 [0.997 -0.074 -0.004 0.000 0.074 0.994 0.079 0.000 -0.002 -0.079 0.997 0.000 0.000 0.000 0.000 1.000]]
		[0.4909091 [0.997 -0.074 -0.004 0.000 0.074 0.994 0.079 0.000 -0.002 -0.079 0.997 0.000 0.000 0.000 0.000 1.000]]
		[0.5090909 [0.997 -0.075 -0.004 0.000 0.075 0.994 0.079 0.000 -0.002 -0.079 0.997 0.000 0.000 0.000 0.000 1.000]]
		[0.5272727 [0.997 -0.079 -0.004 0.000 0.080 0.994 0.079 0.000 -0.002 -0.079 0.997 0.000 0.000 0.000 0.000 1.000]]
		[0.5454546 [0.996 -0.088 -0.005 0.000 0.088 0.993 0.080 0.000 -0.002 -0.080 0.997 0.000 0.000 0.000 0.000 1.000]]
		[0.5636364 [0.995 -0.099 -0.006 0.000 0.099 0.992 0.081 0.000 -0.002 -0.081 0.997 0.000 0.000 0.000 0.000 1.000]]
		[0.5818182 [0.994 -0.111 -0.007 0.000 0.112 0.990 0.081 0.000 -0.002 -0.082 0.997 0.000 0.000 0.000 0.000 1.000]]
		[0.6 [0.992 -0.124 -0.008 0.000 0.124 0.989 0.082 0.000 -0.002 -0.083 0.997 0.000 0.000 0.000 0.000 1.000]]
		[0.6181818 [0.991 -0.135 -0.009 0.000 0.135 0.987 0.083 0.000 -0.002 -0.084 0.997 0.000 0.000 0.000 0.000 1.000]]
		[0.6363636 [0.990 -0.144 -0.010 0.000 0.144 0.986 0.084 0.000 -0.002 -0.084 0.996 0.000 0.000 0.000 0.000 1.000]]
		[0.6545454 [0.989 -0.150 -0.010 0.000 0.150 0.985 0.084 0.000 -0.002 -0.085 0.996 0.000 0.000 0.000 0.000 1.000]]
		[0.6727273 [0.989 -0.150 -0.011 0.000 0.151 0.985 0.084 0.000 -0.002 -0.085 0.996 0.000 0.000 0.000 0.000 1.000]]
		[0.6909091 [0.989 -0.145 -0.010 0.000 0.146 0.986 0.084 0.000 -0.002 -0.084 0.996 0.000 0.000 0.000 0.000 1.000]]
		[0.7090909 [0.991 -0.133 -0.009 0.000 0.134 0.988 0.083 0.000 -0.002 -0.083 0.997 0.000 0.000 0.000 0.000 1.000]]
		[0.7272727 [0.994 -0.113 -0.007 0.000 0.113 0.990 0.082 0.000 -0.002 -0.082 0.997 0.000 0.000 0.000 0.000 1.000]]
		[0.7454545 [0.997 -0.083 -0.005 0.000 0.083 0.993 0.080 0.000 -0.002 -0.080 0.997 0.000 0.000 0.000 0.000 1.000]]
		[0.7636364 [0.999 -0.041 -0.001 0.000 0.041 0.996 0.076 0.000 -0.002 -0.076 0.997 0.000 0.000 0.000 0.000 1.000]]
		[0.7818182 [1.000 0.015 0.002 0.000 -0.016 0.997 0.072 0.000 -0.001 -0.072 0.997 0.000 0.000 0.000 0.000 1.000]]
		[0.8 [0.996 0.084 0.007 0.000 -0.084 0.994 0.067 0.000 -0.001 -0.067 0.998 0.000 0.000 0.000 0.000 1.000]]
		[0.8181818 [0.987 0.161 0.010 0.000 -0.161 0.985 0.060 0.000 -0.001 -0.061 0.998 0.000 0.000 0.000 0.000 1.000]]
		[0.8363636 [0.970 0.243 0.013 0.000 -0.243 0.969 0.053 0.000 0.000 -0.055 0.998 0.000 0.000 0.000 0.000 1.000]]
		[0.8545455 [0.945 0.327 0.016 0.000 -0.327 0.944 0.046 0.000 0.000 -0.049 0.999 0.000 0.000 0.000 0.000 1.000]]
		[0.8727273 [0.912 0.409 0.016 0.000 -0.410 0.911 0.039 0.000 0.001 -0.042 0.999 0.000 0.000 0.000 0.000 1.000]]
		[0.8909091 [0.873 0.487 0.016 0.000 -0.487 0.873 0.032 0.000 0.001 -0.035 0.999 0.000 0.000 0.000 0.000 1.000]]
		[0.9090909 [0.830 0.557 0.015 0.000 -0.557 0.830 0.025 0.000 0.002 -0.029 1.000 0.000 0.000 0.000 0.000 1.000]]
		[0.9272727 [0.812 0.584 0.014 0.000 -0.584 0.811 0.023 0.000 0.002 -0.027 1.000 0.000 0.000 0.000 0.000 1.000]]
		[0.9454545 [0.812 0.584 0.014 0.000 -0.584 0.811 0.023 0.000 0.002 -0.027 1.000 0.000 0.000 0.000 0.000 1.000]]
		[0.9636363 [0.812 0.584 0.014 0.000 -0.584 0.811 0.023 0.000 0.002 -0.027 1.000 0.000 0.000 0.000 0.000 1.000]]
		[0.9818182 [0.812 0.584 0.014 0.000 -0.584 0.811 0.023 0.000 0.002 -0.027 1.000 0.000 0.000 0.000 0.000 1.000]]
	]
	"Koleno_P" [
		[0 [0.142 0.990 0.012 0.000 -0.990 0.142 -0.005 0.000 -0.007 -0.011 1.000 0.000 0.000 0.000 0.000 1.000]]
		[0.01818182 [0.279 0.960 0.012 0.000 -0.960 0.279 -0.004 0.000 -0.007 -0.011 1.000 0.000 0.000 0.000 0.000 1.000]]
		[0.03636364 [0.418 0.908 0.013 0.000 -0.908 0.419 -0.002 0.000 -0.007 -0.011 1.000 0.000 0.000 0.000 0.000 1.000]]
		[0.05454545 [0.553 0.833 0.013 0.000 -0.833 0.553 0.000 0.000 -0.007 -0.011 1.000 0.000 0.000 0.000 0.000 1.000]]
		[0.07272727 [0.675 0.738 0.012 0.000 -0.738 0.675 0.002 0.000 -0.007 -0.011 1.000 0.000 0.000 0.000 0.000 1.000]]
		[0.09090909 [0.778 0.628 0.012 0.000 -0.628 0.778 0.004 0.000 -0.007 -0.011 1.000 0.000 0.000 0.000 0.000 1.000]]
		[0.1090909 [0.859 0.512 0.011 0.000 -0.513 0.859 0.006 0.000 -0.007 -0.011 1.000 0.000 0.000 0.000 0.000 1.000]]
		[0.1272727 [0.917 0.399 0.010 0.000 -0.400 0.917 0.007 0.000 -0.007 -0.011 1.000 0.000 0.000 0.000 0.000 1.000]]
		[0.1454545 [0.955 0.298 0.010 0.000 -0.298 0.954 0.008 0.000 -0.007 -0.011 1.000 0.000 0.000 0.000 0.000 1.000]]
		[0.1636364 [0.976 0.216 0.009 0.000 -0.216 0.976 0.009 0.000 -0.007 -0.011 1.000 0.000 0.000 0.000 0.000 1.000]]
		[0.1818182 [0.987 0.160 0.008 0.000 -0.160 0.987 0.009 0.000 -0.007 -0.011 1.000 0.000 0.000 0.000 0.000 1.000]]
		[0.2 [0.992 0.128 0.008 0.000 -0.128 0.992 0.010 0.000 -0.007 -0.011 1.000 0.000 0.000 0.000 0.000 1.000]]
		[0.2181818 [0.993 0.116 0.008 0.000 -0.116 0.993 0.010 0.000 -0.007 -0.011 1.000 0.000 0.000 0.000 0.000 1.000]]
		[0.2363636 [0.993 0.120 0.008 0.000 -0.120 0.993 0.010 0.000 -0.007 -0.011 1.000 0.000 0.000 0.000 0.000 1.000]]
		[0.2545455 [0.991 0.134 0.008 0.000 -0.134 0.991 0.010 0.000 -0.007 -0.011 1.000 0.000 0.000 0.000 0.000 1.000]]
		[0.2727273 [0.988 0.154 0.008 0.000 -0.154 0.988 0.010 0.000 -0.007 -0.011 1.000 0.000 0.000 0.000 0.000 1.000]]
		[0.2909091 [0.984 0.176 0.009 0.000 -0.176 0.984 0.009 0.000 -0.007 -0.011 1.000 0.000 0.000 0.000 0.000 1.000]]
		[0.3090909 [0.981 0.194 0.009 0.000 -0.194 0.981 0.009 0.000 -0.007 -0.011 1.000 0.000 0.000 0.000 0.000 1.000]]
		[0.3272727 [0.979 0.204 0.009 0.000 -0.204 0.979 0.009 0.000 -0.007 -0.011 1.000 0.000 0.000 0.000 0.000 1.000]]
		[0.3454545 [0.979 0.205 0.009 0.000 -0.205 0.979 0.009 0.000 -0.007 -0.011 1.000 0.000 0.000 0.000 0.000 1.000]]
		[0.3636364 [0.979 0.205 0.009 0.000 -0.205 0.979 0.009 0.000 -0.007 -0.011 1.000 0.000 0.000 0.000 0.000 1.000]]
		[0.3818182 [0.979 0.205 0.009 0.000 -0.205 0.979 0.009 0.000 -0.007 -0.011 1.000 0.000 0.000 0.000 0.000 1.000]]
		[0.4 [0.979 0.205 0.009 0.000 -0.205 0.979 0.009 0.000 -0.007 -0.011 1.000 0.000 0.000 0.000 0.000 1.000]]
		[0.4181818 [0.979 0.205 0.009 0.000 -0.205 0.979 0.009 0.000 -0.007 -0.011 1.000 0.000 0.000 0.000 0.000 1.000]]
		[0.4363636 [0.979 0.205 0.009 0.000 -0.205 0.979 0.009 0.000 -0.007 -0.011 1.000 0.000 0.000 0.000 0.000 1.000]]
		[0.4545455 [0.979 0.205 0.009 0.000 -0.205 0.979 0.009 0.000 -0.007 -0.011 1.000 0.000 0.000 0.000 0.000 1.000]]
		[0.4727273 [0.979 0.205 0.009 0.000 -0.205 0.979 0.009 0.000 -0.007 -0.011 1.000 0.000 0.000 0.000 0.000 1.000]]
		[0.4909091 [0.979 0.205 0.009 0.000 -0.205 0.979 0.009 0.000 -0.007 -0.011 1.000 0.000 0.000 0.000 0.000 1.000]]
		[0.5090909 [0.979 0.204 0.009 0.000 -0.204 0.979 0.009 0.000 -0.007 -0.011 1.000 0.000 0.000 0.000 0.000 1.000]]
		[0.5272727 [0.981 0.195 0.009 0.000 -0.195 0.981 0.009 0.000 -0.007 -0.011 1.000 0.000 0.000 0.000 0.000 1.000]]
		[0.5454546 [0.984 0.181 0.009 0.000 -0.181 0.983 0.009 0.000 -0.007 -0.011 1.000 0.000 0.000 0.000 0.000 1.000]]
		[0.5636364 [0.987 0.161 0.008 0.000 -0.161 0.987 0.009 0.000 -0.007 -0.011 1.000 0.000 0.000 0.000 0.000 1.000]]
		[0.5818182 [0.990 0.140 0.008 0.000 -0.140 0.990 0.010 0.000 -0.007 -0.011 1.000 0.000 0.000 0.000 0.000 1.000]]
		[0.6 [0.993 0.118 0.008 0.000 -0.118 0.993 0.010 0.000 -0.007 -0.011 1.000 0.000 0.000 0.000 0.000 1.000]]
		[0.6181818 [0.995 0.098 0.008 0.000 -0.098 0.995 0.010 0.000 -0.007 -0.011 1.000 0.000 0.000 0.000 0.000 1.000]]
		[0.6363636 [0.997 0.082 0.008 0.000 -0.083 0.997 0.010 0.000 -0.007 -0.011 1.000 0.000 0.000 0.000 0.000 1.000]]
		[0.6545454 [0.997 0.073 0.008 0.000 -0.073 0.997 0.010 0.000 -0.007 -0.011 1.000 0.000 0.000 0.000 0.000 1.000]]
		[0.6727273 [0.997 0.071 0.008 0.000 -0.071 0.997 0.010 0.000 -0.007 -0.011 1.000 0.000 0.000 0.000 0.000 1.000]]
		[0.6909091 [0.997 0.080 0.008 0.000 -0.080 0.997 0.010 0.000 -0.007 -0.011 1.000 0.000 0.000 0.000 0.000 1.000]]
		[0.7090909 [0.995 0.101 0.008 0.000 -0.101 0.995 0.010 0.000 -0.007 -0.011 1.000 0.000 0.000 0.000 0.000 1.000]]
		[0.7272727 [0.991 0.137 0.008 0.000 -0.137 0.990 0.010 0.000 -0.007 -0.011 1.000 0.000 0.000 0.000 0.000 1.000]]
		[0.7454545 [0.982 0.189 0.009 0.000 -0.189 0.982 0.009 0.000 -0.007 -0.011 1.000 0.000 0.000 0.000 0.000 1.000]]
		[0.7636364 [0.965 0.261 0.009 0.000 -0.261 0.965 0.009 0.000 -0.007 -0.011 1.000 0.000 0.000 0.000 0.000 1.000]]
		[0.7818182 [0.935 0.355 0.010 0.000 -0.355 0.935 0.008 0.000 -0.007 -0.011 1.000 0.000 0.000 0.000 0.000 1.000]]
		[0.8 [0.885 0.465 0.011 0.000 -0.465 0.885 0.006 0.000 -0.007 -0.011 1.000 0.000 0.000 0.000 0.000 1.000]]
		[0.8181818 [0.814 0.580 0.012 0.000 -0.580 0.814 0.005 0.000 -0.007 -0.011 1.000 0.000 0.000 0.000 0.000 1.000]]
		[0.8363636 [0.721 0.693 0.012 0.000 -0.693 0.721 0.003 0.000 -0.007 -0.011 1.000 0.000 0.000 0.000 0.000 1.000]]
		[0.8545455 [0.606 0.795 0.013 0.000 -0.795 0.606 0.001 0.000 -0.007 -0.011 1.000 0.000 0.000 0.000 0.000 1.000]]
		[0.8727273 [0.476 0.879 0.013 0.000 -0.879 0.476 -0.001 0.000 -0.007 -0.011 1.000 0.000 0.000 0.000 0.000 1.000]]
		[0.8909091 [0.337 0.941 0.012 0.000 -0.941 0.337 -0.003 0.000 -0.007 -0.011 1.000 0.000 0.000 0.000 0.000 1.000]]
		[0.9090909 [0.199 0.980 0.012 0.000 -0.980 0.199 -0.005 0.000 -0.007 -0.011 1.000 0.000 0.000 0.000 0.000 1.000]]
		[0.9272727 [0.142 0.990 0.012 0.000 -0.990 0.142 -0.005 0.000 -0.007 -0.011 1.000 0.000 0.000 0.000 0.000 1.000]]
		[0.9454545 [0.142 0.990 0.012 0.000 -0.990 0.142 -0.005 0.000 -0.007 -0.011 1.000 0.000 0.000 0.000 0.000 1.000]]
		[0.9636363 [0.142 0.990 0.012 0.000 -0.990 0.142 -0.005 0.000 -0.007 -0.011 1.000 0.000 0.000 0.000 0.000 1.000]]
		[0.9818182 [0.142 0.990 0.012 0.000 -0.990 0.142 -0.005 0.000 -0.007 -0.011 1.000 0.000 0.000 0.000 0.000 1.000]]
	]
	"Koleno_P_end" [
		[0 [1.000 0.000 0.000 0.000 0.000 1.000 0.000 0.000 0.000 0.000 1.000 0.000 0.000 0.000 0.000 1.000]]
	]
	"Tors" [
		[0 [1.000 0.000 0.000 0.000 0.000 1.000 0.000 0.000 0.000 0.000 1.000 0.000 0.000 0.000 0.000 1.000]]
		[0.01818182 [1.000 0.000 0.000 0.000 0.000 1.000 -0.002 0.000 0.000 0.002 1.000 0.000 0.000 0.000 0.000 1.000]]
		[0.03636364 [1.000 0.000 0.000 0.000 0.000 1.000 -0.006 0.000 0.000 0.006 1.000 0.000 0.000 0.000 0.000 1.000]]
		[0.05454545 [1.000 0.000 0.000 0.000 0.000 1.000 -0.013 0.000 0.000 0.013 1.000 0.000 0.000 0.000 0.000 1.000]]
		[0.07272727 [1.000 0.000 0.000 0.000 0.000 1.000 -0.019 0.000 0.000 0.019 1.000 0.000 0.000 0.000 0.000 1.000]]
		[0.09090909 [1.000 0.000 0.000 0.000 0.000 1.000 -0.024 0.000 0.000 0.024 1.000 0.000 0.000 0.000 0.000 1.000]]
		[0.1090909 [1.000 0.000 0.000 0.000 0.000 1.000 -0.026 0.000 0.000 0.026 1.000 0.000 0.000 0.000 0.000 1.000]]
		[0.1272727 [1.000 0.000 0.000 0.000 0.000 1.000 -0.024 0.000 0.000 0.024 1.000 0.000 0.000 0.000 0.000 1.000]]
		[0.1454545 [1.000 0.000 0.000 0.000 0.000 1.000 -0.017 0.000 0.000 0.017 1.000 0.000 0.000 0.000 0.000 1.000]]
		[0.1636364 [1.000 0.000 0.000 0.000 0.000 1.000 -0.003 0.000 0.000 0.003 1.000 0.000 0.000 0.000 0.000 1.000]]
		[0.1818182 [1.000 0.000 0.000 0.000 0.000 1.000 0.021 0.000 0.000 -0.021 1.000 0.000 0.000 0.000 0.000 1.000]]
		[0.2 [1.000 0.000 0.000 0.000 0.000 0.998 0.059 0.000 0.000 -0.059 0.998 0.000 0.000 0.000 0.000 1.000]]
		[0.2181818 [1.000 0.000 0.000 0.000 0.000 0.994 0.105 0.000 0.000 -0.105 0.994 0.000 0.000 0.000 0.000 1.000]]
		[0.2363636 [1.000 0.000 0.000 0.000 0.000 0.988 0.156 0.000 0.000 -0.156 0.988 0.000 0.000 0.000 0.000 1.000]]
		[0.2545455 [1.000 0.000 0.000 0.000 0.000 0.978 0.208 0.000 0.000 -0.208 0.978 0.000 0.000 0.000 0.000 1.000]]
		[0.2727273 [1.000 0.000 0.000 0.000 0.000 0.967 0.256 0.000 0.000 -0.256 0.967 0.000 0.000 0.000 0.000 1.000]]
		[0.2909091 [1.000 0.000 0.000 0.000 0.000 0.955 0.297 0.000 0.000 -0.297 0.955 0.000 0.000 0.000 0.000 1.000]]
		[0.3090909 [1.000 0.000 0.000 0.000 0.000 0.945 0.326 0.000 0.000 -0.326 0.945 0.000 0.000 0.000 0.000 1.000]]
		[0.3272727 [1.000 0.000 0.000 0.000 0.000 0.940 0.341 0.000 0.000 -0.341 0.940 0.000 0.000 0.000 0.000 1.000]]
		[0.3454545 [1.000 0.000 0.000 0.000 0.000 0.941 0.338 0.000 0.000 -0.338 0.941 0.000 0.000 0.000 0.000 1.000]]
		[0.3636364 [1.000 0.000 0.000 0.000 0.000 0.948 0.318 0.000 0.000 -0.318 0.948 0.000 0.000 0.000 0.000 1.000]]
		[0.3818182 [1.000 0.000 0.000 0.000 0.000 0.959 0.284 0.000 0.000 -0.284 0.959 0.000 0.000 0.000 0.000 1.000]]
		[0.4 [1.000 0.000 0.000 0.000 0.000 0.971 0.241 0.000 0.000 -0.241 0.971 0.000 0.000 0.000 0.000 1.000]]
		[0.4181818 [1.000 0.000 0.000 0.000 0.000 0.982 0.191 0.000 0.000 -0.191 0.982 0.000 0.000 0.000 0.000 1.000]]
		[0.4363636 [1.000 0.000 0.000 0.000 0.000 0.990 0.139 0.000 0.000 -0.139 0.990 0.000 0.000 0.000 0.000 1.000]]
		[0.4545455 [1.000 0.000 0.000 0.000 0.000 0.996 0.089 0.000 0.000 -0.089 0.996 0.000 0.000 0.000 0.000 1.000]]
		[0.4727273 [1.000 0.000 0.000 0.000 0.000 0.999 0.045 0.000 0.000 -0.045 0.999 0.000 0.000 0.000 0.000 1.000]]
		[0.4909091 [1.000 0.000 0.000 0.000 0.000 1.000 0.012 0.000 0.000 -0.012 1.000 0.000 0.000 0.000 0.000 1.000]]
		[0.5090909 [1.000 0.000 0.000 0.000 0.000 1.000 -0.009 0.000 0.000 0.009 1.000 0.000 0.000 0.000 0.000 1.000]]
		[0.5272727 [1.000 0.000 0.000 0.000 0.000 1.000 -0.023 0.000 0.000 0.023 1.000 0.000 0.000 0.000 0.000 1.000]]
		[0.5454546 [1.000 0.000 0.000 0.000 0.000 0.999 -0.032 0.000 0.000 0.032 0.999 0.000 0.000 0.000 0.000 1.000]]
		[0.5636364 [1.000 0.000 0.000 0.000 0.000 0.999 -0.037 0.000 0.000 0.037 0.999 0.000 0.000 0.000 0.000 1.000]]
		[0.5818182 [1.000 0.000 0.000 0.000 0.000 0.999 -0.039 0.000 0.000 0.039 0.999 0.000 0.000 0.000 0.000 1.000]]
		[0.6 [1.000 0.000 0.000 0.000 0.000 0.999 -0.038 0.000 0.000 0.038 0.999 0.000 0.000 0.000 0.000 1.000]]
		[0.6181818 [1.000 0.000 0.000 0.000 0.000 0.999 -0.034 0.000 0.000 0.034 0.999 0.000 0.000 0.000 0.000 1.000]]
		[0.6363636 [1.000 0.000 0.000 0.000 0.000 1.000 -0.030 0.000 0.000 0.030 1.000 0.000 0.000 0.000 0.000 1.000]]
		[0.6545454 [1.000 0.000 0.000 0.000 0.000 1.000 -0.024 0.000 0.000 0.024 1.000 0.000 0.000 0.000 0.000 1.000]]
		[0.6727273 [1.000 0.000 0.000 0.000 0.000 1.000 -0.017 0.000 0.000 0.017 1.000 0.000 0.000 0.000 0.000 1.000]]
		[0.6909091 [1.000 0.000 0.000 0.000 0.000 1.000 -0.011 0.000 0.000 0.011 1.000 0.000 0.000 0.000 0.000 1.000]]
		[0.7090909 [1.000 0.000 0.000 0.000 0.000 1.000 -0.006 0.000 0.000 0.006 1.000 0.000 0.000 0.000 0.000 1.000]]
		[0.7272727 [1.000 0.000 0.000 0.000 0.000 1.000 -0.002 0.000 0.000 0.002 1.000 0.000 0.000 0.000 0.000 1.000]]
		[0.7454545 [1.000 0.000 0.000 0.000 0.000 1.000 0.000 0.000 0.000 0.000 1.000 0.000 0.000 0.000 0.000 1.000]]
		[0.7636364 [1.000 0.000 0.000 0.000 0.000 1.000 0.000 0.000 0.000 0.000 1.000 0.000 0.000 0.000 0.000 1.000]]
		[0.7818182 [1.000 0.000 0.000 0.000 0.000 1.000 0.000 0.000 0.000 0.000 1.000 0.000 0.000 0.000 0.000 1.000]]
		[0.8 [1.000 0.000 0.000 0.000 0.000 1.000 0.000 0.000 0.000 0.000 1.000 0.000 0.000 0.000 0.000 1.000]]
		[0.8181818 [1.000 0.000 0.000 0.000 0.000 1.000 0.000 0.000 0.000 0.000 1.000 0.000 0.000 0.000 0.000 1.000]]
		[0.8363636 [1.000 0.000 0.000 0.000 0.000 1.000 0.000 0.000 0.000 0.000 1.000 0.000 0.000 0.000 0.000 1.000]]
		[0.8545455 [1.000 0.000 0.000 0.000 0.000 1.000 0.000 0.000 0.000 0.000 1.000 0.000 0.000 0.000 0.000 1.000]]
		[0.8727273 [1.000 0.000 0.000 0.000 0.000 1.000 0.000 0.000 0.000 0.000 1.000 0.000 0.000 0.000 0.000 1.000]]
		[0.8909091 [1.000 0.000 0.000 0.000 0.000 1.000 0.000 0.000 0.000 0.000 1.000 0.000 0.000 0.000 0.000 1.000]]
		[0.9090909 [1.000 0.000 0.000 0.000 0.000 1.000 0.000 0.000 0.000 0.000 1.000 0.000 0.000 0.000 0.000 1.000]]
		[0.9272727 [1.000 0.000 0.000 0.000 0.000 1.000 0.000 0.000 0.000 0.000 1.000 0.000 0.000 0.000 0.000 1.000]]
		[0.9454545 [1.000 0.000 0.000 0.000 0.000 1.000 0.000 0.000 0.000 0.000 1.000 0.000 0.000 0.000 0.000 1.000]]
		[0.9636363 [1.000 0.000 0.000 0.000 0.000 1.000 0.000 0.000 0.000 0.000 1.000 0.000 0.000 0.000 0.000 1.000]]
		[0.9818182 [1.000 0.000 0.000 0.000 0.000 1.000 0.000 0.000 0.000 0.000 1.000 0.000 0.000 0.000 0.000 1.000]]
	]
	"Golova" [
		[0 [1.000 0.000 0.000 0.000 0.000 0.985 -0.174 0.000 0.000 0.174 0.985 0.000 0.000 0.000 0.000 1.000]]
		[0.01818182 [1.000 0.000 0.000 0.000 0.000 0.984 -0.177 0.000 0.000 0.177 0.984 0.000 0.000 0.000 0.000 1.000]]
		[0.03636364 [1.000 0.000 0.000 0.000 0.000 0.982 -0.186 0.000 0.000 0.186 0.982 0.000 0.000 0.000 0.000 1.000]]
		[0.05454545 [1.000 0.000 0.000 0.000 0.000 0.980 -0.198 0.000 0.000 0.198 0.980 0.000 0.000 0.000 0.000 1.000]]
		[0.07272727 [1.000 0.000 0.000 0.000 0.000 0.978 -0.210 0.000 0.000 0.210 0.978 0.000 0.000 0.000 0.000 1.000]]
		[0.09090909 [1.000 0.000 0.000 0.000 0.000 0.976 -0.220 0.000 0.000 0.220 0.976 0.000 0.000 0.000 0.000 1.000]]
		[0.1090909 [1.000 0.000 0.000 0.000 0.000 0.975 -0.224 0.000 0.000 0.224 0.975 0.000 0.000 0.000 0.000 1.000]]
		[0.1272727 [1.000 0.000 0.000 0.000 0.000 0.975 -0.221 0.000 0.000 0.221 0.975 0.000 0.000 0.000 0.000 1.000]]
		[0.1454545 [1.000 0.000 0.000 0.000 0.000 0.978 -0.207 0.000 0.000 0.207 0.978 0.000 0.000 0.000 0.000 1.000]]
		[0.1636364 [1.000 0.000 0.000 0.000 0.000 0.984 -0.180 0.000 0.000 0.180 0.984 0.000 0.000 0.000 0.000 1.000]]
		[0.1818182 [1.000 0.000 0.000 0.000 0.000 0.991 -0.132 0.000 0.000 0.132 0.991 0.000 0.000 0.000 0.000 1.000]]
		[0.2 [1.000 0.000 0.000 0.000 0.000 0.998 -0.057 0.000 0.000 0.057 0.998 0.000 0.000 0.000 0.000 1.000]]
		[0.2181818 [1.000 0.000 0.000 0.000 0.000 0.999 0.036 0.000 0.000 -0.036 0.999 0.000 0.000 0.000 0.000 1.000]]
		[0.2363636 [1.000 0.000 0.000 0.000 0.000 0.990 0.138 0.000 0.000 -0.138 0.990 0.000 0.000 0.000 0.000 1.000]]
		[0.2545455 [1.000 0.000 0.000 0.000 0.000 0.970 0.242 0.000 0.000 -0.242 0.970 0.000 0.000 0.000 0.000 1.000]]
		[0.2727273 [1.000 0.000 0.000 0.000 0.000 0.942 0.336 0.000 0.000 -0.336 0.942 0.000 0.000 0.000 0.000 1.000]]
