{ :name "TeleportSpell" :length 0.9166667 :bones { 
	"Skelet" [
		[ 0 [ 0 1 2 3 ] ]
		[ 0.01818182 [ 0 1 2 4 ] ]
		[ 0.03636364 [ 0 1 2 5 ] ]
		[ 0.05454545 [ 0 1 2 6 ] ]
		[ 0.07272727 [ 0 1 2 7 ] ]
		[ 0.09090909 [ 0 1 2 8 ] ]
		[ 0.1090909 [ 0 1 2 9 ] ]
		[ 0.1272727 [ 0 1 2 8 ] ]
		[ 0.1454545 [ 0 1 2 10 ] ]
		[ 0.1636364 [ 0 1 2 11 ] ]
		[ 0.1818182 [ 0 1 2 12 ] ]
		[ 0.2 [ 0 1 2 13 ] ]
		[ 0.2181818 [ 0 1 2 14 ] ]
		[ 0.2363636 [ 0 1 2 15 ] ]
		[ 0.2545455 [ 0 1 2 16 ] ]
		[ 0.2727273 [ 0 1 2 17 ] ]
		[ 0.2909091 [ 0 1 2 18 ] ]
		[ 0.3090909 [ 0 1 2 19 ] ]
		[ 0.3272727 [ 0 20 21 22 ] ]
		[ 0.3454545 [ 0 23 24 25 ] ]
		[ 0.3636364 [ 26 27 28 29 ] ]
		[ 0.3818182 [ 30 31 32 33 ] ]
		[ 0.4 [ 34 35 36 37 ] ]
		[ 0.4181818 [ 38 39 40 41 ] ]
		[ 0.4363636 [ 42 43 44 45 ] ]
		[ 0.4545455 [ 46 47 48 49 ] ]
		[ 0.4727273 [ 50 51 52 53 ] ]
		[ 0.4909091 [ 54 55 56 57 ] ]
		[ 0.5090909 [ 58 55 59 60 ] ]
		[ 0.5272727 [ 61 62 63 64 ] ]
		[ 0.5454546 [ 65 66 67 68 ] ]
		[ 0.5636364 [ 69 70 71 72 ] ]
		[ 0.5818182 [ 73 74 75 76 ] ]
		[ 0.6 [ 77 78 79 76 ] ]
		[ 0.6181818 [ 80 81 82 83 ] ]
		[ 0.6363636 [ 84 85 86 87 ] ]
		[ 0.6545454 [ 88 89 90 8 ] ]
		[ 0.6727273 [ 91 92 93 10 ] ]
		[ 0.6909091 [ 94 95 96 97 ] ]
		[ 0.7090909 [ 98 99 100 101 ] ]
		[ 0.7272727 [ 102 103 104 4 ] ]
		[ 0.7454545 [ 105 1 106 3 ] ]
		[ 0.7636364 [ 107 1 108 3 ] ]
		[ 0.7818182 [ 109 1 110 3 ] ]
		[ 0.8 [ 111 1 112 3 ] ]
		[ 0.8181818 [ 113 1 114 3 ] ]
		[ 0.8363636 [ 115 1 116 3 ] ]
		[ 0.8545455 [ 117 1 118 3 ] ]
		[ 0.8727273 [ 119 1 120 3 ] ]
		[ 0.8909091 [ 121 1 122 3 ] ]
		[ 0.9090909 [ 123 1 124 3 ] ]
		[ 0.9272727 [ 0 1 2 3 ] ]
		[ 0.9454545 [ 0 1 2 3 ] ]
		[ 0.9636363 [ 0 1 2 3 ] ]
		[ 0.9818182 [ 0 1 2 3 ] ]
	]
	"Bedro_L" [
		[ 0 [ 125 126 0 127 ] ]
		[ 0.01818182 [ 128 129 130 127 ] ]
		[ 0.03636364 [ 131 132 133 127 ] ]
		[ 0.05454545 [ 134 135 136 127 ] ]
		[ 0.07272727 [ 137 138 139 127 ] ]
		[ 0.09090909 [ 140 141 142 127 ] ]
		[ 0.1090909 [ 143 144 145 127 ] ]
		[ 0.1272727 [ 146 147 148 127 ] ]
		[ 0.1454545 [ 149 150 151 127 ] ]
		[ 0.1636364 [ 152 153 154 127 ] ]
		[ 0.1818182 [ 155 156 157 127 ] ]
		[ 0.2 [ 158 159 160 127 ] ]
		[ 0.2181818 [ 161 162 160 127 ] ]
		[ 0.2363636 [ 163 164 160 127 ] ]
		[ 0.2545455 [ 165 166 167 127 ] ]
		[ 0.2727273 [ 168 169 167 127 ] ]
		[ 0.2909091 [ 170 171 157 127 ] ]
		[ 0.3090909 [ 172 173 174 127 ] ]
		[ 0.3272727 [ 1 175 154 127 ] ]
		[ 0.3454545 [ 1 175 154 127 ] ]
		[ 0.3636364 [ 1 175 154 127 ] ]
		[ 0.3818182 [ 1 175 154 127 ] ]
		[ 0.4 [ 1 175 154 127 ] ]
		[ 0.4181818 [ 1 175 154 127 ] ]
		[ 0.4363636 [ 1 175 154 127 ] ]
		[ 0.4545455 [ 1 175 154 127 ] ]
		[ 0.4727273 [ 1 175 154 127 ] ]
		[ 0.4909091 [ 1 175 154 127 ] ]
		[ 0.5090909 [ 1 175 154 127 ] ]
		[ 0.5272727 [ 172 173 174 127 ] ]
		[ 0.5454546 [ 176 177 174 127 ] ]
		[ 0.5636364 [ 155 156 157 127 ] ]
		[ 0.5818182 [ 178 179 167 127 ] ]
		[ 0.6 [ 163 164 160 127 ] ]
		[ 0.6181818 [ 180 181 182 127 ] ]
		[ 0.6363636 [ 183 184 185 127 ] ]
		[ 0.6545454 [ 186 187 185 127 ] ]
		[ 0.6727273 [ 188 189 185 127 ] ]
		[ 0.6909091 [ 190 191 185 127 ] ]
		[ 0.7090909 [ 192 193 182 127 ] ]
		[ 0.7272727 [ 194 195 167 127 ] ]
		[ 0.7454545 [ 55 196 174 127 ] ]
		[ 0.7636364 [ 197 198 199 127 ] ]
		[ 0.7818182 [ 200 201 202 127 ] ]
		[ 0.8 [ 203 204 205 127 ] ]
		[ 0.8181818 [ 206 207 208 127 ] ]
		[ 0.8363636 [ 209 210 211 127 ] ]
		[ 0.8545455 [ 212 213 214 127 ] ]
		[ 0.8727273 [ 215 216 217 127 ] ]
		[ 0.8909091 [ 218 219 220 127 ] ]
		[ 0.9090909 [ 221 222 223 127 ] ]
		[ 0.9272727 [ 125 126 0 127 ] ]
		[ 0.9454545 [ 125 126 0 127 ] ]
		[ 0.9636363 [ 125 126 0 127 ] ]
		[ 0.9818182 [ 125 126 0 127 ] ]
	]
	"Koleno_L" [
		[ 0 [ 224 225 226 227 ] ]
		[ 0.01818182 [ 228 229 230 227 ] ]
		[ 0.03636364 [ 231 232 233 227 ] ]
		[ 0.05454545 [ 234 235 236 227 ] ]
		[ 0.07272727 [ 237 238 239 227 ] ]
		[ 0.09090909 [ 240 241 242 227 ] ]
		[ 0.1090909 [ 243 244 245 227 ] ]
		[ 0.1272727 [ 246 247 248 227 ] ]
		[ 0.1454545 [ 249 250 251 227 ] ]
		[ 0.1636364 [ 252 253 254 227 ] ]
		[ 0.1818182 [ 255 256 254 227 ] ]
		[ 0.2 [ 257 258 259 227 ] ]
		[ 0.2181818 [ 260 261 259 227 ] ]
		[ 0.2363636 [ 262 263 259 227 ] ]
		[ 0.2545455 [ 264 265 259 227 ] ]
		[ 0.2727273 [ 266 267 254 227 ] ]
		[ 0.2909091 [ 268 269 254 227 ] ]
		[ 0.3090909 [ 270 271 254 227 ] ]
		[ 0.3272727 [ 272 273 254 227 ] ]
		[ 0.3454545 [ 272 273 254 227 ] ]
		[ 0.3636364 [ 272 273 254 227 ] ]
		[ 0.3818182 [ 272 273 254 227 ] ]
		[ 0.4 [ 272 273 254 227 ] ]
		[ 0.4181818 [ 272 273 254 227 ] ]
		[ 0.4363636 [ 272 273 254 227 ] ]
		[ 0.4545455 [ 272 273 254 227 ] ]
		[ 0.4727273 [ 272 273 254 227 ] ]
		[ 0.4909091 [ 272 273 254 227 ] ]
		[ 0.5090909 [ 272 273 254 227 ] ]
		[ 0.5272727 [ 270 271 254 227 ] ]
		[ 0.5454546 [ 274 275 254 227 ] ]
		[ 0.5636364 [ 255 256 254 227 ] ]
		[ 0.5818182 [ 276 277 259 227 ] ]
		[ 0.6 [ 260 261 259 227 ] ]
		[ 0.6181818 [ 278 279 259 227 ] ]
		[ 0.6363636 [ 280 281 259 227 ] ]
		[ 0.6545454 [ 282 283 259 227 ] ]
		[ 0.6727273 [ 284 285 259 227 ] ]
		[ 0.6909091 [ 286 287 259 227 ] ]
		[ 0.7090909 [ 288 289 259 227 ] ]
		[ 0.7272727 [ 290 291 259 227 ] ]
		[ 0.7454545 [ 292 293 254 227 ] ]
		[ 0.7636364 [ 294 295 251 227 ] ]
		[ 0.7818182 [ 296 297 251 227 ] ]
		[ 0.8 [ 298 299 245 227 ] ]
		[ 0.8181818 [ 300 301 242 227 ] ]
		[ 0.8363636 [ 302 303 304 227 ] ]
		[ 0.8545455 [ 305 306 236 227 ] ]
		[ 0.8727273 [ 307 308 309 227 ] ]
		[ 0.8909091 [ 310 311 233 227 ] ]
		[ 0.9090909 [ 312 313 226 227 ] ]
		[ 0.9272727 [ 224 225 226 227 ] ]
		[ 0.9454545 [ 224 225 226 227 ] ]
		[ 0.9636363 [ 224 225 226 227 ] ]
		[ 0.9818182 [ 224 225 226 227 ] ]
	]
	"Koleno_L_end" [
		[ 0 [ 0 314 1 315 ] ]
	]
	"Bedro_P" [
		[ 0 [ 316 317 0 318 ] ]
		[ 0.01818182 [ 319 320 321 318 ] ]
		[ 0.03636364 [ 322 323 26 318 ] ]
		[ 0.05454545 [ 324 325 326 318 ] ]
		[ 0.07272727 [ 327 328 329 318 ] ]
		[ 0.09090909 [ 330 331 332 318 ] ]
		[ 0.1090909 [ 333 334 335 318 ] ]
		[ 0.1272727 [ 336 337 338 318 ] ]
		[ 0.1454545 [ 339 340 341 318 ] ]
		[ 0.1636364 [ 342 343 344 318 ] ]
		[ 0.1818182 [ 345 346 347 318 ] ]
		[ 0.2 [ 348 349 350 318 ] ]
		[ 0.2181818 [ 351 352 350 318 ] ]
		[ 0.2363636 [ 353 354 350 318 ] ]
		[ 0.2545455 [ 355 356 357 318 ] ]
		[ 0.2727273 [ 358 359 357 318 ] ]
		[ 0.2909091 [ 360 361 347 318 ] ]
		[ 0.3090909 [ 362 363 364 318 ] ]
		[ 0.3272727 [ 365 366 344 318 ] ]
		[ 0.3454545 [ 1 367 344 318 ] ]
		[ 0.3636364 [ 1 367 344 318 ] ]
		[ 0.3818182 [ 1 367 344 318 ] ]
		[ 0.4 [ 1 367 344 318 ] ]
		[ 0.4181818 [ 1 367 344 318 ] ]
		[ 0.4363636 [ 1 367 344 318 ] ]
		[ 0.4545455 [ 1 367 344 318 ] ]
		[ 0.4727273 [ 1 367 344 318 ] ]
		[ 0.4909091 [ 1 367 344 318 ] ]
		[ 0.5090909 [ 365 366 344 318 ] ]
		[ 0.5272727 [ 362 363 364 318 ] ]
		[ 0.5454546 [ 368 369 364 318 ] ]
		[ 0.5636364 [ 370 371 347 318 ] ]
		[ 0.5818182 [ 372 373 357 318 ] ]
		[ 0.6 [ 374 375 350 318 ] ]
		[ 0.6181818 [ 376 377 378 318 ] ]
		[ 0.6363636 [ 379 380 381 318 ] ]
		[ 0.6545454 [ 382 383 381 318 ] ]
		[ 0.6727273 [ 384 385 381 318 ] ]
		[ 0.6909091 [ 386 387 381 318 ] ]
		[ 0.7090909 [ 388 389 378 318 ] ]
		[ 0.7272727 [ 390 391 357 318 ] ]
		[ 0.7454545 [ 392 393 364 318 ] ]
		[ 0.7636364 [ 394 395 396 318 ] ]
		[ 0.7818182 [ 397 398 399 318 ] ]
		[ 0.8 [ 400 401 402 318 ] ]
		[ 0.8181818 [ 403 404 405 318 ] ]
		[ 0.8363636 [ 406 407 408 318 ] ]
		[ 0.8545455 [ 409 410 411 318 ] ]
		[ 0.8727273 [ 412 413 414 318 ] ]
		[ 0.8909091 [ 415 416 417 318 ] ]
		[ 0.9090909 [ 418 419 420 318 ] ]
		[ 0.9272727 [ 316 317 0 318 ] ]
		[ 0.9454545 [ 316 317 0 318 ] ]
		[ 0.9636363 [ 316 317 0 318 ] ]
		[ 0.9818182 [ 316 317 0 318 ] ]
	]
	"Koleno_P" [
		[ 0 [ 314 0 254 227 ] ]
		[ 0.01818182 [ 421 422 254 227 ] ]
		[ 0.03636364 [ 423 424 254 227 ] ]
		[ 0.05454545 [ 425 426 254 227 ] ]
		[ 0.07272727 [ 427 428 254 227 ] ]
		[ 0.09090909 [ 429 430 254 227 ] ]
		[ 0.1090909 [ 431 432 254 227 ] ]
		[ 0.1272727 [ 433 434 254 227 ] ]
		[ 0.1454545 [ 435 436 254 227 ] ]
		[ 0.1636364 [ 437 438 254 227 ] ]
		[ 0.1818182 [ 439 440 254 227 ] ]
		[ 0.2 [ 441 442 254 227 ] ]
		[ 0.2181818 [ 443 444 254 227 ] ]
		[ 0.2363636 [ 445 446 254 227 ] ]
		[ 0.2545455 [ 447 448 254 227 ] ]
		[ 0.2727273 [ 449 450 254 227 ] ]
		[ 0.2909091 [ 451 452 254 227 ] ]
		[ 0.3090909 [ 453 454 254 227 ] ]
		[ 0.3272727 [ 455 456 254 227 ] ]
		[ 0.3454545 [ 272 273 254 227 ] ]
		[ 0.3636364 [ 272 273 254 227 ] ]
		[ 0.3818182 [ 272 273 254 227 ] ]
		[ 0.4 [ 272 273 254 227 ] ]
		[ 0.4181818 [ 272 273 254 227 ] ]
		[ 0.4363636 [ 272 273 254 227 ] ]
		[ 0.4545455 [ 272 273 254 227 ] ]
		[ 0.4727273 [ 272 273 254 227 ] ]
		[ 0.4909091 [ 272 273 254 227 ] ]
		[ 0.5090909 [ 455 456 254 227 ] ]
		[ 0.5272727 [ 457 458 254 227 ] ]
		[ 0.5454546 [ 262 459 254 227 ] ]
		[ 0.5636364 [ 460 461 254 227 ] ]
		[ 0.5818182 [ 462 463 254 227 ] ]
		[ 0.6 [ 464 465 254 227 ] ]
		[ 0.6181818 [ 466 467 254 227 ] ]
		[ 0.6363636 [ 468 469 254 227 ] ]
		[ 0.6545454 [ 470 471 254 227 ] ]
		[ 0.6727273 [ 472 473 254 227 ] ]
		[ 0.6909091 [ 474 475 254 227 ] ]
		[ 0.7090909 [ 476 477 254 227 ] ]
		[ 0.7272727 [ 478 479 254 227 ] ]
		[ 0.7454545 [ 480 481 254 227 ] ]
		[ 0.7636364 [ 482 483 254 227 ] ]
		[ 0.7818182 [ 484 485 254 227 ] ]
		[ 0.8 [ 486 487 254 227 ] ]
		[ 0.8181818 [ 488 489 254 227 ] ]
		[ 0.8363636 [ 490 491 254 227 ] ]
		[ 0.8545455 [ 492 493 254 227 ] ]
		[ 0.8727273 [ 494 495 254 227 ] ]
		[ 0.8909091 [ 496 497 254 227 ] ]
		[ 0.9090909 [ 498 381 254 227 ] ]
		[ 0.9272727 [ 314 0 254 227 ] ]
		[ 0.9454545 [ 314 0 254 227 ] ]
		[ 0.9636363 [ 314 0 254 227 ] ]
		[ 0.9818182 [ 314 0 254 227 ] ]
	]
	"Koleno_P_end" [
		[ 0 [ 0 314 1 315 ] ]
	]
	"Tors" [
		[ 0 [ 0 314 1 499 ] ]
		[ 0.01818182 [ 0 500 501 499 ] ]
		[ 0.03636364 [ 0 502 362 499 ] ]
		[ 0.05454545 [ 0 503 504 499 ] ]
		[ 0.07272727 [ 0 505 506 499 ] ]
		[ 0.09090909 [ 0 507 508 499 ] ]
		[ 0.1090909 [ 0 509 510 499 ] ]
		[ 0.1272727 [ 0 507 508 499 ] ]
		[ 0.1454545 [ 0 511 512 499 ] ]
		[ 0.1636364 [ 0 513 172 499 ] ]
		[ 0.1818182 [ 0 514 515 499 ] ]
		[ 0.2 [ 0 516 517 499 ] ]
		[ 0.2181818 [ 0 518 519 499 ] ]
		[ 0.2363636 [ 0 520 521 499 ] ]
		[ 0.2545455 [ 0 522 523 499 ] ]
		[ 0.2727273 [ 0 524 525 499 ] ]
		[ 0.2909091 [ 0 526 527 499 ] ]
		[ 0.3090909 [ 0 528 529 499 ] ]
		[ 0.3272727 [ 0 530 531 499 ] ]
		[ 0.3454545 [ 0 532 533 499 ] ]
		[ 0.3636364 [ 0 534 535 499 ] ]
		[ 0.3818182 [ 0 536 537 499 ] ]
		[ 0.4 [ 0 538 539 499 ] ]
		[ 0.4181818 [ 0 540 541 499 ] ]
		[ 0.4363636 [ 0 542 543 499 ] ]
		[ 0.4545455 [ 0 544 545 499 ] ]
		[ 0.4727273 [ 0 546 547 499 ] ]
		[ 0.4909091 [ 0 548 549 499 ] ]
		[ 0.5090909 [ 0 550 392 499 ] ]
		[ 0.5272727 [ 0 551 552 499 ] ]
		[ 0.5454546 [ 0 553 554 499 ] ]
		[ 0.5636364 [ 0 555 556 499 ] ]
		[ 0.5818182 [ 0 557 558 499 ] ]
		[ 0.6 [ 0 559 560 499 ] ]
		[ 0.6181818 [ 0 561 562 499 ] ]
		[ 0.6363636 [ 0 563 564 499 ] ]
		[ 0.6545454 [ 0 507 508 499 ] ]
		[ 0.6727273 [ 0 511 512 499 ] ]
		[ 0.6909091 [ 0 565 23 499 ] ]
		[ 0.7090909 [ 0 502 362 499 ] ]
		[ 0.7272727 [ 0 500 501 499 ] ]
		[ 0.7454545 [ 0 314 1 499 ] ]
		[ 0.7636364 [ 0 314 1 499 ] ]
		[ 0.7818182 [ 0 314 1 499 ] ]
		[ 0.8 [ 0 314 1 499 ] ]
		[ 0.8181818 [ 0 314 1 499 ] ]
		[ 0.8363636 [ 0 314 1 499 ] ]
		[ 0.8545455 [ 0 314 1 499 ] ]
		[ 0.8727273 [ 0 314 1 499 ] ]
		[ 0.8909091 [ 0 314 1 499 ] ]
		[ 0.9090909 [ 0 314 1 499 ] ]
		[ 0.9272727 [ 0 314 1 499 ] ]
		[ 0.9454545 [ 0 314 1 499 ] ]
		[ 0.9636363 [ 0 314 1 499 ] ]
		[ 0.9818182 [ 0 314 1 499 ] ]
	]
	"Golova" [
		[ 0 [ 0 566 567 568 ] ]
		[ 0.01818182 [ 0 569 570 568 ] ]
		[ 0.03636364 [ 0 571 572 568 ] ]
		[ 0.05454545 [ 0 573 574 568 ] ]
		[ 0.07272727 [ 0 575 576 568 ] ]
		[ 0.09090909 [ 0 577 578 568 ] ]
		[ 0.1090909 [ 0 579 580 568 ] ]
		[ 0.1272727 [ 0 581 582 568 ] ]
		[ 0.1454545 [ 0 583 584 568 ] ]
		[ 0.1636364 [ 0 585 586 568 ] ]
		[ 0.1818182 [ 0 587 588 568 ] ]
		[ 0.2 [ 0 589 590 568 ] ]
		[ 0.2181818 [ 0 591 592 568 ] ]
		[ 0.2363636 [ 0 593 594 568 ] ]
		[ 0.2545455 [ 0 595 596 568 ] ]
		[ 0.2727273 [ 0 597 598 568 ] ]
		[ 0.2909091 [ 0 599 600 568 ] ]
		[ 0.3090909 [ 0 601 602 568 ] ]
		[ 0.3272727 [ 0 603 604 568 ] ]
		[ 0.3454545 [ 0 605 606 568 ] ]
		[ 0.3636364 [ 0 607 608 568 ] ]
		[ 0.3818182 [ 0 609 610 568 ] ]
		[ 0.4 [ 0 611 612 568 ] ]
		[ 0.4181818 [ 0 522 523 568 ] ]
		[ 0.4363636 [ 0 613 614 568 ] ]
		[ 0.4545455 [ 0 615 152 568 ] ]
		[ 0.4727273 [ 0 616 617 568 ] ]
		[ 0.4909091 [ 0 618 619 568 ] ]
		[ 0.5090909 [ 0 620 621 568 ] ]
		[ 0.5272727 [ 0 622 623 568 ] ]
		[ 0.5454546 [ 0 624 625 568 ] ]
		[ 0.5636364 [ 0 626 627 568 ] ]
		[ 0.5818182 [ 0 628 629 568 ] ]
		[ 0.6 [ 0 630 631 568 ] ]
		[ 0.6181818 [ 0 632 633 568 ] ]
		[ 0.6363636 [ 0 634 635 568 ] ]
		[ 0.6545454 [ 0 577 578 568 ] ]
		[ 0.6727273 [ 0 636 637 568 ] ]
		[ 0.6909091 [ 0 638 639 568 ] ]
		[ 0.7090909 [ 0 640 641 568 ] ]
		[ 0.7272727 [ 0 642 643 568 ] ]
		[ 0.7454545 [ 0 566 567 568 ] ]
		[ 0.7636364 [ 0 566 567 568 ] ]
		[ 0.7818182 [ 0 566 567 568 ] ]
		[ 0.8 [ 0 566 567 568 ] ]
		[ 0.8181818 [ 0 566 567 568 ] ]
		[ 0.8363636 [ 0 566 567 568 ] ]
		[ 0.8545455 [ 0 566 567 568 ] ]
		[ 0.8727273 [ 0 566 567 568 ] ]
		[ 0.8909091 [ 0 566 567 568 ] ]
		[ 0.9090909 [ 0 566 567 568 ] ]
		[ 0.9272727 [ 0 566 567 568 ] ]
		[ 0.9454545 [ 0 566 567 568 ] ]
		[ 0.9636363 [ 0 566 567 568 ] ]
		[ 0.9818182 [ 0 566 567 568 ] ]
	]
	"Golova_end" [
		[ 0 [ 0 314 1 644 ] ]
	]
	"Kluchitsa_L" [
		[ 0 [ 1 0 314 645 ] ]
	]
	"Kluchitsa_L_end" [
		[ 0 [ 0 314 1 646 ] ]
	]
	"Kluchitsa_P" [
		[ 0 [ 254 647 314 645 ] ]
	]
	"Kluchitsa_P_end" [
		[ 0 [ 0 314 1 646 ] ]
	]
	"Ruka_L" [
		[ 0 [ 648 649 650 651 ] ]
		[ 0.01818182 [ 648 652 653 651 ] ]
		[ 0.03636364 [ 648 654 655 651 ] ]
		[ 0.05454545 [ 648 656 657 651 ] ]
		[ 0.07272727 [ 648 658 659 651 ] ]
		[ 0.09090909 [ 648 660 661 651 ] ]
		[ 0.1090909 [ 648 662 663 651 ] ]
		[ 0.1272727 [ 648 664 665 651 ] ]
		[ 0.1454545 [ 648 666 667 651 ] ]
		[ 0.1636364 [ 648 668 669 651 ] ]
		[ 0.1818182 [ 670 671 672 651 ] ]
		[ 0.2 [ 673 674 675 651 ] ]
		[ 0.2181818 [ 676 677 678 651 ] ]
		[ 0.2363636 [ 679 680 681 651 ] ]
		[ 0.2545455 [ 682 683 684 651 ] ]
		[ 0.2727273 [ 685 686 687 651 ] ]
		[ 0.2909091 [ 688 689 690 651 ] ]
		[ 0.3090909 [ 691 692 693 651 ] ]
		[ 0.3272727 [ 694 695 696 651 ] ]
		[ 0.3454545 [ 697 698 699 651 ] ]
		[ 0.3636364 [ 700 701 702 651 ] ]
		[ 0.3818182 [ 703 704 705 651 ] ]
		[ 0.4 [ 706 707 708 651 ] ]
		[ 0.4181818 [ 709 710 711 651 ] ]
		[ 0.4363636 [ 712 713 714 651 ] ]
		[ 0.4545455 [ 715 716 717 651 ] ]
		[ 0.4727273 [ 718 719 720 651 ] ]
		[ 0.4909091 [ 721 722 723 651 ] ]
		[ 0.5090909 [ 724 725 726 651 ] ]
		[ 0.5272727 [ 727 728 729 651 ] ]
		[ 0.5454546 [ 730 731 732 651 ] ]
		[ 0.5636364 [ 733 734 735 651 ] ]
		[ 0.5818182 [ 736 737 738 651 ] ]
		[ 0.6 [ 739 740 741 651 ] ]
		[ 0.6181818 [ 742 743 744 651 ] ]
		[ 0.6363636 [ 745 746 747 651 ] ]
		[ 0.6545454 [ 748 749 750 651 ] ]
		[ 0.6727273 [ 751 752 753 651 ] ]
		[ 0.6909091 [ 754 755 756 651 ] ]
		[ 0.7090909 [ 757 758 759 651 ] ]
		[ 0.7272727 [ 760 761 762 651 ] ]
		[ 0.7454545 [ 763 764 765 651 ] ]
		[ 0.7636364 [ 766 767 768 651 ] ]
		[ 0.7818182 [ 769 770 771 651 ] ]
		[ 0.8 [ 772 773 774 651 ] ]
		[ 0.8181818 [ 775 776 777 651 ] ]
		[ 0.8363636 [ 778 779 780 651 ] ]
		[ 0.8545455 [ 781 782 783 651 ] ]
		[ 0.8727273 [ 784 785 786 651 ] ]
		[ 0.8909091 [ 787 788 789 651 ] ]
		[ 0.9090909 [ 790 791 792 651 ] ]
		[ 0.9272727 [ 648 649 650 651 ] ]
		[ 0.9454545 [ 648 649 650 651 ] ]
		[ 0.9636363 [ 648 649 650 651 ] ]
		[ 0.9818182 [ 648 649 650 651 ] ]
	]
	"Lokot_L" [
		[ 0 [ 793 794 795 796 ] ]
		[ 0.01818182 [ 793 794 795 796 ] ]
		[ 0.03636364 [ 793 794 795 796 ] ]
		[ 0.05454545 [ 793 794 795 796 ] ]
		[ 0.07272727 [ 793 794 795 796 ] ]
		[ 0.09090909 [ 793 794 795 796 ] ]
		[ 0.1090909 [ 793 794 795 796 ] ]
		[ 0.1272727 [ 793 794 795 796 ] ]
		[ 0.1454545 [ 793 794 795 796 ] ]
		[ 0.1636364 [ 793 794 795 796 ] ]
		[ 0.1818182 [ 797 798 795 796 ] ]
		[ 0.2 [ 799 800 795 796 ] ]
		[ 0.2181818 [ 801 802 803 796 ] ]
		[ 0.2363636 [ 804 805 803 796 ] ]
		[ 0.2545455 [ 806 807 803 796 ] ]
		[ 0.2727273 [ 808 809 803 796 ] ]
		[ 0.2909091 [ 810 811 803 796 ] ]
		[ 0.3090909 [ 812 813 803 796 ] ]
		[ 0.3272727 [ 814 815 795 796 ] ]
		[ 0.3454545 [ 816 817 795 796 ] ]
		[ 0.3636364 [ 818 819 820 796 ] ]
		[ 0.3818182 [ 821 822 823 796 ] ]
		[ 0.4 [ 824 825 826 796 ] ]
		[ 0.4181818 [ 827 828 829 796 ] ]
		[ 0.4363636 [ 830 831 832 796 ] ]
		[ 0.4545455 [ 833 834 172 796 ] ]
		[ 0.4727273 [ 835 836 365 796 ] ]
		[ 0.4909091 [ 837 838 1 796 ] ]
		[ 0.5090909 [ 839 840 1 796 ] ]
		[ 0.5272727 [ 841 842 20 796 ] ]
		[ 0.5454546 [ 843 844 20 796 ] ]
		[ 0.5636364 [ 845 846 847 796 ] ]
		[ 0.5818182 [ 848 849 847 796 ] ]
		[ 0.6 [ 850 851 847 796 ] ]
		[ 0.6181818 [ 852 853 847 796 ] ]
		[ 0.6363636 [ 854 855 847 796 ] ]
		[ 0.6545454 [ 856 857 847 796 ] ]
		[ 0.6727273 [ 858 859 847 796 ] ]
		[ 0.6909091 [ 860 861 847 796 ] ]
		[ 0.7090909 [ 862 863 20 796 ] ]
		[ 0.7272727 [ 864 865 20 796 ] ]
		[ 0.7454545 [ 866 867 1 796 ] ]
		[ 0.7636364 [ 868 869 365 796 ] ]
		[ 0.7818182 [ 870 871 365 796 ] ]
		[ 0.8 [ 872 873 172 796 ] ]
		[ 0.8181818 [ 874 875 832 796 ] ]
		[ 0.8363636 [ 876 877 829 796 ] ]
		[ 0.8545455 [ 878 879 826 796 ] ]
		[ 0.8727273 [ 880 881 823 796 ] ]
		[ 0.8909091 [ 882 883 884 796 ] ]
		[ 0.9090909 [ 885 886 795 796 ] ]
		[ 0.9272727 [ 793 794 795 796 ] ]
		[ 0.9454545 [ 793 794 795 796 ] ]
		[ 0.9636363 [ 793 794 795 796 ] ]
		[ 0.9818182 [ 793 794 795 796 ] ]
	]
	"Lokot_L_end" [
		[ 0 [ 0 314 1 887 ] ]
	]
	"Ruka_P" [
		[ 0 [ 888 889 890 891 ] ]
		[ 0.01818182 [ 888 892 893 891 ] ]
		[ 0.03636364 [ 888 894 895 891 ] ]
		[ 0.05454545 [ 888 896 897 891 ] ]
		[ 0.07272727 [ 888 898 899 891 ] ]
		[ 0.09090909 [ 888 900 901 891 ] ]
		[ 0.1090909 [ 888 902 903 891 ] ]
		[ 0.1272727 [ 888 904 905 891 ] ]
		[ 0.1454545 [ 888 906 907 891 ] ]
		[ 0.1636364 [ 888 908 909 891 ] ]
		[ 0.1818182 [ 910 911 912 891 ] ]
		[ 0.2 [ 913 914 915 891 ] ]
		[ 0.2181818 [ 916 917 918 891 ] ]
		[ 0.2363636 [ 919 920 921 891 ] ]
		[ 0.2545455 [ 922 923 924 891 ] ]
		[ 0.2727273 [ 925 926 927 891 ] ]
		[ 0.2909091 [ 928 929 930 891 ] ]
		[ 0.3090909 [ 931 932 933 891 ] ]
		[ 0.3272727 [ 934 935 936 891 ] ]
		[ 0.3454545 [ 937 938 939 891 ] ]
		[ 0.3636364 [ 940 941 942 891 ] ]
		[ 0.3818182 [ 943 944 945 891 ] ]
		[ 0.4 [ 946 947 948 891 ] ]
		[ 0.4181818 [ 949 950 951 891 ] ]
		[ 0.4363636 [ 952 953 954 891 ] ]
		[ 0.4545455 [ 955 956 957 891 ] ]
		[ 0.4727273 [ 958 959 960 891 ] ]
		[ 0.4909091 [ 961 962 963 891 ] ]
		[ 0.5090909 [ 964 965 966 891 ] ]
		[ 0.5272727 [ 967 968 969 891 ] ]
		[ 0.5454546 [ 970 971 972 891 ] ]
		[ 0.5636364 [ 973 974 975 891 ] ]
		[ 0.5818182 [ 976 977 978 891 ] ]
		[ 0.6 [ 979 980 981 891 ] ]
		[ 0.6181818 [ 982 983 984 891 ] ]
		[ 0.6363636 [ 985 986 987 891 ] ]
		[ 0.6545454 [ 988 989 990 891 ] ]
		[ 0.6727273 [ 991 992 993 891 ] ]
		[ 0.6909091 [ 994 995 996 891 ] ]
		[ 0.7090909 [ 997 998 999 891 ] ]
		[ 0.7272727 [ 1000 1001 1002 891 ] ]
		[ 0.7454545 [ 1003 1004 1005 891 ] ]
		[ 0.7636364 [ 1006 1007 1008 891 ] ]
		[ 0.7818182 [ 1009 1010 1011 891 ] ]
		[ 0.8 [ 1012 1013 1014 891 ] ]
		[ 0.8181818 [ 775 1015 1016 891 ] ]
		[ 0.8363636 [ 1017 1018 1019 891 ] ]
		[ 0.8545455 [ 1020 1021 1022 891 ] ]
		[ 0.8727273 [ 1023 1024 1025 891 ] ]
		[ 0.8909091 [ 1026 1027 1028 891 ] ]
		[ 0.9090909 [ 1029 1030 1031 891 ] ]
		[ 0.9272727 [ 888 889 890 891 ] ]
		[ 0.9454545 [ 888 889 890 891 ] ]
		[ 0.9636363 [ 888 889 890 891 ] ]
		[ 0.9818182 [ 888 889 890 891 ] ]
	]
	"Lokot_P" [
		[ 0 [ 1032 1033 1034 796 ] ]
		[ 0.01818182 [ 1032 1033 1034 796 ] ]
		[ 0.03636364 [ 1032 1033 1034 796 ] ]
		[ 0.05454545 [ 1032 1033 1034 796 ] ]
		[ 0.07272727 [ 1032 1033 1034 796 ] ]
		[ 0.09090909 [ 1032 1033 1034 796 ] ]
		[ 0.1090909 [ 1032 1033 1034 796 ] ]
		[ 0.1272727 [ 1032 1033 1034 796 ] ]
		[ 0.1454545 [ 1032 1033 1034 796 ] ]
		[ 0.1636364 [ 1035 1033 1034 796 ] ]
		[ 0.1818182 [ 1036 1037 1038 796 ] ]
		[ 0.2 [ 1039 1040 1041 796 ] ]
		[ 0.2181818 [ 1042 1043 1044 796 ] ]
		[ 0.2363636 [ 1045 1046 1047 796 ] ]
		[ 0.2545455 [ 1048 1049 1050 796 ] ]
		[ 0.2727273 [ 1051 1052 1053 796 ] ]
		[ 0.2909091 [ 1054 1055 1056 796 ] ]
		[ 0.3090909 [ 1057 1058 1047 796 ] ]
		[ 0.3272727 [ 1059 1060 1041 796 ] ]
		[ 0.3454545 [ 1061 1062 1063 796 ] ]
		[ 0.3636364 [ 1064 1065 1066 796 ] ]
		[ 0.3818182 [ 1067 1068 1069 796 ] ]
		[ 0.4 [ 1070 1071 1072 796 ] ]
		[ 0.4181818 [ 1073 1074 1075 796 ] ]
		[ 0.4363636 [ 1076 1077 1078 796 ] ]
		[ 0.4545455 [ 1079 1080 1081 796 ] ]
		[ 0.4727273 [ 1082 1083 1084 796 ] ]
		[ 0.4909091 [ 1085 1086 1087 796 ] ]
		[ 0.5090909 [ 1088 1089 1090 796 ] ]
		[ 0.5272727 [ 1091 1092 1093 796 ] ]
		[ 0.5454546 [ 1094 1095 1096 796 ] ]
		[ 0.5636364 [ 1097 1098 1099 796 ] ]
		[ 0.5818182 [ 1100 1101 1102 796 ] ]
		[ 0.6 [ 1103 1104 1105 796 ] ]
		[ 0.6181818 [ 1106 1107 1108 796 ] ]
		[ 0.6363636 [ 1109 1110 1111 796 ] ]
		[ 0.6545454 [ 1112 1113 1105 796 ] ]
		[ 0.6727273 [ 1114 1115 1116 796 ] ]
		[ 0.6909091 [ 1117 1118 1119 796 ] ]
		[ 0.7090909 [ 1120 1121 1122 796 ] ]
		[ 0.7272727 [ 1123 1124 1125 796 ] ]
		[ 0.7454545 [ 1126 1127 1128 796 ] ]
		[ 0.7636364 [ 1129 1130 1131 796 ] ]
		[ 0.7818182 [ 1132 1133 1134 796 ] ]
		[ 0.8 [ 1135 1136 1081 796 ] ]
		[ 0.8181818 [ 1137 1138 1139 796 ] ]
		[ 0.8363636 [ 1140 1141 1142 796 ] ]
		[ 0.8545455 [ 1143 1144 1145 796 ] ]
		[ 0.8727273 [ 1146 1147 1148 796 ] ]
		[ 0.8909091 [ 1149 1150 1151 796 ] ]
		[ 0.9090909 [ 1152 1153 1154 796 ] ]
		[ 0.9272727 [ 1032 1033 1034 796 ] ]
		[ 0.9454545 [ 1032 1033 1034 796 ] ]
		[ 0.9636363 [ 1032 1033 1034 796 ] ]
		[ 0.9818182 [ 1032 1033 1034 796 ] ]
	]
	"Lokot_P_end" [
		[ 0 [ 0 314 1 887 ] ]
	]
	"Camera" [
		[ 0 [ 1155 1156 1157 1158 ] ]
	]
	"Lamp" [
		[ 0 [ 1159 1160 1161 1162 ] ]
	]
	"Mag" [
		[ 0 [ 1163 1164 1165 1165 ] ]
	]
	}
	:resources [
		[1.000 0.000 0.000]
		[0.000 0.000 1.000]
		[0.000 -1.000 0.000]
		[0.000 0.000 0.100]
		[0.000 0.000 0.099]
		[0.000 0.000 0.096]
		[0.000 0.000 0.093]
		[0.000 0.000 0.089]
		[0.000 0.000 0.086]
		[0.000 0.000 0.085]
		[0.000 0.000 0.090]
		[0.000 0.000 0.098]
		[0.000 0.000 0.112]
		[0.000 0.000 0.134]
		[0.000 0.000 0.160]
		[0.000 0.000 0.190]
		[0.000 0.000 0.220]
		[0.000 0.000 0.248]
		[0.000 0.000 0.273]
		[0.000 0.000 0.290]
		[0.000 -0.001 1.000]
		[0.000 -1.000 -0.001]
		[0.000 0.000 0.299]
		[0.000 0.011 1.000]
		[0.000 -1.000 0.011]
		[0.000 0.000 0.297]
		[1.000 0.012 0.000]
		[0.000 0.056 0.998]
		[0.012 -0.998 0.056]
		[0.000 0.000 0.285]
		[0.999 0.048 -0.003]
		[-0.003 0.116 0.993]
		[0.048 -0.992 0.116]
		[0.000 0.000 0.265]
		[0.994 0.111 -0.009]
		[-0.009 0.166 0.986]
		[0.111 -0.980 0.166]
		[0.000 0.000 0.239]
		[0.982 0.189 -0.018]
		[-0.018 0.183 0.983]
		[0.189 -0.965 0.183]
		[0.000 0.000 0.210]
		[0.967 0.255 -0.021]
		[-0.021 0.159 0.987]
		[0.255 -0.954 0.159]
		[0.000 0.000 0.180]
		[0.960 0.278 -0.015]
		[-0.015 0.104 0.994]
		[0.278 -0.955 0.104]
		[0.000 0.000 0.151]
		[0.972 0.233 -0.005]
		[-0.005 0.044 0.999]
		[0.233 -0.971 0.044]
		[0.000 0.000 0.126]
		[0.995 0.102 0.000]
		[0.000 0.005 1.000]
		[0.102 -0.995 0.005]
		[0.000 0.000 0.107]
		[0.992 -0.126 0.000]
		[-0.126 -0.992 0.005]
		[0.000 0.000 0.095]
		[0.903 -0.430 0.010]
		[0.010 0.044 0.999]
		[-0.430 -0.902 0.044]
		[0.000 0.000 0.087]
		[0.670 -0.741 0.048]
		[0.048 0.107 0.993]
		[-0.741 -0.663 0.107]
		[0.000 0.000 0.082]
		[0.281 -0.952 0.121]
		[0.121 0.160 0.980]
		[-0.952 -0.260 0.160]
		[0.000 0.000 0.079]
		[-0.207 -0.955 0.213]
		[0.213 0.168 0.962]
		[-0.955 0.245 0.168]
		[0.000 0.000 0.078]
		[-0.663 -0.693 0.285]
		[0.285 0.119 0.951]
		[-0.693 0.712 0.119]
		[-0.930 -0.210 0.301]
		[0.301 0.033 0.953]
		[-0.210 0.977 0.033]
		[0.000 0.000 0.080]
		[-0.903 0.345 0.254]
		[0.254 -0.046 0.966]
		[0.345 0.937 -0.046]
		[0.000 0.000 0.083]
		[-0.590 0.789 0.170]
		[0.170 -0.084 0.982]
		[0.789 0.608 -0.084]
		[-0.109 0.990 0.087]
		[0.087 -0.077 0.993]
		[0.990 0.115 -0.077]
		[0.376 0.926 0.031]
		[0.031 -0.047 0.998]
		[0.926 -0.375 -0.047]
		[0.000 0.000 0.094]
		[0.739 0.673 0.007]
		[0.007 -0.018 1.000]
		[0.673 -0.739 -0.018]
		[0.000 0.000 0.097]
		[0.936 0.351 0.001]
		[0.001 -0.003 1.000]
		[0.351 -0.936 -0.003]
		[0.998 0.060 0.000]
		[0.060 -0.998 0.000]
		[0.990 -0.144 0.000]
		[-0.144 -0.990 0.000]
		[0.966 -0.259 0.000]
		[-0.259 -0.966 0.000]
		[0.953 -0.303 0.000]
		[-0.303 -0.953 0.000]
		[0.956 -0.295 0.000]
		[-0.295 -0.956 0.000]
		[0.968 -0.249 0.000]
		[-0.249 -0.968 0.000]
		[0.983 -0.182 0.000]
		[-0.182 -0.983 0.000]
		[0.994 -0.107 0.000]
		[-0.107 -0.994 0.000]
		[0.999 -0.042 0.000]
		[-0.042 -0.999 0.000]
		[1.000 -0.007 0.000]
		[-0.007 -1.000 0.000]
		[0.000 -0.342 0.940]
		[0.000 -0.940 -0.342]
		[0.123 -0.038 0.000]
		[-0.002 -0.304 0.953]
		[-0.006 -0.953 -0.304]
		[1.000 -0.006 0.000]
		[-0.003 -0.263 0.965]
		[-0.012 -0.965 -0.263]
		[1.000 -0.012 0.000]
		[-0.004 -0.220 0.975]
		[-0.019 -0.975 -0.220]
		[1.000 -0.019 0.000]
		[-0.005 -0.177 0.984]
		[-0.025 -0.984 -0.177]
		[1.000 -0.026 0.000]
		[-0.004 -0.135 0.991]
		[-0.032 -0.990 -0.135]
		[0.999 -0.032 0.000]
		[-0.004 -0.095 0.996]
		[-0.038 -0.995 -0.095]
		[0.999 -0.038 0.000]
		[-0.003 -0.058 0.998]
		[-0.044 -0.997 -0.058]
		[0.999 -0.044 0.000]
		[-0.001 -0.027 1.000]
		[-0.048 -0.998 -0.027]
		[0.999 -0.048 0.000]
		[0.000 -0.003 1.000]
		[-0.052 -0.999 -0.003]
		[0.999 -0.052 0.000]
		[0.001 0.013 1.000]
		[-0.054 -0.998 0.013]
		[0.999 -0.054 0.000]
		[0.001 0.022 1.000]
		[-0.056 -0.998 0.022]
		[0.998 -0.056 0.000]
		[0.001 0.026 1.000]
		[-0.056 -0.998 0.026]
		[0.001 0.025 1.000]
		[-0.056 -0.998 0.025]
		[0.001 0.021 1.000]
		[-0.055 -0.998 0.021]
		[0.998 -0.055 0.000]
		[0.001 0.015 1.000]
		[-0.055 -0.998 0.015]
		[0.000 0.008 1.000]
		[-0.054 -0.999 0.008]
		[0.000 0.003 1.000]
		[-0.053 -0.999 0.003]
		[0.999 -0.053 0.000]
		[-0.052 -0.999 0.000]
		[0.000 0.007 1.000]
		[-0.053 -0.999 0.007]
		[0.001 0.019 1.000]
		[-0.055 -0.998 0.019]
		[0.002 0.031 1.000]
		[-0.057 -0.998 0.031]
		[0.998 -0.057 0.000]
		[0.002 0.035 0.999]
		[-0.058 -0.998 0.035]
		[0.998 -0.058 0.000]
		[0.002 0.038 0.999]
		[-0.058 -0.998 0.038]
		[0.002 0.039 0.999]
		[-0.058 -0.998 0.039]
		[0.002 0.036 0.999]
		[-0.058 -0.998 0.036]
		[0.002 0.030 1.000]
		[-0.057 -0.998 0.030]
		[0.001 0.020 1.000]
		[-0.055 -0.998 0.020]
		[-0.053 -0.999 0.005]
		[-0.001 -0.017 1.000]
		[-0.050 -0.999 -0.017]
		[0.999 -0.050 0.000]
		[-0.002 -0.045 0.999]
		[-0.046 -0.998 -0.045]
		[0.999 -0.046 0.000]
		[-0.003 -0.079 0.997]
		[-0.040 -0.996 -0.079]
		[0.999 -0.040 0.000]
		[-0.004 -0.118 0.993]
		[-0.034 -0.992 -0.118]
		[0.999 -0.035 0.000]
		[-0.005 -0.159 0.987]
		[-0.028 -0.987 -0.159]
		[1.000 -0.028 0.000]
		[-0.004 -0.202 0.979]
		[-0.021 -0.979 -0.202]
		[1.000 -0.022 0.000]
		[-0.004 -0.246 0.969]
		[-0.015 -0.969 -0.246]
		[1.000 -0.015 0.000]
		[-0.002 -0.287 0.958]
		[-0.008 -0.958 -0.287]
		[1.000 -0.009 0.000]
		[-0.001 -0.327 0.945]
		[-0.002 -0.945 -0.327]
		[1.000 -0.002 0.000]
		[-0.766 0.643 -0.007]
		[0.643 0.766 -0.009]
		[0.000 -0.011 -1.000]
		[0.000 0.532 0.000]
		[-0.791 0.612 -0.006]
		[0.612 0.791 -0.008]
		[0.000 -0.010 -1.000]
		[-0.816 0.577 -0.005]
		[0.577 0.816 -0.007]
		[0.000 -0.009 -1.000]
		[-0.841 0.541 -0.004]
		[0.541 0.841 -0.006]
		[0.000 -0.007 -1.000]
		[-0.864 0.503 -0.003]
		[0.503 0.864 -0.005]
		[0.000 -0.006 -1.000]
		[-0.885 0.465 -0.002]
		[0.465 0.885 -0.004]
		[0.000 -0.004 -1.000]
		[-0.903 0.429 -0.001]
		[0.429 0.903 -0.003]
		[0.000 -0.003 -1.000]
		[-0.918 0.396 -0.001]
		[0.396 0.918 -0.002]
		[0.000 -0.002 -1.000]
		[-0.930 0.368 0.000]
		[0.368 0.930 -0.001]
		[0.000 -0.001 -1.000]
		[-0.939 0.345 0.000]
		[0.345 0.939 0.000]
		[0.000 0.000 -1.000]
		[-0.944 0.330 0.000]
		[0.330 0.944 0.000]
		[-0.947 0.321 0.000]
		[0.321 0.947 0.001]
		[0.000 0.001 -1.000]
		[-0.948 0.318 0.000]
		[0.318 0.948 0.001]
		[-0.948 0.319 0.000]
		[0.319 0.948 0.001]
		[-0.947 0.323 0.000]
		[0.323 0.947 0.001]
		[-0.945 0.328 0.000]
		[0.328 0.945 0.000]
		[-0.943 0.334 0.000]
		[0.334 0.943 0.000]
		[-0.941 0.339 0.000]
		[0.339 0.941 0.000]
		[-0.940 0.342 0.000]
		[0.342 0.940 0.000]
		[-0.942 0.335 0.000]
		[0.335 0.942 0.000]
		[-0.946 0.324 0.000]
		[0.324 0.946 0.001]
		[-0.950 0.313 0.000]
		[0.313 0.950 0.001]
		[-0.951 0.309 0.000]
		[0.309 0.951 0.001]
		[-0.952 0.306 0.000]
		[0.306 0.952 0.001]
		[-0.952 0.305 0.000]
		[0.305 0.952 0.001]
		[-0.951 0.308 0.000]
		[0.308 0.951 0.001]
		[-0.950 0.314 0.000]
		[0.314 0.950 0.001]
		[-0.946 0.323 0.000]
		[0.323 0.946 0.001]
		[-0.941 0.338 0.000]
		[0.338 0.941 0.000]
		[-0.934 0.358 0.000]
		[0.358 0.934 0.000]
		[-0.923 0.384 -0.001]
		[0.384 0.923 -0.001]
		[-0.910 0.415 -0.001]
		[0.415 0.910 -0.002]
		[-0.893 0.450 -0.002]
		[0.450 0.893 -0.003]
		[-0.873 0.487 -0.003]
		[0.487 0.873 -0.005]
		[0.000 -0.005 -1.000]
		[-0.851 0.525 -0.003]
		[0.525 0.851 -0.006]
		[-0.827 0.562 -0.004]
		[0.562 0.827 -0.007]
		[0.000 -0.008 -1.000]
		[-0.802 0.598 -0.006]
		[0.598 0.802 -0.008]
		[-0.777 0.630 -0.007]
		[0.630 0.776 -0.008]
		[0.000 1.000 0.000]
		[0.000 0.578 0.000]
		[0.000 -0.643 0.766]
		[0.000 -0.766 -0.643]
		[-0.123 -0.038 0.000]
		[0.003 -0.580 0.815]
		[0.005 -0.815 -0.580]
		[1.000 0.006 0.000]
		[0.006 -0.508 0.861]
		[0.011 -0.861 -0.508]
		[0.008 -0.430 0.903]
		[0.017 -0.903 -0.430]
		[1.000 0.019 0.000]
		[0.009 -0.348 0.937]
		[0.024 -0.937 -0.349]
		[1.000 0.026 0.000]
		[0.009 -0.267 0.964]
		[0.031 -0.963 -0.267]
		[0.999 0.032 0.000]
		[0.007 -0.188 0.982]
		[0.037 -0.981 -0.188]
		[0.999 0.038 0.000]
		[0.005 -0.117 0.993]
		[0.043 -0.992 -0.117]
		[0.999 0.044 0.000]
		[0.003 -0.055 0.998]
		[0.048 -0.997 -0.055]
		[0.999 0.048 0.000]
		[0.000 -0.007 1.000]
		[0.052 -0.999 -0.007]
		[0.999 0.052 0.000]
		[-0.001 0.026 1.000]
		[0.054 -0.998 0.026]
		[0.999 0.054 0.000]
		[-0.002 0.045 0.999]
		[0.056 -0.997 0.045]
		[0.998 0.056 0.000]
		[-0.003 0.051 0.999]
		[0.056 -0.997 0.052]
		[-0.003 0.049 0.999]
		[0.056 -0.997 0.049]
		[-0.002 0.041 0.999]
		[0.055 -0.998 0.041]
		[0.998 0.055 0.000]
		[-0.002 0.029 1.000]
		[0.055 -0.998 0.029]
		[-0.001 0.017 1.000]
		[0.054 -0.998 0.017]
		[0.000 0.006 1.000]
		[0.053 -0.999 0.006]
		[0.999 0.053 0.000]
		[0.000 0.001 1.000]
		[0.052 -0.999 0.001]
		[0.052 -0.999 0.000]
		[-0.001 0.014 1.000]
		[0.053 -0.998 0.014]
		[-0.001 0.025 1.000]
		[0.054 -0.998 0.025]
		[-0.002 0.038 0.999]
		[0.055 -0.998 0.038]
		[-0.003 0.050 0.999]
		[0.056 -0.997 0.050]
		[-0.004 0.062 0.998]
		[0.057 -0.996 0.062]
		[0.998 0.057 0.000]
		[-0.004 0.071 0.997]
		[0.057 -0.996 0.071]
		[0.998 0.058 0.000]
		[-0.004 0.076 0.997]
		[0.058 -0.995 0.076]
		[-0.004 0.077 0.997]
		[0.058 -0.995 0.077]
		[-0.004 0.072 0.997]
		[0.058 -0.996 0.072]
		[-0.003 0.060 0.998]
		[0.057 -0.997 0.060]
		[-0.002 0.039 0.999]
		[0.055 -0.998 0.039]
		[0.000 0.009 1.000]
		[0.053 -0.999 0.009]
		[0.002 -0.033 0.999]
		[0.050 -0.998 -0.033]
		[0.999 0.050 0.000]
		[0.004 -0.089 0.996]
		[0.045 -0.995 -0.090]
		[0.999 0.046 0.000]
		[0.006 -0.157 0.988]
		[0.040 -0.987 -0.157]
		[0.999 0.040 0.000]
		[0.008 -0.233 0.972]
		[0.034 -0.972 -0.234]
		[0.999 0.035 0.000]
		[0.009 -0.314 0.949]
		[0.027 -0.949 -0.314]
		[1.000 0.028 0.000]
		[0.009 -0.396 0.918]
		[0.020 -0.918 -0.396]
		[1.000 0.022 0.000]
		[0.007 -0.476 0.879]
		[0.013 -0.879 -0.476]
		[1.000 0.015 0.000]
		[0.005 -0.551 0.835]
		[0.007 -0.835 -0.551]
		[1.000 0.009 0.000]
		[0.002 -0.617 0.787]
		[0.002 -0.787 -0.617]
		[1.000 0.002 0.000]
		[-0.139 0.990 0.000]
		[0.990 0.139 0.000]
		[-0.285 0.958 0.000]
		[0.958 0.285 0.000]
		[-0.429 0.903 0.000]
		[0.903 0.429 0.000]
		[-0.564 0.826 0.000]
		[0.826 0.564 0.000]
		[-0.681 0.732 0.000]
		[0.732 0.681 0.000]
		[-0.777 0.629 0.000]
		[0.629 0.777 0.000]
		[-0.851 0.526 0.000]
		[0.526 0.851 0.000]
		[-0.902 0.431 0.000]
		[0.431 0.902 0.000]
		[-0.936 0.353 0.000]
		[0.353 0.936 0.000]
		[-0.954 0.299 0.000]
		[0.299 0.954 0.000]
		[-0.964 0.268 0.000]
		[0.268 0.964 0.000]
		[-0.967 0.256 0.000]
		[0.256 0.967 0.000]
		[-0.966 0.260 0.000]
		[0.260 0.966 0.000]
		[-0.962 0.274 0.000]
		[0.274 0.962 0.000]
		[-0.956 0.293 0.000]
		[0.293 0.956 0.000]
		[-0.949 0.314 0.000]
		[0.314 0.949 0.000]
		[-0.943 0.332 0.000]
		[0.332 0.943 0.000]
		[-0.940 0.341 0.000]
		[0.341 0.940 0.000]
		[-0.943 0.333 0.000]
		[0.333 0.943 0.000]
		[0.319 0.948 0.000]
		[-0.954 0.300 0.000]
		[0.300 0.954 0.000]
		[-0.960 0.279 0.000]
		[0.279 0.960 0.000]
		[-0.966 0.258 0.000]
		[0.258 0.966 0.000]
		[-0.971 0.239 0.000]
		[0.239 0.971 0.000]
		[-0.975 0.223 0.000]
		[0.223 0.975 0.000]
		[-0.977 0.214 0.000]
		[0.214 0.977 0.000]
		[-0.977 0.212 0.000]
		[0.212 0.977 0.000]
		[-0.975 0.221 0.000]
		[0.221 0.975 0.000]
		[-0.970 0.242 0.000]
		[0.242 0.970 0.000]
		[-0.961 0.277 0.000]
		[0.277 0.961 0.000]
		[-0.945 0.327 0.000]
		[0.327 0.945 0.000]
		[-0.918 0.396 0.000]
		[0.396 0.918 0.000]
		[-0.875 0.485 0.000]
		[0.485 0.875 0.000]
		[-0.811 0.586 0.000]
		[0.586 0.811 0.000]
		[-0.724 0.690 0.000]
		[0.690 0.724 0.000]
		[-0.615 0.789 0.000]
		[0.789 0.615 0.000]
		[-0.487 0.873 0.000]
		[0.873 0.487 0.000]
		[-0.346 0.938 0.000]
		[0.938 0.346 0.000]
		[-0.200 0.980 0.000]
		[0.980 0.200 0.000]
		[-0.058 0.998 0.000]
		[0.000 0.130 0.000]
		[0.000 1.000 -0.002]
		[0.000 0.002 1.000]
		[0.000 1.000 -0.006]
		[0.000 1.000 -0.013]
		[0.000 0.013 1.000]
		[0.000 1.000 -0.019]
		[0.000 0.019 1.000]
		[0.000 1.000 -0.024]
		[0.000 0.024 1.000]
		[0.000 1.000 -0.026]
		[0.000 0.026 1.000]
		[0.000 1.000 -0.017]
		[0.000 0.017 1.000]
		[0.000 1.000 -0.003]
		[0.000 1.000 0.021]
		[0.000 -0.021 1.000]
		[0.000 0.998 0.059]
		[0.000 -0.059 0.998]
		[0.000 0.994 0.105]
		[0.000 -0.105 0.994]
		[0.000 0.988 0.156]
		[0.000 -0.156 0.988]
		[0.000 0.978 0.208]
		[0.000 -0.208 0.978]
		[0.000 0.967 0.256]
		[0.000 -0.256 0.967]
		[0.000 0.955 0.297]
		[0.000 -0.297 0.955]
		[0.000 0.945 0.326]
		[0.000 -0.326 0.945]
		[0.000 0.940 0.341]
		[0.000 -0.341 0.940]
		[0.000 0.941 0.338]
		[0.000 -0.338 0.941]
		[0.000 0.948 0.318]
		[0.000 -0.318 0.948]
		[0.000 0.959 0.284]
		[0.000 -0.284 0.959]
		[0.000 0.971 0.241]
		[0.000 -0.241 0.971]
		[0.000 0.982 0.191]
		[0.000 -0.191 0.982]
		[0.000 0.990 0.139]
		[0.000 -0.139 0.990]
		[0.000 0.996 0.089]
		[0.000 -0.089 0.996]
		[0.000 0.999 0.045]
		[0.000 -0.045 0.999]
		[0.000 1.000 0.012]
		[0.000 -0.012 1.000]
		[0.000 1.000 -0.009]
		[0.000 1.000 -0.023]
		[0.000 0.023 1.000]
		[0.000 0.999 -0.032]
		[0.000 0.032 0.999]
		[0.000 0.999 -0.037]
		[0.000 0.037 0.999]
		[0.000 0.999 -0.039]
		[0.000 0.039 0.999]
		[0.000 0.999 -0.038]
		[0.000 0.038 0.999]
		[0.000 0.999 -0.034]
		[0.000 0.034 0.999]
		[0.000 1.000 -0.030]
		[0.000 0.030 1.000]
		[0.000 1.000 -0.011]
		[0.000 0.985 -0.174]
		[0.000 0.174 0.985]
		[0.000 0.596 0.000]
		[0.000 0.984 -0.177]
		[0.000 0.177 0.984]
		[0.000 0.982 -0.186]
		[0.000 0.186 0.982]
		[0.000 0.980 -0.198]
		[0.000 0.198 0.980]
		[0.000 0.978 -0.210]
		[0.000 0.210 0.978]
		[0.000 0.976 -0.220]
		[0.000 0.220 0.976]
		[0.000 0.975 -0.224]
		[0.000 0.224 0.975]
		[0.000 0.975 -0.221]
		[0.000 0.221 0.975]
		[0.000 0.978 -0.207]
		[0.000 0.207 0.978]
		[0.000 0.984 -0.180]
		[0.000 0.180 0.984]
		[0.000 0.991 -0.132]
		[0.000 0.132 0.991]
		[0.000 0.998 -0.057]
		[0.000 0.057 0.998]
		[0.000 0.999 0.036]
		[0.000 -0.036 0.999]
		[0.000 0.990 0.138]
		[0.000 -0.138 0.990]
		[0.000 0.970 0.242]
		[0.000 -0.242 0.970]
		[0.000 0.942 0.336]
		[0.000 -0.336 0.942]
		[0.000 0.910 0.415]
		[0.000 -0.415 0.910]
		[0.000 0.882 0.471]
		[0.000 -0.471 0.882]
		[0.000 0.867 0.498]
		[0.000 -0.498 0.867]
		[0.000 0.870 0.492]
		[0.000 -0.492 0.870]
		[0.000 0.891 0.455]
		[0.000 -0.455 0.891]
		[0.000 0.920 0.391]
		[0.000 -0.391 0.920]
		[0.000 0.952 0.306]
		[0.000 -0.306 0.952]
		[0.000 0.995 0.104]
		[0.000 -0.104 0.995]
		[0.000 1.000 0.003]
		[0.000 0.996 -0.084]
		[0.000 0.084 0.996]
		[0.000 0.989 -0.150]
		[0.000 0.150 0.989]
		[0.000 0.981 -0.191]
		[0.000 0.191 0.981]
		[0.000 0.976 -0.218]
		[0.000 0.218 0.976]
		[0.000 0.972 -0.236]
		[0.000 0.236 0.972]
		[0.000 0.969 -0.246]
		[0.000 0.246 0.969]
		[0.000 0.968 -0.249]
		[0.000 0.249 0.968]
		[0.000 0.969 -0.247]
		[0.000 0.247 0.969]
		[0.000 0.971 -0.241]
		[0.000 0.241 0.971]
		[0.000 0.973 -0.231]
		[0.000 0.231 0.973]
		[0.000 0.978 -0.208]
		[0.000 0.208 0.978]
		[0.000 0.981 -0.196]
		[0.000 0.196 0.981]
		[0.000 0.983 -0.185]
		[0.000 0.185 0.983]
		[0.000 0.984 -0.178]
		[0.000 0.178 0.984]
		[0.000 0.315 0.000]
		[0.000 0.470 0.000]
		[0.000 0.300 0.000]
		[-1.000 0.000 0.000]
		[-0.500 0.000 0.866]
		[0.557 -0.766 0.321]
		[0.663 0.643 0.383]
		[0.279 0.394 -0.035]
		[0.620 -0.698 0.358]
		[0.605 0.716 0.349]
		[0.681 -0.618 0.393]
		[0.535 0.786 0.309]
		[0.736 -0.528 0.425]
		[0.457 0.850 0.264]
		[0.782 -0.431 0.451]
		[0.373 0.903 0.215]
		[0.817 -0.331 0.472]
		[0.287 0.944 0.166]
		[0.842 -0.235 0.486]
		[0.203 0.972 0.117]
		[0.857 -0.146 0.495]
		[0.126 0.989 0.073]
		[0.864 -0.069 0.499]
		[0.059 0.998 0.034]
		[0.866 -0.009 0.500]
		[0.007 1.000 0.004]
		[-0.501 0.000 0.865]
		[0.865 0.038 0.501]
		[-0.033 0.999 -0.019]
		[-0.505 0.001 0.863]
		[0.861 0.078 0.503]
		[-0.067 0.997 -0.040]
		[-0.510 0.003 0.860]
		[0.855 0.110 0.507]
		[-0.093 0.994 -0.058]
		[-0.516 0.005 0.857]
		[0.850 0.132 0.510]
		[-0.111 0.991 -0.072]
		[-0.520 0.007 0.854]
		[0.846 0.143 0.514]
		[-0.118 0.990 -0.080]
		[-0.522 0.007 0.853]
		[0.845 0.139 0.517]
		[-0.115 0.990 -0.079]
		[-0.522 0.006 0.853]
		[0.848 0.119 0.517]
		[-0.099 0.993 -0.067]
		[-0.516 0.003 0.857]
		[0.854 0.082 0.514]
		[-0.069 0.997 -0.045]
		[-0.505 0.000 0.863]
		[0.863 0.025 0.505]
		[-0.021 1.000 -0.013]
		[-0.487 0.002 0.874]
		[0.872 -0.062 0.486]
		[0.055 0.998 0.029]
		[-0.457 0.017 0.889]
		[0.872 -0.186 0.452]
		[0.173 0.982 0.070]
		[-0.413 0.058 0.909]
		[0.850 -0.334 0.408]
		[0.327 0.941 0.089]
		[-0.348 0.130 0.929]
		[0.795 -0.484 0.366]
		[0.497 0.865 0.065]
		[-0.253 0.229 0.940]
		[0.712 -0.613 0.341]
		[0.655 0.756 -0.008]
		[-0.130 0.342 0.931]
		[0.618 -0.706 0.346]
		[0.775 0.620 -0.119]
		[0.008 0.452 0.892]
		[0.534 -0.756 0.378]
		[0.846 0.473 -0.248]
		[0.141 0.545 0.827]
		[0.475 -0.770 0.426]
		[0.869 0.332 -0.368]
		[0.247 0.610 0.753]
		[0.444 -0.762 0.472]
		[0.861 0.218 -0.459]
		[0.318 0.651 0.689]
		[0.433 -0.747 0.505]
		[0.844 0.138 -0.519]
		[0.369 0.679 0.635]
		[0.433 -0.730 0.529]
		[0.823 0.080 -0.563]
		[0.406 0.700 0.588]
		[0.439 -0.713 0.546]
		[0.801 0.036 -0.597]
		[0.431 0.716 0.550]
		[0.450 -0.698 0.556]
		[0.782 0.007 -0.623]
		[0.446 0.727 0.523]
		[0.462 -0.687 0.561]
		[0.767 -0.009 -0.642]
		[0.452 0.734 0.508]
		[0.472 -0.679 0.562]
		[0.757 -0.014 -0.653]
		[0.451 0.737 0.504]
		[0.481 -0.676 0.559]
		[0.752 -0.009 -0.659]
		[0.443 0.737 0.511]
		[0.486 -0.676 0.553]
		[0.753 0.003 -0.658]
		[0.431 0.732 0.528]
		[0.489 -0.681 0.546]
		[0.759 0.023 -0.651]
		[0.413 0.723 0.553]
		[0.487 -0.689 0.537]
		[0.770 0.047 -0.637]
		[0.391 0.710 0.585]
		[0.481 -0.700 0.528]
		[0.784 0.076 -0.616]
		[0.364 0.692 0.623]
		[0.472 -0.714 0.517]
		[0.803 0.106 -0.587]
		[0.333 0.669 0.665]
		[0.459 -0.731 0.506]
		[0.824 0.137 -0.550]
		[0.297 0.641 0.708]
		[0.442 -0.749 0.494]
		[0.847 0.166 -0.505]
		[0.250 0.605 0.756]
		[0.420 -0.771 0.478]
		[0.872 0.198 -0.447]
		[0.185 0.555 0.811]
		[0.399 -0.797 0.454]
		[0.898 0.239 -0.368]
		[0.100 0.492 0.865]
		[0.383 -0.821 0.423]
		[0.918 0.289 -0.270]
		[0.000 0.419 0.908]
		[0.379 -0.840 0.388]
		[0.925 0.344 -0.159]
		[-0.108 0.338 0.935]
		[0.390 -0.851 0.353]
		[0.914 0.403 -0.040]
		[-0.216 0.254 0.943]
		[0.416 -0.850 0.324]
		[0.884 0.462 0.078]
		[-0.316 0.171 0.933]
		[0.453 -0.837 0.307]
		[0.834 0.520 0.187]
		[-0.404 0.094 0.910]
		[0.496 -0.813 0.304]
		[0.769 0.574 0.282]
		[-0.475 0.026 0.880]
		[0.540 -0.781 0.314]
		[0.695 0.624 0.356]
		[0.983 0.184 -0.001]
		[-0.184 0.983 -0.011]
