{ :name "TeleportSpell" :length 0.9166667 :bones { 
	"Armature" [
		[0 [100.000 0.000 0.000 0.000 0.000 0.000 -100.000 0.000 0.000 100.000 0.000 0.000 0.000 120.000 0.000 1.000]]
	]
	"Skelet" [
		[0 [1.000 0.000 0.000 0.000 0.000 0.000 1.000 0.000 0.000 -1.000 0.000 0.000 0.000 0.000 0.100 1.000]]
		[0.01818182 [1.000 0.000 0.000 0.000 0.000 0.000 1.000 0.000 0.000 -1.000 0.000 0.000 0.000 0.000 0.099 1.000]]
		[0.03636364 [1.000 0.000 0.000 0.000 0.000 0.000 1.000 0.000 0.000 -1.000 0.000 0.000 0.000 0.000 0.096 1.000]]
		[0.05454545 [1.000 0.000 0.000 0.000 0.000 0.000 1.000 0.000 0.000 -1.000 0.000 0.000 0.000 0.000 0.093 1.000]]
		[0.07272727 [1.000 0.000 0.000 0.000 0.000 0.000 1.000 0.000 0.000 -1.000 0.000 0.000 0.000 0.000 0.089 1.000]]
		[0.09090909 [1.000 0.000 0.000 0.000 0.000 0.000 1.000 0.000 0.000 -1.000 0.000 0.000 0.000 0.000 0.086 1.000]]
		[0.1090909 [1.000 0.000 0.000 0.000 0.000 0.000 1.000 0.000 0.000 -1.000 0.000 0.000 0.000 0.000 0.085 1.000]]
		[0.1272727 [1.000 0.000 0.000 0.000 0.000 0.000 1.000 0.000 0.000 -1.000 0.000 0.000 0.000 0.000 0.086 1.000]]
		[0.1454545 [1.000 0.000 0.000 0.000 0.000 0.000 1.000 0.000 0.000 -1.000 0.000 0.000 0.000 0.000 0.090 1.000]]
		[0.1636364 [1.000 0.000 0.000 0.000 0.000 0.000 1.000 0.000 0.000 -1.000 0.000 0.000 0.000 0.000 0.098 1.000]]
		[0.1818182 [1.000 0.000 0.000 0.000 0.000 0.000 1.000 0.000 0.000 -1.000 0.000 0.000 0.000 0.000 0.112 1.000]]
		[0.2 [1.000 0.000 0.000 0.000 0.000 0.000 1.000 0.000 0.000 -1.000 0.000 0.000 0.000 0.000 0.134 1.000]]
		[0.2181818 [1.000 0.000 0.000 0.000 0.000 0.000 1.000 0.000 0.000 -1.000 0.000 0.000 0.000 0.000 0.160 1.000]]
		[0.2363636 [1.000 0.000 0.000 0.000 0.000 0.000 1.000 0.000 0.000 -1.000 0.000 0.000 0.000 0.000 0.190 1.000]]
		[0.2545455 [1.000 0.000 0.000 0.000 0.000 0.000 1.000 0.000 0.000 -1.000 0.000 0.000 0.000 0.000 0.220 1.000]]
		[0.2727273 [1.000 0.000 0.000 0.000 0.000 0.000 1.000 0.000 0.000 -1.000 0.000 0.000 0.000 0.000 0.248 1.000]]
		[0.2909091 [1.000 0.000 0.000 0.000 0.000 0.000 1.000 0.000 0.000 -1.000 0.000 0.000 0.000 0.000 0.273 1.000]]
		[0.3090909 [1.000 0.000 0.000 0.000 0.000 0.000 1.000 0.000 0.000 -1.000 0.000 0.000 0.000 0.000 0.290 1.000]]
		[0.3272727 [1.000 0.000 0.000 0.000 0.000 -0.001 1.000 0.000 0.000 -1.000 -0.001 0.000 0.000 0.000 0.299 1.000]]
		[0.3454545 [1.000 0.000 0.000 0.000 0.000 0.011 1.000 0.000 0.000 -1.000 0.011 0.000 0.000 0.000 0.297 1.000]]
		[0.3636364 [1.000 0.012 0.000 0.000 0.000 0.056 0.998 0.000 0.012 -0.998 0.056 0.000 0.000 0.000 0.285 1.000]]
		[0.3818182 [0.999 0.048 -0.003 0.000 -0.003 0.116 0.993 0.000 0.048 -0.992 0.116 0.000 0.000 0.000 0.265 1.000]]
		[0.4 [0.994 0.111 -0.009 0.000 -0.009 0.166 0.986 0.000 0.111 -0.980 0.166 0.000 0.000 0.000 0.239 1.000]]
		[0.4181818 [0.982 0.189 -0.018 0.000 -0.018 0.183 0.983 0.000 0.189 -0.965 0.183 0.000 0.000 0.000 0.210 1.000]]
		[0.4363636 [0.967 0.255 -0.021 0.000 -0.021 0.159 0.987 0.000 0.255 -0.954 0.159 0.000 0.000 0.000 0.180 1.000]]
		[0.4545455 [0.960 0.278 -0.015 0.000 -0.015 0.104 0.994 0.000 0.278 -0.955 0.104 0.000 0.000 0.000 0.151 1.000]]
		[0.4727273 [0.972 0.233 -0.005 0.000 -0.005 0.044 0.999 0.000 0.233 -0.971 0.044 0.000 0.000 0.000 0.126 1.000]]
		[0.4909091 [0.995 0.102 0.000 0.000 0.000 0.005 1.000 0.000 0.102 -0.995 0.005 0.000 0.000 0.000 0.107 1.000]]
		[0.5090909 [0.992 -0.126 0.000 0.000 0.000 0.005 1.000 0.000 -0.126 -0.992 0.005 0.000 0.000 0.000 0.095 1.000]]
		[0.5272727 [0.903 -0.430 0.010 0.000 0.010 0.044 0.999 0.000 -0.430 -0.902 0.044 0.000 0.000 0.000 0.087 1.000]]
		[0.5454546 [0.670 -0.741 0.048 0.000 0.048 0.107 0.993 0.000 -0.741 -0.663 0.107 0.000 0.000 0.000 0.082 1.000]]
		[0.5636364 [0.281 -0.952 0.121 0.000 0.121 0.160 0.980 0.000 -0.952 -0.260 0.160 0.000 0.000 0.000 0.079 1.000]]
		[0.5818182 [-0.207 -0.955 0.213 0.000 0.213 0.168 0.962 0.000 -0.955 0.245 0.168 0.000 0.000 0.000 0.078 1.000]]
		[0.6 [-0.663 -0.693 0.285 0.000 0.285 0.119 0.951 0.000 -0.693 0.712 0.119 0.000 0.000 0.000 0.078 1.000]]
		[0.6181818 [-0.930 -0.210 0.301 0.000 0.301 0.033 0.953 0.000 -0.210 0.977 0.033 0.000 0.000 0.000 0.080 1.000]]
		[0.6363636 [-0.903 0.345 0.254 0.000 0.254 -0.046 0.966 0.000 0.345 0.937 -0.046 0.000 0.000 0.000 0.083 1.000]]
		[0.6545454 [-0.590 0.789 0.170 0.000 0.170 -0.084 0.982 0.000 0.789 0.608 -0.084 0.000 0.000 0.000 0.086 1.000]]
		[0.6727273 [-0.109 0.990 0.087 0.000 0.087 -0.077 0.993 0.000 0.990 0.115 -0.077 0.000 0.000 0.000 0.090 1.000]]
		[0.6909091 [0.376 0.926 0.031 0.000 0.031 -0.047 0.998 0.000 0.926 -0.375 -0.047 0.000 0.000 0.000 0.094 1.000]]
		[0.7090909 [0.739 0.673 0.007 0.000 0.007 -0.018 1.000 0.000 0.673 -0.739 -0.018 0.000 0.000 0.000 0.097 1.000]]
		[0.7272727 [0.936 0.351 0.001 0.000 0.001 -0.003 1.000 0.000 0.351 -0.936 -0.003 0.000 0.000 0.000 0.099 1.000]]
		[0.7454545 [0.998 0.060 0.000 0.000 0.000 0.000 1.000 0.000 0.060 -0.998 0.000 0.000 0.000 0.000 0.100 1.000]]
		[0.7636364 [0.990 -0.144 0.000 0.000 0.000 0.000 1.000 0.000 -0.144 -0.990 0.000 0.000 0.000 0.000 0.100 1.000]]
		[0.7818182 [0.966 -0.259 0.000 0.000 0.000 0.000 1.000 0.000 -0.259 -0.966 0.000 0.000 0.000 0.000 0.100 1.000]]
		[0.8 [0.953 -0.303 0.000 0.000 0.000 0.000 1.000 0.000 -0.303 -0.953 0.000 0.000 0.000 0.000 0.100 1.000]]
		[0.8181818 [0.956 -0.295 0.000 0.000 0.000 0.000 1.000 0.000 -0.295 -0.956 0.000 0.000 0.000 0.000 0.100 1.000]]
		[0.8363636 [0.968 -0.249 0.000 0.000 0.000 0.000 1.000 0.000 -0.249 -0.968 0.000 0.000 0.000 0.000 0.100 1.000]]
		[0.8545455 [0.983 -0.182 0.000 0.000 0.000 0.000 1.000 0.000 -0.182 -0.983 0.000 0.000 0.000 0.000 0.100 1.000]]
		[0.8727273 [0.994 -0.107 0.000 0.000 0.000 0.000 1.000 0.000 -0.107 -0.994 0.000 0.000 0.000 0.000 0.100 1.000]]
		[0.8909091 [0.999 -0.042 0.000 0.000 0.000 0.000 1.000 0.000 -0.042 -0.999 0.000 0.000 0.000 0.000 0.100 1.000]]
		[0.9090909 [1.000 -0.007 0.000 0.000 0.000 0.000 1.000 0.000 -0.007 -1.000 0.000 0.000 0.000 0.000 0.100 1.000]]
		[0.9272727 [1.000 0.000 0.000 0.000 0.000 0.000 1.000 0.000 0.000 -1.000 0.000 0.000 0.000 0.000 0.100 1.000]]
		[0.9454545 [1.000 0.000 0.000 0.000 0.000 0.000 1.000 0.000 0.000 -1.000 0.000 0.000 0.000 0.000 0.100 1.000]]
		[0.9636363 [1.000 0.000 0.000 0.000 0.000 0.000 1.000 0.000 0.000 -1.000 0.000 0.000 0.000 0.000 0.100 1.000]]
		[0.9818182 [1.000 0.000 0.000 0.000 0.000 0.000 1.000 0.000 0.000 -1.000 0.000 0.000 0.000 0.000 0.100 1.000]]
	]
	"Bedro_L" [
		[0 [0.000 -0.342 0.940 0.000 0.000 -0.940 -0.342 0.000 1.000 0.000 0.000 0.000 0.123 -0.038 0.000 1.000]]
		[0.01818182 [-0.002 -0.304 0.953 0.000 -0.006 -0.953 -0.304 0.000 1.000 -0.006 0.000 0.000 0.123 -0.038 0.000 1.000]]
		[0.03636364 [-0.003 -0.263 0.965 0.000 -0.012 -0.965 -0.263 0.000 1.000 -0.012 0.000 0.000 0.123 -0.038 0.000 1.000]]
		[0.05454545 [-0.004 -0.220 0.975 0.000 -0.019 -0.975 -0.220 0.000 1.000 -0.019 0.000 0.000 0.123 -0.038 0.000 1.000]]
		[0.07272727 [-0.005 -0.177 0.984 0.000 -0.025 -0.984 -0.177 0.000 1.000 -0.026 0.000 0.000 0.123 -0.038 0.000 1.000]]
		[0.09090909 [-0.004 -0.135 0.991 0.000 -0.032 -0.990 -0.135 0.000 0.999 -0.032 0.000 0.000 0.123 -0.038 0.000 1.000]]
		[0.1090909 [-0.004 -0.095 0.996 0.000 -0.038 -0.995 -0.095 0.000 0.999 -0.038 0.000 0.000 0.123 -0.038 0.000 1.000]]
		[0.1272727 [-0.003 -0.058 0.998 0.000 -0.044 -0.997 -0.058 0.000 0.999 -0.044 0.000 0.000 0.123 -0.038 0.000 1.000]]
		[0.1454545 [-0.001 -0.027 1.000 0.000 -0.048 -0.998 -0.027 0.000 0.999 -0.048 0.000 0.000 0.123 -0.038 0.000 1.000]]
		[0.1636364 [0.000 -0.003 1.000 0.000 -0.052 -0.999 -0.003 0.000 0.999 -0.052 0.000 0.000 0.123 -0.038 0.000 1.000]]
		[0.1818182 [0.001 0.013 1.000 0.000 -0.054 -0.998 0.013 0.000 0.999 -0.054 0.000 0.000 0.123 -0.038 0.000 1.000]]
		[0.2 [0.001 0.022 1.000 0.000 -0.056 -0.998 0.022 0.000 0.998 -0.056 0.000 0.000 0.123 -0.038 0.000 1.000]]
		[0.2181818 [0.001 0.026 1.000 0.000 -0.056 -0.998 0.026 0.000 0.998 -0.056 0.000 0.000 0.123 -0.038 0.000 1.000]]
		[0.2363636 [0.001 0.025 1.000 0.000 -0.056 -0.998 0.025 0.000 0.998 -0.056 0.000 0.000 0.123 -0.038 0.000 1.000]]
		[0.2545455 [0.001 0.021 1.000 0.000 -0.055 -0.998 0.021 0.000 0.998 -0.055 0.000 0.000 0.123 -0.038 0.000 1.000]]
		[0.2727273 [0.001 0.015 1.000 0.000 -0.055 -0.998 0.015 0.000 0.998 -0.055 0.000 0.000 0.123 -0.038 0.000 1.000]]
		[0.2909091 [0.000 0.008 1.000 0.000 -0.054 -0.999 0.008 0.000 0.999 -0.054 0.000 0.000 0.123 -0.038 0.000 1.000]]
		[0.3090909 [0.000 0.003 1.000 0.000 -0.053 -0.999 0.003 0.000 0.999 -0.053 0.000 0.000 0.123 -0.038 0.000 1.000]]
		[0.3272727 [0.000 0.000 1.000 0.000 -0.052 -0.999 0.000 0.000 0.999 -0.052 0.000 0.000 0.123 -0.038 0.000 1.000]]
		[0.3454545 [0.000 0.000 1.000 0.000 -0.052 -0.999 0.000 0.000 0.999 -0.052 0.000 0.000 0.123 -0.038 0.000 1.000]]
		[0.3636364 [0.000 0.000 1.000 0.000 -0.052 -0.999 0.000 0.000 0.999 -0.052 0.000 0.000 0.123 -0.038 0.000 1.000]]
		[0.3818182 [0.000 0.000 1.000 0.000 -0.052 -0.999 0.000 0.000 0.999 -0.052 0.000 0.000 0.123 -0.038 0.000 1.000]]
		[0.4 [0.000 0.000 1.000 0.000 -0.052 -0.999 0.000 0.000 0.999 -0.052 0.000 0.000 0.123 -0.038 0.000 1.000]]
		[0.4181818 [0.000 0.000 1.000 0.000 -0.052 -0.999 0.000 0.000 0.999 -0.052 0.000 0.000 0.123 -0.038 0.000 1.000]]
		[0.4363636 [0.000 0.000 1.000 0.000 -0.052 -0.999 0.000 0.000 0.999 -0.052 0.000 0.000 0.123 -0.038 0.000 1.000]]
		[0.4545455 [0.000 0.000 1.000 0.000 -0.052 -0.999 0.000 0.000 0.999 -0.052 0.000 0.000 0.123 -0.038 0.000 1.000]]
		[0.4727273 [0.000 0.000 1.000 0.000 -0.052 -0.999 0.000 0.000 0.999 -0.052 0.000 0.000 0.123 -0.038 0.000 1.000]]
		[0.4909091 [0.000 0.000 1.000 0.000 -0.052 -0.999 0.000 0.000 0.999 -0.052 0.000 0.000 0.123 -0.038 0.000 1.000]]
		[0.5090909 [0.000 0.000 1.000 0.000 -0.052 -0.999 0.000 0.000 0.999 -0.052 0.000 0.000 0.123 -0.038 0.000 1.000]]
		[0.5272727 [0.000 0.003 1.000 0.000 -0.053 -0.999 0.003 0.000 0.999 -0.053 0.000 0.000 0.123 -0.038 0.000 1.000]]
		[0.5454546 [0.000 0.007 1.000 0.000 -0.053 -0.999 0.007 0.000 0.999 -0.053 0.000 0.000 0.123 -0.038 0.000 1.000]]
		[0.5636364 [0.001 0.013 1.000 0.000 -0.054 -0.998 0.013 0.000 0.999 -0.054 0.000 0.000 0.123 -0.038 0.000 1.000]]
		[0.5818182 [0.001 0.019 1.000 0.000 -0.055 -0.998 0.019 0.000 0.998 -0.055 0.000 0.000 0.123 -0.038 0.000 1.000]]
		[0.6 [0.001 0.025 1.000 0.000 -0.056 -0.998 0.025 0.000 0.998 -0.056 0.000 0.000 0.123 -0.038 0.000 1.000]]
		[0.6181818 [0.002 0.031 1.000 0.000 -0.057 -0.998 0.031 0.000 0.998 -0.057 0.000 0.000 0.123 -0.038 0.000 1.000]]
		[0.6363636 [0.002 0.035 0.999 0.000 -0.058 -0.998 0.035 0.000 0.998 -0.058 0.000 0.000 0.123 -0.038 0.000 1.000]]
		[0.6545454 [0.002 0.038 0.999 0.000 -0.058 -0.998 0.038 0.000 0.998 -0.058 0.000 0.000 0.123 -0.038 0.000 1.000]]
		[0.6727273 [0.002 0.039 0.999 0.000 -0.058 -0.998 0.039 0.000 0.998 -0.058 0.000 0.000 0.123 -0.038 0.000 1.000]]
		[0.6909091 [0.002 0.036 0.999 0.000 -0.058 -0.998 0.036 0.000 0.998 -0.058 0.000 0.000 0.123 -0.038 0.000 1.000]]
		[0.7090909 [0.002 0.030 1.000 0.000 -0.057 -0.998 0.030 0.000 0.998 -0.057 0.000 0.000 0.123 -0.038 0.000 1.000]]
		[0.7272727 [0.001 0.020 1.000 0.000 -0.055 -0.998 0.020 0.000 0.998 -0.055 0.000 0.000 0.123 -0.038 0.000 1.000]]
		[0.7454545 [0.000 0.005 1.000 0.000 -0.053 -0.999 0.005 0.000 0.999 -0.053 0.000 0.000 0.123 -0.038 0.000 1.000]]
		[0.7636364 [-0.001 -0.017 1.000 0.000 -0.050 -0.999 -0.017 0.000 0.999 -0.050 0.000 0.000 0.123 -0.038 0.000 1.000]]
		[0.7818182 [-0.002 -0.045 0.999 0.000 -0.046 -0.998 -0.045 0.000 0.999 -0.046 0.000 0.000 0.123 -0.038 0.000 1.000]]
		[0.8 [-0.003 -0.079 0.997 0.000 -0.040 -0.996 -0.079 0.000 0.999 -0.040 0.000 0.000 0.123 -0.038 0.000 1.000]]
		[0.8181818 [-0.004 -0.118 0.993 0.000 -0.034 -0.992 -0.118 0.000 0.999 -0.035 0.000 0.000 0.123 -0.038 0.000 1.000]]
		[0.8363636 [-0.005 -0.159 0.987 0.000 -0.028 -0.987 -0.159 0.000 1.000 -0.028 0.000 0.000 0.123 -0.038 0.000 1.000]]
		[0.8545455 [-0.004 -0.202 0.979 0.000 -0.021 -0.979 -0.202 0.000 1.000 -0.022 0.000 0.000 0.123 -0.038 0.000 1.000]]
		[0.8727273 [-0.004 -0.246 0.969 0.000 -0.015 -0.969 -0.246 0.000 1.000 -0.015 0.000 0.000 0.123 -0.038 0.000 1.000]]
		[0.8909091 [-0.002 -0.287 0.958 0.000 -0.008 -0.958 -0.287 0.000 1.000 -0.009 0.000 0.000 0.123 -0.038 0.000 1.000]]
		[0.9090909 [-0.001 -0.327 0.945 0.000 -0.002 -0.945 -0.327 0.000 1.000 -0.002 0.000 0.000 0.123 -0.038 0.000 1.000]]
		[0.9272727 [0.000 -0.342 0.940 0.000 0.000 -0.940 -0.342 0.000 1.000 0.000 0.000 0.000 0.123 -0.038 0.000 1.000]]
		[0.9454545 [0.000 -0.342 0.940 0.000 0.000 -0.940 -0.342 0.000 1.000 0.000 0.000 0.000 0.123 -0.038 0.000 1.000]]
		[0.9636363 [0.000 -0.342 0.940 0.000 0.000 -0.940 -0.342 0.000 1.000 0.000 0.000 0.000 0.123 -0.038 0.000 1.000]]
		[0.9818182 [0.000 -0.342 0.940 0.000 0.000 -0.940 -0.342 0.000 1.000 0.000 0.000 0.000 0.123 -0.038 0.000 1.000]]
	]
	"Koleno_L" [
		[0 [-0.766 0.643 -0.007 0.000 0.643 0.766 -0.009 0.000 0.000 -0.011 -1.000 0.000 0.000 0.532 0.000 1.000]]
		[0.01818182 [-0.791 0.612 -0.006 0.000 0.612 0.791 -0.008 0.000 0.000 -0.010 -1.000 0.000 0.000 0.532 0.000 1.000]]
		[0.03636364 [-0.816 0.577 -0.005 0.000 0.577 0.816 -0.007 0.000 0.000 -0.009 -1.000 0.000 0.000 0.532 0.000 1.000]]
		[0.05454545 [-0.841 0.541 -0.004 0.000 0.541 0.841 -0.006 0.000 0.000 -0.007 -1.000 0.000 0.000 0.532 0.000 1.000]]
		[0.07272727 [-0.864 0.503 -0.003 0.000 0.503 0.864 -0.005 0.000 0.000 -0.006 -1.000 0.000 0.000 0.532 0.000 1.000]]
		[0.09090909 [-0.885 0.465 -0.002 0.000 0.465 0.885 -0.004 0.000 0.000 -0.004 -1.000 0.000 0.000 0.532 0.000 1.000]]
		[0.1090909 [-0.903 0.429 -0.001 0.000 0.429 0.903 -0.003 0.000 0.000 -0.003 -1.000 0.000 0.000 0.532 0.000 1.000]]
		[0.1272727 [-0.918 0.396 -0.001 0.000 0.396 0.918 -0.002 0.000 0.000 -0.002 -1.000 0.000 0.000 0.532 0.000 1.000]]
		[0.1454545 [-0.930 0.368 0.000 0.000 0.368 0.930 -0.001 0.000 0.000 -0.001 -1.000 0.000 0.000 0.532 0.000 1.000]]
		[0.1636364 [-0.939 0.345 0.000 0.000 0.345 0.939 0.000 0.000 0.000 0.000 -1.000 0.000 0.000 0.532 0.000 1.000]]
		[0.1818182 [-0.944 0.330 0.000 0.000 0.330 0.944 0.000 0.000 0.000 0.000 -1.000 0.000 0.000 0.532 0.000 1.000]]
		[0.2 [-0.947 0.321 0.000 0.000 0.321 0.947 0.001 0.000 0.000 0.001 -1.000 0.000 0.000 0.532 0.000 1.000]]
		[0.2181818 [-0.948 0.318 0.000 0.000 0.318 0.948 0.001 0.000 0.000 0.001 -1.000 0.000 0.000 0.532 0.000 1.000]]
		[0.2363636 [-0.948 0.319 0.000 0.000 0.319 0.948 0.001 0.000 0.000 0.001 -1.000 0.000 0.000 0.532 0.000 1.000]]
		[0.2545455 [-0.947 0.323 0.000 0.000 0.323 0.947 0.001 0.000 0.000 0.001 -1.000 0.000 0.000 0.532 0.000 1.000]]
		[0.2727273 [-0.945 0.328 0.000 0.000 0.328 0.945 0.000 0.000 0.000 0.000 -1.000 0.000 0.000 0.532 0.000 1.000]]
		[0.2909091 [-0.943 0.334 0.000 0.000 0.334 0.943 0.000 0.000 0.000 0.000 -1.000 0.000 0.000 0.532 0.000 1.000]]
		[0.3090909 [-0.941 0.339 0.000 0.000 0.339 0.941 0.000 0.000 0.000 0.000 -1.000 0.000 0.000 0.532 0.000 1.000]]
		[0.3272727 [-0.940 0.342 0.000 0.000 0.342 0.940 0.000 0.000 0.000 0.000 -1.000 0.000 0.000 0.532 0.000 1.000]]
		[0.3454545 [-0.940 0.342 0.000 0.000 0.342 0.940 0.000 0.000 0.000 0.000 -1.000 0.000 0.000 0.532 0.000 1.000]]
		[0.3636364 [-0.940 0.342 0.000 0.000 0.342 0.940 0.000 0.000 0.000 0.000 -1.000 0.000 0.000 0.532 0.000 1.000]]
		[0.3818182 [-0.940 0.342 0.000 0.000 0.342 0.940 0.000 0.000 0.000 0.000 -1.000 0.000 0.000 0.532 0.000 1.000]]
		[0.4 [-0.940 0.342 0.000 0.000 0.342 0.940 0.000 0.000 0.000 0.000 -1.000 0.000 0.000 0.532 0.000 1.000]]
		[0.4181818 [-0.940 0.342 0.000 0.000 0.342 0.940 0.000 0.000 0.000 0.000 -1.000 0.000 0.000 0.532 0.000 1.000]]
		[0.4363636 [-0.940 0.342 0.000 0.000 0.342 0.940 0.000 0.000 0.000 0.000 -1.000 0.000 0.000 0.532 0.000 1.000]]
		[0.4545455 [-0.940 0.342 0.000 0.000 0.342 0.940 0.000 0.000 0.000 0.000 -1.000 0.000 0.000 0.532 0.000 1.000]]
		[0.4727273 [-0.940 0.342 0.000 0.000 0.342 0.940 0.000 0.000 0.000 0.000 -1.000 0.000 0.000 0.532 0.000 1.000]]
		[0.4909091 [-0.940 0.342 0.000 0.000 0.342 0.940 0.000 0.000 0.000 0.000 -1.000 0.000 0.000 0.532 0.000 1.000]]
		[0.5090909 [-0.940 0.342 0.000 0.000 0.342 0.940 0.000 0.000 0.000 0.000 -1.000 0.000 0.000 0.532 0.000 1.000]]
		[0.5272727 [-0.941 0.339 0.000 0.000 0.339 0.941 0.000 0.000 0.000 0.000 -1.000 0.000 0.000 0.532 0.000 1.000]]
		[0.5454546 [-0.942 0.335 0.000 0.000 0.335 0.942 0.000 0.000 0.000 0.000 -1.000 0.000 0.000 0.532 0.000 1.000]]
		[0.5636364 [-0.944 0.330 0.000 0.000 0.330 0.944 0.000 0.000 0.000 0.000 -1.000 0.000 0.000 0.532 0.000 1.000]]
		[0.5818182 [-0.946 0.324 0.000 0.000 0.324 0.946 0.001 0.000 0.000 0.001 -1.000 0.000 0.000 0.532 0.000 1.000]]
		[0.6 [-0.948 0.318 0.000 0.000 0.318 0.948 0.001 0.000 0.000 0.001 -1.000 0.000 0.000 0.532 0.000 1.000]]
		[0.6181818 [-0.950 0.313 0.000 0.000 0.313 0.950 0.001 0.000 0.000 0.001 -1.000 0.000 0.000 0.532 0.000 1.000]]
		[0.6363636 [-0.951 0.309 0.000 0.000 0.309 0.951 0.001 0.000 0.000 0.001 -1.000 0.000 0.000 0.532 0.000 1.000]]
		[0.6545454 [-0.952 0.306 0.000 0.000 0.306 0.952 0.001 0.000 0.000 0.001 -1.000 0.000 0.000 0.532 0.000 1.000]]
		[0.6727273 [-0.952 0.305 0.000 0.000 0.305 0.952 0.001 0.000 0.000 0.001 -1.000 0.000 0.000 0.532 0.000 1.000]]
		[0.6909091 [-0.951 0.308 0.000 0.000 0.308 0.951 0.001 0.000 0.000 0.001 -1.000 0.000 0.000 0.532 0.000 1.000]]
		[0.7090909 [-0.950 0.314 0.000 0.000 0.314 0.950 0.001 0.000 0.000 0.001 -1.000 0.000 0.000 0.532 0.000 1.000]]
		[0.7272727 [-0.946 0.323 0.000 0.000 0.323 0.946 0.001 0.000 0.000 0.001 -1.000 0.000 0.000 0.532 0.000 1.000]]
		[0.7454545 [-0.941 0.338 0.000 0.000 0.338 0.941 0.000 0.000 0.000 0.000 -1.000 0.000 0.000 0.532 0.000 1.000]]
		[0.7636364 [-0.934 0.358 0.000 0.000 0.358 0.934 0.000 0.000 0.000 -0.001 -1.000 0.000 0.000 0.532 0.000 1.000]]
		[0.7818182 [-0.923 0.384 -0.001 0.000 0.384 0.923 -0.001 0.000 0.000 -0.001 -1.000 0.000 0.000 0.532 0.000 1.000]]
		[0.8 [-0.910 0.415 -0.001 0.000 0.415 0.910 -0.002 0.000 0.000 -0.003 -1.000 0.000 0.000 0.532 0.000 1.000]]
		[0.8181818 [-0.893 0.450 -0.002 0.000 0.450 0.893 -0.003 0.000 0.000 -0.004 -1.000 0.000 0.000 0.532 0.000 1.000]]
		[0.8363636 [-0.873 0.487 -0.003 0.000 0.487 0.873 -0.005 0.000 0.000 -0.005 -1.000 0.000 0.000 0.532 0.000 1.000]]
		[0.8545455 [-0.851 0.525 -0.003 0.000 0.525 0.851 -0.006 0.000 0.000 -0.007 -1.000 0.000 0.000 0.532 0.000 1.000]]
		[0.8727273 [-0.827 0.562 -0.004 0.000 0.562 0.827 -0.007 0.000 0.000 -0.008 -1.000 0.000 0.000 0.532 0.000 1.000]]
		[0.8909091 [-0.802 0.598 -0.006 0.000 0.598 0.802 -0.008 0.000 0.000 -0.009 -1.000 0.000 0.000 0.532 0.000 1.000]]
		[0.9090909 [-0.777 0.630 -0.007 0.000 0.630 0.776 -0.008 0.000 0.000 -0.011 -1.000 0.000 0.000 0.532 0.000 1.000]]
		[0.9272727 [-0.766 0.643 -0.007 0.000 0.643 0.766 -0.009 0.000 0.000 -0.011 -1.000 0.000 0.000 0.532 0.000 1.000]]
		[0.9454545 [-0.766 0.643 -0.007 0.000 0.643 0.766 -0.009 0.000 0.000 -0.011 -1.000 0.000 0.000 0.532 0.000 1.000]]
		[0.9636363 [-0.766 0.643 -0.007 0.000 0.643 0.766 -0.009 0.000 0.000 -0.011 -1.000 0.000 0.000 0.532 0.000 1.000]]
		[0.9818182 [-0.766 0.643 -0.007 0.000 0.643 0.766 -0.009 0.000 0.000 -0.011 -1.000 0.000 0.000 0.532 0.000 1.000]]
	]
	"Koleno_L_end" [
		[0 [1.000 0.000 0.000 0.000 0.000 1.000 0.000 0.000 0.000 0.000 1.000 0.000 0.000 0.578 0.000 1.000]]
	]
	"Bedro_P" [
		[0 [0.000 -0.643 0.766 0.000 0.000 -0.766 -0.643 0.000 1.000 0.000 0.000 0.000 -0.123 -0.038 0.000 1.000]]
		[0.01818182 [0.003 -0.580 0.815 0.000 0.005 -0.815 -0.580 0.000 1.000 0.006 0.000 0.000 -0.123 -0.038 0.000 1.000]]
		[0.03636364 [0.006 -0.508 0.861 0.000 0.011 -0.861 -0.508 0.000 1.000 0.012 0.000 0.000 -0.123 -0.038 0.000 1.000]]
		[0.05454545 [0.008 -0.430 0.903 0.000 0.017 -0.903 -0.430 0.000 1.000 0.019 0.000 0.000 -0.123 -0.038 0.000 1.000]]
		[0.07272727 [0.009 -0.348 0.937 0.000 0.024 -0.937 -0.349 0.000 1.000 0.026 0.000 0.000 -0.123 -0.038 0.000 1.000]]
		[0.09090909 [0.009 -0.267 0.964 0.000 0.031 -0.963 -0.267 0.000 0.999 0.032 0.000 0.000 -0.123 -0.038 0.000 1.000]]
		[0.1090909 [0.007 -0.188 0.982 0.000 0.037 -0.981 -0.188 0.000 0.999 0.038 0.000 0.000 -0.123 -0.038 0.000 1.000]]
		[0.1272727 [0.005 -0.117 0.993 0.000 0.043 -0.992 -0.117 0.000 0.999 0.044 0.000 0.000 -0.123 -0.038 0.000 1.000]]
		[0.1454545 [0.003 -0.055 0.998 0.000 0.048 -0.997 -0.055 0.000 0.999 0.048 0.000 0.000 -0.123 -0.038 0.000 1.000]]
		[0.1636364 [0.000 -0.007 1.000 0.000 0.052 -0.999 -0.007 0.000 0.999 0.052 0.000 0.000 -0.123 -0.038 0.000 1.000]]
		[0.1818182 [-0.001 0.026 1.000 0.000 0.054 -0.998 0.026 0.000 0.999 0.054 0.000 0.000 -0.123 -0.038 0.000 1.000]]
		[0.2 [-0.002 0.045 0.999 0.000 0.056 -0.997 0.045 0.000 0.998 0.056 0.000 0.000 -0.123 -0.038 0.000 1.000]]
		[0.2181818 [-0.003 0.051 0.999 0.000 0.056 -0.997 0.052 0.000 0.998 0.056 0.000 0.000 -0.123 -0.038 0.000 1.000]]
		[0.2363636 [-0.003 0.049 0.999 0.000 0.056 -0.997 0.049 0.000 0.998 0.056 0.000 0.000 -0.123 -0.038 0.000 1.000]]
		[0.2545455 [-0.002 0.041 0.999 0.000 0.055 -0.998 0.041 0.000 0.998 0.055 0.000 0.000 -0.123 -0.038 0.000 1.000]]
		[0.2727273 [-0.002 0.029 1.000 0.000 0.055 -0.998 0.029 0.000 0.998 0.055 0.000 0.000 -0.123 -0.038 0.000 1.000]]
		[0.2909091 [-0.001 0.017 1.000 0.000 0.054 -0.998 0.017 0.000 0.999 0.054 0.000 0.000 -0.123 -0.038 0.000 1.000]]
		[0.3090909 [0.000 0.006 1.000 0.000 0.053 -0.999 0.006 0.000 0.999 0.053 0.000 0.000 -0.123 -0.038 0.000 1.000]]
		[0.3272727 [0.000 0.001 1.000 0.000 0.052 -0.999 0.001 0.000 0.999 0.052 0.000 0.000 -0.123 -0.038 0.000 1.000]]
		[0.3454545 [0.000 0.000 1.000 0.000 0.052 -0.999 0.000 0.000 0.999 0.052 0.000 0.000 -0.123 -0.038 0.000 1.000]]
		[0.3636364 [0.000 0.000 1.000 0.000 0.052 -0.999 0.000 0.000 0.999 0.052 0.000 0.000 -0.123 -0.038 0.000 1.000]]
		[0.3818182 [0.000 0.000 1.000 0.000 0.052 -0.999 0.000 0.000 0.999 0.052 0.000 0.000 -0.123 -0.038 0.000 1.000]]
		[0.4 [0.000 0.000 1.000 0.000 0.052 -0.999 0.000 0.000 0.999 0.052 0.000 0.000 -0.123 -0.038 0.000 1.000]]
		[0.4181818 [0.000 0.000 1.000 0.000 0.052 -0.999 0.000 0.000 0.999 0.052 0.000 0.000 -0.123 -0.038 0.000 1.000]]
		[0.4363636 [0.000 0.000 1.000 0.000 0.052 -0.999 0.000 0.000 0.999 0.052 0.000 0.000 -0.123 -0.038 0.000 1.000]]
		[0.4545455 [0.000 0.000 1.000 0.000 0.052 -0.999 0.000 0.000 0.999 0.052 0.000 0.000 -0.123 -0.038 0.000 1.000]]
		[0.4727273 [0.000 0.000 1.000 0.000 0.052 -0.999 0.000 0.000 0.999 0.052 0.000 0.000 -0.123 -0.038 0.000 1.000]]
		[0.4909091 [0.000 0.000 1.000 0.000 0.052 -0.999 0.000 0.000 0.999 0.052 0.000 0.000 -0.123 -0.038 0.000 1.000]]
		[0.5090909 [0.000 0.001 1.000 0.000 0.052 -0.999 0.001 0.000 0.999 0.052 0.000 0.000 -0.123 -0.038 0.000 1.000]]
		[0.5272727 [0.000 0.006 1.000 0.000 0.053 -0.999 0.006 0.000 0.999 0.053 0.000 0.000 -0.123 -0.038 0.000 1.000]]
		[0.5454546 [-0.001 0.014 1.000 0.000 0.053 -0.998 0.014 0.000 0.999 0.053 0.000 0.000 -0.123 -0.038 0.000 1.000]]
		[0.5636364 [-0.001 0.025 1.000 0.000 0.054 -0.998 0.025 0.000 0.999 0.054 0.000 0.000 -0.123 -0.038 0.000 1.000]]
		[0.5818182 [-0.002 0.038 0.999 0.000 0.055 -0.998 0.038 0.000 0.998 0.055 0.000 0.000 -0.123 -0.038 0.000 1.000]]
		[0.6 [-0.003 0.050 0.999 0.000 0.056 -0.997 0.050 0.000 0.998 0.056 0.000 0.000 -0.123 -0.038 0.000 1.000]]
		[0.6181818 [-0.004 0.062 0.998 0.000 0.057 -0.996 0.062 0.000 0.998 0.057 0.000 0.000 -0.123 -0.038 0.000 1.000]]
		[0.6363636 [-0.004 0.071 0.997 0.000 0.057 -0.996 0.071 0.000 0.998 0.058 0.000 0.000 -0.123 -0.038 0.000 1.000]]
		[0.6545454 [-0.004 0.076 0.997 0.000 0.058 -0.995 0.076 0.000 0.998 0.058 0.000 0.000 -0.123 -0.038 0.000 1.000]]
		[0.6727273 [-0.004 0.077 0.997 0.000 0.058 -0.995 0.077 0.000 0.998 0.058 0.000 0.000 -0.123 -0.038 0.000 1.000]]
		[0.6909091 [-0.004 0.072 0.997 0.000 0.058 -0.996 0.072 0.000 0.998 0.058 0.000 0.000 -0.123 -0.038 0.000 1.000]]
		[0.7090909 [-0.003 0.060 0.998 0.000 0.057 -0.997 0.060 0.000 0.998 0.057 0.000 0.000 -0.123 -0.038 0.000 1.000]]
		[0.7272727 [-0.002 0.039 0.999 0.000 0.055 -0.998 0.039 0.000 0.998 0.055 0.000 0.000 -0.123 -0.038 0.000 1.000]]
		[0.7454545 [0.000 0.009 1.000 0.000 0.053 -0.999 0.009 0.000 0.999 0.053 0.000 0.000 -0.123 -0.038 0.000 1.000]]
		[0.7636364 [0.002 -0.033 0.999 0.000 0.050 -0.998 -0.033 0.000 0.999 0.050 0.000 0.000 -0.123 -0.038 0.000 1.000]]
		[0.7818182 [0.004 -0.089 0.996 0.000 0.045 -0.995 -0.090 0.000 0.999 0.046 0.000 0.000 -0.123 -0.038 0.000 1.000]]
		[0.8 [0.006 -0.157 0.988 0.000 0.040 -0.987 -0.157 0.000 0.999 0.040 0.000 0.000 -0.123 -0.038 0.000 1.000]]
		[0.8181818 [0.008 -0.233 0.972 0.000 0.034 -0.972 -0.234 0.000 0.999 0.035 0.000 0.000 -0.123 -0.038 0.000 1.000]]
		[0.8363636 [0.009 -0.314 0.949 0.000 0.027 -0.949 -0.314 0.000 1.000 0.028 0.000 0.000 -0.123 -0.038 0.000 1.000]]
		[0.8545455 [0.009 -0.396 0.918 0.000 0.020 -0.918 -0.396 0.000 1.000 0.022 0.000 0.000 -0.123 -0.038 0.000 1.000]]
		[0.8727273 [0.007 -0.476 0.879 0.000 0.013 -0.879 -0.476 0.000 1.000 0.015 0.000 0.000 -0.123 -0.038 0.000 1.000]]
		[0.8909091 [0.005 -0.551 0.835 0.000 0.007 -0.835 -0.551 0.000 1.000 0.009 0.000 0.000 -0.123 -0.038 0.000 1.000]]
		[0.9090909 [0.002 -0.617 0.787 0.000 0.002 -0.787 -0.617 0.000 1.000 0.002 0.000 0.000 -0.123 -0.038 0.000 1.000]]
		[0.9272727 [0.000 -0.643 0.766 0.000 0.000 -0.766 -0.643 0.000 1.000 0.000 0.000 0.000 -0.123 -0.038 0.000 1.000]]
		[0.9454545 [0.000 -0.643 0.766 0.000 0.000 -0.766 -0.643 0.000 1.000 0.000 0.000 0.000 -0.123 -0.038 0.000 1.000]]
		[0.9636363 [0.000 -0.643 0.766 0.000 0.000 -0.766 -0.643 0.000 1.000 0.000 0.000 0.000 -0.123 -0.038 0.000 1.000]]
		[0.9818182 [0.000 -0.643 0.766 0.000 0.000 -0.766 -0.643 0.000 1.000 0.000 0.000 0.000 -0.123 -0.038 0.000 1.000]]
	]
	"Koleno_P" [
		[0 [0.000 1.000 0.000 0.000 1.000 0.000 0.000 0.000 0.000 0.000 -1.000 0.000 0.000 0.532 0.000 1.000]]
		[0.01818182 [-0.139 0.990 0.000 0.000 0.990 0.139 0.000 0.000 0.000 0.000 -1.000 0.000 0.000 0.532 0.000 1.000]]
		[0.03636364 [-0.285 0.958 0.000 0.000 0.958 0.285 0.000 0.000 0.000 0.000 -1.000 0.000 0.000 0.532 0.000 1.000]]
		[0.05454545 [-0.429 0.903 0.000 0.000 0.903 0.429 0.000 0.000 0.000 0.000 -1.000 0.000 0.000 0.532 0.000 1.000]]
		[0.07272727 [-0.564 0.826 0.000 0.000 0.826 0.564 0.000 0.000 0.000 0.000 -1.000 0.000 0.000 0.532 0.000 1.000]]
		[0.09090909 [-0.681 0.732 0.000 0.000 0.732 0.681 0.000 0.000 0.000 0.000 -1.000 0.000 0.000 0.532 0.000 1.000]]
		[0.1090909 [-0.777 0.629 0.000 0.000 0.629 0.777 0.000 0.000 0.000 0.000 -1.000 0.000 0.000 0.532 0.000 1.000]]
		[0.1272727 [-0.851 0.526 0.000 0.000 0.526 0.851 0.000 0.000 0.000 0.000 -1.000 0.000 0.000 0.532 0.000 1.000]]
		[0.1454545 [-0.902 0.431 0.000 0.000 0.431 0.902 0.000 0.000 0.000 0.000 -1.000 0.000 0.000 0.532 0.000 1.000]]
		[0.1636364 [-0.936 0.353 0.000 0.000 0.353 0.936 0.000 0.000 0.000 0.000 -1.000 0.000 0.000 0.532 0.000 1.000]]
		[0.1818182 [-0.954 0.299 0.000 0.000 0.299 0.954 0.000 0.000 0.000 0.000 -1.000 0.000 0.000 0.532 0.000 1.000]]
		[0.2 [-0.964 0.268 0.000 0.000 0.268 0.964 0.000 0.000 0.000 0.000 -1.000 0.000 0.000 0.532 0.000 1.000]]
		[0.2181818 [-0.967 0.256 0.000 0.000 0.256 0.967 0.000 0.000 0.000 0.000 -1.000 0.000 0.000 0.532 0.000 1.000]]
		[0.2363636 [-0.966 0.260 0.000 0.000 0.260 0.966 0.000 0.000 0.000 0.000 -1.000 0.000 0.000 0.532 0.000 1.000]]
		[0.2545455 [-0.962 0.274 0.000 0.000 0.274 0.962 0.000 0.000 0.000 0.000 -1.000 0.000 0.000 0.532 0.000 1.000]]
		[0.2727273 [-0.956 0.293 0.000 0.000 0.293 0.956 0.000 0.000 0.000 0.000 -1.000 0.000 0.000 0.532 0.000 1.000]]
		[0.2909091 [-0.949 0.314 0.000 0.000 0.314 0.949 0.000 0.000 0.000 0.000 -1.000 0.000 0.000 0.532 0.000 1.000]]
		[0.3090909 [-0.943 0.332 0.000 0.000 0.332 0.943 0.000 0.000 0.000 0.000 -1.000 0.000 0.000 0.532 0.000 1.000]]
		[0.3272727 [-0.940 0.341 0.000 0.000 0.341 0.940 0.000 0.000 0.000 0.000 -1.000 0.000 0.000 0.532 0.000 1.000]]
		[0.3454545 [-0.940 0.342 0.000 0.000 0.342 0.940 0.000 0.000 0.000 0.000 -1.000 0.000 0.000 0.532 0.000 1.000]]
		[0.3636364 [-0.940 0.342 0.000 0.000 0.342 0.940 0.000 0.000 0.000 0.000 -1.000 0.000 0.000 0.532 0.000 1.000]]
		[0.3818182 [-0.940 0.342 0.000 0.000 0.342 0.940 0.000 0.000 0.000 0.000 -1.000 0.000 0.000 0.532 0.000 1.000]]
		[0.4 [-0.940 0.342 0.000 0.000 0.342 0.940 0.000 0.000 0.000 0.000 -1.000 0.000 0.000 0.532 0.000 1.000]]
		[0.4181818 [-0.940 0.342 0.000 0.000 0.342 0.940 0.000 0.000 0.000 0.000 -1.000 0.000 0.000 0.532 0.000 1.000]]
		[0.4363636 [-0.940 0.342 0.000 0.000 0.342 0.940 0.000 0.000 0.000 0.000 -1.000 0.000 0.000 0.532 0.000 1.000]]
		[0.4545455 [-0.940 0.342 0.000 0.000 0.342 0.940 0.000 0.000 0.000 0.000 -1.000 0.000 0.000 0.532 0.000 1.000]]
		[0.4727273 [-0.940 0.342 0.000 0.000 0.342 0.940 0.000 0.000 0.000 0.000 -1.000 0.000 0.000 0.532 0.000 1.000]]
		[0.4909091 [-0.940 0.342 0.000 0.000 0.342 0.940 0.000 0.000 0.000 0.000 -1.000 0.000 0.000 0.532 0.000 1.000]]
		[0.5090909 [-0.940 0.341 0.000 0.000 0.341 0.940 0.000 0.000 0.000 0.000 -1.000 0.000 0.000 0.532 0.000 1.000]]
		[0.5272727 [-0.943 0.333 0.000 0.000 0.333 0.943 0.000 0.000 0.000 0.000 -1.000 0.000 0.000 0.532 0.000 1.000]]
		[0.5454546 [-0.948 0.319 0.000 0.000 0.319 0.948 0.000 0.000 0.000 0.000 -1.000 0.000 0.000 0.532 0.000 1.000]]
		[0.5636364 [-0.954 0.300 0.000 0.000 0.300 0.954 0.000 0.000 0.000 0.000 -1.000 0.000 0.000 0.532 0.000 1.000]]
		[0.5818182 [-0.960 0.279 0.000 0.000 0.279 0.960 0.000 0.000 0.000 0.000 -1.000 0.000 0.000 0.532 0.000 1.000]]
		[0.6 [-0.966 0.258 0.000 0.000 0.258 0.966 0.000 0.000 0.000 0.000 -1.000 0.000 0.000 0.532 0.000 1.000]]
		[0.6181818 [-0.971 0.239 0.000 0.000 0.239 0.971 0.000 0.000 0.000 0.000 -1.000 0.000 0.000 0.532 0.000 1.000]]
		[0.6363636 [-0.975 0.223 0.000 0.000 0.223 0.975 0.000 0.000 0.000 0.000 -1.000 0.000 0.000 0.532 0.000 1.000]]
		[0.6545454 [-0.977 0.214 0.000 0.000 0.214 0.977 0.000 0.000 0.000 0.000 -1.000 0.000 0.000 0.532 0.000 1.000]]
		[0.6727273 [-0.977 0.212 0.000 0.000 0.212 0.977 0.000 0.000 0.000 0.000 -1.000 0.000 0.000 0.532 0.000 1.000]]
		[0.6909091 [-0.975 0.221 0.000 0.000 0.221 0.975 0.000 0.000 0.000 0.000 -1.000 0.000 0.000 0.532 0.000 1.000]]
		[0.7090909 [-0.970 0.242 0.000 0.000 0.242 0.970 0.000 0.000 0.000 0.000 -1.000 0.000 0.000 0.532 0.000 1.000]]
		[0.7272727 [-0.961 0.277 0.000 0.000 0.277 0.961 0.000 0.000 0.000 0.000 -1.000 0.000 0.000 0.532 0.000 1.000]]
		[0.7454545 [-0.945 0.327 0.000 0.000 0.327 0.945 0.000 0.000 0.000 0.000 -1.000 0.000 0.000 0.532 0.000 1.000]]
		[0.7636364 [-0.918 0.396 0.000 0.000 0.396 0.918 0.000 0.000 0.000 0.000 -1.000 0.000 0.000 0.532 0.000 1.000]]
		[0.7818182 [-0.875 0.485 0.000 0.000 0.485 0.875 0.000 0.000 0.000 0.000 -1.000 0.000 0.000 0.532 0.000 1.000]]
		[0.8 [-0.811 0.586 0.000 0.000 0.586 0.811 0.000 0.000 0.000 0.000 -1.000 0.000 0.000 0.532 0.000 1.000]]
		[0.8181818 [-0.724 0.690 0.000 0.000 0.690 0.724 0.000 0.000 0.000 0.000 -1.000 0.000 0.000 0.532 0.000 1.000]]
		[0.8363636 [-0.615 0.789 0.000 0.000 0.789 0.615 0.000 0.000 0.000 0.000 -1.000 0.000 0.000 0.532 0.000 1.000]]
		[0.8545455 [-0.487 0.873 0.000 0.000 0.873 0.487 0.000 0.000 0.000 0.000 -1.000 0.000 0.000 0.532 0.000 1.000]]
		[0.8727273 [-0.346 0.938 0.000 0.000 0.938 0.346 0.000 0.000 0.000 0.000 -1.000 0.000 0.000 0.532 0.000 1.000]]
		[0.8909091 [-0.200 0.980 0.000 0.000 0.980 0.200 0.000 0.000 0.000 0.000 -1.000 0.000 0.000 0.532 0.000 1.000]]
		[0.9090909 [-0.058 0.998 0.000 0.000 0.998 0.058 0.000 0.000 0.000 0.000 -1.000 0.000 0.000 0.532 0.000 1.000]]
		[0.9272727 [0.000 1.000 0.000 0.000 1.000 0.000 0.000 0.000 0.000 0.000 -1.000 0.000 0.000 0.532 0.000 1.000]]
		[0.9454545 [0.000 1.000 0.000 0.000 1.000 0.000 0.000 0.000 0.000 0.000 -1.000 0.000 0.000 0.532 0.000 1.000]]
		[0.9636363 [0.000 1.000 0.000 0.000 1.000 0.000 0.000 0.000 0.000 0.000 -1.000 0.000 0.000 0.532 0.000 1.000]]
		[0.9818182 [0.000 1.000 0.000 0.000 1.000 0.000 0.000 0.000 0.000 0.000 -1.000 0.000 0.000 0.532 0.000 1.000]]
	]
	"Koleno_P_end" [
		[0 [1.000 0.000 0.000 0.000 0.000 1.000 0.000 0.000 0.000 0.000 1.000 0.000 0.000 0.578 0.000 1.000]]
	]
	"Tors" [
		[0 [1.000 0.000 0.000 0.000 0.000 1.000 0.000 0.000 0.000 0.000 1.000 0.000 0.000 0.130 0.000 1.000]]
		[0.01818182 [1.000 0.000 0.000 0.000 0.000 1.000 -0.002 0.000 0.000 0.002 1.000 0.000 0.000 0.130 0.000 1.000]]
		[0.03636364 [1.000 0.000 0.000 0.000 0.000 1.000 -0.006 0.000 0.000 0.006 1.000 0.000 0.000 0.130 0.000 1.000]]
		[0.05454545 [1.000 0.000 0.000 0.000 0.000 1.000 -0.013 0.000 0.000 0.013 1.000 0.000 0.000 0.130 0.000 1.000]]
		[0.07272727 [1.000 0.000 0.000 0.000 0.000 1.000 -0.019 0.000 0.000 0.019 1.000 0.000 0.000 0.130 0.000 1.000]]
		[0.09090909 [1.000 0.000 0.000 0.000 0.000 1.000 -0.024 0.000 0.000 0.024 1.000 0.000 0.000 0.130 0.000 1.000]]
		[0.1090909 [1.000 0.000 0.000 0.000 0.000 1.000 -0.026 0.000 0.000 0.026 1.000 0.000 0.000 0.130 0.000 1.000]]
		[0.1272727 [1.000 0.000 0.000 0.000 0.000 1.000 -0.024 0.000 0.000 0.024 1.000 0.000 0.000 0.130 0.000 1.000]]
		[0.1454545 [1.000 0.000 0.000 0.000 0.000 1.000 -0.017 0.000 0.000 0.017 1.000 0.000 0.000 0.130 0.000 1.000]]
		[0.1636364 [1.000 0.000 0.000 0.000 0.000 1.000 -0.003 0.000 0.000 0.003 1.000 0.000 0.000 0.130 0.000 1.000]]
		[0.1818182 [1.000 0.000 0.000 0.000 0.000 1.000 0.021 0.000 0.000 -0.021 1.000 0.000 0.000 0.130 0.000 1.000]]
		[0.2 [1.000 0.000 0.000 0.000 0.000 0.998 0.059 0.000 0.000 -0.059 0.998 0.000 0.000 0.130 0.000 1.000]]
		[0.2181818 [1.000 0.000 0.000 0.000 0.000 0.994 0.105 0.000 0.000 -0.105 0.994 0.000 0.000 0.130 0.000 1.000]]
		[0.2363636 [1.000 0.000 0.000 0.000 0.000 0.988 0.156 0.000 0.000 -0.156 0.988 0.000 0.000 0.130 0.000 1.000]]
		[0.2545455 [1.000 0.000 0.000 0.000 0.000 0.978 0.208 0.000 0.000 -0.208 0.978 0.000 0.000 0.130 0.000 1.000]]
		[0.2727273 [1.000 0.000 0.000 0.000 0.000 0.967 0.256 0.000 0.000 -0.256 0.967 0.000 0.000 0.130 0.000 1.000]]
		[0.2909091 [1.000 0.000 0.000 0.000 0.000 0.955 0.297 0.000 0.000 -0.297 0.955 0.000 0.000 0.130 0.000 1.000]]
		[0.3090909 [1.000 0.000 0.000 0.000 0.000 0.945 0.326 0.000 0.000 -0.326 0.945 0.000 0.000 0.130 0.000 1.000]]
		[0.3272727 [1.000 0.000 0.000 0.000 0.000 0.940 0.341 0.000 0.000 -0.341 0.940 0.000 0.000 0.130 0.000 1.000]]
		[0.3454545 [1.000 0.000 0.000 0.000 0.000 0.941 0.338 0.000 0.000 -0.338 0.941 0.000 0.000 0.130 0.000 1.000]]
		[0.3636364 [1.000 0.000 0.000 0.000 0.000 0.948 0.318 0.000 0.000 -0.318 0.948 0.000 0.000 0.130 0.000 1.000]]
		[0.3818182 [1.000 0.000 0.000 0.000 0.000 0.959 0.284 0.000 0.000 -0.284 0.959 0.000 0.000 0.130 0.000 1.000]]
		[0.4 [1.000 0.000 0.000 0.000 0.000 0.971 0.241 0.000 0.000 -0.241 0.971 0.000 0.000 0.130 0.000 1.000]]
		[0.4181818 [1.000 0.000 0.000 0.000 0.000 0.982 0.191 0.000 0.000 -0.191 0.982 0.000 0.000 0.130 0.000 1.000]]
		[0.4363636 [1.000 0.000 0.000 0.000 0.000 0.990 0.139 0.000 0.000 -0.139 0.990 0.000 0.000 0.130 0.000 1.000]]
		[0.4545455 [1.000 0.000 0.000 0.000 0.000 0.996 0.089 0.000 0.000 -0.089 0.996 0.000 0.000 0.130 0.000 1.000]]
		[0.4727273 [1.000 0.000 0.000 0.000 0.000 0.999 0.045 0.000 0.000 -0.045 0.999 0.000 0.000 0.130 0.000 1.000]]
		[0.4909091 [1.000 0.000 0.000 0.000 0.000 1.000 0.012 0.000 0.000 -0.012 1.000 0.000 0.000 0.130 0.000 1.000]]
		[0.5090909 [1.000 0.000 0.000 0.000 0.000 1.000 -0.009 0.000 0.000 0.009 1.000 0.000 0.000 0.130 0.000 1.000]]
		[0.5272727 [1.000 0.000 0.000 0.000 0.000 1.000 -0.023 0.000 0.000 0.023 1.000 0.000 0.000 0.130 0.000 1.000]]
		[0.5454546 [1.000 0.000 0.000 0.000 0.000 0.999 -0.032 0.000 0.000 0.032 0.999 0.000 0.000 0.130 0.000 1.000]]
		[0.5636364 [1.000 0.000 0.000 0.000 0.000 0.999 -0.037 0.000 0.000 0.037 0.999 0.000 0.000 0.130 0.000 1.000]]
		[0.5818182 [1.000 0.000 0.000 0.000 0.000 0.999 -0.039 0.000 0.000 0.039 0.999 0.000 0.000 0.130 0.000 1.000]]
		[0.6 [1.000 0.000 0.000 0.000 0.000 0.999 -0.038 0.000 0.000 0.038 0.999 0.000 0.000 0.130 0.000 1.000]]
		[0.6181818 [1.000 0.000 0.000 0.000 0.000 0.999 -0.034 0.000 0.000 0.034 0.999 0.000 0.000 0.130 0.000 1.000]]
		[0.6363636 [1.000 0.000 0.000 0.000 0.000 1.000 -0.030 0.000 0.000 0.030 1.000 0.000 0.000 0.130 0.000 1.000]]
		[0.6545454 [1.000 0.000 0.000 0.000 0.000 1.000 -0.024 0.000 0.000 0.024 1.000 0.000 0.000 0.130 0.000 1.000]]
		[0.6727273 [1.000 0.000 0.000 0.000 0.000 1.000 -0.017 0.000 0.000 0.017 1.000 0.000 0.000 0.130 0.000 1.000]]
		[0.6909091 [1.000 0.000 0.000 0.000 0.000 1.000 -0.011 0.000 0.000 0.011 1.000 0.000 0.000 0.130 0.000 1.000]]
		[0.7090909 [1.000 0.000 0.000 0.000 0.000 1.000 -0.006 0.000 0.000 0.006 1.000 0.000 0.000 0.130 0.000 1.000]]
		[0.7272727 [1.000 0.000 0.000 0.000 0.000 1.000 -0.002 0.000 0.000 0.002 1.000 0.000 0.000 0.130 0.000 1.000]]
		[0.7454545 [1.000 0.000 0.000 0.000 0.000 1.000 0.000 0.000 0.000 0.000 1.000 0.000 0.000 0.130 0.000 1.000]]
		[0.7636364 [1.000 0.000 0.000 0.000 0.000 1.000 0.000 0.000 0.000 0.000 1.000 0.000 0.000 0.130 0.000 1.000]]
		[0.7818182 [1.000 0.000 0.000 0.000 0.000 1.000 0.000 0.000 0.000 0.000 1.000 0.000 0.000 0.130 0.000 1.000]]
		[0.8 [1.000 0.000 0.000 0.000 0.000 1.000 0.000 0.000 0.000 0.000 1.000 0.000 0.000 0.130 0.000 1.000]]
		[0.8181818 [1.000 0.000 0.000 0.000 0.000 1.000 0.000 0.000 0.000 0.000 1.000 0.000 0.000 0.130 0.000 1.000]]
		[0.8363636 [1.000 0.000 0.000 0.000 0.000 1.000 0.000 0.000 0.000 0.000 1.000 0.000 0.000 0.130 0.000 1.000]]
		[0.8545455 [1.000 0.000 0.000 0.000 0.000 1.000 0.000 0.000 0.000 0.000 1.000 0.000 0.000 0.130 0.000 1.000]]
		[0.8727273 [1.000 0.000 0.000 0.000 0.000 1.000 0.000 0.000 0.000 0.000 1.000 0.000 0.000 0.130 0.000 1.000]]
		[0.8909091 [1.000 0.000 0.000 0.000 0.000 1.000 0.000 0.000 0.000 0.000 1.000 0.000 0.000 0.130 0.000 1.000]]
		[0.9090909 [1.000 0.000 0.000 0.000 0.000 1.000 0.000 0.000 0.000 0.000 1.000 0.000 0.000 0.130 0.000 1.000]]
		[0.9272727 [1.000 0.000 0.000 0.000 0.000 1.000 0.000 0.000 0.000 0.000 1.000 0.000 0.000 0.130 0.000 1.000]]
		[0.9454545 [1.000 0.000 0.000 0.000 0.000 1.000 0.000 0.000 0.000 0.000 1.000 0.000 0.000 0.130 0.000 1.000]]
		[0.9636363 [1.000 0.000 0.000 0.000 0.000 1.000 0.000 0.000 0.000 0.000 1.000 0.000 0.000 0.130 0.000 1.000]]
		[0.9818182 [1.000 0.000 0.000 0.000 0.000 1.000 0.000 0.000 0.000 0.000 1.000 0.000 0.000 0.130 0.000 1.000]]
	]
	"Golova" [
		[0 [1.000 0.000 0.000 0.000 0.000 0.985 -0.174 0.000 0.000 0.174 0.985 0.000 0.000 0.596 0.000 1.000]]
		[0.01818182 [1.000 0.000 0.000 0.000 0.000 0.984 -0.177 0.000 0.000 0.177 0.984 0.000 0.000 0.596 0.000 1.000]]
		[0.03636364 [1.000 0.000 0.000 0.000 0.000 0.982 -0.186 0.000 0.000 0.186 0.982 0.000 0.000 0.596 0.000 1.000]]
		[0.05454545 [1.000 0.000 0.000 0.000 0.000 0.980 -0.198 0.000 0.000 0.198 0.980 0.000 0.000 0.596 0.000 1.000]]
		[0.07272727 [1.000 0.000 0.000 0.000 0.000 0.978 -0.210 0.000 0.000 0.210 0.978 0.000 0.000 0.596 0.000 1.000]]
		[0.09090909 [1.000 0.000 0.000 0.000 0.000 0.976 -0.220 0.000 0.000 0.220 0.976 0.000 0.000 0.596 0.000 1.000]]
		[0.1090909 [1.000 0.000 0.000 0.000 0.000 0.975 -0.224 0.000 0.000 0.224 0.975 0.000 0.000 0.596 0.000 1.000]]
		[0.1272727 [1.000 0.000 0.000 0.000 0.000 0.975 -0.221 0.000 0.000 0.221 0.975 0.000 0.000 0.596 0.000 1.000]]
		[0.1454545 [1.000 0.000 0.000 0.000 0.000 0.978 -0.207 0.000 0.000 0.207 0.978 0.000 0.000 0.596 0.000 1.000]]
		[0.1636364 [1.000 0.000 0.000 0.000 0.000 0.984 -0.180 0.000 0.000 0.180 0.984 0.000 0.000 0.596 0.000 1.000]]
		[0.1818182 [1.000 0.000 0.000 0.000 0.000 0.991 -0.132 0.000 0.000 0.132 0.991 0.000 0.000 0.596 0.000 1.000]]
		[0.2 [1.000 0.000 0.000 0.000 0.000 0.998 -0.057 0.000 0.000 0.057 0.998 0.000 0.000 0.596 0.000 1.000]]
		[0.2181818 [1.000 0.000 0.000 0.000 0.000 0.999 0.036 0.000 0.000 -0.036 0.999 0.000 0.000 0.596 0.000 1.000]]
		[0.2363636 [1.000 0.000 0.000 0.000 0.000 0.990 0.138 0.000 0.000 -0.138 0.990 0.000 0.000 0.596 0.000 1.000]]
		[0.2545455 [1.000 0.000 0.000 0.000 0.000 0.970 0.242 0.000 0.000 -0.242 0.970 0.000 0.000 0.596 0.000 1.000]]
