{ :name "TeleportSpell" :length 0.9166667 :bones { 
	"Skelet" [
		[ 0 [ 0 1 2 3 ] ]
		[ 0.01666667 [ 0 1 2 4 ] ]
		[ 0.03333334 [ 0 1 2 5 ] ]
		[ 0.05 [ 0 1 2 6 ] ]
		[ 0.06666667 [ 0 1 2 7 ] ]
		[ 0.08333334 [ 0 1 2 8 ] ]
		[ 0.1 [ 0 1 2 9 ] ]
		[ 0.1166667 [ 0 1 2 10 ] ]
		[ 0.1333333 [ 0 1 2 11 ] ]
		[ 0.15 [ 0 1 2 12 ] ]
		[ 0.1666667 [ 0 1 2 3 ] ]
		[ 0.1833333 [ 0 1 2 13 ] ]
		[ 0.2 [ 0 1 2 14 ] ]
		[ 0.2166667 [ 0 1 2 15 ] ]
		[ 0.2333333 [ 0 1 2 16 ] ]
		[ 0.25 [ 0 1 2 17 ] ]
		[ 0.2666667 [ 0 1 2 18 ] ]
		[ 0.2833333 [ 0 1 2 19 ] ]
		[ 0.3 [ 0 1 2 20 ] ]
		[ 0.3166667 [ 0 1 2 21 ] ]
		[ 0.3333333 [ 0 1 2 22 ] ]
		[ 0.35 [ 23 24 25 21 ] ]
		[ 0.3666667 [ 26 27 28 20 ] ]
		[ 0.3833334 [ 29 30 31 19 ] ]
		[ 0.4 [ 32 33 34 18 ] ]
		[ 0.4166667 [ 35 36 37 17 ] ]
		[ 0.4333333 [ 38 39 40 16 ] ]
		[ 0.45 [ 41 42 43 15 ] ]
		[ 0.4666667 [ 44 45 46 14 ] ]
		[ 0.4833333 [ 47 48 49 13 ] ]
		[ 0.5 [ 0 1 2 3 ] ]
		[ 0.5166667 [ 50 51 52 53 ] ]
		[ 0.5333334 [ 54 55 56 10 ] ]
		[ 0.55 [ 57 58 59 60 ] ]
		[ 0.5666667 [ 61 62 63 64 ] ]
		[ 0.5833334 [ 65 66 67 64 ] ]
		[ 0.6 [ 68 69 70 64 ] ]
		[ 0.6166667 [ 71 72 73 74 ] ]
		[ 0.6333333 [ 75 76 77 78 ] ]
		[ 0.65 [ 79 80 81 9 ] ]
		[ 0.6666667 [ 82 83 84 85 ] ]
		[ 0.6833333 [ 86 87 88 12 ] ]
		[ 0.7 [ 89 90 91 92 ] ]
		[ 0.7166667 [ 93 94 95 96 ] ]
		[ 0.7333333 [ 97 98 99 4 ] ]
		[ 0.75 [ 0 1 2 3 ] ]
		[ 0.7666667 [ 100 1 101 3 ] ]
		[ 0.7833334 [ 102 1 103 3 ] ]
		[ 0.8 [ 104 1 105 3 ] ]
		[ 0.8166667 [ 106 1 107 3 ] ]
		[ 0.8333334 [ 108 1 109 3 ] ]
		[ 0.85 [ 110 1 111 3 ] ]
		[ 0.8666667 [ 112 1 113 3 ] ]
		[ 0.8833333 [ 114 1 115 3 ] ]
		[ 0.9 [ 116 1 117 3 ] ]
	]
	"Bedro_L" [
		[ 0 [ 118 119 0 120 ] ]
		[ 0.01666667 [ 121 122 123 120 ] ]
		[ 0.03333334 [ 124 125 126 120 ] ]
		[ 0.05 [ 127 128 129 120 ] ]
		[ 0.06666667 [ 130 131 132 120 ] ]
		[ 0.08333334 [ 133 134 135 120 ] ]
		[ 0.1 [ 136 137 138 120 ] ]
		[ 0.1166667 [ 139 140 141 120 ] ]
		[ 0.1333333 [ 142 143 144 120 ] ]
		[ 0.15 [ 145 146 147 120 ] ]
		[ 0.1666667 [ 1 148 149 120 ] ]
		[ 0.1833333 [ 150 151 152 120 ] ]
		[ 0.2 [ 153 154 155 120 ] ]
		[ 0.2166667 [ 156 157 155 120 ] ]
		[ 0.2333333 [ 158 159 155 120 ] ]
		[ 0.25 [ 153 154 155 120 ] ]
		[ 0.2666667 [ 160 161 162 120 ] ]
		[ 0.2833333 [ 163 164 152 120 ] ]
		[ 0.3 [ 165 166 167 120 ] ]
		[ 0.3166667 [ 168 169 167 120 ] ]
		[ 0.3333333 [ 1 148 149 120 ] ]
		[ 0.35 [ 1 148 149 120 ] ]
		[ 0.3666667 [ 1 148 149 120 ] ]
		[ 0.3833334 [ 1 148 149 120 ] ]
		[ 0.4 [ 1 148 149 120 ] ]
		[ 0.4166667 [ 1 148 149 120 ] ]
		[ 0.4333333 [ 1 148 149 120 ] ]
		[ 0.45 [ 1 148 149 120 ] ]
		[ 0.4666667 [ 1 148 149 120 ] ]
		[ 0.4833333 [ 1 148 149 120 ] ]
		[ 0.5 [ 1 148 149 120 ] ]
		[ 0.5166667 [ 170 171 149 120 ] ]
		[ 0.5333334 [ 172 173 167 120 ] ]
		[ 0.55 [ 174 175 152 120 ] ]
		[ 0.5666667 [ 150 151 152 120 ] ]
		[ 0.5833334 [ 176 177 162 120 ] ]
		[ 0.6 [ 158 159 155 120 ] ]
		[ 0.6166667 [ 178 179 180 120 ] ]
		[ 0.6333333 [ 181 182 183 120 ] ]
		[ 0.65 [ 184 185 183 120 ] ]
		[ 0.6666667 [ 186 187 183 120 ] ]
		[ 0.6833333 [ 188 185 183 120 ] ]
		[ 0.7 [ 189 190 180 120 ] ]
		[ 0.7166667 [ 156 157 155 120 ] ]
		[ 0.7333333 [ 191 192 162 120 ] ]
		[ 0.75 [ 1 148 149 120 ] ]
		[ 0.7666667 [ 145 146 147 120 ] ]
		[ 0.7833334 [ 142 143 144 120 ] ]
		[ 0.8 [ 139 140 141 120 ] ]
		[ 0.8166667 [ 136 137 138 120 ] ]
		[ 0.8333334 [ 133 134 135 120 ] ]
		[ 0.85 [ 130 131 132 120 ] ]
		[ 0.8666667 [ 127 128 129 120 ] ]
		[ 0.8833333 [ 124 125 126 120 ] ]
		[ 0.9 [ 121 122 123 120 ] ]
	]
	"Koleno_L" [
		[ 0 [ 193 194 195 196 ] ]
		[ 0.01666667 [ 197 198 199 196 ] ]
		[ 0.03333334 [ 200 201 202 196 ] ]
		[ 0.05 [ 203 204 205 196 ] ]
		[ 0.06666667 [ 206 207 208 196 ] ]
		[ 0.08333334 [ 209 210 211 196 ] ]
		[ 0.1 [ 212 213 214 196 ] ]
		[ 0.1166667 [ 215 216 217 196 ] ]
		[ 0.1333333 [ 218 219 220 196 ] ]
		[ 0.15 [ 221 222 223 196 ] ]
		[ 0.1666667 [ 224 225 226 196 ] ]
		[ 0.1833333 [ 227 228 226 196 ] ]
		[ 0.2 [ 229 230 231 196 ] ]
		[ 0.2166667 [ 232 233 231 196 ] ]
		[ 0.2333333 [ 232 233 231 196 ] ]
		[ 0.25 [ 229 230 231 196 ] ]
		[ 0.2666667 [ 234 235 231 196 ] ]
		[ 0.2833333 [ 236 237 226 196 ] ]
		[ 0.3 [ 238 239 226 196 ] ]
		[ 0.3166667 [ 240 241 226 196 ] ]
		[ 0.3333333 [ 224 225 226 196 ] ]
		[ 0.35 [ 224 225 226 196 ] ]
		[ 0.3666667 [ 224 225 226 196 ] ]
		[ 0.3833334 [ 224 225 226 196 ] ]
		[ 0.4 [ 224 225 226 196 ] ]
		[ 0.4166667 [ 224 225 226 196 ] ]
		[ 0.4333333 [ 224 225 226 196 ] ]
		[ 0.45 [ 224 225 226 196 ] ]
		[ 0.4666667 [ 224 225 226 196 ] ]
		[ 0.4833333 [ 224 225 226 196 ] ]
		[ 0.5 [ 224 225 226 196 ] ]
		[ 0.5166667 [ 240 241 226 196 ] ]
		[ 0.5333334 [ 242 243 226 196 ] ]
		[ 0.55 [ 244 245 226 196 ] ]
		[ 0.5666667 [ 227 228 226 196 ] ]
		[ 0.5833334 [ 246 247 231 196 ] ]
		[ 0.6 [ 232 233 231 196 ] ]
		[ 0.6166667 [ 248 249 231 196 ] ]
		[ 0.6333333 [ 250 251 231 196 ] ]
		[ 0.65 [ 252 253 231 196 ] ]
		[ 0.6666667 [ 254 255 231 196 ] ]
		[ 0.6833333 [ 256 257 231 196 ] ]
		[ 0.7 [ 258 259 231 196 ] ]
		[ 0.7166667 [ 260 261 231 196 ] ]
		[ 0.7333333 [ 262 263 226 196 ] ]
		[ 0.75 [ 224 225 226 196 ] ]
		[ 0.7666667 [ 221 222 223 196 ] ]
		[ 0.7833334 [ 218 219 220 196 ] ]
		[ 0.8 [ 215 216 217 196 ] ]
		[ 0.8166667 [ 212 213 214 196 ] ]
		[ 0.8333334 [ 209 210 211 196 ] ]
		[ 0.85 [ 206 207 208 196 ] ]
		[ 0.8666667 [ 203 204 205 196 ] ]
		[ 0.8833333 [ 200 201 202 196 ] ]
		[ 0.9 [ 197 198 199 196 ] ]
	]
	"Koleno_L_end" [
		[ 0 [ 0 264 1 265 ] ]
	]
	"Bedro_P" [
		[ 0 [ 266 267 0 268 ] ]
		[ 0.01666667 [ 269 270 271 268 ] ]
		[ 0.03333334 [ 272 273 274 268 ] ]
		[ 0.05 [ 275 276 277 268 ] ]
		[ 0.06666667 [ 278 279 280 268 ] ]
		[ 0.08333334 [ 281 282 283 268 ] ]
		[ 0.1 [ 284 285 286 268 ] ]
		[ 0.1166667 [ 287 288 289 268 ] ]
		[ 0.1333333 [ 290 291 292 268 ] ]
		[ 0.15 [ 293 294 295 268 ] ]
		[ 0.1666667 [ 1 296 297 268 ] ]
		[ 0.1833333 [ 298 299 300 268 ] ]
		[ 0.2 [ 301 302 303 268 ] ]
		[ 0.2166667 [ 304 305 303 268 ] ]
		[ 0.2333333 [ 306 307 303 268 ] ]
		[ 0.25 [ 308 309 303 268 ] ]
		[ 0.2666667 [ 310 311 312 268 ] ]
		[ 0.2833333 [ 313 314 300 268 ] ]
		[ 0.3 [ 315 316 317 268 ] ]
		[ 0.3166667 [ 318 319 317 268 ] ]
		[ 0.3333333 [ 1 296 297 268 ] ]
		[ 0.35 [ 1 296 297 268 ] ]
		[ 0.3666667 [ 1 296 297 268 ] ]
		[ 0.3833334 [ 1 296 297 268 ] ]
		[ 0.4 [ 1 296 297 268 ] ]
		[ 0.4166667 [ 1 296 297 268 ] ]
		[ 0.4333333 [ 1 296 297 268 ] ]
		[ 0.45 [ 1 296 297 268 ] ]
		[ 0.4666667 [ 1 296 297 268 ] ]
		[ 0.4833333 [ 1 296 297 268 ] ]
		[ 0.5 [ 1 296 297 268 ] ]
		[ 0.5166667 [ 168 320 297 268 ] ]
		[ 0.5333334 [ 174 321 317 268 ] ]
		[ 0.55 [ 48 322 300 268 ] ]
		[ 0.5666667 [ 323 324 300 268 ] ]
		[ 0.5833334 [ 325 326 312 268 ] ]
		[ 0.6 [ 306 307 303 268 ] ]
		[ 0.6166667 [ 327 328 329 268 ] ]
		[ 0.6333333 [ 330 331 332 268 ] ]
		[ 0.65 [ 333 334 332 268 ] ]
		[ 0.6666667 [ 335 336 332 268 ] ]
		[ 0.6833333 [ 333 337 332 268 ] ]
		[ 0.7 [ 338 339 329 268 ] ]
		[ 0.7166667 [ 340 341 303 268 ] ]
		[ 0.7333333 [ 342 343 312 268 ] ]
		[ 0.75 [ 1 296 297 268 ] ]
		[ 0.7666667 [ 293 294 295 268 ] ]
		[ 0.7833334 [ 290 291 292 268 ] ]
		[ 0.8 [ 287 288 289 268 ] ]
		[ 0.8166667 [ 284 285 286 268 ] ]
		[ 0.8333334 [ 281 282 283 268 ] ]
		[ 0.85 [ 278 279 280 268 ] ]
		[ 0.8666667 [ 275 276 277 268 ] ]
		[ 0.8833333 [ 272 273 274 268 ] ]
		[ 0.9 [ 269 270 271 268 ] ]
	]
	"Koleno_P" [
		[ 0 [ 264 0 226 196 ] ]
		[ 0.01666667 [ 344 345 226 196 ] ]
		[ 0.03333334 [ 346 347 226 196 ] ]
		[ 0.05 [ 348 349 226 196 ] ]
		[ 0.06666667 [ 350 351 226 196 ] ]
		[ 0.08333334 [ 352 353 226 196 ] ]
		[ 0.1 [ 354 355 226 196 ] ]
		[ 0.1166667 [ 356 357 226 196 ] ]
		[ 0.1333333 [ 358 359 226 196 ] ]
		[ 0.15 [ 360 361 226 196 ] ]
		[ 0.1666667 [ 224 225 226 196 ] ]
		[ 0.1833333 [ 362 363 226 196 ] ]
		[ 0.2 [ 364 365 226 196 ] ]
		[ 0.2166667 [ 366 367 226 196 ] ]
		[ 0.2333333 [ 368 369 226 196 ] ]
		[ 0.25 [ 370 371 226 196 ] ]
		[ 0.2666667 [ 372 373 226 196 ] ]
		[ 0.2833333 [ 252 374 226 196 ] ]
		[ 0.3 [ 246 375 226 196 ] ]
		[ 0.3166667 [ 238 239 226 196 ] ]
		[ 0.3333333 [ 224 225 226 196 ] ]
		[ 0.35 [ 224 225 226 196 ] ]
		[ 0.3666667 [ 224 225 226 196 ] ]
		[ 0.3833334 [ 224 225 226 196 ] ]
		[ 0.4 [ 224 225 226 196 ] ]
		[ 0.4166667 [ 224 225 226 196 ] ]
		[ 0.4333333 [ 224 225 226 196 ] ]
		[ 0.45 [ 224 225 226 196 ] ]
		[ 0.4666667 [ 224 225 226 196 ] ]
		[ 0.4833333 [ 224 225 226 196 ] ]
		[ 0.5 [ 224 225 226 196 ] ]
		[ 0.5166667 [ 242 243 226 196 ] ]
		[ 0.5333334 [ 227 228 226 196 ] ]
		[ 0.55 [ 376 377 226 196 ] ]
		[ 0.5666667 [ 378 379 226 196 ] ]
		[ 0.5833334 [ 380 381 226 196 ] ]
		[ 0.6 [ 368 369 226 196 ] ]
		[ 0.6166667 [ 382 383 226 196 ] ]
		[ 0.6333333 [ 384 385 226 196 ] ]
		[ 0.65 [ 386 387 226 196 ] ]
		[ 0.6666667 [ 388 389 226 196 ] ]
		[ 0.6833333 [ 390 391 226 196 ] ]
		[ 0.7 [ 392 393 226 196 ] ]
		[ 0.7166667 [ 394 395 226 196 ] ]
		[ 0.7333333 [ 396 397 226 196 ] ]
		[ 0.75 [ 224 225 226 196 ] ]
		[ 0.7666667 [ 360 361 226 196 ] ]
		[ 0.7833334 [ 358 359 226 196 ] ]
		[ 0.8 [ 356 357 226 196 ] ]
		[ 0.8166667 [ 354 355 226 196 ] ]
		[ 0.8333334 [ 352 353 226 196 ] ]
		[ 0.85 [ 350 351 226 196 ] ]
		[ 0.8666667 [ 348 349 226 196 ] ]
		[ 0.8833333 [ 346 347 226 196 ] ]
		[ 0.9 [ 344 345 226 196 ] ]
	]
	"Koleno_P_end" [
		[ 0 [ 0 264 1 265 ] ]
	]
	"Tors" [
		[ 0 [ 0 264 1 398 ] ]
		[ 0.01666667 [ 0 399 168 398 ] ]
		[ 0.03333334 [ 0 400 165 398 ] ]
		[ 0.05 [ 0 401 402 398 ] ]
		[ 0.06666667 [ 0 403 404 398 ] ]
		[ 0.08333334 [ 0 405 406 398 ] ]
		[ 0.1 [ 0 407 408 398 ] ]
		[ 0.1166667 [ 0 409 410 398 ] ]
		[ 0.1333333 [ 0 405 406 398 ] ]
		[ 0.15 [ 0 411 412 398 ] ]
		[ 0.1666667 [ 0 264 1 398 ] ]
		[ 0.1833333 [ 0 413 414 398 ] ]
		[ 0.2 [ 0 415 416 398 ] ]
		[ 0.2166667 [ 0 417 418 398 ] ]
		[ 0.2333333 [ 0 419 420 398 ] ]
		[ 0.25 [ 0 421 422 398 ] ]
		[ 0.2666667 [ 0 423 424 398 ] ]
		[ 0.2833333 [ 0 425 426 398 ] ]
		[ 0.3 [ 0 427 428 398 ] ]
		[ 0.3166667 [ 0 429 430 398 ] ]
		[ 0.3333333 [ 0 431 118 398 ] ]
		[ 0.35 [ 0 429 430 398 ] ]
		[ 0.3666667 [ 0 427 428 398 ] ]
		[ 0.3833334 [ 0 425 426 398 ] ]
		[ 0.4 [ 0 423 424 398 ] ]
		[ 0.4166667 [ 0 421 422 398 ] ]
		[ 0.4333333 [ 0 419 420 398 ] ]
		[ 0.45 [ 0 417 418 398 ] ]
		[ 0.4666667 [ 0 415 416 398 ] ]
		[ 0.4833333 [ 0 413 414 398 ] ]
		[ 0.5 [ 0 264 1 398 ] ]
		[ 0.5166667 [ 0 432 433 398 ] ]
		[ 0.5333334 [ 0 409 410 398 ] ]
		[ 0.55 [ 0 434 435 398 ] ]
		[ 0.5666667 [ 0 436 437 398 ] ]
		[ 0.5833334 [ 0 438 439 398 ] ]
		[ 0.6 [ 0 436 437 398 ] ]
		[ 0.6166667 [ 0 440 441 398 ] ]
		[ 0.6333333 [ 0 442 443 398 ] ]
		[ 0.65 [ 0 407 408 398 ] ]
		[ 0.6666667 [ 0 444 24 398 ] ]
		[ 0.6833333 [ 0 411 412 398 ] ]
		[ 0.7 [ 0 445 174 398 ] ]
		[ 0.7166667 [ 0 446 172 398 ] ]
		[ 0.7333333 [ 0 447 170 398 ] ]
		[ 0.75 [ 0 264 1 398 ] ]
		[ 0.7666667 [ 0 264 1 398 ] ]
		[ 0.7833334 [ 0 264 1 398 ] ]
		[ 0.8 [ 0 264 1 398 ] ]
		[ 0.8166667 [ 0 264 1 398 ] ]
		[ 0.8333334 [ 0 264 1 398 ] ]
		[ 0.85 [ 0 264 1 398 ] ]
		[ 0.8666667 [ 0 264 1 398 ] ]
		[ 0.8833333 [ 0 264 1 398 ] ]
		[ 0.9 [ 0 264 1 398 ] ]
	]
	"Golova" [
		[ 0 [ 0 448 449 450 ] ]
		[ 0.01666667 [ 0 451 452 450 ] ]
		[ 0.03333334 [ 0 453 454 450 ] ]
		[ 0.05 [ 0 455 456 450 ] ]
		[ 0.06666667 [ 0 457 458 450 ] ]
		[ 0.08333334 [ 0 459 460 450 ] ]
		[ 0.1 [ 0 461 462 450 ] ]
		[ 0.1166667 [ 0 463 464 450 ] ]
		[ 0.1333333 [ 0 465 466 450 ] ]
		[ 0.15 [ 0 467 468 450 ] ]
		[ 0.1666667 [ 0 448 449 450 ] ]
		[ 0.1833333 [ 0 469 470 450 ] ]
		[ 0.2 [ 0 471 472 450 ] ]
		[ 0.2166667 [ 0 473 474 450 ] ]
		[ 0.2333333 [ 0 475 476 450 ] ]
		[ 0.25 [ 0 477 478 450 ] ]
		[ 0.2666667 [ 0 479 480 450 ] ]
		[ 0.2833333 [ 0 481 482 450 ] ]
		[ 0.3 [ 0 483 484 450 ] ]
		[ 0.3166667 [ 0 485 486 450 ] ]
		[ 0.3333333 [ 0 487 488 450 ] ]
		[ 0.35 [ 0 485 486 450 ] ]
		[ 0.3666667 [ 0 483 484 450 ] ]
		[ 0.3833334 [ 0 481 482 450 ] ]
		[ 0.4 [ 0 479 480 450 ] ]
		[ 0.4166667 [ 0 477 478 450 ] ]
		[ 0.4333333 [ 0 475 476 450 ] ]
		[ 0.45 [ 0 473 474 450 ] ]
		[ 0.4666667 [ 0 471 472 450 ] ]
		[ 0.4833333 [ 0 469 470 450 ] ]
		[ 0.5 [ 0 448 449 450 ] ]
		[ 0.5166667 [ 0 489 490 450 ] ]
		[ 0.5333334 [ 0 491 492 450 ] ]
		[ 0.55 [ 0 493 494 450 ] ]
		[ 0.5666667 [ 0 495 496 450 ] ]
		[ 0.5833334 [ 0 497 498 450 ] ]
		[ 0.6 [ 0 495 496 450 ] ]
		[ 0.6166667 [ 0 499 500 450 ] ]
		[ 0.6333333 [ 0 501 502 450 ] ]
		[ 0.65 [ 0 461 462 450 ] ]
		[ 0.6666667 [ 0 503 504 450 ] ]
		[ 0.6833333 [ 0 505 506 450 ] ]
		[ 0.7 [ 0 507 508 450 ] ]
		[ 0.7166667 [ 0 509 510 450 ] ]
		[ 0.7333333 [ 0 511 512 450 ] ]
		[ 0.75 [ 0 448 449 450 ] ]
		[ 0.7666667 [ 0 448 449 450 ] ]
		[ 0.7833334 [ 0 448 449 450 ] ]
		[ 0.8 [ 0 448 449 450 ] ]
		[ 0.8166667 [ 0 448 449 450 ] ]
		[ 0.8333334 [ 0 448 449 450 ] ]
		[ 0.85 [ 0 448 449 450 ] ]
		[ 0.8666667 [ 0 448 449 450 ] ]
		[ 0.8833333 [ 0 448 449 450 ] ]
		[ 0.9 [ 0 448 449 450 ] ]
	]
	"Golova_end" [
		[ 0 [ 0 264 1 513 ] ]
	]
	"Kluchitsa_L" [
		[ 0 [ 1 0 264 514 ] ]
	]
	"Kluchitsa_L_end" [
		[ 0 [ 0 264 1 515 ] ]
	]
	"Kluchitsa_P" [
		[ 0 [ 226 516 264 514 ] ]
	]
	"Kluchitsa_P_end" [
		[ 0 [ 0 264 1 515 ] ]
	]
	"Ruka_L" [
		[ 0 [ 517 518 519 520 ] ]
		[ 0.01666667 [ 517 521 522 520 ] ]
		[ 0.03333334 [ 517 523 524 520 ] ]
		[ 0.05 [ 517 525 526 520 ] ]
		[ 0.06666667 [ 517 527 528 520 ] ]
		[ 0.08333334 [ 517 529 530 520 ] ]
		[ 0.1 [ 517 531 532 520 ] ]
		[ 0.1166667 [ 517 533 534 520 ] ]
		[ 0.1333333 [ 517 535 536 520 ] ]
		[ 0.15 [ 517 537 538 520 ] ]
		[ 0.1666667 [ 517 539 264 520 ] ]
		[ 0.1833333 [ 540 541 542 520 ] ]
		[ 0.2 [ 543 544 545 520 ] ]
		[ 0.2166667 [ 546 547 548 520 ] ]
		[ 0.2333333 [ 549 550 551 520 ] ]
		[ 0.25 [ 552 553 554 520 ] ]
		[ 0.2666667 [ 555 556 557 520 ] ]
		[ 0.2833333 [ 555 558 559 520 ] ]
		[ 0.3 [ 560 561 562 520 ] ]
		[ 0.3166667 [ 563 564 565 520 ] ]
		[ 0.3333333 [ 517 539 264 520 ] ]
		[ 0.35 [ 566 567 568 520 ] ]
		[ 0.3666667 [ 569 570 571 520 ] ]
		[ 0.3833334 [ 572 573 574 520 ] ]
		[ 0.4 [ 575 576 577 520 ] ]
		[ 0.4166667 [ 578 579 580 520 ] ]
		[ 0.4333333 [ 581 582 583 520 ] ]
		[ 0.45 [ 584 585 586 520 ] ]
		[ 0.4666667 [ 587 588 589 520 ] ]
		[ 0.4833333 [ 590 591 592 520 ] ]
		[ 0.5 [ 593 594 595 520 ] ]
		[ 0.5166667 [ 596 597 598 520 ] ]
		[ 0.5333334 [ 599 600 601 520 ] ]
		[ 0.55 [ 602 603 604 520 ] ]
		[ 0.5666667 [ 605 606 607 520 ] ]
		[ 0.5833334 [ 608 609 610 520 ] ]
		[ 0.6 [ 611 612 613 520 ] ]
		[ 0.6166667 [ 614 615 616 520 ] ]
		[ 0.6333333 [ 617 618 619 520 ] ]
		[ 0.65 [ 620 621 622 520 ] ]
		[ 0.6666667 [ 623 624 625 520 ] ]
		[ 0.6833333 [ 626 627 628 520 ] ]
		[ 0.7 [ 629 630 631 520 ] ]
		[ 0.7166667 [ 632 633 634 520 ] ]
		[ 0.7333333 [ 635 636 637 520 ] ]
		[ 0.75 [ 593 594 595 520 ] ]
		[ 0.7666667 [ 638 639 640 520 ] ]
		[ 0.7833334 [ 641 642 643 520 ] ]
		[ 0.8 [ 644 645 646 520 ] ]
		[ 0.8166667 [ 647 648 649 520 ] ]
		[ 0.8333334 [ 650 651 652 520 ] ]
		[ 0.85 [ 653 654 655 520 ] ]
		[ 0.8666667 [ 656 657 658 520 ] ]
		[ 0.8833333 [ 659 660 661 520 ] ]
		[ 0.9 [ 662 663 664 520 ] ]
	]
	"Lokot_L" [
		[ 0 [ 665 666 315 667 ] ]
		[ 0.01666667 [ 665 666 315 667 ] ]
		[ 0.03333334 [ 665 666 315 667 ] ]
		[ 0.05 [ 665 666 315 667 ] ]
		[ 0.06666667 [ 665 666 315 667 ] ]
		[ 0.08333334 [ 665 666 315 667 ] ]
		[ 0.1 [ 665 666 315 667 ] ]
		[ 0.1166667 [ 665 666 315 667 ] ]
		[ 0.1333333 [ 665 666 315 667 ] ]
		[ 0.15 [ 665 666 315 667 ] ]
		[ 0.1666667 [ 665 666 315 667 ] ]
		[ 0.1833333 [ 668 669 315 667 ] ]
		[ 0.2 [ 670 671 315 667 ] ]
		[ 0.2166667 [ 672 673 674 667 ] ]
		[ 0.2333333 [ 675 676 674 667 ] ]
		[ 0.25 [ 677 678 674 667 ] ]
		[ 0.2666667 [ 679 680 674 667 ] ]
		[ 0.2833333 [ 681 682 674 667 ] ]
		[ 0.3 [ 683 684 674 667 ] ]
		[ 0.3166667 [ 685 686 674 667 ] ]
		[ 0.3333333 [ 665 666 315 667 ] ]
		[ 0.35 [ 687 688 315 667 ] ]
		[ 0.3666667 [ 689 690 691 667 ] ]
		[ 0.3833334 [ 692 693 694 667 ] ]
		[ 0.4 [ 695 696 697 667 ] ]
		[ 0.4166667 [ 698 699 700 667 ] ]
		[ 0.4333333 [ 701 702 172 667 ] ]
		[ 0.45 [ 703 704 318 667 ] ]
		[ 0.4666667 [ 705 706 168 667 ] ]
		[ 0.4833333 [ 707 708 170 667 ] ]
		[ 0.5 [ 709 710 1 667 ] ]
		[ 0.5166667 [ 711 712 98 667 ] ]
		[ 0.5333334 [ 713 714 98 667 ] ]
		[ 0.55 [ 715 716 98 667 ] ]
		[ 0.5666667 [ 717 718 719 667 ] ]
		[ 0.5833334 [ 720 721 719 667 ] ]
		[ 0.6 [ 722 723 719 667 ] ]
		[ 0.6166667 [ 724 725 719 667 ] ]
		[ 0.6333333 [ 724 725 719 667 ] ]
		[ 0.65 [ 722 723 719 667 ] ]
		[ 0.6666667 [ 720 721 719 667 ] ]
		[ 0.6833333 [ 717 718 719 667 ] ]
		[ 0.7 [ 715 716 98 667 ] ]
		[ 0.7166667 [ 713 714 98 667 ] ]
		[ 0.7333333 [ 711 712 98 667 ] ]
		[ 0.75 [ 709 710 1 667 ] ]
		[ 0.7666667 [ 726 727 170 667 ] ]
		[ 0.7833334 [ 728 729 168 667 ] ]
		[ 0.8 [ 730 731 318 667 ] ]
		[ 0.8166667 [ 732 733 172 667 ] ]
		[ 0.8333334 [ 734 735 736 667 ] ]
		[ 0.85 [ 737 738 700 667 ] ]
		[ 0.8666667 [ 739 740 694 667 ] ]
		[ 0.8833333 [ 741 742 743 667 ] ]
		[ 0.9 [ 744 745 691 667 ] ]
	]
	"Lokot_L_end" [
		[ 0 [ 0 264 1 746 ] ]
	]
	"Ruka_P" [
		[ 0 [ 747 748 749 750 ] ]
		[ 0.01666667 [ 747 751 752 750 ] ]
		[ 0.03333334 [ 747 753 754 750 ] ]
		[ 0.05 [ 747 755 756 750 ] ]
		[ 0.06666667 [ 747 757 758 750 ] ]
		[ 0.08333334 [ 747 759 760 750 ] ]
		[ 0.1 [ 747 761 762 750 ] ]
		[ 0.1166667 [ 747 763 764 750 ] ]
		[ 0.1333333 [ 747 765 766 750 ] ]
		[ 0.15 [ 747 767 768 750 ] ]
		[ 0.1666667 [ 747 769 2 750 ] ]
		[ 0.1833333 [ 770 771 772 750 ] ]
		[ 0.2 [ 773 774 775 750 ] ]
		[ 0.2166667 [ 776 777 778 750 ] ]
		[ 0.2333333 [ 779 780 781 750 ] ]
		[ 0.25 [ 782 783 784 750 ] ]
		[ 0.2666667 [ 785 786 787 750 ] ]
		[ 0.2833333 [ 785 788 789 750 ] ]
		[ 0.3 [ 790 791 792 750 ] ]
		[ 0.3166667 [ 793 794 795 750 ] ]
		[ 0.3333333 [ 747 769 2 750 ] ]
		[ 0.35 [ 796 797 798 750 ] ]
		[ 0.3666667 [ 799 800 801 750 ] ]
		[ 0.3833334 [ 802 803 804 750 ] ]
		[ 0.4 [ 805 806 807 750 ] ]
		[ 0.4166667 [ 808 809 810 750 ] ]
		[ 0.4333333 [ 811 812 813 750 ] ]
		[ 0.45 [ 814 815 816 750 ] ]
		[ 0.4666667 [ 817 818 819 750 ] ]
		[ 0.4833333 [ 820 821 822 750 ] ]
		[ 0.5 [ 823 824 825 750 ] ]
		[ 0.5166667 [ 826 827 828 750 ] ]
		[ 0.5333334 [ 829 830 831 750 ] ]
		[ 0.55 [ 832 833 834 750 ] ]
		[ 0.5666667 [ 835 836 837 750 ] ]
		[ 0.5833334 [ 838 839 840 750 ] ]
		[ 0.6 [ 841 842 843 750 ] ]
		[ 0.6166667 [ 844 845 846 750 ] ]
		[ 0.6333333 [ 847 848 849 750 ] ]
		[ 0.65 [ 850 851 852 750 ] ]
		[ 0.6666667 [ 853 854 855 750 ] ]
		[ 0.6833333 [ 856 857 858 750 ] ]
		[ 0.7 [ 859 860 861 750 ] ]
		[ 0.7166667 [ 862 863 864 750 ] ]
		[ 0.7333333 [ 865 866 867 750 ] ]
		[ 0.75 [ 823 824 825 750 ] ]
		[ 0.7666667 [ 868 869 870 750 ] ]
		[ 0.7833334 [ 871 872 873 750 ] ]
		[ 0.8 [ 874 875 876 750 ] ]
		[ 0.8166667 [ 877 878 879 750 ] ]
		[ 0.8333334 [ 880 881 882 750 ] ]
		[ 0.85 [ 883 884 885 750 ] ]
		[ 0.8666667 [ 886 887 888 750 ] ]
		[ 0.8833333 [ 889 890 891 750 ] ]
		[ 0.9 [ 892 893 894 750 ] ]
	]
	"Lokot_P" [
		[ 0 [ 895 896 897 667 ] ]
		[ 0.01666667 [ 895 896 897 667 ] ]
		[ 0.03333334 [ 895 896 897 667 ] ]
		[ 0.05 [ 895 896 897 667 ] ]
		[ 0.06666667 [ 895 896 897 667 ] ]
		[ 0.08333334 [ 895 896 897 667 ] ]
		[ 0.1 [ 895 896 897 667 ] ]
		[ 0.1166667 [ 895 896 897 667 ] ]
		[ 0.1333333 [ 895 896 897 667 ] ]
		[ 0.15 [ 895 896 897 667 ] ]
		[ 0.1666667 [ 895 896 897 667 ] ]
		[ 0.1833333 [ 898 899 900 667 ] ]
		[ 0.2 [ 901 902 903 667 ] ]
		[ 0.2166667 [ 904 905 906 667 ] ]
		[ 0.2333333 [ 907 908 909 667 ] ]
		[ 0.25 [ 910 911 912 667 ] ]
		[ 0.2666667 [ 913 914 915 667 ] ]
		[ 0.2833333 [ 916 917 915 667 ] ]
		[ 0.3 [ 918 919 912 667 ] ]
		[ 0.3166667 [ 920 921 922 667 ] ]
		[ 0.3333333 [ 895 896 897 667 ] ]
		[ 0.35 [ 923 924 925 667 ] ]
		[ 0.3666667 [ 926 927 928 667 ] ]
		[ 0.3833334 [ 929 930 931 667 ] ]
		[ 0.4 [ 932 933 934 667 ] ]
		[ 0.4166667 [ 935 936 937 667 ] ]
		[ 0.4333333 [ 938 939 940 667 ] ]
		[ 0.45 [ 941 942 943 667 ] ]
		[ 0.4666667 [ 944 945 946 667 ] ]
		[ 0.4833333 [ 947 948 949 667 ] ]
		[ 0.5 [ 709 710 1 667 ] ]
		[ 0.5166667 [ 950 951 952 667 ] ]
		[ 0.5333334 [ 953 954 955 667 ] ]
		[ 0.55 [ 956 957 958 667 ] ]
		[ 0.5666667 [ 959 960 961 667 ] ]
		[ 0.5833334 [ 962 963 964 667 ] ]
		[ 0.6 [ 965 966 967 667 ] ]
		[ 0.6166667 [ 968 969 970 667 ] ]
		[ 0.6333333 [ 968 969 970 667 ] ]
		[ 0.65 [ 965 966 967 667 ] ]
		[ 0.6666667 [ 962 963 964 667 ] ]
		[ 0.6833333 [ 959 960 961 667 ] ]
		[ 0.7 [ 956 957 958 667 ] ]
		[ 0.7166667 [ 953 954 955 667 ] ]
		[ 0.7333333 [ 950 951 952 667 ] ]
		[ 0.75 [ 709 710 1 667 ] ]
		[ 0.7666667 [ 971 972 973 667 ] ]
		[ 0.7833334 [ 974 975 976 667 ] ]
		[ 0.8 [ 977 978 979 667 ] ]
		[ 0.8166667 [ 980 981 982 667 ] ]
		[ 0.8333334 [ 983 984 985 667 ] ]
		[ 0.85 [ 986 987 988 667 ] ]
		[ 0.8666667 [ 989 990 991 667 ] ]
		[ 0.8833333 [ 992 993 994 667 ] ]
		[ 0.9 [ 995 996 997 667 ] ]
	]
	"Lokot_P_end" [
		[ 0 [ 0 264 1 746 ] ]
	]
	"Camera" [
		[ 0 [ 998 999 1000 1001 ] ]
	]
	"Lamp" [
		[ 0 [ 1002 1003 1004 1005 ] ]
	]
	"Mag" [
		[ 0 [ 1006 1007 1008 1008 ] ]
	]
	}
	:resources [
		[1.000 0.000 0.000]
		[0.000 0.000 1.000]
		[0.000 -1.000 0.000]
		[0.000 0.000 0.100]
		[0.000 0.000 0.099]
		[0.000 0.000 0.097]
		[0.000 0.000 0.094]
		[0.000 0.000 0.090]
		[0.000 0.000 0.088]
		[0.000 0.000 0.086]
		[0.000 0.000 0.085]
		[0.000 0.000 0.087]
		[0.000 0.000 0.092]
		[0.000 0.000 0.114]
		[0.000 0.000 0.134]
		[0.000 0.000 0.158]
		[0.000 0.000 0.185]
		[0.000 0.000 0.213]
		[0.000 0.000 0.239]
		[0.000 0.000 0.263]
		[0.000 0.000 0.282]
		[0.000 0.000 0.295]
		[0.000 0.000 0.300]
		[1.000 0.002 0.000]
		[0.000 0.019 1.000]
		[0.002 -1.000 0.019]
		[1.000 0.016 -0.001]
		[-0.001 0.065 0.998]
		[0.016 -0.998 0.065]
		[0.999 0.052 -0.003]
		[-0.003 0.121 0.993]
		[0.052 -0.991 0.121]
		[0.994 0.111 -0.009]
		[-0.009 0.166 0.986]
		[0.111 -0.980 0.166]
		[0.983 0.183 -0.017]
		[-0.017 0.183 0.983]
		[0.183 -0.966 0.183]
		[0.969 0.247 -0.021]
		[-0.021 0.165 0.986]
		[0.247 -0.955 0.165]
		[0.960 0.278 -0.017]
		[-0.017 0.119 0.993]
		[0.278 -0.953 0.119]
		[0.966 0.257 -0.008]
		[-0.008 0.063 0.998]
		[0.257 -0.964 0.063]
		[0.986 0.168 -0.001]
		[-0.001 0.017 1.000]
		[0.168 -0.986 0.017]
		[0.969 -0.246 0.002]
		[0.002 0.017 1.000]
		[-0.246 -0.969 0.017]
		[0.000 0.000 0.091]
		[0.843 -0.537 0.019]
		[0.019 0.064 0.998]
		[-0.537 -0.841 0.064]
		[0.587 -0.807 0.063]
		[0.063 0.123 0.990]
		[-0.807 -0.578 0.123]
		[0.000 0.000 0.081]
		[0.204 -0.969 0.136]
		[0.136 0.165 0.977]
		[-0.969 -0.181 0.165]
		[0.000 0.000 0.078]
		[-0.248 -0.943 0.220]
		[0.220 0.166 0.961]
		[-0.943 0.287 0.166]
		[-0.663 -0.693 0.285]
		[0.285 0.119 0.951]
		[-0.693 0.712 0.119]
		[-0.918 -0.255 0.302]
		[0.302 0.040 0.952]
		[-0.255 0.966 0.040]
		[0.000 0.000 0.080]
		[-0.929 0.256 0.266]
		[0.266 -0.035 0.963]
		[0.256 0.966 -0.035]
		[0.000 0.000 0.083]
		[-0.690 0.698 0.192]
		[0.192 -0.079 0.978]
		[0.698 0.712 -0.079]
		[-0.277 0.954 0.112]
		[0.112 -0.083 0.990]
		[0.954 0.287 -0.083]
		[0.000 0.000 0.089]
		[0.184 0.982 0.050]
		[0.050 -0.060 0.997]
		[0.982 -0.181 -0.060]
		[0.578 0.816 0.016]
		[0.016 -0.031 0.999]
		[0.816 -0.578 -0.031]
		[0.000 0.000 0.095]
		[0.841 0.541 0.003]
		[0.003 -0.010 1.000]
		[0.541 -0.841 -0.010]
		[0.000 0.000 0.098]
		[0.969 0.247 0.000]
		[0.000 -0.001 1.000]
		[0.247 -0.969 -0.001]
		[0.986 -0.169 0.000]
		[-0.169 -0.986 0.000]
		[0.964 -0.265 0.000]
		[-0.265 -0.964 0.000]
		[0.953 -0.303 0.000]
		[-0.303 -0.953 0.000]
		[0.955 -0.297 0.000]
		[-0.297 -0.955 0.000]
		[0.966 -0.259 0.000]
		[-0.259 -0.966 0.000]
		[0.980 -0.200 0.000]
		[-0.200 -0.980 0.000]
		[0.991 -0.132 0.000]
		[-0.132 -0.991 0.000]
		[0.998 -0.067 0.000]
		[-0.067 -0.998 0.000]
		[1.000 -0.019 0.000]
		[-0.019 -1.000 0.000]
		[0.000 -0.342 0.940]
		[0.000 -0.940 -0.342]
		[0.123 -0.038 0.000]
		[-0.002 -0.308 0.952]
		[-0.005 -0.952 -0.308]
		[1.000 -0.005 0.000]
		[-0.003 -0.270 0.963]
		[-0.011 -0.963 -0.270]
		[1.000 -0.011 0.000]
		[-0.004 -0.231 0.973]
		[-0.017 -0.973 -0.231]
		[1.000 -0.017 0.000]
		[-0.004 -0.191 0.981]
		[-0.023 -0.981 -0.191]
		[1.000 -0.023 0.000]
		[-0.004 -0.152 0.988]
		[-0.029 -0.988 -0.152]
		[1.000 -0.029 0.000]
		[-0.004 -0.114 0.993]
		[-0.035 -0.993 -0.114]
		[0.999 -0.035 0.000]
		[-0.003 -0.079 0.997]
		[-0.040 -0.996 -0.079]
		[0.999 -0.040 0.000]
		[-0.002 -0.047 0.999]
		[-0.045 -0.998 -0.047]
		[0.999 -0.045 0.000]
		[-0.001 -0.021 1.000]
		[-0.049 -0.999 -0.021]
		[0.999 -0.049 0.000]
		[-0.052 -0.999 0.000]
		[0.999 -0.052 0.000]
		[0.001 0.014 1.000]
		[-0.054 -0.998 0.014]
		[0.999 -0.054 0.000]
		[0.001 0.022 1.000]
		[-0.056 -0.998 0.022]
		[0.998 -0.056 0.000]
		[0.001 0.026 1.000]
		[-0.056 -0.998 0.026]
		[0.001 0.025 1.000]
		[-0.056 -0.998 0.025]
		[0.001 0.017 1.000]
		[-0.055 -0.998 0.017]
		[0.998 -0.055 0.000]
		[0.001 0.011 1.000]
		[-0.054 -0.998 0.011]
		[0.000 0.006 1.000]
		[-0.053 -0.999 0.006]
		[0.999 -0.053 0.000]
		[0.000 0.002 1.000]
		[-0.053 -0.999 0.002]
		[0.000 0.001 1.000]
		[-0.052 -0.999 0.001]
		[0.000 0.004 1.000]
		[-0.053 -0.999 0.004]
		[0.000 0.008 1.000]
		[-0.054 -0.999 0.008]
		[0.001 0.019 1.000]
		[-0.055 -0.998 0.019]
		[0.002 0.030 1.000]
		[-0.057 -0.998 0.030]
		[0.998 -0.057 0.000]
		[0.002 0.035 0.999]
		[-0.058 -0.998 0.035]
		[0.998 -0.058 0.000]
		[0.002 0.038 0.999]
		[-0.058 -0.998 0.038]
		[0.002 0.039 0.999]
		[-0.058 -0.998 0.039]
		[0.002 0.037 0.999]
		[0.002 0.033 0.999]
		[-0.057 -0.998 0.034]
		[0.001 0.015 1.000]
		[-0.055 -0.998 0.015]
		[-0.766 0.643 -0.007]
		[0.643 0.766 -0.009]
		[0.000 -0.011 -1.000]
		[0.000 0.532 0.000]
		[-0.789 0.614 -0.006]
		[0.614 0.789 -0.008]
		[0.000 -0.010 -1.000]
		[-0.812 0.583 -0.005]
		[0.583 0.812 -0.007]
		[0.000 -0.009 -1.000]
		[-0.835 0.550 -0.004]
		[0.550 0.835 -0.006]
		[0.000 -0.008 -1.000]
		[-0.857 0.516 -0.003]
		[0.516 0.857 -0.005]
		[0.000 -0.006 -1.000]
		[-0.877 0.481 -0.002]
		[0.481 0.877 -0.004]
		[0.000 -0.005 -1.000]
		[-0.894 0.447 -0.002]
		[0.447 0.894 -0.003]
		[0.000 -0.004 -1.000]
		[-0.910 0.415 -0.001]
		[0.415 0.910 -0.002]
		[0.000 -0.003 -1.000]
		[-0.922 0.386 -0.001]
		[0.386 0.922 -0.001]
		[0.000 -0.002 -1.000]
		[-0.932 0.361 0.000]
		[0.361 0.932 -0.001]
		[0.000 -0.001 -1.000]
		[-0.940 0.342 0.000]
		[0.342 0.940 0.000]
		[0.000 0.000 -1.000]
		[-0.944 0.329 0.000]
		[0.329 0.944 0.000]
		[-0.947 0.321 0.000]
		[0.321 0.947 0.001]
		[0.000 0.001 -1.000]
		[-0.948 0.318 0.000]
		[0.318 0.948 0.001]
		[-0.945 0.326 0.000]
		[0.326 0.945 0.001]
		[-0.943 0.332 0.000]
		[0.332 0.943 0.000]
		[-0.942 0.337 0.000]
		[0.337 0.942 0.000]
		[-0.940 0.341 0.000]
		[0.341 0.940 0.000]
		[-0.941 0.338 0.000]
		[0.338 0.941 0.000]
		[-0.943 0.334 0.000]
		[0.334 0.943 0.000]
		[-0.946 0.324 0.000]
		[0.324 0.946 0.001]
		[-0.950 0.313 0.000]
		[0.313 0.950 0.001]
		[-0.951 0.309 0.000]
		[0.309 0.951 0.001]
		[-0.952 0.306 0.000]
		[0.306 0.952 0.001]
		[-0.952 0.305 0.000]
		[0.305 0.952 0.001]
		[-0.952 0.307 0.000]
		[0.307 0.952 0.001]
		[-0.951 0.310 0.000]
		[0.310 0.951 0.001]
		[-0.948 0.317 0.000]
		[0.317 0.948 0.001]
		[-0.945 0.328 0.000]
		[0.328 0.945 0.000]
		[0.000 1.000 0.000]
		[0.000 0.578 0.000]
		[0.000 -0.643 0.766]
		[0.000 -0.766 -0.643]
		[-0.123 -0.038 0.000]
		[0.003 -0.585 0.811]
		[0.004 -0.811 -0.585]
		[1.000 0.005 0.000]
		[0.006 -0.520 0.854]
		[0.010 -0.854 -0.520]
		[1.000 0.011 0.000]
		[0.008 -0.450 0.893]
		[0.016 -0.893 -0.450]
		[1.000 0.017 0.000]
		[0.009 -0.376 0.927]
		[0.022 -0.926 -0.376]
		[1.000 0.023 0.000]
		[0.009 -0.301 0.954]
		[0.028 -0.953 -0.301]
		[1.000 0.029 0.000]
		[0.008 -0.227 0.974]
		[0.034 -0.973 -0.227]
		[0.999 0.035 0.000]
		[0.006 -0.157 0.988]
		[0.040 -0.987 -0.157]
		[0.999 0.040 0.000]
		[0.004 -0.095 0.995]
		[0.045 -0.994 -0.095]
		[0.999 0.045 0.000]
		[0.002 -0.041 0.999]
		[0.049 -0.998 -0.042]
		[0.999 0.049 0.000]
		[0.052 -0.999 0.000]
		[0.999 0.052 0.000]
		[-0.002 0.028 1.000]
		[0.054 -0.998 0.028]
		[0.999 0.054 0.000]
		[-0.002 0.045 0.999]
		[0.056 -0.997 0.045]
		[0.998 0.056 0.000]
		[-0.003 0.051 0.999]
		[0.056 -0.997 0.051]
		[-0.003 0.050 0.999]
		[0.056 -0.997 0.050]
		[-0.002 0.044 0.999]
		[0.056 -0.998 0.044]
		[-0.002 0.033 0.999]
		[0.055 -0.998 0.034]
		[0.998 0.055 0.000]
		[-0.001 0.022 1.000]
		[0.054 -0.998 0.022]
		[-0.001 0.011 1.000]
		[0.053 -0.999 0.011]
		[0.999 0.053 0.000]
		[0.000 0.003 1.000]
		[0.053 -0.999 0.003]
		[0.052 -0.999 0.002]
		[0.053 -0.999 0.008]
		[0.054 -0.998 0.017]
		[-0.001 0.027 1.000]
		[0.054 -0.998 0.027]
		[-0.002 0.039 0.999]
		[0.055 -0.998 0.039]
		[-0.003 0.061 0.998]
		[0.057 -0.997 0.061]
		[0.998 0.057 0.000]
		[-0.004 0.069 0.998]
		[0.057 -0.996 0.069]
		[0.998 0.058 0.000]
		[-0.004 0.075 0.997]
		[0.058 -0.995 0.075]
		[-0.005 0.077 0.997]
		[0.058 -0.995 0.077]
		[0.058 -0.996 0.075]
		[-0.004 0.067 0.998]
		[0.057 -0.996 0.067]
		[-0.003 0.052 0.999]
		[0.056 -0.997 0.052]
		[-0.002 0.030 1.000]
		[0.055 -0.998 0.030]
		[-0.127 0.992 0.000]
		[0.992 0.127 0.000]
		[-0.261 0.965 0.000]
		[0.965 0.261 0.000]
		[-0.394 0.919 0.000]
		[0.919 0.394 0.000]
		[-0.520 0.854 0.000]
		[0.854 0.520 0.000]
		[-0.634 0.773 0.000]
		[0.773 0.634 0.000]
		[-0.732 0.681 0.000]
		[0.681 0.732 0.000]
		[-0.811 0.586 0.000]
		[0.586 0.811 0.000]
		[-0.870 0.493 0.000]
		[0.493 0.870 0.000]
		[-0.912 0.409 0.000]
		[0.409 0.912 0.000]
		[-0.955 0.295 0.000]
		[0.295 0.955 0.000]
		[-0.964 0.268 0.000]
		[0.268 0.964 0.000]
		[-0.967 0.256 0.000]
		[0.256 0.967 0.000]
		[-0.966 0.258 0.000]
		[0.258 0.966 0.000]
		[-0.963 0.269 0.000]
		[0.269 0.963 0.000]
		[-0.958 0.286 0.000]
		[0.286 0.958 0.000]
		[0.306 0.952 0.000]
		[0.324 0.946 0.000]
		[-0.949 0.314 0.000]
		[0.314 0.949 0.000]
		[-0.955 0.297 0.000]
		[0.297 0.955 0.000]
		[-0.961 0.278 0.000]
		[0.278 0.961 0.000]
		[-0.971 0.240 0.000]
		[0.240 0.971 0.000]
		[-0.974 0.225 0.000]
		[0.225 0.974 0.000]
		[-0.977 0.215 0.000]
		[0.215 0.977 0.000]
		[-0.977 0.212 0.000]
		[0.212 0.977 0.000]
		[-0.976 0.216 0.000]
		[0.216 0.976 0.000]
		[-0.973 0.230 0.000]
		[0.230 0.973 0.000]
		[-0.967 0.254 0.000]
		[0.254 0.967 0.000]
		[-0.957 0.292 0.000]
		[0.292 0.957 0.000]
		[0.000 0.130 0.000]
		[0.000 1.000 -0.002]
		[0.000 1.000 -0.006]
		[0.000 1.000 -0.011]
		[0.000 0.011 1.000]
		[0.000 1.000 -0.017]
		[0.000 0.017 1.000]
		[0.000 1.000 -0.022]
		[0.000 0.022 1.000]
		[0.000 1.000 -0.025]
		[0.000 0.025 1.000]
		[0.000 1.000 -0.026]
		[0.000 0.026 1.000]
		[0.000 1.000 -0.014]
		[0.000 0.014 1.000]
		[0.000 1.000 0.024]
		[0.000 -0.024 1.000]
		[0.000 0.998 0.059]
		[0.000 -0.059 0.998]
		[0.000 0.995 0.101]
		[0.000 -0.101 0.995]
		[0.000 0.989 0.147]
		[0.000 -0.147 0.989]
		[0.000 0.981 0.195]
		[0.000 -0.195 0.981]
		[0.000 0.971 0.241]
		[0.000 -0.241 0.971]
		[0.000 0.960 0.281]
		[0.000 -0.281 0.960]
		[0.000 0.950 0.313]
		[0.000 -0.313 0.950]
		[0.000 0.942 0.334]
		[0.000 -0.334 0.942]
		[0.000 0.940 0.342]
		[0.000 1.000 -0.015]
		[0.000 0.015 1.000]
		[0.000 0.999 -0.034]
		[0.000 0.034 0.999]
		[0.000 0.999 -0.038]
		[0.000 0.038 0.999]
		[0.000 0.999 -0.039]
		[0.000 0.039 0.999]
		[0.000 0.999 -0.035]
		[0.000 0.035 0.999]
		[0.000 1.000 -0.030]
		[0.000 0.030 1.000]
		[0.000 1.000 -0.019]
		[0.000 1.000 -0.008]
		[0.000 1.000 -0.004]
		[0.000 1.000 -0.001]
		[0.000 0.985 -0.174]
		[0.000 0.174 0.985]
		[0.000 0.596 0.000]
		[0.000 0.984 -0.177]
		[0.000 0.177 0.984]
		[0.000 0.983 -0.185]
		[0.000 0.185 0.983]
		[0.000 0.981 -0.195]
		[0.000 0.195 0.981]
		[0.000 0.978 -0.207]
		[0.000 0.207 0.978]
		[0.000 0.976 -0.216]
		[0.000 0.216 0.976]
		[0.000 0.975 -0.223]
		[0.000 0.223 0.975]
		[0.000 0.975 -0.224]
		[0.000 0.224 0.975]
		[0.000 0.976 -0.217]
		[0.000 0.217 0.976]
		[0.000 0.980 -0.201]
		[0.000 0.201 0.980]
		[0.000 0.992 -0.126]
		[0.000 0.126 0.992]
		[0.000 0.998 -0.057]
		[0.000 0.057 0.998]
		[0.000 1.000 0.028]
		[0.000 -0.028 1.000]
		[0.000 0.993 0.121]
		[0.000 -0.121 0.993]
		[0.000 0.976 0.216]
		[0.000 -0.216 0.976]
		[0.000 0.952 0.306]
		[0.000 -0.306 0.952]
		[0.000 0.923 0.385]
		[0.000 -0.385 0.923]
		[0.000 0.895 0.446]
		[0.000 -0.446 0.895]
		[0.000 0.874 0.486]
		[0.000 -0.486 0.874]
		[0.000 0.866 0.500]
		[0.000 -0.500 0.866]
		[0.000 0.979 -0.204]
		[0.000 0.204 0.979]
		[0.000 0.974 -0.225]
		[0.000 0.225 0.974]
		[0.000 0.971 -0.239]
		[0.000 0.239 0.971]
		[0.000 0.969 -0.247]
		[0.000 0.247 0.969]
		[0.000 0.968 -0.249]
		[0.000 0.249 0.968]
		[0.000 0.970 -0.242]
		[0.000 0.242 0.970]
		[0.000 0.972 -0.233]
		[0.000 0.233 0.972]
		[0.000 0.977 -0.212]
		[0.000 0.212 0.977]
		[0.000 0.980 -0.200]
		[0.000 0.200 0.980]
		[0.000 0.982 -0.190]
		[0.000 0.190 0.982]
		[0.000 0.983 -0.182]
		[0.000 0.182 0.983]
		[0.000 0.984 -0.176]
		[0.000 0.176 0.984]
		[0.000 0.315 0.000]
		[0.000 0.470 0.000]
		[0.000 0.300 0.000]
		[-1.000 0.000 0.000]
		[-0.500 0.000 0.866]
		[0.557 -0.766 0.321]
		[0.663 0.643 0.383]
		[0.279 0.394 -0.035]
		[0.615 -0.704 0.355]
		[0.610 0.710 0.352]
		[0.671 -0.632 0.387]
		[0.547 0.775 0.316]
		[0.723 -0.551 0.417]
		[0.477 0.835 0.275]
		[0.767 -0.463 0.443]
		[0.401 0.886 0.232]
		[0.804 -0.373 0.464]
		[0.323 0.928 0.186]
		[0.831 -0.282 0.480]
		[0.245 0.959 0.141]
		[0.849 -0.196 0.490]
		[0.170 0.981 0.098]
		[0.860 -0.118 0.496]
		[0.103 0.993 0.059]
		[0.865 -0.052 0.499]
		[0.045 0.999 0.026]
		[0.866 0.000 0.500]
		[-0.501 0.000 0.865]
		[0.864 0.042 0.501]
		[-0.036 0.999 -0.021]
		[-0.505 0.001 0.863]
		[0.861 0.078 0.503]
		[-0.067 0.997 -0.040]
		[-0.510 0.002 0.860]
		[0.856 0.108 0.506]
		[-0.092 0.994 -0.057]
		[-0.515 0.004 0.857]
		[0.850 0.129 0.510]
		[-0.109 0.992 -0.070]
		[-0.519 0.006 0.855]
		[0.847 0.141 0.513]
		[-0.118 0.990 -0.079]
		[-0.522 0.007 0.853]
		[0.845 0.142 0.516]
		[-0.117 0.990 -0.080]
		[0.846 0.130 0.517]
		[-0.107 0.992 -0.073]
		[-0.519 0.005 0.855]
		[0.850 0.103 0.516]
		[-0.086 0.995 -0.057]
		[-0.512 0.002 0.859]
		[0.857 0.060 0.511]
		[-0.051 0.998 -0.032]
		[-0.480 0.004 0.877]
		[0.873 -0.089 0.479]
		[0.080 0.996 0.039]
		[-0.451 0.022 0.892]
		[0.870 -0.209 0.445]
		[0.197 0.978 0.075]
		[-0.409 0.063 0.910]
		[0.846 -0.347 0.404]
		[0.341 0.936 0.088]
		[-0.348 0.130 0.929]
		[0.795 -0.484 0.366]
		[0.497 0.865 0.065]
		[-0.262 0.220 0.940]
		[0.720 -0.604 0.342]
		[0.643 0.766 0.000]
		[-0.152 0.323 0.934]
		[0.633 -0.694 0.343]
		[0.759 0.644 -0.099]
		[-0.026 0.426 0.904]
		[0.553 -0.748 0.368]
		[0.833 0.510 -0.216]
		[0.099 0.517 0.850]
		[0.491 -0.769 0.410]
		[0.865 0.377 -0.330]
		[0.208 0.587 0.783]
		[0.454 -0.767 0.454]
		[0.866 0.261 -0.426]
		[0.286 0.633 0.719]
		[0.437 -0.754 0.490]
		[0.853 0.174 -0.492]
		[0.341 0.663 0.666]
		[0.432 -0.740 0.516]
		[0.835 0.112 -0.538]
		[0.383 0.687 0.618]
		[0.434 -0.724 0.536]
		[0.815 0.064 -0.575]
		[0.413 0.704 0.577]
		[0.442 -0.709 0.549]
		[0.796 0.028 -0.604]
		[0.434 0.718 0.544]
		[0.452 -0.696 0.558]
		[0.779 0.004 -0.627]
		[0.447 0.727 0.521]
		[0.462 -0.686 0.561]
		[0.766 -0.010 -0.643]
		[0.452 0.734 0.508]
		[0.472 -0.679 0.562]
		[0.757 -0.014 -0.653]
		[0.451 0.737 0.504]
		[0.480 -0.676 0.559]
		[0.752 -0.010 -0.659]
		[0.445 0.737 0.509]
		[0.486 -0.676 0.554]
		[0.752 0.001 -0.659]
		[0.434 0.734 0.523]
		[0.488 -0.679 0.548]
		[0.757 0.017 -0.653]
		[0.420 0.727 0.544]
		[0.488 -0.686 0.540]
		[0.765 0.039 -0.642]
		[0.401 0.716 0.571]
		[0.484 -0.695 0.532]
		[0.778 0.064 -0.625]
		[0.378 0.702 0.604]
		[0.477 -0.707 0.522]
		[0.793 0.091 -0.602]
		[0.352 0.683 0.640]
		[0.467 -0.721 0.512]
		[0.811 0.119 -0.572]
		[0.321 0.660 0.679]
		[0.453 -0.737 0.502]
		[0.831 0.147 -0.536]
		[0.241 0.598 0.765]
		[0.417 -0.775 0.475]
		[0.877 0.204 -0.436]
		[0.178 0.550 0.816]
		[0.397 -0.799 0.452]
		[0.900 0.243 -0.361]
		[0.100 0.492 0.865]
		[0.383 -0.821 0.423]
		[0.918 0.289 -0.270]
		[0.009 0.425 0.905]
		[0.379 -0.839 0.391]
		[0.925 0.339 -0.169]
		[-0.090 0.352 0.932]
		[0.387 -0.850 0.358]
		[0.918 0.393 -0.060]
		[-0.189 0.275 0.943]
		[0.408 -0.851 0.330]
		[0.893 0.447 0.049]
		[-0.284 0.199 0.938]
		[0.440 -0.842 0.311]
		[0.852 0.501 0.152]
		[-0.369 0.125 0.921]
		[0.478 -0.824 0.304]
		[0.797 0.552 0.244]
		[-0.441 0.058 0.895]
		[0.518 -0.798 0.308]
		[0.732 0.600 0.322]
		[0.983 0.184 -0.001]
		[-0.184 0.983 -0.011]
		[0.000 0.316 0.000]
		[0.985 0.175 -0.001]
		[-0.175 0.984 -0.011]
		[0.988 0.154 -0.001]
		[-0.154 0.988 -0.011]
		[0.992 0.124 0.000]
		[-0.124 0.992 -0.012]
		[-0.001 0.012 1.000]
		[0.996 0.093 0.000]
		[-0.093 0.996 -0.012]
		[0.998 0.065 0.001]
		[-0.065 0.998 -0.012]
		[0.999 0.047 0.001]
		[-0.047 0.999 -0.012]
		[0.999 0.044 0.001]
		[-0.044 0.999 -0.012]
		[0.998 0.063 0.001]
		[-0.063 0.998 -0.012]
		[0.994 0.107 0.000]
		[-0.107 0.994 -0.012]
		[0.953 0.302 -0.002]
		[-0.302 0.953 -0.010]
		[0.889 0.457 -0.003]
		[-0.457 0.889 -0.009]
		[-0.001 0.010 1.000]
		[0.779 0.627 -0.005]
		[-0.627 0.779 -0.007]
		[-0.001 0.008 1.000]
		[0.619 0.785 -0.005]
		[-0.785 0.619 -0.005]
		[-0.001 0.007 1.000]
		[0.418 0.908 -0.005]
		[-0.908 0.418 -0.003]
		[-0.001 0.006 1.000]
		[0.193 0.981 -0.004]
		[-0.981 0.193 -0.001]
		[-0.031 1.000 -0.003]
		[-1.000 -0.031 0.000]
		[-0.231 0.973 -0.002]
		[-0.973 -0.231 0.000]
		[-0.391 0.921 -0.001]
		[-0.921 -0.391 0.000]
		[-0.500 0.866 0.000]
		[-0.866 -0.500 0.000]
		[-0.575 0.818 0.000]
		[-0.818 -0.575 0.000]
		[-0.636 0.772 0.001]
		[-0.772 -0.636 -0.001]
		[-0.684 0.730 0.001]
		[-0.730 -0.684 -0.001]
		[-0.720 0.694 0.001]
		[-0.694 -0.720 -0.001]
		[0.000 -0.002 1.000]
		[-0.746 0.666 0.001]
		[-0.666 -0.746 -0.001]
		[-0.763 0.647 0.001]
		[-0.647 -0.763 -0.001]
		[-0.771 0.637 0.002]
		[-0.637 -0.771 -0.001]
		[-0.399 0.917 -0.001]
		[-0.917 -0.399 0.000]
		[-0.261 0.965 -0.002]
		[-0.965 -0.261 0.000]
		[-0.091 0.996 -0.003]
		[-0.996 -0.091 0.000]
		[0.103 0.995 -0.004]
		[-0.995 0.103 -0.001]
		[0.307 0.952 -0.005]
		[-0.952 0.307 -0.002]
		[-0.001 0.005 1.000]
		[0.506 0.863 -0.005]
		[-0.863 0.506 -0.004]
		[0.684 0.730 -0.005]
		[-0.730 0.684 -0.006]
		[0.827 0.562 -0.004]
		[-0.562 0.827 -0.008]
		[-0.001 0.009 1.000]
		[0.927 0.375 -0.003]
		[-0.375 0.927 -0.010]
		[0.000 0.469 0.000]
		[0.500 0.000 0.866]
		[-0.557 -0.766 0.321]
		[0.663 -0.643 -0.383]
		[-0.279 0.394 -0.035]
		[-0.615 -0.704 0.355]
		[0.610 -0.710 -0.352]
		[-0.671 -0.632 0.387]
		[0.547 -0.775 -0.316]
		[-0.723 -0.551 0.417]
		[0.477 -0.835 -0.275]
		[-0.767 -0.463 0.443]
		[0.401 -0.886 -0.232]
		[-0.804 -0.373 0.464]
		[0.323 -0.928 -0.186]
		[-0.831 -0.282 0.480]
		[0.245 -0.959 -0.141]
		[-0.849 -0.196 0.490]
		[0.170 -0.981 -0.098]
		[-0.860 -0.118 0.496]
		[0.103 -0.993 -0.059]
		[-0.865 -0.052 0.499]
		[0.045 -0.999 -0.026]
		[-0.866 0.000 0.500]
		[0.501 0.000 0.865]
		[-0.864 0.042 0.501]
		[-0.036 -0.999 0.021]
		[0.505 0.001 0.863]
		[-0.861 0.078 0.503]
		[-0.067 -0.997 0.040]
		[0.510 0.002 0.860]
		[-0.856 0.108 0.506]
		[-0.092 -0.994 0.057]
		[0.515 0.004 0.857]
		[-0.850 0.129 0.510]
		[-0.109 -0.992 0.070]
		[0.519 0.006 0.855]
		[-0.847 0.141 0.513]
		[-0.118 -0.990 0.079]
		[0.522 0.007 0.853]
		[-0.845 0.142 0.516]
		[-0.117 -0.990 0.080]
		[-0.846 0.130 0.517]
		[-0.107 -0.992 0.073]
		[0.519 0.005 0.855]
		[-0.850 0.103 0.516]
		[-0.086 -0.995 0.057]
		[0.512 0.002 0.859]
		[-0.857 0.060 0.511]
		[-0.051 -0.998 0.032]
		[0.480 0.004 0.877]
		[-0.873 -0.089 0.479]
		[0.080 -0.996 -0.039]
		[0.451 0.022 0.892]
		[-0.870 -0.209 0.445]
		[0.197 -0.978 -0.075]
		[0.409 0.063 0.910]
		[-0.846 -0.347 0.404]
		[0.341 -0.936 -0.088]
		[0.348 0.130 0.929]
		[-0.795 -0.484 0.366]
		[0.497 -0.865 -0.065]
		[0.262 0.220 0.940]
		[-0.720 -0.604 0.342]
		[0.643 -0.766 0.000]
		[0.152 0.323 0.934]
		[-0.633 -0.694 0.343]
		[0.759 -0.644 0.099]
		[0.026 0.426 0.904]
		[-0.553 -0.748 0.368]
		[0.833 -0.510 0.216]
		[-0.099 0.517 0.850]
		[-0.491 -0.769 0.410]
		[0.865 -0.377 0.330]
		[-0.208 0.587 0.783]
		[-0.454 -0.767 0.454]
		[0.866 -0.261 0.426]
		[-0.286 0.633 0.719]
		[-0.437 -0.754 0.490]
		[0.853 -0.174 0.492]
		[-0.341 0.663 0.666]
		[-0.432 -0.740 0.516]
		[0.835 -0.112 0.538]
		[-0.383 0.687 0.618]
		[-0.434 -0.724 0.536]
		[0.815 -0.064 0.575]
		[-0.413 0.704 0.577]
		[-0.442 -0.709 0.549]
		[0.796 -0.028 0.604]
		[-0.434 0.718 0.544]
		[-0.452 -0.696 0.558]
