{ :name "Walk" :length 1.5 :bones { 
	"Skelet" [
		[ 0 [ 0 1 2 3 ] ]
		[ 0.025 [ 0 1 2 4 ] ]
		[ 0.05 [ 0 1 2 5 ] ]
		[ 0.075 [ 0 1 2 6 ] ]
		[ 0.1 [ 0 1 2 7 ] ]
		[ 0.125 [ 0 1 2 8 ] ]
		[ 0.15 [ 0 1 2 9 ] ]
		[ 0.175 [ 0 1 2 10 ] ]
		[ 0.2 [ 0 1 2 11 ] ]
		[ 0.225 [ 0 1 2 12 ] ]
		[ 0.25 [ 0 1 2 13 ] ]
		[ 0.275 [ 0 1 2 14 ] ]
		[ 0.3 [ 0 1 2 15 ] ]
		[ 0.325 [ 0 1 2 16 ] ]
		[ 0.35 [ 0 1 2 17 ] ]
		[ 0.375 [ 0 1 2 18 ] ]
		[ 0.4 [ 0 1 2 19 ] ]
		[ 0.425 [ 0 1 2 20 ] ]
		[ 0.45 [ 0 1 2 21 ] ]
		[ 0.475 [ 0 1 2 22 ] ]
		[ 0.5 [ 0 1 2 23 ] ]
		[ 0.525 [ 0 1 2 24 ] ]
		[ 0.55 [ 0 1 2 25 ] ]
		[ 0.575 [ 0 1 2 24 ] ]
		[ 0.6 [ 0 1 2 23 ] ]
		[ 0.625 [ 0 1 2 26 ] ]
		[ 0.65 [ 0 1 2 27 ] ]
		[ 0.675 [ 0 1 2 28 ] ]
		[ 0.7 [ 0 1 2 19 ] ]
		[ 0.725 [ 0 1 2 29 ] ]
		[ 0.75 [ 0 1 2 17 ] ]
		[ 0.775 [ 0 1 2 16 ] ]
		[ 0.8 [ 0 1 2 15 ] ]
		[ 0.825 [ 0 1 2 14 ] ]
		[ 0.85 [ 0 1 2 30 ] ]
		[ 0.875 [ 0 1 2 31 ] ]
		[ 0.9 [ 0 1 2 32 ] ]
		[ 0.925 [ 0 1 2 33 ] ]
		[ 0.95 [ 0 1 2 34 ] ]
		[ 0.975 [ 0 1 2 35 ] ]
		[ 1 [ 0 1 2 36 ] ]
		[ 1.025 [ 0 1 2 37 ] ]
		[ 1.05 [ 0 1 2 5 ] ]
		[ 1.075 [ 0 1 2 38 ] ]
		[ 1.1 [ 0 1 2 39 ] ]
		[ 1.125 [ 0 1 2 3 ] ]
		[ 1.15 [ 0 1 2 40 ] ]
		[ 1.175 [ 0 1 2 41 ] ]
		[ 1.2 [ 0 1 2 42 ] ]
		[ 1.225 [ 0 1 2 43 ] ]
		[ 1.25 [ 0 1 2 44 ] ]
		[ 1.275 [ 0 1 2 43 ] ]
		[ 1.3 [ 0 1 2 42 ] ]
		[ 1.325 [ 0 1 2 45 ] ]
		[ 1.35 [ 0 1 2 41 ] ]
		[ 1.375 [ 0 1 2 46 ] ]
		[ 1.4 [ 0 1 2 47 ] ]
		[ 1.425 [ 0 1 2 48 ] ]
		[ 1.45 [ 0 1 2 49 ] ]
		[ 1.475 [ 0 1 2 3 ] ]
	]
	"Bedro_L" [
		[ 0 [ 50 51 0 52 ] ]
		[ 0.025 [ 53 54 0 52 ] ]
		[ 0.05 [ 55 56 0 52 ] ]
		[ 0.075 [ 57 58 0 52 ] ]
		[ 0.1 [ 59 60 0 52 ] ]
		[ 0.125 [ 61 62 0 52 ] ]
		[ 0.15 [ 63 64 0 52 ] ]
		[ 0.175 [ 65 66 0 52 ] ]
		[ 0.2 [ 67 68 0 52 ] ]
		[ 0.225 [ 69 70 0 52 ] ]
		[ 0.25 [ 71 72 0 52 ] ]
		[ 0.275 [ 73 74 0 52 ] ]
		[ 0.3 [ 75 76 0 52 ] ]
		[ 0.325 [ 77 78 0 52 ] ]
		[ 0.35 [ 79 80 0 52 ] ]
		[ 0.375 [ 79 80 0 52 ] ]
		[ 0.4 [ 81 82 0 52 ] ]
		[ 0.425 [ 75 76 0 52 ] ]
		[ 0.45 [ 83 84 0 52 ] ]
		[ 0.475 [ 85 86 0 52 ] ]
		[ 0.5 [ 69 70 0 52 ] ]
		[ 0.525 [ 87 88 0 52 ] ]
		[ 0.55 [ 89 90 0 52 ] ]
		[ 0.575 [ 91 92 0 52 ] ]
		[ 0.6 [ 93 94 0 52 ] ]
		[ 0.625 [ 95 96 0 52 ] ]
		[ 0.65 [ 97 98 0 52 ] ]
		[ 0.675 [ 99 100 0 52 ] ]
		[ 0.7 [ 101 102 0 52 ] ]
		[ 0.725 [ 53 54 0 52 ] ]
		[ 0.75 [ 50 51 0 52 ] ]
		[ 0.775 [ 103 104 0 52 ] ]
		[ 0.8 [ 105 106 0 52 ] ]
		[ 0.825 [ 107 108 0 52 ] ]
		[ 0.85 [ 109 110 0 52 ] ]
		[ 0.875 [ 111 112 0 52 ] ]
		[ 0.9 [ 113 114 0 52 ] ]
		[ 0.925 [ 115 116 0 52 ] ]
		[ 0.95 [ 117 118 0 52 ] ]
		[ 0.975 [ 119 120 0 52 ] ]
		[ 1 [ 121 122 0 52 ] ]
		[ 1.025 [ 123 124 0 52 ] ]
		[ 1.05 [ 125 126 0 52 ] ]
		[ 1.075 [ 127 128 0 52 ] ]
		[ 1.1 [ 129 130 0 52 ] ]
		[ 1.125 [ 131 132 0 52 ] ]
		[ 1.15 [ 129 130 0 52 ] ]
		[ 1.175 [ 127 128 0 52 ] ]
		[ 1.2 [ 125 126 0 52 ] ]
		[ 1.225 [ 123 124 0 52 ] ]
		[ 1.25 [ 121 122 0 52 ] ]
		[ 1.275 [ 119 120 0 52 ] ]
		[ 1.3 [ 117 118 0 52 ] ]
		[ 1.325 [ 115 116 0 52 ] ]
		[ 1.35 [ 113 114 0 52 ] ]
		[ 1.375 [ 111 112 0 52 ] ]
		[ 1.4 [ 109 110 0 52 ] ]
		[ 1.425 [ 107 108 0 52 ] ]
		[ 1.45 [ 105 106 0 52 ] ]
		[ 1.475 [ 103 104 0 52 ] ]
	]
	"Koleno_L" [
		[ 0 [ 133 134 135 136 ] ]
		[ 0.025 [ 137 138 135 136 ] ]
		[ 0.05 [ 139 140 135 136 ] ]
		[ 0.075 [ 141 142 135 136 ] ]
		[ 0.1 [ 143 144 135 136 ] ]
		[ 0.125 [ 145 146 135 136 ] ]
		[ 0.15 [ 147 148 135 136 ] ]
		[ 0.175 [ 149 150 135 136 ] ]
		[ 0.2 [ 151 152 135 136 ] ]
		[ 0.225 [ 153 154 135 136 ] ]
		[ 0.25 [ 155 156 135 136 ] ]
		[ 0.275 [ 157 158 135 136 ] ]
		[ 0.3 [ 159 160 135 136 ] ]
		[ 0.325 [ 161 162 135 136 ] ]
		[ 0.35 [ 163 164 135 136 ] ]
		[ 0.375 [ 163 164 135 136 ] ]
		[ 0.4 [ 161 162 135 136 ] ]
		[ 0.425 [ 165 166 135 136 ] ]
		[ 0.45 [ 167 168 135 136 ] ]
		[ 0.475 [ 169 170 135 136 ] ]
		[ 0.5 [ 171 172 135 136 ] ]
		[ 0.525 [ 173 174 135 136 ] ]
		[ 0.55 [ 151 152 135 136 ] ]
		[ 0.575 [ 175 176 135 136 ] ]
		[ 0.6 [ 177 178 135 136 ] ]
		[ 0.625 [ 179 180 135 136 ] ]
		[ 0.65 [ 181 182 135 136 ] ]
		[ 0.675 [ 183 184 135 136 ] ]
		[ 0.7 [ 185 186 135 136 ] ]
		[ 0.725 [ 187 188 135 136 ] ]
		[ 0.75 [ 133 134 135 136 ] ]
		[ 0.775 [ 189 190 135 136 ] ]
		[ 0.8 [ 191 192 135 136 ] ]
		[ 0.825 [ 193 194 135 136 ] ]
		[ 0.85 [ 195 196 135 136 ] ]
		[ 0.875 [ 197 198 135 136 ] ]
		[ 0.9 [ 199 200 135 136 ] ]
		[ 0.925 [ 201 202 135 136 ] ]
		[ 0.95 [ 203 204 135 136 ] ]
		[ 0.975 [ 205 206 135 136 ] ]
		[ 1 [ 207 208 135 136 ] ]
		[ 1.025 [ 209 210 135 136 ] ]
		[ 1.05 [ 211 212 135 136 ] ]
		[ 1.075 [ 213 214 135 136 ] ]
		[ 1.1 [ 215 216 135 136 ] ]
		[ 1.125 [ 217 218 135 136 ] ]
		[ 1.15 [ 215 219 135 136 ] ]
		[ 1.175 [ 220 221 135 136 ] ]
		[ 1.2 [ 222 223 135 136 ] ]
		[ 1.225 [ 224 225 135 136 ] ]
		[ 1.25 [ 226 227 135 136 ] ]
		[ 1.275 [ 228 229 135 136 ] ]
		[ 1.3 [ 230 231 135 136 ] ]
		[ 1.325 [ 232 233 135 136 ] ]
		[ 1.35 [ 234 235 135 136 ] ]
		[ 1.375 [ 236 237 135 136 ] ]
		[ 1.4 [ 238 239 135 136 ] ]
		[ 1.425 [ 240 241 135 136 ] ]
		[ 1.45 [ 242 243 135 136 ] ]
		[ 1.475 [ 244 245 135 136 ] ]
	]
	"Koleno_L_end" [
		[ 0 [ 0 246 1 247 ] ]
	]
	"Bedro_P" [
		[ 0 [ 248 249 0 250 ] ]
		[ 0.025 [ 251 252 0 250 ] ]
		[ 0.05 [ 253 254 0 250 ] ]
		[ 0.075 [ 255 256 0 250 ] ]
		[ 0.1 [ 257 258 0 250 ] ]
		[ 0.125 [ 259 260 0 250 ] ]
		[ 0.15 [ 261 262 0 250 ] ]
		[ 0.175 [ 263 264 0 250 ] ]
		[ 0.2 [ 265 266 0 250 ] ]
		[ 0.225 [ 267 268 0 250 ] ]
		[ 0.25 [ 269 270 0 250 ] ]
		[ 0.275 [ 271 272 0 250 ] ]
		[ 0.3 [ 273 274 0 250 ] ]
		[ 0.325 [ 275 276 0 250 ] ]
		[ 0.35 [ 277 278 0 250 ] ]
		[ 0.375 [ 279 280 0 250 ] ]
		[ 0.4 [ 281 282 0 250 ] ]
		[ 0.425 [ 283 284 0 250 ] ]
		[ 0.45 [ 271 272 0 250 ] ]
		[ 0.475 [ 269 270 0 250 ] ]
		[ 0.5 [ 285 286 0 250 ] ]
		[ 0.525 [ 287 288 0 250 ] ]
		[ 0.55 [ 289 290 0 250 ] ]
		[ 0.575 [ 291 292 0 250 ] ]
		[ 0.6 [ 293 294 0 250 ] ]
		[ 0.625 [ 295 296 0 250 ] ]
		[ 0.65 [ 297 298 0 250 ] ]
		[ 0.675 [ 299 300 0 250 ] ]
		[ 0.7 [ 301 302 0 250 ] ]
		[ 0.725 [ 303 304 0 250 ] ]
		[ 0.75 [ 248 249 0 250 ] ]
		[ 0.775 [ 305 306 0 250 ] ]
		[ 0.8 [ 307 308 0 250 ] ]
		[ 0.825 [ 309 310 0 250 ] ]
		[ 0.85 [ 311 312 0 250 ] ]
		[ 0.875 [ 313 314 0 250 ] ]
		[ 0.9 [ 315 316 0 250 ] ]
		[ 0.925 [ 317 318 0 250 ] ]
		[ 0.95 [ 319 320 0 250 ] ]
		[ 0.975 [ 321 322 0 250 ] ]
		[ 1 [ 323 324 0 250 ] ]
		[ 1.025 [ 325 326 0 250 ] ]
		[ 1.05 [ 327 328 0 250 ] ]
		[ 1.075 [ 329 330 0 250 ] ]
		[ 1.1 [ 331 332 0 250 ] ]
		[ 1.125 [ 333 334 0 250 ] ]
		[ 1.15 [ 331 332 0 250 ] ]
		[ 1.175 [ 329 330 0 250 ] ]
		[ 1.2 [ 327 328 0 250 ] ]
		[ 1.225 [ 325 326 0 250 ] ]
		[ 1.25 [ 335 336 0 250 ] ]
		[ 1.275 [ 337 338 0 250 ] ]
		[ 1.3 [ 319 320 0 250 ] ]
		[ 1.325 [ 317 318 0 250 ] ]
		[ 1.35 [ 339 340 0 250 ] ]
		[ 1.375 [ 341 342 0 250 ] ]
		[ 1.4 [ 311 312 0 250 ] ]
		[ 1.425 [ 309 310 0 250 ] ]
		[ 1.45 [ 307 308 0 250 ] ]
		[ 1.475 [ 305 306 0 250 ] ]
	]
	"Koleno_P" [
		[ 0 [ 246 0 343 136 ] ]
		[ 0.025 [ 246 0 343 136 ] ]
		[ 0.05 [ 246 0 343 136 ] ]
		[ 0.075 [ 246 0 343 136 ] ]
		[ 0.1 [ 246 0 343 136 ] ]
		[ 0.125 [ 246 0 343 136 ] ]
		[ 0.15 [ 246 0 343 136 ] ]
		[ 0.175 [ 246 0 343 136 ] ]
		[ 0.2 [ 246 0 343 136 ] ]
		[ 0.225 [ 246 0 343 136 ] ]
		[ 0.25 [ 246 0 343 136 ] ]
		[ 0.275 [ 246 0 343 136 ] ]
		[ 0.3 [ 246 0 343 136 ] ]
		[ 0.325 [ 246 0 343 136 ] ]
		[ 0.35 [ 246 0 343 136 ] ]
		[ 0.375 [ 246 0 343 136 ] ]
		[ 0.4 [ 344 345 343 136 ] ]
		[ 0.425 [ 346 347 343 136 ] ]
		[ 0.45 [ 348 349 343 136 ] ]
		[ 0.475 [ 350 351 343 136 ] ]
		[ 0.5 [ 352 353 343 136 ] ]
		[ 0.525 [ 354 355 343 136 ] ]
		[ 0.55 [ 356 357 343 136 ] ]
		[ 0.575 [ 358 359 343 136 ] ]
		[ 0.6 [ 360 361 343 136 ] ]
		[ 0.625 [ 360 361 343 136 ] ]
		[ 0.65 [ 358 359 343 136 ] ]
		[ 0.675 [ 356 357 343 136 ] ]
		[ 0.7 [ 362 363 343 136 ] ]
		[ 0.725 [ 364 365 343 136 ] ]
		[ 0.75 [ 246 0 343 136 ] ]
		[ 0.775 [ 366 367 343 136 ] ]
		[ 0.8 [ 368 369 343 136 ] ]
		[ 0.825 [ 370 371 343 136 ] ]
		[ 0.85 [ 372 373 343 136 ] ]
		[ 0.875 [ 374 375 343 136 ] ]
		[ 0.9 [ 376 377 343 136 ] ]
		[ 0.925 [ 378 379 343 136 ] ]
		[ 0.95 [ 380 381 343 136 ] ]
		[ 0.975 [ 382 383 343 136 ] ]
		[ 1 [ 384 385 343 136 ] ]
		[ 1.025 [ 386 387 343 136 ] ]
		[ 1.05 [ 388 389 343 136 ] ]
		[ 1.075 [ 390 391 343 136 ] ]
		[ 1.1 [ 392 393 343 136 ] ]
		[ 1.125 [ 394 395 343 136 ] ]
		[ 1.15 [ 392 393 343 136 ] ]
		[ 1.175 [ 396 397 343 136 ] ]
		[ 1.2 [ 398 399 343 136 ] ]
		[ 1.225 [ 400 401 343 136 ] ]
		[ 1.25 [ 402 403 343 136 ] ]
		[ 1.275 [ 404 405 343 136 ] ]
		[ 1.3 [ 406 407 343 136 ] ]
		[ 1.325 [ 408 409 343 136 ] ]
		[ 1.35 [ 410 411 343 136 ] ]
		[ 1.375 [ 412 413 343 136 ] ]
		[ 1.4 [ 414 415 343 136 ] ]
		[ 1.425 [ 416 417 343 136 ] ]
		[ 1.45 [ 418 419 343 136 ] ]
		[ 1.475 [ 420 421 343 136 ] ]
	]
	"Koleno_P_end" [
		[ 0 [ 0 246 1 247 ] ]
	]
	"Tors" [
		[ 0 [ 0 422 423 424 ] ]
		[ 0.025 [ 0 425 426 424 ] ]
		[ 0.05 [ 0 427 428 424 ] ]
		[ 0.075 [ 0 429 430 424 ] ]
		[ 0.1 [ 0 431 432 424 ] ]
		[ 0.125 [ 0 433 434 424 ] ]
		[ 0.15 [ 0 435 436 424 ] ]
		[ 0.175 [ 0 437 438 424 ] ]
		[ 0.2 [ 0 439 440 424 ] ]
		[ 0.225 [ 0 441 442 424 ] ]
		[ 0.25 [ 0 443 444 424 ] ]
		[ 0.275 [ 0 445 446 424 ] ]
		[ 0.3 [ 0 447 448 424 ] ]
		[ 0.325 [ 0 449 450 424 ] ]
		[ 0.35 [ 0 451 452 424 ] ]
		[ 0.375 [ 0 453 454 424 ] ]
		[ 0.4 [ 0 455 456 424 ] ]
		[ 0.425 [ 0 457 458 424 ] ]
		[ 0.45 [ 0 445 446 424 ] ]
		[ 0.475 [ 0 443 444 424 ] ]
		[ 0.5 [ 0 441 442 424 ] ]
		[ 0.525 [ 0 459 460 424 ] ]
		[ 0.55 [ 0 461 462 424 ] ]
		[ 0.575 [ 0 463 464 424 ] ]
		[ 0.6 [ 0 465 466 424 ] ]
		[ 0.625 [ 0 467 468 424 ] ]
		[ 0.65 [ 0 469 470 424 ] ]
		[ 0.675 [ 0 471 472 424 ] ]
		[ 0.7 [ 0 473 474 424 ] ]
		[ 0.725 [ 0 475 476 424 ] ]
		[ 0.75 [ 0 422 423 424 ] ]
		[ 0.775 [ 0 477 478 424 ] ]
		[ 0.8 [ 0 479 480 424 ] ]
		[ 0.825 [ 0 481 482 424 ] ]
		[ 0.85 [ 0 483 484 424 ] ]
		[ 0.875 [ 0 485 486 424 ] ]
		[ 0.9 [ 0 487 488 424 ] ]
		[ 0.925 [ 0 489 490 424 ] ]
		[ 0.95 [ 0 491 492 424 ] ]
		[ 0.975 [ 0 493 494 424 ] ]
		[ 1 [ 0 495 496 424 ] ]
		[ 1.025 [ 0 497 498 424 ] ]
		[ 1.05 [ 0 499 500 424 ] ]
		[ 1.075 [ 0 501 502 424 ] ]
		[ 1.1 [ 0 503 131 424 ] ]
		[ 1.125 [ 0 503 131 424 ] ]
		[ 1.15 [ 0 503 131 424 ] ]
		[ 1.175 [ 0 501 502 424 ] ]
		[ 1.2 [ 0 499 500 424 ] ]
		[ 1.225 [ 0 497 498 424 ] ]
		[ 1.25 [ 0 495 496 424 ] ]
		[ 1.275 [ 0 493 494 424 ] ]
		[ 1.3 [ 0 504 505 424 ] ]
		[ 1.325 [ 0 506 507 424 ] ]
		[ 1.35 [ 0 487 488 424 ] ]
		[ 1.375 [ 0 485 486 424 ] ]
		[ 1.4 [ 0 508 509 424 ] ]
		[ 1.425 [ 0 510 511 424 ] ]
		[ 1.45 [ 0 479 480 424 ] ]
		[ 1.475 [ 0 477 478 424 ] ]
	]
	"Golova" [
		[ 0 [ 0 512 513 514 ] ]
	]
	"Golova_end" [
		[ 0 [ 0 246 1 515 ] ]
	]
	"Kluchitsa_L" [
		[ 0 [ 1 0 246 516 ] ]
	]
	"Kluchitsa_L_end" [
		[ 0 [ 0 246 1 517 ] ]
	]
	"Kluchitsa_P" [
		[ 0 [ 343 518 246 516 ] ]
	]
	"Kluchitsa_P_end" [
		[ 0 [ 0 246 1 517 ] ]
	]
	"Ruka_L" [
		[ 0 [ 519 520 521 522 ] ]
		[ 0.025 [ 523 524 525 522 ] ]
		[ 0.05 [ 526 527 528 522 ] ]
		[ 0.075 [ 529 530 531 522 ] ]
		[ 0.1 [ 532 533 534 522 ] ]
		[ 0.125 [ 535 536 537 522 ] ]
		[ 0.15 [ 538 539 540 522 ] ]
		[ 0.175 [ 541 542 543 522 ] ]
		[ 0.2 [ 544 545 546 522 ] ]
		[ 0.225 [ 547 548 549 522 ] ]
		[ 0.25 [ 547 550 551 522 ] ]
		[ 0.275 [ 552 553 554 522 ] ]
		[ 0.3 [ 538 555 556 522 ] ]
		[ 0.325 [ 557 558 559 522 ] ]
		[ 0.35 [ 519 560 561 522 ] ]
		[ 0.375 [ 562 563 564 522 ] ]
		[ 0.4 [ 565 566 567 522 ] ]
		[ 0.425 [ 568 569 570 522 ] ]
		[ 0.45 [ 571 572 573 522 ] ]
		[ 0.475 [ 574 575 576 522 ] ]
		[ 0.5 [ 577 578 579 522 ] ]
		[ 0.525 [ 580 581 582 522 ] ]
		[ 0.55 [ 583 584 585 522 ] ]
		[ 0.575 [ 586 587 588 522 ] ]
		[ 0.6 [ 589 590 591 522 ] ]
		[ 0.625 [ 592 593 594 522 ] ]
		[ 0.65 [ 595 596 597 522 ] ]
		[ 0.675 [ 598 599 600 522 ] ]
		[ 0.7 [ 601 602 603 522 ] ]
		[ 0.725 [ 604 605 606 522 ] ]
		[ 0.75 [ 607 608 609 522 ] ]
		[ 0.775 [ 610 611 612 522 ] ]
		[ 0.8 [ 613 614 615 522 ] ]
		[ 0.825 [ 616 617 618 522 ] ]
		[ 0.85 [ 619 620 621 522 ] ]
		[ 0.875 [ 622 623 624 522 ] ]
		[ 0.9 [ 625 626 627 522 ] ]
		[ 0.925 [ 628 629 630 522 ] ]
		[ 0.95 [ 631 632 633 522 ] ]
		[ 0.975 [ 634 635 636 522 ] ]
		[ 1 [ 637 638 639 522 ] ]
		[ 1.025 [ 640 641 642 522 ] ]
		[ 1.05 [ 643 644 645 522 ] ]
		[ 1.075 [ 646 647 648 522 ] ]
		[ 1.1 [ 649 650 651 522 ] ]
		[ 1.125 [ 519 652 653 522 ] ]
		[ 1.15 [ 654 655 656 522 ] ]
		[ 1.175 [ 657 658 659 522 ] ]
		[ 1.2 [ 547 660 661 522 ] ]
		[ 1.225 [ 662 663 664 522 ] ]
		[ 1.25 [ 662 665 666 522 ] ]
		[ 1.275 [ 662 667 668 522 ] ]
		[ 1.3 [ 669 670 671 522 ] ]
		[ 1.325 [ 552 672 673 522 ] ]
		[ 1.35 [ 538 674 675 522 ] ]
		[ 1.375 [ 676 677 678 522 ] ]
		[ 1.4 [ 557 679 680 522 ] ]
		[ 1.425 [ 529 681 682 522 ] ]
		[ 1.45 [ 526 683 684 522 ] ]
		[ 1.475 [ 523 685 686 522 ] ]
	]
	"Lokot_L" [
		[ 0 [ 687 688 689 690 ] ]
		[ 0.025 [ 691 692 689 690 ] ]
		[ 0.05 [ 691 692 689 690 ] ]
		[ 0.075 [ 693 694 689 690 ] ]
		[ 0.1 [ 695 696 697 690 ] ]
		[ 0.125 [ 698 699 697 690 ] ]
		[ 0.15 [ 700 701 697 690 ] ]
		[ 0.175 [ 702 703 697 690 ] ]
		[ 0.2 [ 704 705 697 690 ] ]
		[ 0.225 [ 706 707 697 690 ] ]
		[ 0.25 [ 706 707 697 690 ] ]
		[ 0.275 [ 704 705 697 690 ] ]
		[ 0.3 [ 700 701 697 690 ] ]
		[ 0.325 [ 708 709 697 690 ] ]
		[ 0.35 [ 687 688 689 690 ] ]
		[ 0.375 [ 710 711 689 690 ] ]
		[ 0.4 [ 712 713 714 690 ] ]
		[ 0.425 [ 715 716 717 690 ] ]
		[ 0.45 [ 718 719 717 690 ] ]
		[ 0.475 [ 720 721 722 690 ] ]
		[ 0.5 [ 723 724 725 690 ] ]
		[ 0.525 [ 726 727 728 690 ] ]
		[ 0.55 [ 729 730 731 690 ] ]
		[ 0.575 [ 732 733 734 690 ] ]
		[ 0.6 [ 735 736 737 690 ] ]
		[ 0.625 [ 738 739 740 690 ] ]
		[ 0.65 [ 741 742 743 690 ] ]
		[ 0.675 [ 744 745 743 690 ] ]
		[ 0.7 [ 746 747 1 690 ] ]
		[ 0.725 [ 748 749 1 690 ] ]
		[ 0.75 [ 750 751 1 690 ] ]
		[ 0.775 [ 752 753 1 690 ] ]
		[ 0.8 [ 754 755 1 690 ] ]
		[ 0.825 [ 756 757 743 690 ] ]
		[ 0.85 [ 758 759 740 690 ] ]
		[ 0.875 [ 760 761 737 690 ] ]
		[ 0.9 [ 762 763 737 690 ] ]
		[ 0.925 [ 764 765 734 690 ] ]
		[ 0.95 [ 766 767 731 690 ] ]
		[ 0.975 [ 768 769 725 690 ] ]
		[ 1 [ 770 771 722 690 ] ]
		[ 1.025 [ 772 773 722 690 ] ]
		[ 1.05 [ 774 775 717 690 ] ]
		[ 1.075 [ 776 777 714 690 ] ]
		[ 1.1 [ 710 711 689 690 ] ]
		[ 1.125 [ 687 688 689 690 ] ]
		[ 1.15 [ 708 709 697 690 ] ]
		[ 1.175 [ 700 701 697 690 ] ]
		[ 1.2 [ 706 707 697 690 ] ]
		[ 1.225 [ 778 779 697 690 ] ]
		[ 1.25 [ 778 779 697 690 ] ]
		[ 1.275 [ 778 779 697 690 ] ]
		[ 1.3 [ 706 707 697 690 ] ]
		[ 1.325 [ 704 705 697 690 ] ]
		[ 1.35 [ 700 701 697 690 ] ]
		[ 1.375 [ 698 699 697 690 ] ]
		[ 1.4 [ 695 696 697 690 ] ]
		[ 1.425 [ 693 694 689 690 ] ]
		[ 1.45 [ 691 692 689 690 ] ]
		[ 1.475 [ 691 692 689 690 ] ]
	]
	"Lokot_L_end" [
		[ 0 [ 0 246 1 780 ] ]
	]
	"Ruka_P" [
		[ 0 [ 781 782 783 784 ] ]
		[ 0.025 [ 785 786 787 784 ] ]
		[ 0.05 [ 788 789 790 784 ] ]
		[ 0.075 [ 791 792 793 784 ] ]
		[ 0.1 [ 794 795 796 784 ] ]
		[ 0.125 [ 797 798 799 784 ] ]
		[ 0.15 [ 800 801 802 784 ] ]
		[ 0.175 [ 803 804 805 784 ] ]
		[ 0.2 [ 806 807 808 784 ] ]
		[ 0.225 [ 809 810 811 784 ] ]
		[ 0.25 [ 809 812 813 784 ] ]
		[ 0.275 [ 814 815 816 784 ] ]
		[ 0.3 [ 800 817 818 784 ] ]
		[ 0.325 [ 819 820 821 784 ] ]
		[ 0.35 [ 781 822 823 784 ] ]
		[ 0.375 [ 824 825 826 784 ] ]
		[ 0.4 [ 827 828 829 784 ] ]
		[ 0.425 [ 830 831 832 784 ] ]
		[ 0.45 [ 833 834 835 784 ] ]
		[ 0.475 [ 836 837 838 784 ] ]
		[ 0.5 [ 839 840 841 784 ] ]
		[ 0.525 [ 842 843 844 784 ] ]
		[ 0.55 [ 845 846 847 784 ] ]
		[ 0.575 [ 848 849 850 784 ] ]
		[ 0.6 [ 851 852 853 784 ] ]
		[ 0.625 [ 854 855 856 784 ] ]
		[ 0.65 [ 857 858 859 784 ] ]
		[ 0.675 [ 860 861 862 784 ] ]
		[ 0.7 [ 863 864 865 784 ] ]
		[ 0.725 [ 866 867 868 784 ] ]
		[ 0.75 [ 869 870 871 784 ] ]
		[ 0.775 [ 872 873 874 784 ] ]
		[ 0.8 [ 875 876 877 784 ] ]
		[ 0.825 [ 878 879 880 784 ] ]
		[ 0.85 [ 881 882 883 784 ] ]
		[ 0.875 [ 884 885 886 784 ] ]
		[ 0.9 [ 887 888 889 784 ] ]
		[ 0.925 [ 890 891 892 784 ] ]
		[ 0.95 [ 893 894 895 784 ] ]
		[ 0.975 [ 896 897 898 784 ] ]
		[ 1 [ 899 900 901 784 ] ]
		[ 1.025 [ 902 903 904 784 ] ]
		[ 1.05 [ 905 906 907 784 ] ]
		[ 1.075 [ 908 909 910 784 ] ]
		[ 1.1 [ 911 912 913 784 ] ]
		[ 1.125 [ 781 914 915 784 ] ]
		[ 1.15 [ 916 917 918 784 ] ]
		[ 1.175 [ 919 920 921 784 ] ]
		[ 1.2 [ 809 922 923 784 ] ]
		[ 1.225 [ 924 925 926 784 ] ]
		[ 1.25 [ 924 927 928 784 ] ]
		[ 1.275 [ 924 929 930 784 ] ]
		[ 1.3 [ 931 932 933 784 ] ]
		[ 1.325 [ 814 934 935 784 ] ]
		[ 1.35 [ 800 936 937 784 ] ]
		[ 1.375 [ 938 939 940 784 ] ]
		[ 1.4 [ 819 941 942 784 ] ]
		[ 1.425 [ 791 943 944 784 ] ]
		[ 1.45 [ 788 945 946 784 ] ]
		[ 1.475 [ 785 947 948 784 ] ]
	]
	"Lokot_P" [
		[ 0 [ 949 950 951 690 ] ]
		[ 0.025 [ 952 950 951 690 ] ]
		[ 0.05 [ 953 954 955 690 ] ]
		[ 0.075 [ 956 957 958 690 ] ]
		[ 0.1 [ 959 960 961 690 ] ]
		[ 0.125 [ 962 963 964 690 ] ]
		[ 0.15 [ 965 966 967 690 ] ]
		[ 0.175 [ 968 969 970 690 ] ]
		[ 0.2 [ 971 972 973 690 ] ]
		[ 0.225 [ 974 972 975 690 ] ]
		[ 0.25 [ 974 972 975 690 ] ]
		[ 0.275 [ 971 976 977 690 ] ]
		[ 0.3 [ 965 966 967 690 ] ]
		[ 0.325 [ 959 960 978 690 ] ]
		[ 0.35 [ 949 950 951 690 ] ]
		[ 0.375 [ 979 980 981 690 ] ]
		[ 0.4 [ 982 983 984 690 ] ]
		[ 0.425 [ 985 986 987 690 ] ]
		[ 0.45 [ 988 989 990 690 ] ]
		[ 0.475 [ 991 992 993 690 ] ]
		[ 0.5 [ 994 995 996 690 ] ]
		[ 0.525 [ 997 998 999 690 ] ]
		[ 0.55 [ 1000 1001 1002 690 ] ]
		[ 0.575 [ 1003 1004 1005 690 ] ]
		[ 0.6 [ 1006 1007 1008 690 ] ]
		[ 0.625 [ 1009 1010 1011 690 ] ]
		[ 0.65 [ 1012 1013 1014 690 ] ]
		[ 0.675 [ 1015 1016 1017 690 ] ]
		[ 0.7 [ 1018 1019 1020 690 ] ]
		[ 0.725 [ 1021 749 1022 690 ] ]
		[ 0.75 [ 750 751 1 690 ] ]
		[ 0.775 [ 1023 753 1024 690 ] ]
		[ 0.8 [ 1025 1026 1027 690 ] ]
		[ 0.825 [ 1028 1029 1030 690 ] ]
		[ 0.85 [ 1031 1032 1033 690 ] ]
		[ 0.875 [ 1034 1035 1036 690 ] ]
		[ 0.9 [ 1037 1038 1039 690 ] ]
		[ 0.925 [ 1040 1041 1042 690 ] ]
		[ 0.95 [ 1043 1044 1045 690 ] ]
		[ 0.975 [ 1046 1047 1048 690 ] ]
		[ 1 [ 1049 1050 1051 690 ] ]
		[ 1.025 [ 1052 1053 1054 690 ] ]
		[ 1.05 [ 1055 1056 1057 690 ] ]
		[ 1.075 [ 1058 1059 1060 690 ] ]
		[ 1.1 [ 979 980 1061 690 ] ]
		[ 1.125 [ 949 950 951 690 ] ]
		[ 1.15 [ 959 1062 978 690 ] ]
		[ 1.175 [ 1063 1064 970 690 ] ]
		[ 1.2 [ 974 972 975 690 ] ]
		[ 1.225 [ 1065 1066 1067 690 ] ]
		[ 1.25 [ 1068 1069 1070 690 ] ]
		[ 1.275 [ 1065 1066 1070 690 ] ]
		[ 1.3 [ 974 1071 1067 690 ] ]
		[ 1.325 [ 971 976 977 690 ] ]
		[ 1.35 [ 965 1064 967 690 ] ]
		[ 1.375 [ 1072 963 964 690 ] ]
		[ 1.4 [ 959 960 961 690 ] ]
		[ 1.425 [ 956 957 958 690 ] ]
		[ 1.45 [ 953 954 955 690 ] ]
		[ 1.475 [ 952 950 951 690 ] ]
	]
	"Lokot_P_end" [
		[ 0 [ 0 246 1 780 ] ]
	]
	"Camera" [
		[ 0 [ 1073 1074 1075 1076 ] ]
	]
	"Lamp" [
		[ 0 [ 1077 1078 1079 1080 ] ]
	]
	"Mag" [
		[ 0 [ 1081 1082 1083 1083 ] ]
	]
	}
	:resources [
		[1.000 0.000 0.000]
		[0.000 0.000 1.000]
		[0.000 -1.000 0.000]
		[0.000 0.000 0.000]
		[0.000 0.000 0.015]
		[0.000 0.000 0.030]
		[0.000 0.000 0.046]
		[0.000 0.000 0.063]
		[0.000 0.000 0.080]
		[0.000 0.000 0.096]
		[0.000 0.000 0.113]
		[0.000 0.000 0.128]
		[0.000 0.000 0.143]
		[0.000 0.000 0.157]
		[0.000 0.000 0.170]
		[0.000 0.000 0.182]
		[0.000 0.000 0.192]
		[0.000 0.000 0.200]
		[0.000 0.000 0.207]
		[0.000 0.000 0.212]
		[0.000 0.000 0.217]
		[0.000 0.000 0.221]
		[0.000 0.000 0.224]
		[0.000 0.000 0.226]
		[0.000 0.000 0.227]
		[0.000 0.000 0.228]
		[0.000 0.000 0.223]
		[0.000 0.000 0.220]
		[0.000 0.000 0.216]
		[0.000 0.000 0.206]
		[0.000 0.000 0.156]
		[0.000 0.000 0.141]
		[0.000 0.000 0.125]
		[0.000 0.000 0.108]
		[0.000 0.000 0.092]
		[0.000 0.000 0.075]
		[0.000 0.000 0.059]
		[0.000 0.000 0.044]
		[0.000 0.000 0.018]
		[0.000 0.000 0.008]
		[0.000 0.000 -0.006]
		[0.000 0.000 -0.010]
		[0.000 0.000 -0.013]
		[0.000 0.000 -0.014]
		[0.000 0.000 -0.015]
		[0.000 0.000 -0.012]
		[0.000 0.000 -0.007]
		[0.000 0.000 -0.005]
		[0.000 0.000 -0.003]
		[0.000 0.000 -0.002]
		[0.000 0.342 0.940]
		[0.000 -0.940 0.342]
		[0.123 -0.038 0.000]
		[0.000 0.336 0.942]
		[0.000 -0.942 0.336]
		[0.000 0.329 0.944]
		[0.000 -0.944 0.329]
		[0.000 0.322 0.947]
		[0.000 -0.947 0.322]
		[0.000 0.314 0.949]
		[0.000 -0.949 0.314]
		[0.000 0.306 0.952]
		[0.000 -0.952 0.306]
		[0.000 0.298 0.954]
		[0.000 -0.954 0.298]
		[0.000 0.291 0.957]
		[0.000 -0.957 0.291]
		[0.000 0.284 0.959]
		[0.000 -0.959 0.284]
		[0.000 0.277 0.961]
		[0.000 -0.961 0.277]
		[0.000 0.271 0.962]
		[0.000 -0.962 0.271]
		[0.000 0.266 0.964]
		[0.000 -0.964 0.266]
		[0.000 0.263 0.965]
		[0.000 -0.965 0.263]
		[0.000 0.260 0.966]
		[0.000 -0.966 0.260]
		[0.000 0.259 0.966]
		[0.000 -0.966 0.259]
		[0.000 0.261 0.965]
		[0.000 -0.965 0.261]
		[0.000 0.267 0.964]
		[0.000 -0.964 0.267]
		[0.000 0.272 0.962]
		[0.000 -0.962 0.272]
		[0.000 0.283 0.959]
		[0.000 -0.959 0.283]
		[0.000 0.289 0.957]
		[0.000 -0.957 0.289]
		[0.000 0.296 0.955]
		[0.000 -0.955 0.296]
		[0.000 0.303 0.953]
		[0.000 -0.953 0.303]
		[0.000 0.310 0.951]
		[0.000 -0.951 0.310]
		[0.000 0.317 0.948]
		[0.000 -0.948 0.317]
		[0.000 0.324 0.946]
		[0.000 -0.946 0.324]
		[0.000 0.330 0.944]
		[0.000 -0.944 0.330]
		[0.000 0.348 0.938]
		[0.000 -0.938 0.348]
		[0.000 0.354 0.935]
		[0.000 -0.935 0.354]
		[0.000 0.361 0.933]
		[0.000 -0.933 0.361]
		[0.000 0.368 0.930]
		[0.000 -0.930 0.368]
		[0.000 0.375 0.927]
		[0.000 -0.927 0.375]
		[0.000 0.382 0.924]
		[0.000 -0.924 0.382]
		[0.000 0.389 0.921]
		[0.000 -0.921 0.389]
		[0.000 0.396 0.918]
		[0.000 -0.918 0.396]
		[0.000 0.402 0.916]
		[0.000 -0.916 0.402]
		[0.000 0.408 0.913]
		[0.000 -0.913 0.408]
		[0.000 0.413 0.911]
		[0.000 -0.911 0.413]
		[0.000 0.417 0.909]
		[0.000 -0.909 0.417]
		[0.000 0.420 0.908]
		[0.000 -0.908 0.420]
		[0.000 0.422 0.907]
		[0.000 -0.907 0.422]
		[0.000 0.423 0.906]
		[0.000 -0.906 0.423]
		[-0.766 0.643 -0.007]
		[0.643 0.766 -0.009]
		[0.000 -0.011 -1.000]
		[0.000 0.532 0.000]
		[-0.774 0.633 -0.007]
		[0.633 0.774 -0.009]
		[-0.784 0.621 -0.007]
		[0.621 0.784 -0.009]
		[-0.793 0.609 -0.007]
		[0.609 0.793 -0.009]
		[-0.803 0.596 -0.007]
		[0.596 0.803 -0.009]
		[-0.812 0.583 -0.007]
		[0.583 0.812 -0.009]
		[-0.822 0.570 -0.006]
		[0.570 0.822 -0.009]
		[-0.831 0.557 -0.006]
		[0.557 0.831 -0.009]
		[-0.839 0.544 -0.006]
		[0.544 0.839 -0.009]
		[-0.846 0.533 -0.006]
		[0.533 0.846 -0.010]
		[-0.853 0.522 -0.006]
		[0.522 0.853 -0.010]
		[-0.858 0.514 -0.006]
		[0.514 0.858 -0.010]
		[-0.862 0.507 -0.006]
		[0.507 0.862 -0.010]
		[-0.865 0.502 -0.006]
		[0.502 0.865 -0.010]
		[-0.866 0.500 -0.006]
		[0.500 0.866 -0.010]
		[-0.863 0.506 -0.006]
		[0.506 0.863 -0.010]
		[-0.860 0.511 -0.006]
		[0.511 0.860 -0.010]
		[-0.856 0.517 -0.006]
		[0.517 0.856 -0.010]
		[-0.851 0.525 -0.006]
		[0.525 0.851 -0.010]
		[-0.845 0.534 -0.006]
		[0.534 0.845 -0.010]
		[-0.832 0.555 -0.006]
		[0.555 0.832 -0.009]
		[-0.824 0.566 -0.006]
		[0.566 0.824 -0.009]
		[-0.816 0.578 -0.007]
		[0.578 0.816 -0.009]
		[-0.807 0.591 -0.007]
		[0.591 0.807 -0.009]
		[-0.797 0.603 -0.007]
		[0.603 0.797 -0.009]
		[-0.787 0.616 -0.007]
		[0.617 0.787 -0.009]
		[-0.777 0.630 -0.007]
		[0.630 0.777 -0.009]
		[-0.753 0.657 -0.007]
		[0.657 0.753 -0.008]
		[-0.738 0.675 -0.008]
		[0.675 0.738 -0.008]
		[-0.720 0.694 -0.008]
		[0.694 0.720 -0.008]
		[-0.699 0.715 -0.008]
		[0.715 0.699 -0.008]
		[-0.677 0.736 -0.008]
		[0.736 0.677 -0.008]
		[-0.654 0.756 -0.009]
		[0.756 0.654 -0.007]
		[-0.630 0.777 -0.009]
		[0.777 0.630 -0.007]
		[-0.606 0.795 -0.009]
		[0.796 0.606 -0.007]
		[-0.583 0.813 -0.009]
		[0.813 0.583 -0.007]
		[-0.561 0.828 -0.009]
		[0.828 0.561 -0.006]
		[-0.541 0.841 -0.009]
		[0.841 0.541 -0.006]
		[-0.524 0.852 -0.010]
		[0.852 0.524 -0.006]
		[-0.511 0.859 -0.010]
		[0.859 0.511 -0.006]
		[-0.503 0.864 -0.010]
		[0.864 0.503 -0.006]
		[-0.500 0.866 -0.010]
		[0.866 0.500 -0.006]
		[0.865 0.503 -0.006]
		[-0.510 0.860 -0.010]
		[0.860 0.510 -0.006]
		[-0.522 0.853 -0.010]
		[0.853 0.522 -0.006]
		[-0.537 0.844 -0.009]
		[0.844 0.537 -0.006]
		[-0.555 0.832 -0.009]
		[0.832 0.555 -0.006]
		[-0.575 0.818 -0.009]
		[0.818 0.575 -0.006]
		[-0.597 0.802 -0.009]
		[0.802 0.597 -0.007]
		[-0.620 0.784 -0.009]
		[0.784 0.620 -0.007]
		[-0.644 0.765 -0.009]
		[0.765 0.644 -0.007]
		[-0.667 0.745 -0.008]
		[0.745 0.667 -0.008]
		[-0.690 0.724 -0.008]
		[0.724 0.690 -0.008]
		[-0.712 0.703 -0.008]
		[0.703 0.711 -0.008]
		[-0.732 0.682 -0.008]
		[0.682 0.732 -0.008]
		[-0.750 0.661 -0.007]
		[0.662 0.750 -0.008]
		[0.000 1.000 0.000]
		[0.000 0.578 0.000]
		[0.000 -0.342 0.940]
		[0.000 -0.940 -0.342]
		[-0.123 -0.038 0.000]
		[0.000 -0.348 0.937]
		[0.000 -0.937 -0.348]
		[0.000 -0.355 0.935]
		[0.000 -0.935 -0.355]
		[0.000 -0.362 0.932]
		[0.000 -0.932 -0.362]
		[0.000 -0.370 0.929]
		[0.000 -0.929 -0.370]
		[0.000 -0.377 0.926]
		[0.000 -0.926 -0.377]
		[0.000 -0.385 0.923]
		[0.000 -0.923 -0.385]
		[0.000 -0.392 0.920]
		[0.000 -0.920 -0.392]
		[0.000 -0.399 0.917]
		[0.000 -0.917 -0.399]
		[0.000 -0.405 0.914]
		[0.000 -0.914 -0.405]
		[0.000 -0.411 0.912]
		[0.000 -0.912 -0.411]
		[0.000 -0.415 0.910]
		[0.000 -0.910 -0.415]
		[0.000 -0.419 0.908]
		[0.000 -0.908 -0.419]
		[0.000 -0.422 0.907]
		[0.000 -0.907 -0.422]
		[0.000 -0.423 0.906]
		[0.000 -0.906 -0.423]
		[0.000 -0.422 0.906]
		[0.000 -0.906 -0.422]
		[0.000 -0.421 0.907]
		[0.000 -0.907 -0.421]
		[0.000 -0.418 0.908]
		[0.000 -0.908 -0.418]
		[0.000 -0.406 0.914]
		[0.000 -0.914 -0.406]
		[0.000 -0.400 0.917]
		[0.000 -0.917 -0.400]
		[0.000 -0.394 0.919]
		[0.000 -0.919 -0.394]
		[0.000 -0.387 0.922]
		[0.000 -0.922 -0.387]
		[0.000 -0.381 0.925]
		[0.000 -0.925 -0.381]
		[0.000 -0.374 0.928]
		[0.000 -0.928 -0.374]
		[0.000 -0.367 0.930]
		[0.000 -0.930 -0.367]
		[0.000 -0.360 0.933]
		[0.000 -0.933 -0.360]
		[0.000 -0.354 0.935]
		[0.000 -0.935 -0.354]
		[0.000 -0.348 0.938]
		[0.000 -0.938 -0.348]
		[0.000 -0.336 0.942]
		[0.000 -0.942 -0.336]
		[0.000 -0.330 0.944]
		[0.000 -0.944 -0.330]
		[0.000 -0.323 0.946]
		[0.000 -0.946 -0.323]
		[0.000 -0.316 0.949]
		[0.000 -0.949 -0.316]
		[0.000 -0.309 0.951]
		[0.000 -0.951 -0.309]
		[0.000 -0.301 0.953]
		[0.000 -0.953 -0.301]
		[0.000 -0.294 0.956]
		[0.000 -0.956 -0.294]
		[0.000 -0.287 0.958]
		[0.000 -0.958 -0.287]
		[0.000 -0.281 0.960]
		[0.000 -0.960 -0.281]
		[0.000 -0.275 0.962]
		[0.000 -0.962 -0.275]
		[0.000 -0.269 0.963]
		[0.000 -0.963 -0.269]
		[0.000 -0.265 0.964]
		[0.000 -0.964 -0.265]
		[0.000 -0.262 0.965]
		[0.000 -0.965 -0.262]
		[0.000 -0.260 0.966]
		[0.000 -0.966 -0.260]
		[0.000 -0.259 0.966]
		[0.000 -0.966 -0.259]
		[0.000 -0.274 0.962]
		[0.000 -0.962 -0.274]
		[0.000 -0.280 0.960]
		[0.000 -0.960 -0.280]
		[0.000 -0.301 0.954]
		[0.000 -0.954 -0.301]
		[0.000 -0.308 0.951]
		[0.000 -0.951 -0.308]
		[0.000 0.000 -1.000]
		[-0.001 1.000 0.000]
		[1.000 0.001 0.000]
		[-0.003 1.000 0.000]
		[1.000 0.003 0.000]
		[-0.004 1.000 0.000]
		[1.000 0.004 0.000]
		[-0.006 1.000 0.000]
		[1.000 0.006 0.000]
		[-0.008 1.000 0.000]
		[1.000 0.008 0.000]
		[-0.010 1.000 0.000]
		[1.000 0.010 0.000]
		[-0.012 1.000 0.000]
		[1.000 0.012 0.000]
		[-0.013 1.000 0.000]
		[1.000 0.013 0.000]
		[-0.014 1.000 0.000]
		[1.000 0.014 0.000]
		[-0.009 1.000 0.000]
		[1.000 0.009 0.000]
		[-0.005 1.000 0.000]
		[1.000 0.005 0.000]
		[0.007 1.000 0.000]
		[1.000 -0.007 0.000]
		[0.017 1.000 0.000]
		[1.000 -0.017 0.000]
		[0.029 1.000 0.000]
		[1.000 -0.029 0.000]
		[0.043 0.999 0.000]
		[0.999 -0.043 0.000]
		[0.058 0.998 0.000]
		[0.998 -0.058 0.000]
		[0.074 0.997 0.000]
		[0.997 -0.074 0.000]
		[0.090 0.996 0.000]
		[0.996 -0.090 0.000]
		[0.106 0.994 0.000]
		[0.994 -0.106 0.000]
		[0.121 0.993 0.000]
		[0.993 -0.121 0.000]
		[0.135 0.991 0.000]
		[0.991 -0.135 0.000]
		[0.148 0.989 0.000]
		[0.989 -0.148 0.000]
		[0.159 0.987 0.000]
		[0.987 -0.159 0.000]
		[0.167 0.986 0.000]
		[0.986 -0.167 0.000]
		[0.172 0.985 0.000]
		[0.985 -0.172 0.000]
		[0.174 0.985 0.000]
		[0.985 -0.174 0.000]
		[0.168 0.986 0.000]
		[0.986 -0.168 0.000]
		[0.161 0.987 0.000]
		[0.987 -0.161 0.000]
		[0.152 0.988 0.000]
		[0.988 -0.152 0.000]
		[0.142 0.990 0.000]
		[0.990 -0.142 0.000]
		[0.129 0.992 0.000]
		[0.992 -0.129 0.000]
		[0.116 0.993 0.000]
		[0.993 -0.116 0.000]
		[0.102 0.995 0.000]
		[0.995 -0.102 0.000]
		[0.086 0.996 0.000]
		[0.996 -0.086 0.000]
		[0.071 0.997 0.000]
		[0.997 -0.071 0.000]
		[0.056 0.998 0.000]
		[0.998 -0.056 0.000]
		[0.040 0.999 0.000]
		[0.999 -0.040 0.000]
		[0.026 1.000 0.000]
		[1.000 -0.026 0.000]
		[0.012 1.000 0.000]
		[1.000 -0.012 0.000]
		[0.000 0.866 -0.500]
		[0.000 0.500 0.866]
		[0.000 0.130 0.000]
		[0.000 0.863 -0.506]
		[0.000 0.506 0.863]
		[0.000 0.859 -0.512]
		[0.000 0.512 0.859]
		[0.000 0.855 -0.519]
		[0.000 0.519 0.855]
		[0.000 0.851 -0.525]
		[0.000 0.525 0.851]
		[0.000 0.846 -0.532]
		[0.000 0.532 0.846]
		[0.000 0.842 -0.539]
		[0.000 0.539 0.842]
		[0.000 0.838 -0.546]
		[0.000 0.546 0.838]
		[0.000 0.834 -0.552]
		[0.000 0.552 0.834]
		[0.000 0.830 -0.558]
		[0.000 0.558 0.830]
		[0.000 0.827 -0.563]
		[0.000 0.563 0.827]
		[0.000 0.824 -0.567]
		[0.000 0.567 0.824]
		[0.000 0.821 -0.570]
		[0.000 0.570 0.821]
		[0.000 0.820 -0.573]
		[0.000 0.573 0.820]
		[0.000 0.819 -0.574]
		[0.000 0.574 0.819]
		[0.000 0.819 -0.573]
		[0.000 0.573 0.819]
		[0.000 0.820 -0.572]
		[0.000 0.572 0.820]
		[0.000 0.822 -0.570]
		[0.000 0.570 0.822]
		[0.000 0.833 -0.553]
		[0.000 0.553 0.833]
		[0.000 0.837 -0.547]
		[0.000 0.547 0.837]
		[0.000 0.841 -0.542]
		[0.000 0.542 0.841]
		[0.000 0.845 -0.535]
		[0.000 0.535 0.845]
		[0.000 0.849 -0.529]
		[0.000 0.529 0.849]
		[0.000 0.852 -0.523]
		[0.000 0.523 0.852]
		[0.000 0.856 -0.517]
		[0.000 0.517 0.856]
		[0.000 0.860 -0.511]
		[0.000 0.511 0.860]
		[0.000 0.863 -0.505]
		[0.000 0.505 0.863]
		[0.000 0.869 -0.495]
		[0.000 0.495 0.869]
		[0.000 0.872 -0.489]
		[0.000 0.489 0.872]
		[0.000 0.876 -0.483]
		[0.000 0.483 0.876]
		[0.000 0.879 -0.476]
		[0.000 0.476 0.879]
		[0.000 0.883 -0.469]
		[0.000 0.469 0.883]
		[0.000 0.887 -0.462]
		[0.000 0.462 0.887]
		[0.000 0.890 -0.456]
		[0.000 0.456 0.890]
		[0.000 0.893 -0.449]
		[0.000 0.449 0.893]
		[0.000 0.897 -0.443]
		[0.000 0.443 0.897]
		[0.000 0.899 -0.437]
		[0.000 0.437 0.899]
		[0.000 0.902 -0.432]
		[0.000 0.432 0.902]
		[0.000 0.904 -0.428]
		[0.000 0.428 0.904]
		[0.000 0.905 -0.425]
		[0.000 0.425 0.905]
		[0.000 0.906 -0.423]
		[0.000 0.894 -0.449]
		[0.000 0.449 0.894]
		[0.000 0.890 -0.455]
		[0.000 0.455 0.890]
		[0.000 0.880 -0.476]
		[0.000 0.476 0.880]
		[0.000 0.876 -0.482]
		[0.000 0.482 0.876]
		[0.000 0.866 0.500]
		[0.000 -0.500 0.866]
		[0.000 0.596 0.000]
		[0.000 0.315 0.000]
		[0.000 0.470 0.000]
		[0.000 0.300 0.000]
		[-1.000 0.000 0.000]
		[-0.500 0.000 0.866]
		[0.557 -0.766 0.321]
		[0.663 0.643 0.383]
		[0.279 0.394 -0.035]
		[-0.501 0.000 0.866]
		[0.548 -0.774 0.317]
		[0.670 0.633 0.388]
		[-0.502 0.000 0.865]
		[0.537 -0.784 0.312]
		[0.678 0.621 0.394]
		[-0.505 0.000 0.863]
		[0.526 -0.793 0.307]
		[0.685 0.609 0.400]
		[-0.508 0.000 0.862]
		[0.514 -0.803 0.303]
		[0.692 0.596 0.408]
		[-0.511 0.000 0.860]
		[0.501 -0.812 0.298]
		[0.698 0.583 0.415]
		[-0.514 0.000 0.858]
		[0.489 -0.822 0.293]
		[0.705 0.570 0.422]
		[-0.516 0.000 0.856]
		[0.477 -0.831 0.288]
		[0.711 0.557 0.429]
		[-0.518 0.000 0.855]
		[0.465 -0.839 0.282]
		[0.717 0.544 0.435]
		[-0.519 0.000 0.855]
		[0.455 -0.846 0.277]
		[0.723 0.533 0.440]
		[0.446 -0.853 0.271]
		[0.729 0.522 0.443]
		[-0.517 0.000 0.856]
		[0.439 -0.858 0.266]
		[0.734 0.514 0.444]
		[0.435 -0.862 0.260]
		[0.740 0.507 0.443]
		[-0.508 0.000 0.861]
		[0.432 -0.865 0.255]
		[0.745 0.502 0.439]
		[0.433 -0.866 0.250]
		[0.750 0.500 0.433]
		[-0.488 0.000 0.873]
		[0.437 -0.866 0.244]
		[0.756 0.501 0.423]
		[-0.472 0.000 0.882]
		[0.444 -0.864 0.238]
		[0.762 0.503 0.408]
		[-0.452 0.000 0.892]
		[0.453 -0.861 0.230]
		[0.768 0.508 0.390]
		[-0.430 0.000 0.903]
		[0.465 -0.857 0.221]
		[0.774 0.515 0.368]
		[-0.404 0.000 0.915]
		[0.478 -0.852 0.211]
		[0.780 0.523 0.345]
		[-0.377 0.000 0.926]
		[0.493 -0.847 0.201]
		[0.784 0.532 0.319]
		[-0.349 0.000 0.937]
		[0.508 -0.840 0.189]
		[0.787 0.543 0.293]
		[-0.320 0.000 0.947]
		[0.525 -0.833 0.177]
		[0.789 0.554 0.267]
		[-0.292 0.000 0.956]
		[0.541 -0.825 0.165]
		[0.789 0.565 0.241]
		[-0.265 0.000 0.964]
		[0.557 -0.817 0.153]
		[0.787 0.577 0.216]
		[-0.240 0.000 0.971]
		[0.572 -0.808 0.141]
		[0.784 0.589 0.194]
		[-0.218 0.000 0.976]
		[0.587 -0.799 0.131]
		[0.780 0.601 0.174]
		[-0.199 0.000 0.980]
		[0.600 -0.790 0.122]
		[0.775 0.613 0.157]
		[-0.185 0.000 0.983]
		[0.613 -0.782 0.115]
		[0.768 0.623 0.145]
		[-0.176 0.000 0.984]
		[0.624 -0.774 0.112]
		[0.762 0.634 0.136]
		[-0.174 0.000 0.985]
		[0.633 -0.766 0.112]
		[0.754 0.643 0.133]
		[-0.178 0.000 0.984]
		[0.642 -0.758 0.116]
		[0.746 0.652 0.135]
		[-0.189 0.000 0.982]
		[0.650 -0.749 0.125]
		[0.736 0.662 0.141]
		[-0.205 0.000 0.979]
		[0.658 -0.740 0.138]
		[0.724 0.673 0.152]
		[-0.226 0.000 0.974]
		[0.666 -0.730 0.155]
		[0.711 0.684 0.165]
		[-0.251 0.000 0.968]
		[0.673 -0.719 0.174]
		[0.696 0.695 0.180]
		[-0.278 0.000 0.960]
		[0.678 -0.708 0.197]
		[0.680 0.706 0.197]
		[-0.308 0.000 0.951]
		[0.682 -0.697 0.221]
		[0.663 0.717 0.215]
		[-0.338 0.000 0.941]
		[0.684 -0.687 0.246]
		[0.646 0.727 0.232]
		[-0.368 0.000 0.930]
		[0.685 -0.677 0.271]
		[0.629 0.736 0.249]
		[-0.397 0.000 0.918]
		[0.683 -0.668 0.295]
		[0.613 0.745 0.265]
		[-0.424 0.000 0.906]
		[0.681 -0.659 0.319]
		[0.597 0.752 0.280]
		[-0.449 0.000 0.894]
		[0.677 -0.652 0.340]
		[0.583 0.758 0.293]
		[-0.470 0.000 0.883]
		[0.673 -0.647 0.358]
		[0.571 0.762 0.304]
		[-0.487 0.000 0.873]
		[0.668 -0.644 0.373]
		[0.562 0.765 0.314]
		[0.663 -0.643 0.383]
		[0.557 0.766 0.321]
		[-0.509 0.000 0.861]
		[0.659 -0.644 0.389]
		[0.554 0.765 0.328]
		[-0.515 0.000 0.857]
		[0.653 -0.647 0.393]
		[0.555 0.762 0.333]
		[0.648 -0.652 0.394]
		[0.558 0.758 0.339]
		[-0.522 0.000 0.853]
		[0.642 -0.659 0.392]
		[0.562 0.752 0.344]
		[0.635 -0.667 0.389]
		[0.569 0.745 0.348]
		[0.628 -0.676 0.384]
		[0.577 0.737 0.353]
		[-0.520 0.000 0.854]
		[0.621 -0.686 0.378]
		[0.586 0.727 0.357]
		[0.614 -0.697 0.371]
		[0.596 0.717 0.361]
		[0.606 -0.708 0.364]
		[0.607 0.707 0.364]
		[-0.511 0.000 0.859]
		[0.598 -0.718 0.356]
		[0.617 0.696 0.367]
		[0.590 -0.729 0.348]
		[0.628 0.684 0.370]
		[0.581 -0.739 0.340]
		[0.638 0.673 0.373]
		[0.573 -0.749 0.333]
		[0.648 0.662 0.376]
		[0.565 -0.758 0.327]
		[0.656 0.652 0.379]
		[0.983 0.184 -0.001]
		[-0.184 0.983 -0.011]
		[-0.001 0.011 1.000]
		[0.000 0.316 0.000]
		[0.983 0.183 -0.001]
		[-0.183 0.983 -0.011]
		[0.983 0.181 -0.001]
		[-0.181 0.983 -0.011]
		[0.984 0.180 -0.001]
		[-0.180 0.984 -0.012]
		[-0.001 0.012 1.000]
		[0.984 0.178 -0.001]
		[-0.178 0.984 -0.012]
		[0.984 0.176 -0.001]
		[-0.176 0.984 -0.012]
		[0.985 0.175 -0.001]
		[-0.175 0.985 -0.012]
		[0.985 0.174 -0.001]
		[-0.174 0.985 -0.012]
		[0.985 0.173 -0.001]
		[-0.173 0.985 -0.012]
		[0.984 0.179 -0.001]
		[-0.179 0.984 -0.012]
		[0.982 0.190 -0.001]
		[-0.190 0.982 -0.011]
		[0.980 0.198 -0.001]
		[-0.198 0.980 -0.010]
		[-0.001 0.010 1.000]
		[0.978 0.209 -0.001]
		[-0.209 0.978 -0.010]
		[-0.001 0.009 1.000]
		[0.975 0.220 -0.001]
		[-0.220 0.975 -0.009]
		[0.972 0.233 -0.001]
		[-0.233 0.972 -0.008]
		[-0.001 0.008 1.000]
		[0.969 0.247 -0.001]
		[-0.247 0.969 -0.007]
		[-0.001 0.007 1.000]
		[0.965 0.261 -0.001]
		[-0.261 0.965 -0.006]
		[-0.001 0.006 1.000]
		[0.962 0.274 -0.001]
		[-0.274 0.962 -0.005]
		[-0.001 0.005 1.000]
		[0.958 0.288 -0.001]
		[-0.288 0.958 -0.004]
		[0.000 0.004 1.000]
		[0.954 0.300 -0.001]
		[-0.300 0.954 -0.003]
		[0.000 0.003 1.000]
		[0.950 0.312 0.000]
		[-0.312 0.950 -0.002]
		[0.000 0.002 1.000]
		[0.947 0.322 0.000]
		[-0.322 0.947 -0.001]
		[0.000 0.001 1.000]
		[0.944 0.331 0.000]
		[-0.331 0.944 -0.001]
		[0.942 0.337 0.000]
		[-0.337 0.942 0.000]
		[0.940 0.341 0.000]
		[-0.341 0.940 0.000]
		[0.940 0.342 0.000]
		[-0.342 0.940 0.000]
		[0.940 0.340 0.000]
		[-0.340 0.940 0.000]
		[0.942 0.335 0.000]
		[-0.335 0.942 0.000]
		[0.945 0.328 0.000]
		[-0.328 0.945 -0.001]
		[0.948 0.318 0.000]
		[-0.318 0.948 -0.002]
		[0.952 0.307 -0.001]
		[-0.307 0.952 -0.003]
		[0.956 0.294 -0.001]
		[-0.294 0.956 -0.003]
		[0.960 0.280 -0.001]
		[-0.280 0.960 -0.004]
		[0.964 0.266 -0.001]
		[-0.266 0.964 -0.005]
		[0.968 0.251 -0.001]
		[-0.251 0.968 -0.006]
		[0.972 0.237 -0.001]
		[-0.237 0.971 -0.008]
		[0.975 0.223 -0.001]
		[-0.223 0.975 -0.008]
		[0.978 0.211 -0.001]
		[-0.211 0.978 -0.009]
		[0.980 0.200 -0.001]
		[-0.200 0.980 -0.010]
		[0.985 0.172 -0.001]
		[-0.172 0.985 -0.012]
		[0.000 0.469 0.000]
		[0.500 0.000 0.866]
		[-0.557 -0.766 0.321]
		[0.663 -0.643 -0.383]
		[-0.279 0.394 -0.035]
		[0.501 0.000 0.866]
		[-0.548 -0.774 0.317]
		[0.670 -0.633 -0.388]
		[0.502 0.000 0.865]
		[-0.537 -0.784 0.312]
		[0.678 -0.621 -0.394]
		[0.505 0.000 0.863]
		[-0.526 -0.793 0.307]
		[0.685 -0.609 -0.400]
		[0.508 0.000 0.862]
		[-0.514 -0.803 0.303]
		[0.692 -0.596 -0.408]
		[0.511 0.000 0.860]
		[-0.501 -0.812 0.298]
		[0.698 -0.583 -0.415]
		[0.514 0.000 0.858]
		[-0.489 -0.822 0.293]
		[0.705 -0.570 -0.422]
		[0.516 0.000 0.856]
		[-0.477 -0.831 0.288]
		[0.711 -0.557 -0.429]
		[0.518 0.000 0.855]
		[-0.465 -0.839 0.282]
		[0.717 -0.544 -0.435]
		[0.519 0.000 0.855]
		[-0.455 -0.846 0.277]
		[0.723 -0.533 -0.440]
		[-0.446 -0.853 0.271]
		[0.729 -0.522 -0.443]
		[0.517 0.000 0.856]
		[-0.439 -0.858 0.266]
		[0.734 -0.514 -0.444]
		[-0.435 -0.862 0.260]
		[0.740 -0.507 -0.443]
		[0.508 0.000 0.861]
		[-0.432 -0.865 0.255]
		[0.745 -0.502 -0.439]
		[-0.433 -0.866 0.250]
		[0.750 -0.500 -0.433]
		[0.488 0.000 0.873]
		[-0.437 -0.866 0.244]
		[0.756 -0.501 -0.423]
		[0.472 0.000 0.882]
		[-0.444 -0.864 0.238]
		[0.762 -0.503 -0.408]
		[0.452 0.000 0.892]
		[-0.453 -0.861 0.230]
		[0.768 -0.508 -0.390]
		[0.430 0.000 0.903]
		[-0.465 -0.857 0.221]
		[0.774 -0.515 -0.368]
		[0.404 0.000 0.915]
		[-0.478 -0.852 0.211]
		[0.780 -0.523 -0.345]
		[0.377 0.000 0.926]
		[-0.493 -0.847 0.201]
		[0.784 -0.532 -0.319]
		[0.349 0.000 0.937]
		[-0.508 -0.840 0.189]
		[0.787 -0.543 -0.293]
		[0.320 0.000 0.947]
		[-0.525 -0.833 0.177]
		[0.789 -0.554 -0.267]
		[0.292 0.000 0.956]
		[-0.541 -0.825 0.165]
		[0.789 -0.565 -0.241]
		[0.265 0.000 0.964]
		[-0.557 -0.817 0.153]
		[0.787 -0.577 -0.216]
		[0.240 0.000 0.971]
		[-0.572 -0.808 0.141]
		[0.784 -0.589 -0.194]
		[0.218 0.000 0.976]
		[-0.587 -0.799 0.131]
		[0.780 -0.601 -0.174]
		[0.199 0.000 0.980]
		[-0.600 -0.790 0.122]
		[0.775 -0.613 -0.157]
		[0.185 0.000 0.983]
		[-0.613 -0.782 0.115]
		[0.768 -0.623 -0.145]
		[0.176 0.000 0.984]
		[-0.624 -0.774 0.112]
		[0.762 -0.634 -0.136]
		[0.174 0.000 0.985]
		[-0.633 -0.766 0.112]
		[0.754 -0.643 -0.133]
		[0.178 0.000 0.984]
		[-0.642 -0.758 0.116]
		[0.746 -0.652 -0.135]
		[0.189 0.000 0.982]
		[-0.650 -0.749 0.125]
		[0.736 -0.662 -0.141]
		[0.205 0.000 0.979]
		[-0.658 -0.740 0.138]
		[0.724 -0.673 -0.152]
		[0.226 0.000 0.974]
		[-0.666 -0.730 0.155]
		[0.711 -0.684 -0.165]
		[0.251 0.000 0.968]
		[-0.673 -0.719 0.174]
		[0.696 -0.695 -0.180]
		[0.278 0.000 0.960]
		[-0.678 -0.708 0.197]
		[0.680 -0.706 -0.197]
		[0.308 0.000 0.951]
		[-0.682 -0.697 0.221]
		[0.663 -0.717 -0.215]
		[0.338 0.000 0.941]
		[-0.684 -0.687 0.246]
		[0.646 -0.727 -0.232]
		[0.368 0.000 0.930]
		[-0.685 -0.677 0.271]
		[0.629 -0.736 -0.249]
		[0.397 0.000 0.918]
		[-0.683 -0.668 0.295]
		[0.613 -0.745 -0.265]
		[0.424 0.000 0.906]
		[-0.681 -0.659 0.319]
		[0.597 -0.752 -0.280]
		[0.449 0.000 0.894]
		[-0.677 -0.652 0.340]
		[0.583 -0.758 -0.293]
		[0.470 0.000 0.883]
		[-0.673 -0.647 0.358]
		[0.571 -0.762 -0.304]
		[0.487 0.000 0.873]
		[-0.668 -0.644 0.373]
		[0.562 -0.765 -0.314]
		[-0.663 -0.643 0.383]
		[0.557 -0.766 -0.321]
		[0.509 0.000 0.861]
		[-0.659 -0.644 0.389]
		[0.554 -0.765 -0.328]
		[0.515 0.000 0.857]
		[-0.653 -0.647 0.393]
		[0.555 -0.762 -0.333]
		[-0.648 -0.652 0.394]
		[0.558 -0.758 -0.339]
		[0.522 0.000 0.853]
		[-0.642 -0.659 0.392]
		[0.562 -0.752 -0.344]
		[-0.635 -0.667 0.389]
		[0.569 -0.745 -0.348]
		[-0.628 -0.676 0.384]
		[0.577 -0.737 -0.353]
