{ :name "walk_crowd" :length 1.666667 :bones { 
	"Skelet" [
		[ 0 [ 0 1 2 3 ] ]
		[ 0.04166667 [ 0 1 2 4 ] ]
		[ 0.08333334 [ 0 1 2 5 ] ]
		[ 0.125 [ 0 1 2 6 ] ]
		[ 0.1666667 [ 0 1 2 7 ] ]
		[ 0.2083333 [ 0 1 2 8 ] ]
		[ 0.25 [ 0 1 2 9 ] ]
		[ 0.2916667 [ 0 1 2 10 ] ]
		[ 0.3333333 [ 0 1 2 11 ] ]
		[ 0.375 [ 0 1 2 12 ] ]
		[ 0.4166667 [ 0 1 2 13 ] ]
		[ 0.4583333 [ 0 1 2 12 ] ]
		[ 0.5 [ 0 1 2 11 ] ]
		[ 0.5416667 [ 0 1 2 10 ] ]
		[ 0.5833334 [ 0 1 2 9 ] ]
		[ 0.625 [ 0 1 2 8 ] ]
		[ 0.6666667 [ 0 1 2 7 ] ]
		[ 0.7083334 [ 0 1 2 6 ] ]
		[ 0.7500001 [ 0 1 2 5 ] ]
		[ 0.7916667 [ 0 1 2 4 ] ]
		[ 0.8333334 [ 0 1 2 3 ] ]
		[ 0.8750001 [ 0 1 2 14 ] ]
		[ 0.9166667 [ 0 1 2 15 ] ]
		[ 0.9583334 [ 0 1 2 16 ] ]
		[ 1 [ 0 1 2 8 ] ]
		[ 1.041667 [ 0 1 2 17 ] ]
		[ 1.083333 [ 0 1 2 18 ] ]
		[ 1.125 [ 0 1 2 19 ] ]
		[ 1.166667 [ 0 1 2 20 ] ]
		[ 1.208333 [ 0 1 2 21 ] ]
		[ 1.25 [ 0 1 2 22 ] ]
		[ 1.291667 [ 0 1 2 21 ] ]
		[ 1.333333 [ 0 1 2 20 ] ]
		[ 1.375 [ 0 1 2 19 ] ]
		[ 1.416667 [ 0 1 2 23 ] ]
		[ 1.458333 [ 0 1 2 17 ] ]
		[ 1.5 [ 0 1 2 8 ] ]
		[ 1.541667 [ 0 1 2 16 ] ]
		[ 1.583333 [ 0 1 2 15 ] ]
		[ 1.625 [ 0 1 2 14 ] ]
	]
	"Bedro_L" [
		[ 0 [ 24 25 26 27 ] ]
		[ 0.04166667 [ 28 29 30 27 ] ]
		[ 0.08333334 [ 31 32 33 27 ] ]
		[ 0.125 [ 34 35 36 27 ] ]
		[ 0.1666667 [ 37 38 39 27 ] ]
		[ 0.2083333 [ 40 41 42 27 ] ]
		[ 0.25 [ 43 44 45 27 ] ]
		[ 0.2916667 [ 46 47 48 27 ] ]
		[ 0.3333333 [ 49 50 51 27 ] ]
		[ 0.375 [ 52 53 54 27 ] ]
		[ 0.4166667 [ 55 56 57 27 ] ]
		[ 0.4583333 [ 58 59 60 27 ] ]
		[ 0.5 [ 61 62 63 27 ] ]
		[ 0.5416667 [ 64 65 66 27 ] ]
		[ 0.5833334 [ 67 68 69 27 ] ]
		[ 0.625 [ 70 71 72 27 ] ]
		[ 0.6666667 [ 73 74 75 27 ] ]
		[ 0.7083334 [ 76 77 78 27 ] ]
		[ 0.7500001 [ 79 80 81 27 ] ]
		[ 0.7916667 [ 82 83 84 27 ] ]
		[ 0.8333334 [ 85 86 87 27 ] ]
		[ 0.8750001 [ 88 89 90 27 ] ]
		[ 0.9166667 [ 91 92 93 27 ] ]
		[ 0.9583334 [ 94 95 96 27 ] ]
		[ 1 [ 97 98 99 27 ] ]
		[ 1.041667 [ 100 101 102 27 ] ]
		[ 1.083333 [ 103 104 105 27 ] ]
		[ 1.125 [ 106 107 108 27 ] ]
		[ 1.166667 [ 109 110 111 27 ] ]
		[ 1.208333 [ 112 113 114 27 ] ]
		[ 1.25 [ 115 116 117 27 ] ]
		[ 1.291667 [ 118 119 114 27 ] ]
		[ 1.333333 [ 120 121 122 27 ] ]
		[ 1.375 [ 123 124 108 27 ] ]
		[ 1.416667 [ 125 126 127 27 ] ]
		[ 1.458333 [ 128 129 130 27 ] ]
		[ 1.5 [ 131 132 133 27 ] ]
		[ 1.541667 [ 134 135 136 27 ] ]
		[ 1.583333 [ 137 138 139 27 ] ]
		[ 1.625 [ 140 141 142 27 ] ]
	]
	"Koleno_L" [
		[ 0 [ 143 144 145 146 ] ]
		[ 0.04166667 [ 147 148 149 146 ] ]
		[ 0.08333334 [ 150 151 152 146 ] ]
		[ 0.125 [ 153 154 155 146 ] ]
		[ 0.1666667 [ 156 157 158 146 ] ]
		[ 0.2083333 [ 159 160 161 146 ] ]
		[ 0.25 [ 162 163 164 146 ] ]
		[ 0.2916667 [ 165 166 167 146 ] ]
		[ 0.3333333 [ 168 169 170 146 ] ]
		[ 0.375 [ 171 172 173 146 ] ]
		[ 0.4166667 [ 174 175 176 146 ] ]
		[ 0.4583333 [ 177 178 179 146 ] ]
		[ 0.5 [ 177 178 176 146 ] ]
		[ 0.5416667 [ 180 178 176 146 ] ]
		[ 0.5833334 [ 180 178 176 146 ] ]
		[ 0.625 [ 180 178 181 146 ] ]
		[ 0.6666667 [ 180 178 181 146 ] ]
		[ 0.7083334 [ 182 178 173 146 ] ]
		[ 0.7500001 [ 182 178 173 146 ] ]
		[ 0.7916667 [ 182 178 170 146 ] ]
		[ 0.8333334 [ 183 178 170 146 ] ]
		[ 0.8750001 [ 183 178 170 146 ] ]
		[ 0.9166667 [ 183 178 170 146 ] ]
		[ 0.9583334 [ 183 178 184 146 ] ]
		[ 1 [ 185 178 184 146 ] ]
		[ 1.041667 [ 185 178 184 146 ] ]
		[ 1.083333 [ 185 178 167 146 ] ]
		[ 1.125 [ 185 178 167 146 ] ]
		[ 1.166667 [ 186 178 167 146 ] ]
		[ 1.208333 [ 186 178 167 146 ] ]
		[ 1.25 [ 187 175 188 146 ] ]
		[ 1.291667 [ 189 190 167 146 ] ]
		[ 1.333333 [ 191 169 167 146 ] ]
		[ 1.375 [ 165 166 167 146 ] ]
		[ 1.416667 [ 192 193 164 146 ] ]
		[ 1.458333 [ 159 160 161 146 ] ]
		[ 1.5 [ 194 195 196 146 ] ]
		[ 1.541667 [ 197 198 199 146 ] ]
		[ 1.583333 [ 200 151 201 146 ] ]
		[ 1.625 [ 202 148 145 146 ] ]
	]
	"Koleno_L_end" [
		[ 0 [ 0 203 1 204 ] ]
	]
	"Bedro_P" [
		[ 0 [ 205 206 207 208 ] ]
		[ 0.04166667 [ 209 210 211 208 ] ]
		[ 0.08333334 [ 212 213 214 208 ] ]
		[ 0.125 [ 215 216 217 208 ] ]
		[ 0.1666667 [ 218 219 220 208 ] ]
		[ 0.2083333 [ 221 222 223 208 ] ]
		[ 0.25 [ 224 225 226 208 ] ]
		[ 0.2916667 [ 227 228 229 208 ] ]
		[ 0.3333333 [ 230 231 232 208 ] ]
		[ 0.375 [ 233 234 235 208 ] ]
		[ 0.4166667 [ 236 237 238 208 ] ]
		[ 0.4583333 [ 239 240 241 208 ] ]
		[ 0.5 [ 242 243 244 208 ] ]
		[ 0.5416667 [ 245 246 247 208 ] ]
		[ 0.5833334 [ 248 249 250 208 ] ]
		[ 0.625 [ 251 252 253 208 ] ]
		[ 0.6666667 [ 254 255 256 208 ] ]
		[ 0.7083334 [ 257 258 259 208 ] ]
		[ 0.7500001 [ 260 261 262 208 ] ]
		[ 0.7916667 [ 263 264 265 208 ] ]
		[ 0.8333334 [ 266 267 268 208 ] ]
		[ 0.8750001 [ 269 270 271 208 ] ]
		[ 0.9166667 [ 272 273 274 208 ] ]
		[ 0.9583334 [ 275 276 277 208 ] ]
		[ 1 [ 278 279 280 208 ] ]
		[ 1.041667 [ 281 282 283 208 ] ]
		[ 1.083333 [ 284 285 286 208 ] ]
		[ 1.125 [ 287 288 289 208 ] ]
		[ 1.166667 [ 290 291 292 208 ] ]
		[ 1.208333 [ 293 294 295 208 ] ]
		[ 1.25 [ 296 297 298 208 ] ]
		[ 1.291667 [ 299 300 301 208 ] ]
		[ 1.333333 [ 302 303 304 208 ] ]
		[ 1.375 [ 305 306 307 208 ] ]
		[ 1.416667 [ 308 309 310 208 ] ]
		[ 1.458333 [ 311 312 313 208 ] ]
		[ 1.5 [ 314 315 316 208 ] ]
		[ 1.541667 [ 317 318 319 208 ] ]
		[ 1.583333 [ 320 321 322 208 ] ]
		[ 1.625 [ 323 324 325 208 ] ]
	]
	"Koleno_P" [
		[ 0 [ 326 327 328 146 ] ]
		[ 0.04166667 [ 326 327 329 146 ] ]
		[ 0.08333334 [ 330 327 329 146 ] ]
		[ 0.125 [ 330 327 331 146 ] ]
		[ 0.1666667 [ 332 327 331 146 ] ]
		[ 0.2083333 [ 332 327 333 146 ] ]
		[ 0.25 [ 334 327 333 146 ] ]
		[ 0.2916667 [ 334 327 335 146 ] ]
		[ 0.3333333 [ 336 327 335 146 ] ]
		[ 0.375 [ 336 327 337 146 ] ]
		[ 0.4166667 [ 338 339 337 146 ] ]
		[ 0.4583333 [ 340 341 342 146 ] ]
		[ 0.5 [ 343 344 342 146 ] ]
		[ 0.5416667 [ 345 346 347 146 ] ]
		[ 0.5833334 [ 348 349 350 146 ] ]
		[ 0.625 [ 351 352 353 146 ] ]
		[ 0.6666667 [ 354 355 356 146 ] ]
		[ 0.7083334 [ 357 358 359 146 ] ]
		[ 0.7500001 [ 360 361 362 146 ] ]
		[ 0.7916667 [ 363 364 365 146 ] ]
		[ 0.8333334 [ 366 367 368 146 ] ]
		[ 0.8750001 [ 369 370 365 146 ] ]
		[ 0.9166667 [ 371 372 362 146 ] ]
		[ 0.9583334 [ 373 374 359 146 ] ]
		[ 1 [ 375 376 377 146 ] ]
		[ 1.041667 [ 378 379 380 146 ] ]
		[ 1.083333 [ 381 382 350 146 ] ]
		[ 1.125 [ 383 384 347 146 ] ]
		[ 1.166667 [ 385 386 387 146 ] ]
		[ 1.208333 [ 388 389 387 146 ] ]
		[ 1.25 [ 390 391 335 146 ] ]
		[ 1.291667 [ 392 393 333 146 ] ]
		[ 1.333333 [ 394 395 333 146 ] ]
		[ 1.375 [ 396 397 331 146 ] ]
		[ 1.416667 [ 398 399 331 146 ] ]
		[ 1.458333 [ 400 401 329 146 ] ]
		[ 1.5 [ 402 339 329 146 ] ]
		[ 1.541667 [ 403 404 329 146 ] ]
		[ 1.583333 [ 405 406 328 146 ] ]
		[ 1.625 [ 326 327 328 146 ] ]
	]
	"Koleno_P_end" [
		[ 0 [ 0 203 1 204 ] ]
	]
	"Tors" [
		[ 0 [ 0 203 1 407 ] ]
		[ 0.04166667 [ 408 203 409 407 ] ]
		[ 0.08333334 [ 410 203 411 407 ] ]
		[ 0.125 [ 412 203 413 407 ] ]
		[ 0.1666667 [ 414 203 415 407 ] ]
		[ 0.2083333 [ 416 203 417 407 ] ]
		[ 0.25 [ 418 203 419 407 ] ]
		[ 0.2916667 [ 420 203 421 407 ] ]
		[ 0.3333333 [ 422 203 423 407 ] ]
		[ 0.375 [ 424 203 425 407 ] ]
		[ 0.4166667 [ 426 203 427 407 ] ]
		[ 0.4583333 [ 428 203 429 407 ] ]
		[ 0.5 [ 430 203 431 407 ] ]
		[ 0.5416667 [ 432 203 433 407 ] ]
		[ 0.5833334 [ 434 203 435 407 ] ]
		[ 0.625 [ 436 203 437 407 ] ]
		[ 0.6666667 [ 438 203 439 407 ] ]
		[ 0.7083334 [ 440 203 441 407 ] ]
		[ 0.7500001 [ 442 203 443 407 ] ]
		[ 0.7916667 [ 444 203 445 407 ] ]
		[ 0.8333334 [ 446 203 447 407 ] ]
		[ 0.8750001 [ 448 203 449 407 ] ]
		[ 0.9166667 [ 450 203 451 407 ] ]
		[ 0.9583334 [ 452 203 453 407 ] ]
		[ 1 [ 454 203 455 407 ] ]
		[ 1.041667 [ 456 203 457 407 ] ]
		[ 1.083333 [ 458 203 459 407 ] ]
		[ 1.125 [ 460 203 461 407 ] ]
		[ 1.166667 [ 462 203 463 407 ] ]
		[ 1.208333 [ 464 203 465 407 ] ]
		[ 1.25 [ 466 203 467 407 ] ]
		[ 1.291667 [ 468 203 469 407 ] ]
		[ 1.333333 [ 470 203 471 407 ] ]
		[ 1.375 [ 472 203 473 407 ] ]
		[ 1.416667 [ 474 203 475 407 ] ]
		[ 1.458333 [ 476 203 477 407 ] ]
		[ 1.5 [ 478 203 479 407 ] ]
		[ 1.541667 [ 480 203 481 407 ] ]
		[ 1.583333 [ 482 203 483 407 ] ]
		[ 1.625 [ 484 203 485 407 ] ]
	]
	"Golova" [
		[ 0 [ 0 203 1 486 ] ]
		[ 0.04166667 [ 487 203 488 486 ] ]
		[ 0.08333334 [ 489 203 490 486 ] ]
		[ 0.125 [ 482 203 483 486 ] ]
		[ 0.1666667 [ 491 203 492 486 ] ]
		[ 0.2083333 [ 493 203 494 486 ] ]
		[ 0.25 [ 495 203 496 486 ] ]
		[ 0.2916667 [ 497 203 498 486 ] ]
		[ 0.3333333 [ 499 203 500 486 ] ]
		[ 0.375 [ 501 203 502 486 ] ]
		[ 0.4166667 [ 503 203 504 486 ] ]
		[ 0.4583333 [ 505 203 506 486 ] ]
		[ 0.5 [ 507 203 508 486 ] ]
		[ 0.5416667 [ 509 203 510 486 ] ]
		[ 0.5833334 [ 511 203 512 486 ] ]
		[ 0.625 [ 497 203 498 486 ] ]
		[ 0.6666667 [ 513 203 514 486 ] ]
		[ 0.7083334 [ 493 203 494 486 ] ]
		[ 0.7500001 [ 515 203 516 486 ] ]
		[ 0.7916667 [ 517 203 518 486 ] ]
		[ 0.8333334 [ 519 203 520 486 ] ]
		[ 0.8750001 [ 521 203 522 486 ] ]
		[ 0.9166667 [ 523 203 524 486 ] ]
		[ 0.9583334 [ 416 203 417 486 ] ]
		[ 1 [ 525 203 526 486 ] ]
		[ 1.041667 [ 527 203 528 486 ] ]
		[ 1.083333 [ 529 203 530 486 ] ]
		[ 1.125 [ 531 203 532 486 ] ]
		[ 1.166667 [ 533 203 534 486 ] ]
		[ 1.208333 [ 535 203 536 486 ] ]
		[ 1.25 [ 537 203 538 486 ] ]
		[ 1.291667 [ 539 203 540 486 ] ]
		[ 1.333333 [ 541 203 542 486 ] ]
		[ 1.375 [ 543 203 544 486 ] ]
		[ 1.416667 [ 545 203 546 486 ] ]
		[ 1.458333 [ 547 203 548 486 ] ]
		[ 1.5 [ 549 203 550 486 ] ]
		[ 1.541667 [ 551 203 552 486 ] ]
		[ 1.583333 [ 553 203 554 486 ] ]
		[ 1.625 [ 555 203 556 486 ] ]
	]
	"Golova_end" [
		[ 0 [ 0 203 1 557 ] ]
	]
	"Kluchitsa_L" [
		[ 0 [ 1 0 203 558 ] ]
	]
	"Kluchitsa_L_end" [
		[ 0 [ 0 203 1 559 ] ]
	]
	"Kluchitsa_P" [
		[ 0 [ 560 561 203 558 ] ]
	]
	"Kluchitsa_P_end" [
		[ 0 [ 0 203 1 559 ] ]
	]
	"Ruka_L" [
		[ 0 [ 562 563 564 565 ] ]
		[ 0.04166667 [ 566 567 568 565 ] ]
		[ 0.08333334 [ 569 570 571 565 ] ]
		[ 0.125 [ 572 573 574 565 ] ]
		[ 0.1666667 [ 575 576 577 565 ] ]
		[ 0.2083333 [ 578 579 580 565 ] ]
		[ 0.25 [ 581 582 583 565 ] ]
		[ 0.2916667 [ 584 585 586 565 ] ]
		[ 0.3333333 [ 587 588 589 565 ] ]
		[ 0.375 [ 590 591 592 565 ] ]
		[ 0.4166667 [ 593 594 595 565 ] ]
		[ 0.4583333 [ 596 597 598 565 ] ]
		[ 0.5 [ 599 600 601 565 ] ]
		[ 0.5416667 [ 602 603 604 565 ] ]
		[ 0.5833334 [ 605 606 607 565 ] ]
		[ 0.625 [ 608 609 610 565 ] ]
		[ 0.6666667 [ 611 612 613 565 ] ]
		[ 0.7083334 [ 614 615 616 565 ] ]
		[ 0.7500001 [ 617 618 619 565 ] ]
		[ 0.7916667 [ 620 621 622 565 ] ]
		[ 0.8333334 [ 623 624 625 565 ] ]
		[ 0.8750001 [ 626 627 628 565 ] ]
		[ 0.9166667 [ 629 630 631 565 ] ]
		[ 0.9583334 [ 632 633 634 565 ] ]
		[ 1 [ 635 636 637 565 ] ]
		[ 1.041667 [ 638 639 640 565 ] ]
		[ 1.083333 [ 641 642 643 565 ] ]
		[ 1.125 [ 644 645 646 565 ] ]
		[ 1.166667 [ 647 648 649 565 ] ]
		[ 1.208333 [ 650 651 652 565 ] ]
		[ 1.25 [ 653 654 655 565 ] ]
		[ 1.291667 [ 656 657 658 565 ] ]
		[ 1.333333 [ 659 660 661 565 ] ]
		[ 1.375 [ 662 663 664 565 ] ]
		[ 1.416667 [ 665 666 667 565 ] ]
		[ 1.458333 [ 668 669 670 565 ] ]
		[ 1.5 [ 671 672 673 565 ] ]
		[ 1.541667 [ 674 675 676 565 ] ]
		[ 1.583333 [ 677 678 679 565 ] ]
		[ 1.625 [ 680 681 682 565 ] ]
	]
	"Lokot_L" [
		[ 0 [ 683 684 685 686 ] ]
		[ 0.04166667 [ 687 688 689 686 ] ]
		[ 0.08333334 [ 690 691 692 686 ] ]
		[ 0.125 [ 693 694 695 686 ] ]
		[ 0.1666667 [ 696 697 698 686 ] ]
		[ 0.2083333 [ 699 700 701 686 ] ]
		[ 0.25 [ 702 703 704 686 ] ]
		[ 0.2916667 [ 705 706 707 686 ] ]
		[ 0.3333333 [ 708 709 710 686 ] ]
		[ 0.375 [ 711 712 713 686 ] ]
		[ 0.4166667 [ 714 715 716 686 ] ]
		[ 0.4583333 [ 717 718 719 686 ] ]
		[ 0.5 [ 720 721 722 686 ] ]
		[ 0.5416667 [ 723 724 725 686 ] ]
		[ 0.5833334 [ 726 727 728 686 ] ]
		[ 0.625 [ 729 730 731 686 ] ]
		[ 0.6666667 [ 732 733 734 686 ] ]
		[ 0.7083334 [ 735 736 737 686 ] ]
		[ 0.7500001 [ 738 739 740 686 ] ]
		[ 0.7916667 [ 741 742 743 686 ] ]
		[ 0.8333334 [ 744 745 746 686 ] ]
		[ 0.8750001 [ 747 748 749 686 ] ]
		[ 0.9166667 [ 750 751 752 686 ] ]
		[ 0.9583334 [ 753 754 755 686 ] ]
		[ 1 [ 756 757 758 686 ] ]
		[ 1.041667 [ 759 760 761 686 ] ]
		[ 1.083333 [ 762 763 764 686 ] ]
		[ 1.125 [ 765 766 767 686 ] ]
		[ 1.166667 [ 768 769 770 686 ] ]
		[ 1.208333 [ 771 772 773 686 ] ]
		[ 1.25 [ 774 775 776 686 ] ]
		[ 1.291667 [ 777 778 779 686 ] ]
		[ 1.333333 [ 780 781 782 686 ] ]
		[ 1.375 [ 783 784 785 686 ] ]
		[ 1.416667 [ 786 787 788 686 ] ]
		[ 1.458333 [ 789 790 791 686 ] ]
		[ 1.5 [ 792 793 794 686 ] ]
		[ 1.541667 [ 795 796 797 686 ] ]
		[ 1.583333 [ 798 799 800 686 ] ]
		[ 1.625 [ 801 802 803 686 ] ]
	]
	"Lokot_L_end" [
		[ 0 [ 0 203 1 804 ] ]
	]
	"Ruka_P" [
		[ 0 [ 805 806 807 808 ] ]
	]
	"Lokot_P" [
		[ 0 [ 809 810 811 686 ] ]
	]
	"Lokot_P_end" [
		[ 0 [ 0 203 1 804 ] ]
	]
	"Camera" [
		[ 0 [ 812 813 814 815 ] ]
	]
	"Lamp" [
		[ 0 [ 816 817 818 819 ] ]
	]
	"Mag" [
		[ 0 [ 820 821 822 822 ] ]
	]
	}
	:resources [
		[1.000 0.000 0.000]
		[0.000 0.000 1.000]
		[0.000 -1.000 0.000]
		[0.000 0.000 0.000]
		[0.000 0.000 -0.001]
		[0.000 0.000 -0.005]
		[0.000 0.000 -0.011]
		[0.000 0.000 -0.017]
		[0.000 0.000 -0.025]
		[0.000 0.000 -0.032]
		[0.000 0.000 -0.039]
		[0.000 0.000 -0.044]
		[0.000 0.000 -0.048]
		[0.000 0.000 -0.049]
		[0.000 0.000 -0.002]
		[0.000 0.000 -0.007]
		[0.000 0.000 -0.015]
		[0.000 0.000 -0.035]
		[0.000 0.000 -0.046]
		[0.000 0.000 -0.055]
		[0.000 0.000 -0.063]
		[0.000 0.000 -0.068]
		[0.000 0.000 -0.070]
		[0.000 0.000 -0.045]
		[0.002 -0.524 0.852]
		[0.027 -0.852 -0.524]
		[1.000 0.024 0.012]
		[0.123 -0.038 0.000]
		[0.000 -0.526 0.851]
		[0.024 -0.850 -0.526]
		[1.000 0.020 0.012]
		[-0.003 -0.529 0.848]
		[0.019 -0.848 -0.529]
		[1.000 0.015 0.013]
		[-0.007 -0.534 0.845]
		[0.013 -0.845 -0.534]
		[1.000 0.007 0.013]
		[-0.012 -0.539 0.842]
		[0.006 -0.842 -0.539]
		[1.000 -0.002 0.013]
		[-0.018 -0.545 0.839]
		[-0.002 -0.839 -0.545]
		[1.000 -0.011 0.014]
		[-0.023 -0.549 0.835]
		[-0.009 -0.835 -0.550]
		[1.000 -0.020 0.014]
		[-0.027 -0.553 0.833]
		[-0.015 -0.833 -0.554]
		[1.000 -0.028 0.014]
		[-0.031 -0.556 0.831]
		[-0.020 -0.831 -0.556]
		[0.999 -0.034 0.014]
		[-0.033 -0.556 0.830]
		[-0.024 -0.830 -0.557]
		[0.999 -0.038 0.014]
		[-0.034 -0.555 0.831]
		[-0.024 -0.831 -0.556]
		[0.999 -0.039 0.014]
		[-0.032 -0.546 0.837]
		[-0.022 -0.837 -0.546]
		[0.999 -0.036 0.015]
		[-0.029 -0.525 0.851]
		[-0.018 -0.851 -0.525]
		[0.999 -0.031 0.015]
		[-0.025 -0.493 0.870]
		[-0.013 -0.870 -0.493]
		[1.000 -0.024 0.016]
		[-0.021 -0.451 0.892]
		[-0.006 -0.892 -0.451]
		[1.000 -0.015 0.016]
		[-0.016 -0.401 0.916]
		[0.001 -0.916 -0.401]
		[1.000 -0.006 0.015]
		[-0.011 -0.344 0.939]
		[0.008 -0.939 -0.344]
		[1.000 0.004 0.014]
		[-0.007 -0.280 0.960]
		[0.015 -0.960 -0.280]
		[1.000 0.012 0.011]
		[-0.004 -0.213 0.977]
		[0.021 -0.977 -0.213]
		[1.000 0.019 0.008]
		[-0.001 -0.144 0.990]
		[0.025 -0.989 -0.144]
		[1.000 0.024 0.004]
		[0.002 -0.075 0.997]
		[0.026 -0.997 -0.075]
		[1.000 0.026 0.000]
		[0.004 -0.008 1.000]
		[0.023 -1.000 -0.008]
		[1.000 0.023 -0.004]
		[0.006 0.055 0.998]
		[0.017 -0.998 0.054]
		[1.000 0.017 -0.007]
		[0.009 0.113 0.994]
		[0.009 -0.994 0.113]
		[1.000 0.008 -0.010]
		[0.012 0.166 0.986]
		[0.000 -0.986 0.166]
		[1.000 -0.002 -0.012]
		[0.015 0.212 0.977]
		[-0.010 -0.977 0.213]
		[1.000 -0.013 -0.013]
		[0.018 0.252 0.968]
		[-0.020 -0.967 0.252]
		[1.000 -0.024 -0.013]
		[0.021 0.284 0.959]
		[-0.029 -0.958 0.285]
		[0.999 -0.034 -0.012]
		[0.024 0.308 0.951]
		[-0.037 -0.951 0.308]
		[0.999 -0.043 -0.012]
		[0.026 0.323 0.946]
		[-0.042 -0.945 0.323]
		[0.999 -0.049 -0.011]
		[0.027 0.324 0.946]
		[-0.044 -0.945 0.325]
		[0.999 -0.051 -0.011]
		[0.025 0.301 0.953]
		[-0.043 -0.952 0.302]
		[0.022 0.243 0.970]
		[-0.039 -0.969 0.244]
		[0.999 -0.043 -0.011]
		[0.016 0.146 0.989]
		[-0.032 -0.989 0.147]
		[0.011 0.024 1.000]
		[-0.023 -0.999 0.025]
		[1.000 -0.023 -0.010]
		[0.006 -0.108 0.994]
		[-0.012 -0.994 -0.108]
		[1.000 -0.011 -0.008]
		[0.003 -0.238 0.971]
		[0.000 -0.971 -0.238]
		[1.000 0.000 -0.003]
		[0.002 -0.354 0.935]
		[0.010 -0.935 -0.354]
		[1.000 0.011 0.002]
		[0.002 -0.445 0.895]
		[0.019 -0.895 -0.445]
		[1.000 0.018 0.007]
		[0.002 -0.503 0.864]
		[0.025 -0.864 -0.503]
		[1.000 0.023 0.011]
		[-0.281 0.959 -0.024]
		[0.960 0.282 0.006]
		[0.012 -0.021 -1.000]
		[0.000 0.532 0.000]
		[-0.318 0.948 -0.022]
		[0.948 0.318 0.005]
		[0.012 -0.019 -1.000]
		[-0.389 0.921 -0.020]
		[0.921 0.389 0.003]
		[0.011 -0.017 -1.000]
		[-0.502 0.864 -0.019]
		[0.865 0.503 0.000]
		[0.010 -0.016 -1.000]
		[-0.632 0.774 -0.017]
		[0.775 0.633 -0.003]
		[0.009 -0.015 -1.000]
		[-0.756 0.655 -0.015]
		[0.655 0.756 -0.006]
		[0.007 -0.014 -1.000]
		[-0.857 0.516 -0.012]
		[0.516 0.857 -0.009]
		[0.005 -0.013 -1.000]
		[-0.927 0.374 -0.008]
		[0.374 0.927 -0.010]
		[0.004 -0.012 -1.000]
		[-0.967 0.254 -0.005]
		[0.254 0.967 -0.011]
		[0.002 -0.012 -1.000]
		[-0.984 0.179 -0.003]
		[0.179 0.984 -0.011]
		[0.001 -0.012 -1.000]
		[-0.989 0.148 -0.001]
		[0.148 0.989 -0.011]
		[0.000 -0.011 -1.000]
		[-0.990 0.142 -0.001]
		[0.142 0.990 -0.011]
		[-0.001 -0.011 -1.000]
		[-0.990 0.142 -0.002]
		[0.001 -0.011 -1.000]
		[-0.990 0.142 -0.003]
		[-0.990 0.142 -0.004]
		[0.003 -0.012 -1.000]
		[-0.990 0.142 -0.005]
		[-0.990 0.142 -0.006]
		[-0.989 0.148 -0.006]
		[0.005 -0.012 -1.000]
		[-0.984 0.180 -0.007]
		[0.180 0.984 -0.011]
		[-0.967 0.254 -0.007]
		[-0.857 0.516 -0.011]
		[0.516 0.857 -0.008]
		[-0.632 0.774 -0.018]
		[0.775 0.632 -0.003]
		[0.009 -0.016 -1.000]
		[-0.502 0.864 -0.021]
		[0.865 0.502 0.000]
		[0.011 -0.018 -1.000]
		[-0.389 0.921 -0.023]
		[0.012 -0.020 -1.000]
		[-0.318 0.948 -0.024]
		[0.000 1.000 0.000]
		[0.000 0.578 0.000]
		[0.002 -0.074 0.997]
		[-0.027 -0.997 -0.074]
		[1.000 -0.026 -0.004]
		[-0.123 -0.038 0.000]
		[0.001 -0.059 0.998]
		[-0.023 -0.998 -0.059]
		[1.000 -0.023 -0.003]
		[0.001 -0.034 0.999]
		[-0.015 -0.999 -0.034]
		[1.000 -0.015 -0.001]
		[-0.001 0.000 1.000]
		[-0.005 -1.000 0.000]
		[1.000 -0.005 0.001]
		[-0.003 0.040 0.999]
		[0.008 -0.999 0.040]
		[1.000 0.008 0.003]
		[-0.006 0.083 0.997]
		[0.021 -0.996 0.083]
		[1.000 0.022 0.004]
		[-0.009 0.127 0.992]
		[0.035 -0.991 0.127]
		[0.999 0.036 0.005]
		[-0.013 0.170 0.985]
		[0.047 -0.984 0.170]
		[0.999 0.049 0.005]
		[-0.017 0.207 0.978]
		[0.057 -0.977 0.207]
		[0.998 0.060 0.005]
		[-0.020 0.231 0.973]
		[0.064 -0.971 0.232]
		[0.998 0.067 0.004]
		[-0.021 0.236 0.972]
		[0.067 -0.969 0.236]
		[0.998 0.070 0.004]
		[-0.019 0.205 0.979]
		[0.065 -0.976 0.206]
		[0.998 0.068 0.005]
		[-0.016 0.134 0.991]
		[0.059 -0.989 0.134]
		[0.998 0.061 0.008]
		[-0.011 0.028 1.000]
		[0.050 -0.998 0.029]
		[0.999 0.050 0.010]
		[-0.006 -0.102 0.995]
		[0.038 -0.994 -0.102]
		[0.999 0.037 0.010]
		[-0.003 -0.247 0.969]
		[0.024 -0.969 -0.246]
		[1.000 0.022 0.009]
		[-0.001 -0.387 0.922]
		[0.009 -0.922 -0.387]
		[1.000 0.008 0.005]
		[-0.001 -0.506 0.862]
		[-0.005 -0.862 -0.506]
		[1.000 -0.005 -0.001]
		[-0.001 -0.593 0.805]
		[-0.015 -0.805 -0.593]
		[1.000 -0.013 -0.008]
		[0.000 -0.647 0.762]
		[-0.023 -0.762 -0.647]
		[1.000 -0.018 -0.014]
		[0.002 -0.672 0.741]
		[-0.027 -0.741 -0.671]
		[1.000 -0.018 -0.019]
		[0.006 -0.677 0.736]
		[-0.026 -0.736 -0.677]
		[1.000 -0.015 -0.022]
		[0.010 -0.676 0.737]
		[-0.022 -0.737 -0.676]
		[1.000 -0.009 -0.022]
		[0.016 -0.672 0.740]
		[-0.015 -0.740 -0.672]
		[1.000 -0.001 -0.022]
		[0.021 -0.668 0.743]
		[-0.009 -0.744 -0.668]
		[1.000 0.007 -0.021]
		[0.025 -0.666 0.746]
		[-0.002 -0.746 -0.666]
		[1.000 0.015 -0.021]
		[0.030 -0.662 0.749]
		[0.003 -0.749 -0.663]
		[1.000 0.022 -0.020]
		[0.034 -0.657 0.753]
		[0.008 -0.753 -0.658]
		[0.999 0.028 -0.020]
		[0.037 -0.649 0.760]
		[0.012 -0.760 -0.650]
		[0.999 0.033 -0.020]
		[0.038 -0.637 0.770]
		[0.015 -0.770 -0.638]
		[0.999 0.036 -0.020]
		[0.038 -0.620 0.783]
		[0.016 -0.783 -0.621]
		[0.999 0.036 -0.019]
		[0.035 -0.592 0.805]
		[0.016 -0.806 -0.592]
		[0.999 0.034 -0.019]
		[0.032 -0.546 0.837]
		[0.014 -0.837 -0.547]
		[0.999 0.029 -0.019]
		[0.028 -0.487 0.873]
		[0.011 -0.873 -0.487]
		[1.000 0.023 -0.019]
		[0.023 -0.417 0.909]
		[0.006 -0.909 -0.417]
		[1.000 0.015 -0.018]
		[0.017 -0.340 0.940]
		[0.000 -0.940 -0.340]
		[1.000 0.006 -0.016]
		[0.012 -0.262 0.965]
		[-0.007 -0.965 -0.262]
		[1.000 -0.004 -0.014]
		[0.008 -0.189 0.982]
		[-0.015 -0.982 -0.189]
		[1.000 -0.013 -0.010]
		[0.005 -0.129 0.992]
		[-0.021 -0.991 -0.129]
		[1.000 -0.020 -0.007]
		[0.003 -0.089 0.996]
		[-0.025 -0.996 -0.089]
		[1.000 -0.025 -0.005]
		[-0.990 0.142 0.007]
		[0.142 0.990 0.011]
		[-0.005 0.012 -1.000]
		[-0.006 0.012 -1.000]
		[-0.990 0.142 0.008]
		[-0.007 0.012 -1.000]
		[-0.990 0.142 0.009]
		[-0.008 0.012 -1.000]
		[-0.990 0.142 0.010]
		[-0.009 0.012 -1.000]
		[-0.990 0.142 0.011]
		[-0.010 0.012 -1.000]
		[-0.989 0.149 0.012]
		[0.149 0.989 0.011]
		[-0.983 0.184 0.012]
		[0.184 0.983 0.010]
		[-0.010 0.013 -1.000]
		[-0.963 0.268 0.013]
		[0.268 0.963 0.010]
		[-0.915 0.404 0.015]
		[0.404 0.915 0.008]
		[-0.010 0.014 -1.000]
		[-0.827 0.562 0.018]
		[0.562 0.827 0.006]
		[-0.012 0.015 -1.000]
		[-0.701 0.713 0.021]
		[0.713 0.701 0.002]
		[-0.014 0.017 -1.000]
		[-0.548 0.836 0.023]
		[0.836 0.548 -0.003]
		[-0.015 0.018 -1.000]
		[-0.388 0.921 0.024]
		[0.921 0.389 -0.007]
		[-0.016 0.020 -1.000]
		[-0.252 0.967 0.025]
		[0.968 0.252 -0.011]
		[-0.017 0.022 -1.000]
		[-0.163 0.986 0.026]
		[0.986 0.163 -0.013]
		[-0.017 0.024 -1.000]
		[-0.130 0.991 0.027]
		[0.991 0.130 -0.014]
		[-0.017 0.025 -1.000]
		[-0.155 0.988 0.026]
		[0.988 0.155 -0.013]
		[-0.235 0.972 0.025]
		[0.972 0.236 -0.011]
		[-0.355 0.934 0.024]
		[0.935 0.356 -0.008]
		[-0.496 0.868 0.022]
		[0.868 0.496 -0.004]
		[-0.014 0.018 -1.000]
		[-0.636 0.772 0.021]
		[0.772 0.636 0.000]
		[-0.013 0.016 -1.000]
		[-0.760 0.649 0.019]
		[0.649 0.760 0.004]
		[-0.857 0.515 0.016]
		[0.516 0.857 0.006]
		[-0.920 0.392 0.013]
		[0.392 0.920 0.008]
		[-0.009 0.013 -1.000]
		[-0.953 0.301 0.012]
		[0.302 0.953 0.009]
		[-0.969 0.246 0.011]
		[0.246 0.969 0.010]
		[-0.977 0.215 0.011]
		[0.215 0.977 0.010]
		[-0.981 0.193 0.010]
		[0.193 0.981 0.010]
		[-0.984 0.176 0.009]
		[0.176 0.984 0.010]
		[-0.986 0.164 0.009]
		[0.164 0.986 0.011]
		[-0.988 0.155 0.008]
		[0.155 0.988 0.011]
		[-0.989 0.149 0.008]
		[-0.989 0.145 0.007]
		[0.145 0.989 0.011]
		[-0.990 0.143 0.007]
		[0.143 0.990 0.011]
		[0.000 0.130 0.000]
		[1.000 0.000 -0.010]
		[0.010 0.000 1.000]
		[1.000 0.000 -0.027]
		[0.027 0.000 1.000]
		[0.999 0.000 -0.049]
		[0.049 0.000 0.999]
		[0.997 0.000 -0.075]
		[0.075 0.000 0.997]
		[0.995 0.000 -0.102]
		[0.102 0.000 0.995]
		[0.992 0.000 -0.129]
		[0.129 0.000 0.992]
		[0.988 0.000 -0.153]
		[0.153 0.000 0.988]
		[0.985 0.000 -0.173]
		[0.173 0.000 0.985]
		[0.982 0.000 -0.188]
		[0.188 0.000 0.982]
		[0.981 0.000 -0.194]
		[0.194 0.000 0.981]
		[0.981 0.000 -0.193]
		[0.193 0.000 0.981]
		[0.982 0.000 -0.187]
		[0.187 0.000 0.982]
		[0.984 0.000 -0.176]
		[0.176 0.000 0.984]
		[0.987 0.000 -0.161]
		[0.161 0.000 0.987]
		[0.990 0.000 -0.141]
		[0.141 0.000 0.990]
		[0.993 0.000 -0.118]
		[0.118 0.000 0.993]
		[0.996 0.000 -0.092]
		[0.092 0.000 0.996]
		[0.998 0.000 -0.062]
		[0.062 0.000 0.998]
		[1.000 0.000 -0.030]
		[0.030 0.000 1.000]
		[1.000 0.000 0.005]
		[-0.005 0.000 1.000]
		[0.999 0.000 0.041]
		[-0.041 0.000 0.999]
		[0.997 0.000 0.079]
		[-0.079 0.000 0.997]
		[0.993 0.000 0.119]
		[-0.119 0.000 0.993]
		[0.987 0.000 0.158]
		[-0.158 0.000 0.987]
		[0.981 0.000 0.195]
		[-0.195 0.000 0.981]
		[0.974 0.000 0.228]
		[-0.228 0.000 0.974]
		[0.967 0.000 0.255]
		[-0.255 0.000 0.967]
		[0.961 0.000 0.276]
		[-0.276 0.000 0.961]
		[0.957 0.000 0.289]
		[-0.289 0.000 0.957]
		[0.956 0.000 0.293]
		[-0.293 0.000 0.956]
		[0.958 0.000 0.285]
		[-0.285 0.000 0.958]
		[0.964 0.000 0.265]
		[-0.265 0.000 0.964]
		[0.973 0.000 0.233]
		[-0.233 0.000 0.973]
		[0.981 0.000 0.193]
		[-0.193 0.000 0.981]
		[0.989 0.000 0.149]
		[-0.149 0.000 0.989]
		[0.994 0.000 0.105]
		[-0.105 0.000 0.994]
		[0.998 0.000 0.064]
		[-0.064 0.000 0.998]
		[1.000 0.000 0.031]
		[-0.031 0.000 1.000]
		[1.000 0.000 0.008]
		[-0.008 0.000 1.000]
		[0.000 0.596 0.000]
		[1.000 0.000 0.006]
		[-0.006 0.000 1.000]
		[1.000 0.000 0.017]
		[-0.017 0.000 1.000]
		[0.999 0.000 0.048]
		[-0.048 0.000 0.999]
		[0.998 0.000 0.065]
		[-0.065 0.000 0.998]
		[0.997 0.000 0.083]
		[-0.083 0.000 0.997]
		[0.995 0.000 0.099]
		[-0.099 0.000 0.995]
		[0.994 0.000 0.114]
		[-0.114 0.000 0.994]
		[0.992 0.000 0.125]
		[-0.125 0.000 0.992]
		[0.991 0.000 0.131]
		[-0.131 0.000 0.991]
		[0.991 0.000 0.132]
		[-0.132 0.000 0.991]
		[0.992 0.000 0.129]
		[-0.129 0.000 0.992]
		[0.993 0.000 0.122]
		[-0.122 0.000 0.993]
		[0.994 0.000 0.112]
		[-0.112 0.000 0.994]
		[0.996 0.000 0.084]
		[-0.084 0.000 0.996]
		[0.999 0.000 0.044]
		[-0.044 0.000 0.999]
		[1.000 0.000 0.020]
		[-0.020 0.000 1.000]
		[1.000 0.000 -0.007]
		[0.007 0.000 1.000]
		[0.999 0.000 -0.036]
		[0.036 0.000 0.999]
		[0.998 0.000 -0.068]
		[0.068 0.000 0.998]
		[0.990 0.000 -0.138]
		[0.138 0.000 0.990]
		[0.985 0.000 -0.171]
		[0.171 0.000 0.985]
		[0.979 0.000 -0.202]
		[0.202 0.000 0.979]
		[0.974 0.000 -0.228]
		[0.228 0.000 0.974]
		[0.969 0.000 -0.248]
		[0.248 0.000 0.969]
		[0.966 0.000 -0.260]
		[0.260 0.000 0.966]
		[0.964 0.000 -0.264]
		[0.264 0.000 0.964]
		[0.966 0.000 -0.258]
		[0.258 0.000 0.966]
		[0.971 0.000 -0.239]
		[0.239 0.000 0.971]
		[0.978 0.000 -0.210]
		[0.210 0.000 0.978]
		[0.985 0.000 -0.174]
		[0.174 0.000 0.985]
		[0.991 0.000 -0.135]
		[0.135 0.000 0.991]
		[0.996 0.000 -0.095]
		[0.095 0.000 0.996]
		[0.998 0.000 -0.058]
		[0.058 0.000 0.998]
		[1.000 0.000 -0.028]
		[0.028 0.000 1.000]
		[1.000 0.000 -0.008]
		[0.008 0.000 1.000]
		[0.000 0.315 0.000]
		[0.000 0.470 0.000]
		[0.000 0.300 0.000]
		[0.000 0.000 -1.000]
		[-1.000 0.000 0.000]
		[-0.017 -0.602 0.798]
		[-0.229 -0.775 -0.589]
		[0.973 -0.193 -0.125]
		[0.279 0.394 -0.035]
		[-0.015 -0.601 0.799]
		[-0.225 -0.777 -0.588]
		[0.974 -0.189 -0.123]
		[-0.013 -0.599 0.801]
		[-0.219 -0.779 -0.587]
		[0.976 -0.183 -0.121]
		[-0.011 -0.597 0.802]
		[-0.212 -0.783 -0.585]
		[0.977 -0.177 -0.118]
		[-0.009 -0.595 0.804]
		[-0.204 -0.786 -0.583]
		[0.979 -0.169 -0.115]
		[-0.006 -0.592 0.806]
		[-0.196 -0.790 -0.581]
		[0.980 -0.162 -0.112]
		[-0.003 -0.589 0.808]
		[-0.189 -0.793 -0.579]
		[0.982 -0.154 -0.108]
		[-0.001 -0.586 0.810]
		[-0.181 -0.796 -0.577]
		[0.983 -0.147 -0.105]
		[0.001 -0.584 0.812]
		[-0.175 -0.799 -0.575]
		[0.985 -0.141 -0.103]
		[0.002 -0.581 0.814]
		[-0.170 -0.802 -0.573]
		[0.986 -0.137 -0.101]
		[0.003 -0.579 0.815]
		[-0.166 -0.804 -0.571]
		[0.986 -0.134 -0.099]
		[0.004 -0.578 0.816]
		[-0.165 -0.805 -0.570]
		[0.986 -0.133 -0.098]
		[0.003 -0.577 0.817]
		[-0.166 -0.806 -0.569]
		[0.986 -0.134 -0.098]
		[0.002 -0.577 0.817]
		[-0.170 -0.805 -0.568]
		[0.986 -0.138 -0.099]
		[0.000 -0.577 0.817]
		[-0.175 -0.804 -0.568]
		[0.985 -0.142 -0.101]
		[-0.002 -0.577 0.817]
		[-0.181 -0.803 -0.568]
		[0.984 -0.149 -0.103]
		[-0.004 -0.577 0.817]
		[-0.188 -0.802 -0.568]
		[0.982 -0.156 -0.105]
		[-0.007 -0.576 0.817]
		[-0.196 -0.800 -0.566]
		[0.981 -0.164 -0.107]
		[-0.010 -0.574 0.819]
		[-0.205 -0.800 -0.564]
		[0.979 -0.174 -0.110]
		[-0.013 -0.571 0.821]
		[-0.215 -0.800 -0.560]
		[0.977 -0.184 -0.112]
		[-0.017 -0.565 0.825]
		[-0.225 -0.801 -0.554]
		[0.974 -0.195 -0.114]
		[-0.020 -0.558 0.830]
		[-0.236 -0.804 -0.546]
		[0.972 -0.206 -0.115]
		[-0.023 -0.547 0.837]
		[-0.246 -0.808 -0.535]
		[0.969 -0.218 -0.116]
		[-0.026 -0.533 0.846]
		[-0.257 -0.814 -0.521]
		[0.966 -0.231 -0.116]
		[-0.028 -0.516 0.856]
		[-0.268 -0.822 -0.503]
		[0.963 -0.243 -0.115]
		[-0.030 -0.496 0.868]
		[-0.278 -0.830 -0.484]
		[0.960 -0.256 -0.113]
		[-0.031 -0.476 0.879]
		[-0.286 -0.838 -0.464]
		[0.958 -0.266 -0.110]
		[-0.032 -0.458 0.888]
		[-0.293 -0.845 -0.447]
		[0.956 -0.275 -0.107]
		[-0.033 -0.444 0.896]
		[-0.298 -0.851 -0.433]
		[0.954 -0.281 -0.104]
		[-0.033 -0.434 0.900]
		[-0.301 -0.855 -0.423]
		[0.953 -0.285 -0.102]
		[-0.033 -0.430 0.902]
		[-0.302 -0.856 -0.419]
		[0.953 -0.286 -0.101]
		[-0.033 -0.434 0.901]
		[-0.300 -0.855 -0.423]
		[0.953 -0.284 -0.102]
		[-0.032 -0.446 0.894]
		[-0.296 -0.850 -0.435]
		[0.955 -0.279 -0.105]
		[-0.031 -0.466 0.884]
		[-0.289 -0.843 -0.454]
		[0.957 -0.270 -0.108]
		[-0.030 -0.489 0.872]
		[-0.281 -0.833 -0.477]
		[0.959 -0.259 -0.112]
		[-0.028 -0.513 0.858]
		[-0.271 -0.822 -0.501]
		[0.962 -0.246 -0.116]
		[-0.025 -0.538 0.843]
		[-0.260 -0.810 -0.525]
		[0.965 -0.232 -0.120]
		[-0.023 -0.560 0.828]
		[-0.250 -0.799 -0.547]
		[0.968 -0.219 -0.122]
		[-0.020 -0.580 0.815]
		[-0.241 -0.788 -0.567]
		[0.970 -0.208 -0.124]
		[-0.018 -0.594 0.804]
		[-0.234 -0.780 -0.581]
		[0.972 -0.199 -0.125]
		[-0.883 0.405 0.237]
		[-0.460 -0.650 -0.605]
		[-0.091 -0.643 0.760]
		[0.000 0.316 0.000]
		[-0.884 0.403 0.236]
		[-0.459 -0.653 -0.603]
		[-0.089 -0.642 0.762]
		[-0.885 0.401 0.235]
		[-0.457 -0.656 -0.601]
		[-0.086 -0.640 0.764]
		[-0.887 0.398 0.234]
		[-0.454 -0.660 -0.598]
		[-0.083 -0.637 0.767]
		[-0.888 0.396 0.233]
		[-0.452 -0.665 -0.594]
		[-0.080 -0.633 0.770]
		[-0.890 0.393 0.231]
		[-0.449 -0.670 -0.590]
		[-0.077 -0.629 0.773]
		[-0.892 0.390 0.230]
		[-0.447 -0.676 -0.586]
		[-0.074 -0.625 0.777]
		[-0.893 0.388 0.228]
		[-0.444 -0.681 -0.582]
		[-0.070 -0.622 0.780]
		[-0.895 0.385 0.227]
		[-0.442 -0.685 -0.579]
		[-0.067 -0.618 0.783]
		[-0.896 0.382 0.226]
		[-0.439 -0.690 -0.576]
		[-0.064 -0.615 0.786]
		[-0.897 0.380 0.226]
		[-0.437 -0.693 -0.573]
		[-0.061 -0.613 0.788]
		[-0.898 0.377 0.225]
		[-0.436 -0.695 -0.572]
		[-0.059 -0.612 0.789]
		[-0.899 0.375 0.226]
		[-0.434 -0.697 -0.571]
		[-0.057 -0.611 0.789]
		[-0.899 0.374 0.227]
		[-0.433 -0.696 -0.572]
		[-0.056 -0.613 0.788]
		[-0.900 0.372 0.228]
		[-0.433 -0.695 -0.574]
		[-0.055 -0.615 0.787]
		[-0.900 0.370 0.230]
		[-0.432 -0.693 -0.576]
		[-0.054 -0.618 0.784]
		[-0.901 0.368 0.231]
		[-0.431 -0.692 -0.579]
		[-0.053 -0.622 0.782]
		[-0.901 0.365 0.233]
		[-0.430 -0.689 -0.583]
		[-0.052 -0.626 0.778]
		[-0.903 0.360 0.234]
		[-0.427 -0.688 -0.587]
		[-0.051 -0.630 0.775]
		[-0.905 0.354 0.235]
		[-0.423 -0.686 -0.592]
		[-0.048 -0.635 0.771]
		[-0.908 0.347 0.236]
		[-0.417 -0.685 -0.598]
		[-0.046 -0.641 0.766]
		[-0.911 0.337 0.236]
		[-0.409 -0.684 -0.604]
		[-0.042 -0.647 0.761]
		[-0.916 0.324 0.235]
		[-0.399 -0.684 -0.610]
		[-0.037 -0.653 0.757]
		[-0.922 0.309 0.234]
		[-0.386 -0.685 -0.617]
		[-0.031 -0.659 0.751]
		[-0.928 0.291 0.231]
		[-0.371 -0.687 -0.625]
		[-0.023 -0.665 0.746]
		[-0.935 0.271 0.227]
		[-0.354 -0.690 -0.632]
		[-0.014 -0.671 0.741]
		[-0.941 0.253 0.224]
		[-0.338 -0.692 -0.638]
		[-0.006 -0.676 0.737]
		[-0.946 0.236 0.221]
		[-0.323 -0.694 -0.643]
		[0.001 -0.680 0.733]
		[-0.950 0.224 0.218]
		[-0.312 -0.695 -0.647]
		[0.007 -0.683 0.730]
		[-0.952 0.215 0.216]
		[-0.305 -0.696 -0.650]
		[0.010 -0.685 0.728]
		[-0.953 0.213 0.215]
		[-0.302 -0.696 -0.651]
		[0.011 -0.686 0.728]
		[-0.952 0.217 0.215]
		[-0.305 -0.695 -0.651]
		[0.008 -0.685 0.728]
		[-0.949 0.229 0.216]
		[-0.315 -0.693 -0.648]
		[0.002 -0.683 0.730]
		[-0.943 0.249 0.219]
		[-0.332 -0.690 -0.643]
		[-0.009 -0.680 0.734]
		[-0.935 0.276 0.223]
		[-0.354 -0.685 -0.637]
		[-0.023 -0.675 0.738]
		[-0.925 0.304 0.226]
		[-0.377 -0.679 -0.630]
		[-0.038 -0.669 0.743]
		[-0.915 0.332 0.230]
		[-0.400 -0.672 -0.623]
		[-0.053 -0.662 0.747]
		[-0.905 0.357 0.232]
		[-0.421 -0.665 -0.617]
		[-0.066 -0.656 0.752]
		[-0.895 0.379 0.235]
		[-0.439 -0.658 -0.611]
		[-0.077 -0.650 0.756]
		[-0.888 0.396 0.236]
		[-0.453 -0.653 -0.607]
		[-0.086 -0.646 0.759]
		[0.000 0.469 0.000]
		[-0.604 -0.653 0.458]
		[0.030 -0.593 -0.805]
		[0.797 -0.472 0.378]
		[-0.279 0.394 -0.035]
		[0.939 0.166 0.301]
		[-0.305 -0.005 0.952]
		[0.159 -0.986 0.046]
		[-65.486 44.525 61.067]
		[31.737 89.534 -31.247]
		[-68.588 -1.082 -72.763]
		[-748.113 534.367 650.764]
		[-29.087 5.519 95.517]
		[-56.639 79.467 -21.839]
		[-77.110 -60.452 -19.988]
		[-407.625 590.386 -100.545]
		[100.000 0.000 0.000]
		[0.000 0.000 -100.000]
		[0.000 100.000 0.000]]
}