{ :name "Walk" :length 1.5 :bones { 
	"Armature" [
		[0 [100.000 0.000 0.000 0.000 0.000 0.000 -100.000 0.000 0.000 100.000 0.000 0.000 0.000 1.200 0.000 1.000]]
	]
	"Skelet" [
		[0 [1.000 0.000 0.000 0.000 0.000 0.000 1.000 0.000 0.000 -1.000 0.000 0.000 0.000 0.000 0.000 1.000]]
		[0.01666667 [1.000 0.000 0.000 0.000 0.000 0.000 1.000 0.000 0.000 -1.000 0.000 0.000 0.000 0.000 0.000 1.000]]
		[0.03333334 [1.000 0.000 0.000 0.000 0.000 0.000 1.000 0.000 0.000 -1.000 0.000 0.000 0.000 0.000 0.000 1.000]]
		[0.05 [1.000 0.000 0.000 0.000 0.000 0.000 1.000 0.000 0.000 -1.000 0.000 0.000 0.000 0.000 0.000 1.000]]
		[0.06666667 [1.000 0.000 0.000 0.000 0.000 0.000 1.000 0.000 0.000 -1.000 0.000 0.000 0.000 0.000 0.000 1.000]]
		[0.08333334 [1.000 0.000 0.000 0.000 0.000 0.000 1.000 0.000 0.000 -1.000 0.000 0.000 0.000 0.000 0.001 1.000]]
		[0.1 [1.000 0.000 0.000 0.000 0.000 0.000 1.000 0.000 0.000 -1.000 0.000 0.000 0.000 0.000 0.001 1.000]]
		[0.1166667 [1.000 0.000 0.000 0.000 0.000 0.000 1.000 0.000 0.000 -1.000 0.000 0.000 0.000 0.000 0.001 1.000]]
		[0.1333333 [1.000 0.000 0.000 0.000 0.000 0.000 1.000 0.000 0.000 -1.000 0.000 0.000 0.000 0.000 0.001 1.000]]
		[0.15 [1.000 0.000 0.000 0.000 0.000 0.000 1.000 0.000 0.000 -1.000 0.000 0.000 0.000 0.000 0.001 1.000]]
		[0.1666667 [1.000 0.000 0.000 0.000 0.000 0.000 1.000 0.000 0.000 -1.000 0.000 0.000 0.000 0.000 0.001 1.000]]
		[0.1833333 [1.000 0.000 0.000 0.000 0.000 0.000 1.000 0.000 0.000 -1.000 0.000 0.000 0.000 0.000 0.001 1.000]]
		[0.2 [1.000 0.000 0.000 0.000 0.000 0.000 1.000 0.000 0.000 -1.000 0.000 0.000 0.000 0.000 0.001 1.000]]
		[0.2166667 [1.000 0.000 0.000 0.000 0.000 0.000 1.000 0.000 0.000 -1.000 0.000 0.000 0.000 0.000 0.001 1.000]]
		[0.2333333 [1.000 0.000 0.000 0.000 0.000 0.000 1.000 0.000 0.000 -1.000 0.000 0.000 0.000 0.000 0.001 1.000]]
		[0.25 [1.000 0.000 0.000 0.000 0.000 0.000 1.000 0.000 0.000 -1.000 0.000 0.000 0.000 0.000 0.002 1.000]]
		[0.2666667 [1.000 0.000 0.000 0.000 0.000 0.000 1.000 0.000 0.000 -1.000 0.000 0.000 0.000 0.000 0.002 1.000]]
		[0.2833333 [1.000 0.000 0.000 0.000 0.000 0.000 1.000 0.000 0.000 -1.000 0.000 0.000 0.000 0.000 0.002 1.000]]
		[0.3 [1.000 0.000 0.000 0.000 0.000 0.000 1.000 0.000 0.000 -1.000 0.000 0.000 0.000 0.000 0.002 1.000]]
		[0.3166667 [1.000 0.000 0.000 0.000 0.000 0.000 1.000 0.000 0.000 -1.000 0.000 0.000 0.000 0.000 0.002 1.000]]
		[0.3333333 [1.000 0.000 0.000 0.000 0.000 0.000 1.000 0.000 0.000 -1.000 0.000 0.000 0.000 0.000 0.002 1.000]]
		[0.35 [1.000 0.000 0.000 0.000 0.000 0.000 1.000 0.000 0.000 -1.000 0.000 0.000 0.000 0.000 0.002 1.000]]
		[0.3666667 [1.000 0.000 0.000 0.000 0.000 0.000 1.000 0.000 0.000 -1.000 0.000 0.000 0.000 0.000 0.002 1.000]]
		[0.3833333 [1.000 0.000 0.000 0.000 0.000 0.000 1.000 0.000 0.000 -1.000 0.000 0.000 0.000 0.000 0.002 1.000]]
		[0.4 [1.000 0.000 0.000 0.000 0.000 0.000 1.000 0.000 0.000 -1.000 0.000 0.000 0.000 0.000 0.002 1.000]]
		[0.4166667 [1.000 0.000 0.000 0.000 0.000 0.000 1.000 0.000 0.000 -1.000 0.000 0.000 0.000 0.000 0.002 1.000]]
		[0.4333333 [1.000 0.000 0.000 0.000 0.000 0.000 1.000 0.000 0.000 -1.000 0.000 0.000 0.000 0.000 0.002 1.000]]
		[0.45 [1.000 0.000 0.000 0.000 0.000 0.000 1.000 0.000 0.000 -1.000 0.000 0.000 0.000 0.000 0.002 1.000]]
		[0.4666667 [1.000 0.000 0.000 0.000 0.000 0.000 1.000 0.000 0.000 -1.000 0.000 0.000 0.000 0.000 0.002 1.000]]
		[0.4833333 [1.000 0.000 0.000 0.000 0.000 0.000 1.000 0.000 0.000 -1.000 0.000 0.000 0.000 0.000 0.002 1.000]]
		[0.5 [1.000 0.000 0.000 0.000 0.000 0.000 1.000 0.000 0.000 -1.000 0.000 0.000 0.000 0.000 0.002 1.000]]
		[0.5166667 [1.000 0.000 0.000 0.000 0.000 0.000 1.000 0.000 0.000 -1.000 0.000 0.000 0.000 0.000 0.002 1.000]]
		[0.5333334 [1.000 0.000 0.000 0.000 0.000 0.000 1.000 0.000 0.000 -1.000 0.000 0.000 0.000 0.000 0.002 1.000]]
		[0.55 [1.000 0.000 0.000 0.000 0.000 0.000 1.000 0.000 0.000 -1.000 0.000 0.000 0.000 0.000 0.002 1.000]]
		[0.5666667 [1.000 0.000 0.000 0.000 0.000 0.000 1.000 0.000 0.000 -1.000 0.000 0.000 0.000 0.000 0.002 1.000]]
		[0.5833333 [1.000 0.000 0.000 0.000 0.000 0.000 1.000 0.000 0.000 -1.000 0.000 0.000 0.000 0.000 0.002 1.000]]
		[0.6 [1.000 0.000 0.000 0.000 0.000 0.000 1.000 0.000 0.000 -1.000 0.000 0.000 0.000 0.000 0.002 1.000]]
		[0.6166667 [1.000 0.000 0.000 0.000 0.000 0.000 1.000 0.000 0.000 -1.000 0.000 0.000 0.000 0.000 0.002 1.000]]
		[0.6333333 [1.000 0.000 0.000 0.000 0.000 0.000 1.000 0.000 0.000 -1.000 0.000 0.000 0.000 0.000 0.002 1.000]]
		[0.65 [1.000 0.000 0.000 0.000 0.000 0.000 1.000 0.000 0.000 -1.000 0.000 0.000 0.000 0.000 0.002 1.000]]
		[0.6666667 [1.000 0.000 0.000 0.000 0.000 0.000 1.000 0.000 0.000 -1.000 0.000 0.000 0.000 0.000 0.002 1.000]]
		[0.6833333 [1.000 0.000 0.000 0.000 0.000 0.000 1.000 0.000 0.000 -1.000 0.000 0.000 0.000 0.000 0.002 1.000]]
		[0.7 [1.000 0.000 0.000 0.000 0.000 0.000 1.000 0.000 0.000 -1.000 0.000 0.000 0.000 0.000 0.002 1.000]]
		[0.7166666 [1.000 0.000 0.000 0.000 0.000 0.000 1.000 0.000 0.000 -1.000 0.000 0.000 0.000 0.000 0.002 1.000]]
		[0.7333333 [1.000 0.000 0.000 0.000 0.000 0.000 1.000 0.000 0.000 -1.000 0.000 0.000 0.000 0.000 0.002 1.000]]
		[0.75 [1.000 0.000 0.000 0.000 0.000 0.000 1.000 0.000 0.000 -1.000 0.000 0.000 0.000 0.000 0.002 1.000]]
		[0.7666667 [1.000 0.000 0.000 0.000 0.000 0.000 1.000 0.000 0.000 -1.000 0.000 0.000 0.000 0.000 0.002 1.000]]
		[0.7833334 [1.000 0.000 0.000 0.000 0.000 0.000 1.000 0.000 0.000 -1.000 0.000 0.000 0.000 0.000 0.002 1.000]]
		[0.8 [1.000 0.000 0.000 0.000 0.000 0.000 1.000 0.000 0.000 -1.000 0.000 0.000 0.000 0.000 0.002 1.000]]
		[0.8166667 [1.000 0.000 0.000 0.000 0.000 0.000 1.000 0.000 0.000 -1.000 0.000 0.000 0.000 0.000 0.002 1.000]]
		[0.8333333 [1.000 0.000 0.000 0.000 0.000 0.000 1.000 0.000 0.000 -1.000 0.000 0.000 0.000 0.000 0.002 1.000]]
		[0.85 [1.000 0.000 0.000 0.000 0.000 0.000 1.000 0.000 0.000 -1.000 0.000 0.000 0.000 0.000 0.002 1.000]]
		[0.8666667 [1.000 0.000 0.000 0.000 0.000 0.000 1.000 0.000 0.000 -1.000 0.000 0.000 0.000 0.000 0.001 1.000]]
		[0.8833333 [1.000 0.000 0.000 0.000 0.000 0.000 1.000 0.000 0.000 -1.000 0.000 0.000 0.000 0.000 0.001 1.000]]
		[0.9 [1.000 0.000 0.000 0.000 0.000 0.000 1.000 0.000 0.000 -1.000 0.000 0.000 0.000 0.000 0.001 1.000]]
		[0.9166667 [1.000 0.000 0.000 0.000 0.000 0.000 1.000 0.000 0.000 -1.000 0.000 0.000 0.000 0.000 0.001 1.000]]
		[0.9333333 [1.000 0.000 0.000 0.000 0.000 0.000 1.000 0.000 0.000 -1.000 0.000 0.000 0.000 0.000 0.001 1.000]]
		[0.95 [1.000 0.000 0.000 0.000 0.000 0.000 1.000 0.000 0.000 -1.000 0.000 0.000 0.000 0.000 0.001 1.000]]
		[0.9666666 [1.000 0.000 0.000 0.000 0.000 0.000 1.000 0.000 0.000 -1.000 0.000 0.000 0.000 0.000 0.001 1.000]]
		[0.9833333 [1.000 0.000 0.000 0.000 0.000 0.000 1.000 0.000 0.000 -1.000 0.000 0.000 0.000 0.000 0.001 1.000]]
	]
	"Bedro_L" [
		[0 [0.000 0.342 0.940 0.000 0.000 -0.940 0.342 0.000 1.000 0.000 0.000 0.000 0.001 0.000 0.000 1.000]]
		[0.01666667 [0.000 0.338 0.941 0.000 0.000 -0.941 0.338 0.000 1.000 0.000 0.000 0.000 0.001 0.000 0.000 1.000]]
		[0.03333334 [0.000 0.334 0.943 0.000 0.000 -0.943 0.334 0.000 1.000 0.000 0.000 0.000 0.001 0.000 0.000 1.000]]
		[0.05 [0.000 0.329 0.944 0.000 0.000 -0.944 0.329 0.000 1.000 0.000 0.000 0.000 0.001 0.000 0.000 1.000]]
		[0.06666667 [0.000 0.324 0.946 0.000 0.000 -0.946 0.324 0.000 1.000 0.000 0.000 0.000 0.001 0.000 0.000 1.000]]
		[0.08333334 [0.000 0.319 0.948 0.000 0.000 -0.948 0.319 0.000 1.000 0.000 0.000 0.000 0.001 0.000 0.000 1.000]]
		[0.1 [0.000 0.314 0.949 0.000 0.000 -0.949 0.314 0.000 1.000 0.000 0.000 0.000 0.001 0.000 0.000 1.000]]
		[0.1166667 [0.000 0.309 0.951 0.000 0.000 -0.951 0.309 0.000 1.000 0.000 0.000 0.000 0.001 0.000 0.000 1.000]]
		[0.1333333 [0.000 0.304 0.953 0.000 0.000 -0.953 0.304 0.000 1.000 0.000 0.000 0.000 0.001 0.000 0.000 1.000]]
		[0.15 [0.000 0.298 0.954 0.000 0.000 -0.954 0.298 0.000 1.000 0.000 0.000 0.000 0.001 0.000 0.000 1.000]]
		[0.1666667 [0.000 0.293 0.956 0.000 0.000 -0.956 0.293 0.000 1.000 0.000 0.000 0.000 0.001 0.000 0.000 1.000]]
		[0.1833333 [0.000 0.289 0.957 0.000 0.000 -0.957 0.289 0.000 1.000 0.000 0.000 0.000 0.001 0.000 0.000 1.000]]
		[0.2 [0.000 0.284 0.959 0.000 0.000 -0.959 0.284 0.000 1.000 0.000 0.000 0.000 0.001 0.000 0.000 1.000]]
		[0.2166667 [0.000 0.279 0.960 0.000 0.000 -0.960 0.279 0.000 1.000 0.000 0.000 0.000 0.001 0.000 0.000 1.000]]
		[0.2333333 [0.000 0.275 0.961 0.000 0.000 -0.961 0.275 0.000 1.000 0.000 0.000 0.000 0.001 0.000 0.000 1.000]]
		[0.25 [0.000 0.271 0.962 0.000 0.000 -0.962 0.271 0.000 1.000 0.000 0.000 0.000 0.001 0.000 0.000 1.000]]
		[0.2666667 [0.000 0.268 0.963 0.000 0.000 -0.963 0.268 0.000 1.000 0.000 0.000 0.000 0.001 0.000 0.000 1.000]]
		[0.2833333 [0.000 0.265 0.964 0.000 0.000 -0.964 0.265 0.000 1.000 0.000 0.000 0.000 0.001 0.000 0.000 1.000]]
		[0.3 [0.000 0.263 0.965 0.000 0.000 -0.965 0.263 0.000 1.000 0.000 0.000 0.000 0.001 0.000 0.000 1.000]]
		[0.3166667 [0.000 0.261 0.965 0.000 0.000 -0.965 0.261 0.000 1.000 0.000 0.000 0.000 0.001 0.000 0.000 1.000]]
		[0.3333333 [0.000 0.259 0.966 0.000 0.000 -0.966 0.259 0.000 1.000 0.000 0.000 0.000 0.001 0.000 0.000 1.000]]
		[0.35 [0.000 0.259 0.966 0.000 0.000 -0.966 0.259 0.000 1.000 0.000 0.000 0.000 0.001 0.000 0.000 1.000]]
		[0.3666667 [0.000 0.259 0.966 0.000 0.000 -0.966 0.259 0.000 1.000 0.000 0.000 0.000 0.001 0.000 0.000 1.000]]
		[0.3833333 [0.000 0.259 0.966 0.000 0.000 -0.966 0.259 0.000 1.000 0.000 0.000 0.000 0.001 0.000 0.000 1.000]]
		[0.4 [0.000 0.261 0.965 0.000 0.000 -0.965 0.261 0.000 1.000 0.000 0.000 0.000 0.001 0.000 0.000 1.000]]
		[0.4166667 [0.000 0.262 0.965 0.000 0.000 -0.965 0.262 0.000 1.000 0.000 0.000 0.000 0.001 0.000 0.000 1.000]]
		[0.4333333 [0.000 0.264 0.964 0.000 0.000 -0.964 0.264 0.000 1.000 0.000 0.000 0.000 0.001 0.000 0.000 1.000]]
		[0.45 [0.000 0.267 0.964 0.000 0.000 -0.964 0.267 0.000 1.000 0.000 0.000 0.000 0.001 0.000 0.000 1.000]]
		[0.4666667 [0.000 0.270 0.963 0.000 0.000 -0.963 0.270 0.000 1.000 0.000 0.000 0.000 0.001 0.000 0.000 1.000]]
		[0.4833333 [0.000 0.273 0.962 0.000 0.000 -0.962 0.273 0.000 1.000 0.000 0.000 0.000 0.001 0.000 0.000 1.000]]
		[0.5 [0.000 0.277 0.961 0.000 0.000 -0.961 0.277 0.000 1.000 0.000 0.000 0.000 0.001 0.000 0.000 1.000]]
		[0.5166667 [0.000 0.281 0.960 0.000 0.000 -0.960 0.281 0.000 1.000 0.000 0.000 0.000 0.001 0.000 0.000 1.000]]
		[0.5333334 [0.000 0.285 0.959 0.000 0.000 -0.959 0.285 0.000 1.000 0.000 0.000 0.000 0.001 0.000 0.000 1.000]]
		[0.55 [0.000 0.289 0.957 0.000 0.000 -0.957 0.289 0.000 1.000 0.000 0.000 0.000 0.001 0.000 0.000 1.000]]
		[0.5666667 [0.000 0.294 0.956 0.000 0.000 -0.956 0.294 0.000 1.000 0.000 0.000 0.000 0.001 0.000 0.000 1.000]]
		[0.5833333 [0.000 0.298 0.954 0.000 0.000 -0.954 0.298 0.000 1.000 0.000 0.000 0.000 0.001 0.000 0.000 1.000]]
		[0.6 [0.000 0.303 0.953 0.000 0.000 -0.953 0.303 0.000 1.000 0.000 0.000 0.000 0.001 0.000 0.000 1.000]]
		[0.6166667 [0.000 0.308 0.952 0.000 0.000 -0.952 0.308 0.000 1.000 0.000 0.000 0.000 0.001 0.000 0.000 1.000]]
		[0.6333333 [0.000 0.312 0.950 0.000 0.000 -0.950 0.312 0.000 1.000 0.000 0.000 0.000 0.001 0.000 0.000 1.000]]
		[0.65 [0.000 0.317 0.948 0.000 0.000 -0.948 0.317 0.000 1.000 0.000 0.000 0.000 0.001 0.000 0.000 1.000]]
		[0.6666667 [0.000 0.321 0.947 0.000 0.000 -0.947 0.321 0.000 1.000 0.000 0.000 0.000 0.001 0.000 0.000 1.000]]
		[0.6833333 [0.000 0.326 0.945 0.000 0.000 -0.945 0.326 0.000 1.000 0.000 0.000 0.000 0.001 0.000 0.000 1.000]]
		[0.7 [0.000 0.330 0.944 0.000 0.000 -0.944 0.330 0.000 1.000 0.000 0.000 0.000 0.001 0.000 0.000 1.000]]
		[0.7166666 [0.000 0.334 0.942 0.000 0.000 -0.942 0.334 0.000 1.000 0.000 0.000 0.000 0.001 0.000 0.000 1.000]]
		[0.7333333 [0.000 0.338 0.941 0.000 0.000 -0.941 0.338 0.000 1.000 0.000 0.000 0.000 0.001 0.000 0.000 1.000]]
		[0.75 [0.000 0.342 0.940 0.000 0.000 -0.940 0.342 0.000 1.000 0.000 0.000 0.000 0.001 0.000 0.000 1.000]]
		[0.7666667 [0.000 0.346 0.938 0.000 0.000 -0.938 0.346 0.000 1.000 0.000 0.000 0.000 0.001 0.000 0.000 1.000]]
		[0.7833334 [0.000 0.350 0.937 0.000 0.000 -0.937 0.350 0.000 1.000 0.000 0.000 0.000 0.001 0.000 0.000 1.000]]
		[0.8 [0.000 0.354 0.935 0.000 0.000 -0.935 0.354 0.000 1.000 0.000 0.000 0.000 0.001 0.000 0.000 1.000]]
		[0.8166667 [0.000 0.358 0.934 0.000 0.000 -0.934 0.358 0.000 1.000 0.000 0.000 0.000 0.001 0.000 0.000 1.000]]
		[0.8333333 [0.000 0.363 0.932 0.000 0.000 -0.932 0.363 0.000 1.000 0.000 0.000 0.000 0.001 0.000 0.000 1.000]]
		[0.85 [0.000 0.368 0.930 0.000 0.000 -0.930 0.368 0.000 1.000 0.000 0.000 0.000 0.001 0.000 0.000 1.000]]
		[0.8666667 [0.000 0.372 0.928 0.000 0.000 -0.928 0.372 0.000 1.000 0.000 0.000 0.000 0.001 0.000 0.000 1.000]]
		[0.8833333 [0.000 0.377 0.926 0.000 0.000 -0.926 0.377 0.000 1.000 0.000 0.000 0.000 0.001 0.000 0.000 1.000]]
		[0.9 [0.000 0.382 0.924 0.000 0.000 -0.924 0.382 0.000 1.000 0.000 0.000 0.000 0.001 0.000 0.000 1.000]]
		[0.9166667 [0.000 0.387 0.922 0.000 0.000 -0.922 0.387 0.000 1.000 0.000 0.000 0.000 0.001 0.000 0.000 1.000]]
		[0.9333333 [0.000 0.391 0.920 0.000 0.000 -0.920 0.391 0.000 1.000 0.000 0.000 0.000 0.001 0.000 0.000 1.000]]
		[0.95 [0.000 0.396 0.918 0.000 0.000 -0.918 0.396 0.000 1.000 0.000 0.000 0.000 0.001 0.000 0.000 1.000]]
		[0.9666666 [0.000 0.400 0.917 0.000 0.000 -0.917 0.400 0.000 1.000 0.000 0.000 0.000 0.001 0.000 0.000 1.000]]
		[0.9833333 [0.000 0.404 0.915 0.000 0.000 -0.915 0.404 0.000 1.000 0.000 0.000 0.000 0.001 0.000 0.000 1.000]]
	]
	"Koleno_L" [
		[0 [-0.766 0.643 -0.007 0.000 0.643 0.766 -0.009 0.000 0.000 -0.011 -1.000 0.000 0.000 0.005 0.000 1.000]]
		[0.01666667 [-0.772 0.636 -0.007 0.000 0.636 0.772 -0.009 0.000 0.000 -0.011 -1.000 0.000 0.000 0.005 0.000 1.000]]
		[0.03333334 [-0.777 0.629 -0.007 0.000 0.629 0.777 -0.009 0.000 0.000 -0.011 -1.000 0.000 0.000 0.005 0.000 1.000]]
		[0.05 [-0.784 0.621 -0.007 0.000 0.621 0.784 -0.009 0.000 0.000 -0.011 -1.000 0.000 0.000 0.005 0.000 1.000]]
		[0.06666667 [-0.790 0.613 -0.007 0.000 0.613 0.790 -0.009 0.000 0.000 -0.011 -1.000 0.000 0.000 0.005 0.000 1.000]]
		[0.08333334 [-0.796 0.605 -0.007 0.000 0.605 0.796 -0.009 0.000 0.000 -0.011 -1.000 0.000 0.000 0.005 0.000 1.000]]
		[0.1 [-0.803 0.596 -0.007 0.000 0.596 0.803 -0.009 0.000 0.000 -0.011 -1.000 0.000 0.000 0.005 0.000 1.000]]
		[0.1166667 [-0.809 0.587 -0.007 0.000 0.587 0.809 -0.009 0.000 0.000 -0.011 -1.000 0.000 0.000 0.005 0.000 1.000]]
		[0.1333333 [-0.816 0.579 -0.007 0.000 0.579 0.816 -0.009 0.000 0.000 -0.011 -1.000 0.000 0.000 0.005 0.000 1.000]]
		[0.15 [-0.822 0.570 -0.006 0.000 0.570 0.822 -0.009 0.000 0.000 -0.011 -1.000 0.000 0.000 0.005 0.000 1.000]]
		[0.1666667 [-0.828 0.561 -0.006 0.000 0.561 0.828 -0.009 0.000 0.000 -0.011 -1.000 0.000 0.000 0.005 0.000 1.000]]
		[0.1833333 [-0.834 0.552 -0.006 0.000 0.552 0.833 -0.009 0.000 0.000 -0.011 -1.000 0.000 0.000 0.005 0.000 1.000]]
		[0.2 [-0.839 0.544 -0.006 0.000 0.544 0.839 -0.009 0.000 0.000 -0.011 -1.000 0.000 0.000 0.005 0.000 1.000]]
		[0.2166667 [-0.844 0.536 -0.006 0.000 0.536 0.844 -0.010 0.000 0.000 -0.011 -1.000 0.000 0.000 0.005 0.000 1.000]]
		[0.2333333 [-0.849 0.529 -0.006 0.000 0.529 0.849 -0.010 0.000 0.000 -0.011 -1.000 0.000 0.000 0.005 0.000 1.000]]
		[0.25 [-0.853 0.522 -0.006 0.000 0.522 0.853 -0.010 0.000 0.000 -0.011 -1.000 0.000 0.000 0.005 0.000 1.000]]
		[0.2666667 [-0.856 0.516 -0.006 0.000 0.516 0.856 -0.010 0.000 0.000 -0.011 -1.000 0.000 0.000 0.005 0.000 1.000]]
		[0.2833333 [-0.860 0.511 -0.006 0.000 0.511 0.859 -0.010 0.000 0.000 -0.011 -1.000 0.000 0.000 0.005 0.000 1.000]]
		[0.3 [-0.862 0.507 -0.006 0.000 0.507 0.862 -0.010 0.000 0.000 -0.011 -1.000 0.000 0.000 0.005 0.000 1.000]]
		[0.3166667 [-0.864 0.503 -0.006 0.000 0.503 0.864 -0.010 0.000 0.000 -0.011 -1.000 0.000 0.000 0.005 0.000 1.000]]
		[0.3333333 [-0.865 0.501 -0.006 0.000 0.501 0.865 -0.010 0.000 0.000 -0.011 -1.000 0.000 0.000 0.005 0.000 1.000]]
		[0.35 [-0.866 0.500 -0.006 0.000 0.500 0.866 -0.010 0.000 0.000 -0.011 -1.000 0.000 0.000 0.005 0.000 1.000]]
		[0.3666667 [-0.866 0.500 -0.006 0.000 0.500 0.866 -0.010 0.000 0.000 -0.011 -1.000 0.000 0.000 0.005 0.000 1.000]]
		[0.3833333 [-0.866 0.501 -0.006 0.000 0.501 0.866 -0.010 0.000 0.000 -0.011 -1.000 0.000 0.000 0.005 0.000 1.000]]
		[0.4 [-0.865 0.502 -0.006 0.000 0.502 0.865 -0.010 0.000 0.000 -0.011 -1.000 0.000 0.000 0.005 0.000 1.000]]
		[0.4166667 [-0.863 0.504 -0.006 0.000 0.504 0.863 -0.010 0.000 0.000 -0.011 -1.000 0.000 0.000 0.005 0.000 1.000]]
		[0.4333333 [-0.862 0.507 -0.006 0.000 0.507 0.862 -0.010 0.000 0.000 -0.011 -1.000 0.000 0.000 0.005 0.000 1.000]]
		[0.45 [-0.860 0.511 -0.006 0.000 0.511 0.860 -0.010 0.000 0.000 -0.011 -1.000 0.000 0.000 0.005 0.000 1.000]]
		[0.4666667 [-0.857 0.515 -0.006 0.000 0.515 0.857 -0.010 0.000 0.000 -0.011 -1.000 0.000 0.000 0.005 0.000 1.000]]
		[0.4833333 [-0.854 0.520 -0.006 0.000 0.520 0.854 -0.010 0.000 0.000 -0.011 -1.000 0.000 0.000 0.005 0.000 1.000]]
		[0.5 [-0.851 0.525 -0.006 0.000 0.525 0.851 -0.010 0.000 0.000 -0.011 -1.000 0.000 0.000 0.005 0.000 1.000]]
		[0.5166667 [-0.847 0.531 -0.006 0.000 0.531 0.847 -0.010 0.000 0.000 -0.011 -1.000 0.000 0.000 0.005 0.000 1.000]]
		[0.5333334 [-0.843 0.537 -0.006 0.000 0.537 0.843 -0.009 0.000 0.000 -0.011 -1.000 0.000 0.000 0.005 0.000 1.000]]
		[0.55 [-0.839 0.544 -0.006 0.000 0.544 0.839 -0.009 0.000 0.000 -0.011 -1.000 0.000 0.000 0.005 0.000 1.000]]
		[0.5666667 [-0.835 0.551 -0.006 0.000 0.551 0.834 -0.009 0.000 0.000 -0.011 -1.000 0.000 0.000 0.005 0.000 1.000]]
		[0.5833333 [-0.830 0.558 -0.006 0.000 0.558 0.830 -0.009 0.000 0.000 -0.011 -1.000 0.000 0.000 0.005 0.000 1.000]]
		[0.6 [-0.824 0.566 -0.006 0.000 0.566 0.824 -0.009 0.000 0.000 -0.011 -1.000 0.000 0.000 0.005 0.000 1.000]]
		[0.6166667 [-0.819 0.574 -0.006 0.000 0.574 0.819 -0.009 0.000 0.000 -0.011 -1.000 0.000 0.000 0.005 0.000 1.000]]
		[0.6333333 [-0.813 0.582 -0.007 0.000 0.582 0.813 -0.009 0.000 0.000 -0.011 -1.000 0.000 0.000 0.005 0.000 1.000]]
		[0.65 [-0.807 0.591 -0.007 0.000 0.591 0.807 -0.009 0.000 0.000 -0.011 -1.000 0.000 0.000 0.005 0.000 1.000]]
		[0.6666667 [-0.801 0.599 -0.007 0.000 0.599 0.801 -0.009 0.000 0.000 -0.011 -1.000 0.000 0.000 0.005 0.000 1.000]]
		[0.6833333 [-0.794 0.608 -0.007 0.000 0.608 0.794 -0.009 0.000 0.000 -0.011 -1.000 0.000 0.000 0.005 0.000 1.000]]
		[0.7 [-0.787 0.616 -0.007 0.000 0.617 0.787 -0.009 0.000 0.000 -0.011 -1.000 0.000 0.000 0.005 0.000 1.000]]
		[0.7166666 [-0.780 0.625 -0.007 0.000 0.625 0.780 -0.009 0.000 0.000 -0.011 -1.000 0.000 0.000 0.005 0.000 1.000]]
		[0.7333333 [-0.773 0.634 -0.007 0.000 0.634 0.773 -0.009 0.000 0.000 -0.011 -1.000 0.000 0.000 0.005 0.000 1.000]]
		[0.75 [-0.766 0.643 -0.007 0.000 0.643 0.766 -0.009 0.000 0.000 -0.011 -1.000 0.000 0.000 0.005 0.000 1.000]]
		[0.7666667 [-0.758 0.652 -0.007 0.000 0.652 0.758 -0.009 0.000 0.000 -0.011 -1.000 0.000 0.000 0.005 0.000 1.000]]
		[0.7833334 [-0.749 0.663 -0.007 0.000 0.663 0.749 -0.008 0.000 0.000 -0.011 -1.000 0.000 0.000 0.005 0.000 1.000]]
		[0.8 [-0.738 0.675 -0.008 0.000 0.675 0.738 -0.008 0.000 0.000 -0.011 -1.000 0.000 0.000 0.005 0.000 1.000]]
		[0.8166667 [-0.726 0.688 -0.008 0.000 0.688 0.726 -0.008 0.000 0.000 -0.011 -1.000 0.000 0.000 0.005 0.000 1.000]]
		[0.8333333 [-0.713 0.701 -0.008 0.000 0.701 0.713 -0.008 0.000 0.000 -0.011 -1.000 0.000 0.000 0.005 0.000 1.000]]
		[0.85 [-0.699 0.715 -0.008 0.000 0.715 0.699 -0.008 0.000 0.000 -0.011 -1.000 0.000 0.000 0.005 0.000 1.000]]
		[0.8666667 [-0.685 0.729 -0.008 0.000 0.729 0.685 -0.008 0.000 0.000 -0.011 -1.000 0.000 0.000 0.005 0.000 1.000]]
		[0.8833333 [-0.670 0.743 -0.008 0.000 0.743 0.670 -0.008 0.000 0.000 -0.011 -1.000 0.000 0.000 0.005 0.000 1.000]]
		[0.9 [-0.654 0.756 -0.009 0.000 0.756 0.654 -0.007 0.000 0.000 -0.011 -1.000 0.000 0.000 0.005 0.000 1.000]]
		[0.9166667 [-0.638 0.770 -0.009 0.000 0.770 0.638 -0.007 0.000 0.000 -0.011 -1.000 0.000 0.000 0.005 0.000 1.000]]
		[0.9333333 [-0.622 0.783 -0.009 0.000 0.783 0.622 -0.007 0.000 0.000 -0.011 -1.000 0.000 0.000 0.005 0.000 1.000]]
		[0.95 [-0.606 0.795 -0.009 0.000 0.796 0.606 -0.007 0.000 0.000 -0.011 -1.000 0.000 0.000 0.005 0.000 1.000]]
		[0.9666666 [-0.590 0.807 -0.009 0.000 0.807 0.590 -0.007 0.000 0.000 -0.011 -1.000 0.000 0.000 0.005 0.000 1.000]]
		[0.9833333 [-0.575 0.818 -0.009 0.000 0.818 0.575 -0.006 0.000 0.000 -0.011 -1.000 0.000 0.000 0.005 0.000 1.000]]
	]
	"Koleno_L_end" [
		[0 [1.000 0.000 0.000 0.000 0.000 1.000 0.000 0.000 0.000 0.000 1.000 0.000 0.000 0.006 0.000 1.000]]
	]
	"Bedro_P" [
		[0 [0.000 -0.342 0.940 0.000 0.000 -0.940 -0.342 0.000 1.000 0.000 0.000 0.000 -0.001 0.000 0.000 1.000]]
		[0.01666667 [0.000 -0.346 0.938 0.000 0.000 -0.938 -0.346 0.000 1.000 0.000 0.000 0.000 -0.001 0.000 0.000 1.000]]
		[0.03333334 [0.000 -0.350 0.937 0.000 0.000 -0.937 -0.350 0.000 1.000 0.000 0.000 0.000 -0.001 0.000 0.000 1.000]]
		[0.05 [0.000 -0.355 0.935 0.000 0.000 -0.935 -0.355 0.000 1.000 0.000 0.000 0.000 -0.001 0.000 0.000 1.000]]
		[0.06666667 [0.000 -0.360 0.933 0.000 0.000 -0.933 -0.360 0.000 1.000 0.000 0.000 0.000 -0.001 0.000 0.000 1.000]]
		[0.08333334 [0.000 -0.365 0.931 0.000 0.000 -0.931 -0.365 0.000 1.000 0.000 0.000 0.000 -0.001 0.000 0.000 1.000]]
		[0.1 [0.000 -0.370 0.929 0.000 0.000 -0.929 -0.370 0.000 1.000 0.000 0.000 0.000 -0.001 0.000 0.000 1.000]]
		[0.1166667 [0.000 -0.375 0.927 0.000 0.000 -0.927 -0.375 0.000 1.000 0.000 0.000 0.000 -0.001 0.000 0.000 1.000]]
		[0.1333333 [0.000 -0.380 0.925 0.000 0.000 -0.925 -0.380 0.000 1.000 0.000 0.000 0.000 -0.001 0.000 0.000 1.000]]
		[0.15 [0.000 -0.385 0.923 0.000 0.000 -0.923 -0.385 0.000 1.000 0.000 0.000 0.000 -0.001 0.000 0.000 1.000]]
		[0.1666667 [0.000 -0.390 0.921 0.000 0.000 -0.921 -0.390 0.000 1.000 0.000 0.000 0.000 -0.001 0.000 0.000 1.000]]
		[0.1833333 [0.000 -0.394 0.919 0.000 0.000 -0.919 -0.394 0.000 1.000 0.000 0.000 0.000 -0.001 0.000 0.000 1.000]]
		[0.2 [0.000 -0.399 0.917 0.000 0.000 -0.917 -0.399 0.000 1.000 0.000 0.000 0.000 -0.001 0.000 0.000 1.000]]
		[0.2166667 [0.000 -0.403 0.915 0.000 0.000 -0.915 -0.403 0.000 1.000 0.000 0.000 0.000 -0.001 0.000 0.000 1.000]]
		[0.2333333 [0.000 -0.407 0.913 0.000 0.000 -0.913 -0.407 0.000 1.000 0.000 0.000 0.000 -0.001 0.000 0.000 1.000]]
		[0.25 [0.000 -0.411 0.912 0.000 0.000 -0.912 -0.411 0.000 1.000 0.000 0.000 0.000 -0.001 0.000 0.000 1.000]]
		[0.2666667 [0.000 -0.414 0.910 0.000 0.000 -0.910 -0.414 0.000 1.000 0.000 0.000 0.000 -0.001 0.000 0.000 1.000]]
		[0.2833333 [0.000 -0.417 0.909 0.000 0.000 -0.909 -0.417 0.000 1.000 0.000 0.000 0.000 -0.001 0.000 0.000 1.000]]
		[0.3 [0.000 -0.419 0.908 0.000 0.000 -0.908 -0.419 0.000 1.000 0.000 0.000 0.000 -0.001 0.000 0.000 1.000]]
		[0.3166667 [0.000 -0.421 0.907 0.000 0.000 -0.907 -0.421 0.000 1.000 0.000 0.000 0.000 -0.001 0.000 0.000 1.000]]
		[0.3333333 [0.000 -0.422 0.907 0.000 0.000 -0.907 -0.422 0.000 1.000 0.000 0.000 0.000 -0.001 0.000 0.000 1.000]]
		[0.35 [0.000 -0.423 0.906 0.000 0.000 -0.906 -0.423 0.000 1.000 0.000 0.000 0.000 -0.001 0.000 0.000 1.000]]
		[0.3666667 [0.000 -0.423 0.906 0.000 0.000 -0.906 -0.423 0.000 1.000 0.000 0.000 0.000 -0.001 0.000 0.000 1.000]]
		[0.3833333 [0.000 -0.422 0.907 0.000 0.000 -0.907 -0.422 0.000 1.000 0.000 0.000 0.000 -0.001 0.000 0.000 1.000]]
		[0.4 [0.000 -0.421 0.907 0.000 0.000 -0.907 -0.421 0.000 1.000 0.000 0.000 0.000 -0.001 0.000 0.000 1.000]]
		[0.4166667 [0.000 -0.419 0.908 0.000 0.000 -0.908 -0.419 0.000 1.000 0.000 0.000 0.000 -0.001 0.000 0.000 1.000]]
		[0.4333333 [0.000 -0.417 0.909 0.000 0.000 -0.909 -0.417 0.000 1.000 0.000 0.000 0.000 -0.001 0.000 0.000 1.000]]
		[0.45 [0.000 -0.415 0.910 0.000 0.000 -0.910 -0.415 0.000 1.000 0.000 0.000 0.000 -0.001 0.000 0.000 1.000]]
		[0.4666667 [0.000 -0.412 0.911 0.000 0.000 -0.911 -0.412 0.000 1.000 0.000 0.000 0.000 -0.001 0.000 0.000 1.000]]
		[0.4833333 [0.000 -0.409 0.913 0.000 0.000 -0.913 -0.409 0.000 1.000 0.000 0.000 0.000 -0.001 0.000 0.000 1.000]]
		[0.5 [0.000 -0.406 0.914 0.000 0.000 -0.914 -0.406 0.000 1.000 0.000 0.000 0.000 -0.001 0.000 0.000 1.000]]
		[0.5166667 [0.000 -0.402 0.916 0.000 0.000 -0.916 -0.402 0.000 1.000 0.000 0.000 0.000 -0.001 0.000 0.000 1.000]]
		[0.5333334 [0.000 -0.398 0.917 0.000 0.000 -0.917 -0.398 0.000 1.000 0.000 0.000 0.000 -0.001 0.000 0.000 1.000]]
		[0.55 [0.000 -0.394 0.919 0.000 0.000 -0.919 -0.394 0.000 1.000 0.000 0.000 0.000 -0.001 0.000 0.000 1.000]]
		[0.5666667 [0.000 -0.390 0.921 0.000 0.000 -0.921 -0.390 0.000 1.000 0.000 0.000 0.000 -0.001 0.000 0.000 1.000]]
		[0.5833333 [0.000 -0.385 0.923 0.000 0.000 -0.923 -0.385 0.000 1.000 0.000 0.000 0.000 -0.001 0.000 0.000 1.000]]
		[0.6 [0.000 -0.381 0.925 0.000 0.000 -0.925 -0.381 0.000 1.000 0.000 0.000 0.000 -0.001 0.000 0.000 1.000]]
		[0.6166667 [0.000 -0.376 0.927 0.000 0.000 -0.927 -0.376 0.000 1.000 0.000 0.000 0.000 -0.001 0.000 0.000 1.000]]
		[0.6333333 [0.000 -0.371 0.928 0.000 0.000 -0.928 -0.371 0.000 1.000 0.000 0.000 0.000 -0.001 0.000 0.000 1.000]]
		[0.65 [0.000 -0.367 0.930 0.000 0.000 -0.930 -0.367 0.000 1.000 0.000 0.000 0.000 -0.001 0.000 0.000 1.000]]
		[0.6666667 [0.000 -0.362 0.932 0.000 0.000 -0.932 -0.362 0.000 1.000 0.000 0.000 0.000 -0.001 0.000 0.000 1.000]]
		[0.6833333 [0.000 -0.358 0.934 0.000 0.000 -0.934 -0.358 0.000 1.000 0.000 0.000 0.000 -0.001 0.000 0.000 1.000]]
		[0.7 [0.000 -0.354 0.935 0.000 0.000 -0.935 -0.354 0.000 1.000 0.000 0.000 0.000 -0.001 0.000 0.000 1.000]]
		[0.7166666 [0.000 -0.350 0.937 0.000 0.000 -0.937 -0.350 0.000 1.000 0.000 0.000 0.000 -0.001 0.000 0.000 1.000]]
		[0.7333333 [0.000 -0.346 0.938 0.000 0.000 -0.938 -0.346 0.000 1.000 0.000 0.000 0.000 -0.001 0.000 0.000 1.000]]
		[0.75 [0.000 -0.342 0.940 0.000 0.000 -0.940 -0.342 0.000 1.000 0.000 0.000 0.000 -0.001 0.000 0.000 1.000]]
		[0.7666667 [0.000 -0.338 0.941 0.000 0.000 -0.941 -0.338 0.000 1.000 0.000 0.000 0.000 -0.001 0.000 0.000 1.000]]
		[0.7833334 [0.000 -0.334 0.942 0.000 0.000 -0.942 -0.334 0.000 1.000 0.000 0.000 0.000 -0.001 0.000 0.000 1.000]]
		[0.8 [0.000 -0.330 0.944 0.000 0.000 -0.944 -0.330 0.000 1.000 0.000 0.000 0.000 -0.001 0.000 0.000 1.000]]
		[0.8166667 [0.000 -0.326 0.946 0.000 0.000 -0.946 -0.326 0.000 1.000 0.000 0.000 0.000 -0.001 0.000 0.000 1.000]]
		[0.8333333 [0.000 -0.321 0.947 0.000 0.000 -0.947 -0.321 0.000 1.000 0.000 0.000 0.000 -0.001 0.000 0.000 1.000]]
		[0.85 [0.000 -0.316 0.949 0.000 0.000 -0.949 -0.316 0.000 1.000 0.000 0.000 0.000 -0.001 0.000 0.000 1.000]]
		[0.8666667 [0.000 -0.311 0.950 0.000 0.000 -0.950 -0.311 0.000 1.000 0.000 0.000 0.000 -0.001 0.000 0.000 1.000]]
		[0.8833333 [0.000 -0.306 0.952 0.000 0.000 -0.952 -0.306 0.000 1.000 0.000 0.000 0.000 -0.001 0.000 0.000 1.000]]
		[0.9 [0.000 -0.301 0.953 0.000 0.000 -0.953 -0.301 0.000 1.000 0.000 0.000 0.000 -0.001 0.000 0.000 1.000]]
		[0.9166667 [0.000 -0.297 0.955 0.000 0.000 -0.955 -0.297 0.000 1.000 0.000 0.000 0.000 -0.001 0.000 0.000 1.000]]
		[0.9333333 [0.000 -0.292 0.956 0.000 0.000 -0.956 -0.292 0.000 1.000 0.000 0.000 0.000 -0.001 0.000 0.000 1.000]]
		[0.95 [0.000 -0.287 0.958 0.000 0.000 -0.958 -0.287 0.000 1.000 0.000 0.000 0.000 -0.001 0.000 0.000 1.000]]
		[0.9666666 [0.000 -0.283 0.959 0.000 0.000 -0.959 -0.283 0.000 1.000 0.000 0.000 0.000 -0.001 0.000 0.000 1.000]]
		[0.9833333 [0.000 -0.279 0.960 0.000 0.000 -0.960 -0.279 0.000 1.000 0.000 0.000 0.000 -0.001 0.000 0.000 1.000]]
	]
	"Koleno_P" [
		[0 [0.000 1.000 0.000 0.000 1.000 0.000 0.000 0.000 0.000 0.000 -1.000 0.000 0.000 0.005 0.000 1.000]]
		[0.01666667 [0.000 1.000 0.000 0.000 1.000 0.000 0.000 0.000 0.000 0.000 -1.000 0.000 0.000 0.005 0.000 1.000]]
		[0.03333334 [0.000 1.000 0.000 0.000 1.000 0.000 0.000 0.000 0.000 0.000 -1.000 0.000 0.000 0.005 0.000 1.000]]
		[0.05 [0.000 1.000 0.000 0.000 1.000 0.000 0.000 0.000 0.000 0.000 -1.000 0.000 0.000 0.005 0.000 1.000]]
		[0.06666667 [0.000 1.000 0.000 0.000 1.000 0.000 0.000 0.000 0.000 0.000 -1.000 0.000 0.000 0.005 0.000 1.000]]
		[0.08333334 [0.000 1.000 0.000 0.000 1.000 0.000 0.000 0.000 0.000 0.000 -1.000 0.000 0.000 0.005 0.000 1.000]]
		[0.1 [0.000 1.000 0.000 0.000 1.000 0.000 0.000 0.000 0.000 0.000 -1.000 0.000 0.000 0.005 0.000 1.000]]
		[0.1166667 [0.000 1.000 0.000 0.000 1.000 0.000 0.000 0.000 0.000 0.000 -1.000 0.000 0.000 0.005 0.000 1.000]]
		[0.1333333 [0.000 1.000 0.000 0.000 1.000 0.000 0.000 0.000 0.000 0.000 -1.000 0.000 0.000 0.005 0.000 1.000]]
		[0.15 [0.000 1.000 0.000 0.000 1.000 0.000 0.000 0.000 0.000 0.000 -1.000 0.000 0.000 0.005 0.000 1.000]]
		[0.1666667 [0.000 1.000 0.000 0.000 1.000 0.000 0.000 0.000 0.000 0.000 -1.000 0.000 0.000 0.005 0.000 1.000]]
		[0.1833333 [0.000 1.000 0.000 0.000 1.000 0.000 0.000 0.000 0.000 0.000 -1.000 0.000 0.000 0.005 0.000 1.000]]
		[0.2 [0.000 1.000 0.000 0.000 1.000 0.000 0.000 0.000 0.000 0.000 -1.000 0.000 0.000 0.005 0.000 1.000]]
		[0.2166667 [0.000 1.000 0.000 0.000 1.000 0.000 0.000 0.000 0.000 0.000 -1.000 0.000 0.000 0.005 0.000 1.000]]
		[0.2333333 [0.000 1.000 0.000 0.000 1.000 0.000 0.000 0.000 0.000 0.000 -1.000 0.000 0.000 0.005 0.000 1.000]]
		[0.25 [0.000 1.000 0.000 0.000 1.000 0.000 0.000 0.000 0.000 0.000 -1.000 0.000 0.000 0.005 0.000 1.000]]
		[0.2666667 [0.000 1.000 0.000 0.000 1.000 0.000 0.000 0.000 0.000 0.000 -1.000 0.000 0.000 0.005 0.000 1.000]]
		[0.2833333 [0.000 1.000 0.000 0.000 1.000 0.000 0.000 0.000 0.000 0.000 -1.000 0.000 0.000 0.005 0.000 1.000]]
		[0.3 [0.000 1.000 0.000 0.000 1.000 0.000 0.000 0.000 0.000 0.000 -1.000 0.000 0.000 0.005 0.000 1.000]]
		[0.3166667 [0.000 1.000 0.000 0.000 1.000 0.000 0.000 0.000 0.000 0.000 -1.000 0.000 0.000 0.005 0.000 1.000]]
		[0.3333333 [0.000 1.000 0.000 0.000 1.000 0.000 0.000 0.000 0.000 0.000 -1.000 0.000 0.000 0.005 0.000 1.000]]
		[0.35 [0.000 1.000 0.000 0.000 1.000 0.000 0.000 0.000 0.000 0.000 -1.000 0.000 0.000 0.005 0.000 1.000]]
		[0.3666667 [0.000 1.000 0.000 0.000 1.000 0.000 0.000 0.000 0.000 0.000 -1.000 0.000 0.000 0.005 0.000 1.000]]
		[0.3833333 [-0.001 1.000 0.000 0.000 1.000 0.001 0.000 0.000 0.000 0.000 -1.000 0.000 0.000 0.005 0.000 1.000]]
		[0.4 [-0.001 1.000 0.000 0.000 1.000 0.001 0.000 0.000 0.000 0.000 -1.000 0.000 0.000 0.005 0.000 1.000]]
		[0.4166667 [-0.002 1.000 0.000 0.000 1.000 0.002 0.000 0.000 0.000 0.000 -1.000 0.000 0.000 0.005 0.000 1.000]]
		[0.4333333 [-0.003 1.000 0.000 0.000 1.000 0.003 0.000 0.000 0.000 0.000 -1.000 0.000 0.000 0.005 0.000 1.000]]
		[0.45 [-0.004 1.000 0.000 0.000 1.000 0.004 0.000 0.000 0.000 0.000 -1.000 0.000 0.000 0.005 0.000 1.000]]
		[0.4666667 [-0.006 1.000 0.000 0.000 1.000 0.006 0.000 0.000 0.000 0.000 -1.000 0.000 0.000 0.005 0.000 1.000]]
		[0.4833333 [-0.007 1.000 0.000 0.000 1.000 0.007 0.000 0.000 0.000 0.000 -1.000 0.000 0.000 0.005 0.000 1.000]]
		[0.5 [-0.008 1.000 0.000 0.000 1.000 0.008 0.000 0.000 0.000 0.000 -1.000 0.000 0.000 0.005 0.000 1.000]]
		[0.5166667 [-0.009 1.000 0.000 0.000 1.000 0.009 0.000 0.000 0.000 0.000 -1.000 0.000 0.000 0.005 0.000 1.000]]
		[0.5333334 [-0.011 1.000 0.000 0.000 1.000 0.011 0.000 0.000 0.000 0.000 -1.000 0.000 0.000 0.005 0.000 1.000]]
		[0.55 [-0.012 1.000 0.000 0.000 1.000 0.012 0.000 0.000 0.000 0.000 -1.000 0.000 0.000 0.005 0.000 1.000]]
		[0.5666667 [-0.013 1.000 0.000 0.000 1.000 0.013 0.000 0.000 0.000 0.000 -1.000 0.000 0.000 0.005 0.000 1.000]]
		[0.5833333 [-0.013 1.000 0.000 0.000 1.000 0.013 0.000 0.000 0.000 0.000 -1.000 0.000 0.000 0.005 0.000 1.000]]
		[0.6 [-0.014 1.000 0.000 0.000 1.000 0.014 0.000 0.000 0.000 0.000 -1.000 0.000 0.000 0.005 0.000 1.000]]
		[0.6166667 [-0.014 1.000 0.000 0.000 1.000 0.014 0.000 0.000 0.000 0.000 -1.000 0.000 0.000 0.005 0.000 1.000]]
		[0.6333333 [-0.014 1.000 0.000 0.000 1.000 0.014 0.000 0.000 0.000 0.000 -1.000 0.000 0.000 0.005 0.000 1.000]]
		[0.65 [-0.013 1.000 0.000 0.000 1.000 0.013 0.000 0.000 0.000 0.000 -1.000 0.000 0.000 0.005 0.000 1.000]]
		[0.6666667 [-0.012 1.000 0.000 0.000 1.000 0.012 0.000 0.000 0.000 0.000 -1.000 0.000 0.000 0.005 0.000 1.000]]
		[0.6833333 [-0.011 1.000 0.000 0.000 1.000 0.011 0.000 0.000 0.000 0.000 -1.000 0.000 0.000 0.005 0.000 1.000]]
		[0.7 [-0.009 1.000 0.000 0.000 1.000 0.009 0.000 0.000 0.000 0.000 -1.000 0.000 0.000 0.005 0.000 1.000]]
		[0.7166666 [-0.007 1.000 0.000 0.000 1.000 0.007 0.000 0.000 0.000 0.000 -1.000 0.000 0.000 0.005 0.000 1.000]]
		[0.7333333 [-0.004 1.000 0.000 0.000 1.000 0.004 0.000 0.000 0.000 0.000 -1.000 0.000 0.000 0.005 0.000 1.000]]
		[0.75 [0.000 1.000 0.000 0.000 1.000 0.000 0.000 0.000 0.000 0.000 -1.000 0.000 0.000 0.005 0.000 1.000]]
		[0.7666667 [0.005 1.000 0.000 0.000 1.000 -0.005 0.000 0.000 0.000 0.000 -1.000 0.000 0.000 0.005 0.000 1.000]]
		[0.7833334 [0.010 1.000 0.000 0.000 1.000 -0.010 0.000 0.000 0.000 0.000 -1.000 0.000 0.000 0.005 0.000 1.000]]
		[0.8 [0.017 1.000 0.000 0.000 1.000 -0.017 0.000 0.000 0.000 0.000 -1.000 0.000 0.000 0.005 0.000 1.000]]
		[0.8166667 [0.025 1.000 0.000 0.000 1.000 -0.025 0.000 0.000 0.000 0.000 -1.000 0.000 0.000 0.005 0.000 1.000]]
		[0.8333333 [0.034 0.999 0.000 0.000 0.999 -0.034 0.000 0.000 0.000 0.000 -1.000 0.000 0.000 0.005 0.000 1.000]]
		[0.85 [0.043 0.999 0.000 0.000 0.999 -0.043 0.000 0.000 0.000 0.000 -1.000 0.000 0.000 0.005 0.000 1.000]]
		[0.8666667 [0.053 0.999 0.000 0.000 0.999 -0.053 0.000 0.000 0.000 0.000 -1.000 0.000 0.000 0.005 0.000 1.000]]
		[0.8833333 [0.063 0.998 0.000 0.000 0.998 -0.063 0.000 0.000 0.000 0.000 -1.000 0.000 0.000 0.005 0.000 1.000]]
		[0.9 [0.074 0.997 0.000 0.000 0.997 -0.074 0.000 0.000 0.000 0.000 -1.000 0.000 0.000 0.005 0.000 1.000]]
		[0.9166667 [0.085 0.996 0.000 0.000 0.996 -0.085 0.000 0.000 0.000 0.000 -1.000 0.000 0.000 0.005 0.000 1.000]]
		[0.9333333 [0.095 0.995 0.000 0.000 0.995 -0.095 0.000 0.000 0.000 0.000 -1.000 0.000 0.000 0.005 0.000 1.000]]
		[0.95 [0.106 0.994 0.000 0.000 0.994 -0.106 0.000 0.000 0.000 0.000 -1.000 0.000 0.000 0.005 0.000 1.000]]
		[0.9666666 [0.116 0.993 0.000 0.000 0.993 -0.116 0.000 0.000 0.000 0.000 -1.000 0.000 0.000 0.005 0.000 1.000]]
		[0.9833333 [0.126 0.992 0.000 0.000 0.992 -0.126 0.000 0.000 0.000 0.000 -1.000 0.000 0.000 0.005 0.000 1.000]]
	]
	"Koleno_P_end" [
		[0 [1.000 0.000 0.000 0.000 0.000 1.000 0.000 0.000 0.000 0.000 1.000 0.000 0.000 0.006 0.000 1.000]]
	]
	"Tors" [
		[0 [1.000 0.000 0.000 0.000 0.000 0.866 -0.500 0.000 0.000 0.500 0.866 0.000 0.000 0.001 0.000 1.000]]
		[0.01666667 [1.000 0.000 0.000 0.000 0.000 0.864 -0.504 0.000 0.000 0.504 0.864 0.000 0.000 0.001 0.000 1.000]]
		[0.03333334 [1.000 0.000 0.000 0.000 0.000 0.862 -0.508 0.000 0.000 0.508 0.862 0.000 0.000 0.001 0.000 1.000]]
		[0.05 [1.000 0.000 0.000 0.000 0.000 0.859 -0.512 0.000 0.000 0.512 0.859 0.000 0.000 0.001 0.000 1.000]]
		[0.06666667 [1.000 0.000 0.000 0.000 0.000 0.856 -0.516 0.000 0.000 0.516 0.856 0.000 0.000 0.001 0.000 1.000]]
		[0.08333334 [1.000 0.000 0.000 0.000 0.000 0.854 -0.521 0.000 0.000 0.521 0.854 0.000 0.000 0.001 0.000 1.000]]
		[0.1 [1.000 0.000 0.000 0.000 0.000 0.851 -0.525 0.000 0.000 0.525 0.851 0.000 0.000 0.001 0.000 1.000]]
		[0.1166667 [1.000 0.000 0.000 0.000 0.000 0.848 -0.530 0.000 0.000 0.530 0.848 0.000 0.000 0.001 0.000 1.000]]
		[0.1333333 [1.000 0.000 0.000 0.000 0.000 0.845 -0.535 0.000 0.000 0.535 0.845 0.000 0.000 0.001 0.000 1.000]]
		[0.15 [1.000 0.000 0.000 0.000 0.000 0.842 -0.539 0.000 0.000 0.539 0.842 0.000 0.000 0.001 0.000 1.000]]
		[0.1666667 [1.000 0.000 0.000 0.000 0.000 0.839 -0.544 0.000 0.000 0.544 0.839 0.000 0.000 0.001 0.000 1.000]]
		[0.1833333 [1.000 0.000 0.000 0.000 0.000 0.836 -0.548 0.000 0.000 0.548 0.836 0.000 0.000 0.001 0.000 1.000]]
		[0.2 [1.000 0.000 0.000 0.000 0.000 0.834 -0.552 0.000 0.000 0.552 0.834 0.000 0.000 0.001 0.000 1.000]]
		[0.2166667 [1.000 0.000 0.000 0.000 0.000 0.831 -0.556 0.000 0.000 0.556 0.831 0.000 0.000 0.001 0.000 1.000]]
		[0.2333333 [1.000 0.000 0.000 0.000 0.000 0.829 -0.560 0.000 0.000 0.560 0.829 0.000 0.000 0.001 0.000 1.000]]
		[0.25 [1.000 0.000 0.000 0.000 0.000 0.827 -0.563 0.000 0.000 0.563 0.827 0.000 0.000 0.001 0.000 1.000]]
		[0.2666667 [1.000 0.000 0.000 0.000 0.000 0.825 -0.566 0.000 0.000 0.566 0.825 0.000 0.000 0.001 0.000 1.000]]
		[0.2833333 [1.000 0.000 0.000 0.000 0.000 0.823 -0.568 0.000 0.000 0.568 0.823 0.000 0.000 0.001 0.000 1.000]]
		[0.3 [1.000 0.000 0.000 0.000 0.000 0.821 -0.570 0.000 0.000 0.570 0.821 0.000 0.000 0.001 0.000 1.000]]
		[0.3166667 [1.000 0.000 0.000 0.000 0.000 0.820 -0.572 0.000 0.000 0.572 0.820 0.000 0.000 0.001 0.000 1.000]]
		[0.3333333 [1.000 0.000 0.000 0.000 0.000 0.820 -0.573 0.000 0.000 0.573 0.820 0.000 0.000 0.001 0.000 1.000]]
		[0.35 [1.000 0.000 0.000 0.000 0.000 0.819 -0.574 0.000 0.000 0.574 0.819 0.000 0.000 0.001 0.000 1.000]]
		[0.3666667 [1.000 0.000 0.000 0.000 0.000 0.819 -0.574 0.000 0.000 0.574 0.819 0.000 0.000 0.001 0.000 1.000]]
		[0.3833333 [1.000 0.000 0.000 0.000 0.000 0.820 -0.573 0.000 0.000 0.573 0.820 0.000 0.000 0.001 0.000 1.000]]
		[0.4 [1.000 0.000 0.000 0.000 0.000 0.820 -0.572 0.000 0.000 0.572 0.820 0.000 0.000 0.001 0.000 1.000]]
		[0.4166667 [1.000 0.000 0.000 0.000 0.000 0.821 -0.571 0.000 0.000 0.571 0.821 0.000 0.000 0.001 0.000 1.000]]
		[0.4333333 [1.000 0.000 0.000 0.000 0.000 0.823 -0.569 0.000 0.000 0.569 0.823 0.000 0.000 0.001 0.000 1.000]]
		[0.45 [1.000 0.000 0.000 0.000 0.000 0.824 -0.567 0.000 0.000 0.567 0.824 0.000 0.000 0.001 0.000 1.000]]
		[0.4666667 [1.000 0.000 0.000 0.000 0.000 0.826 -0.564 0.000 0.000 0.564 0.826 0.000 0.000 0.001 0.000 1.000]]
		[0.4833333 [1.000 0.000 0.000 0.000 0.000 0.828 -0.561 0.000 0.000 0.561 0.828 0.000 0.000 0.001 0.000 1.000]]
		[0.5 [1.000 0.000 0.000 0.000 0.000 0.830 -0.558 0.000 0.000 0.558 0.830 0.000 0.000 0.001 0.000 1.000]]
		[0.5166667 [1.000 0.000 0.000 0.000 0.000 0.832 -0.555 0.000 0.000 0.555 0.832 0.000 0.000 0.001 0.000 1.000]]
		[0.5333334 [1.000 0.000 0.000 0.000 0.000 0.834 -0.551 0.000 0.000 0.551 0.834 0.000 0.000 0.001 0.000 1.000]]
		[0.55 [1.000 0.000 0.000 0.000 0.000 0.837 -0.547 0.000 0.000 0.547 0.837 0.000 0.000 0.001 0.000 1.000]]
		[0.5666667 [1.000 0.000 0.000 0.000 0.000 0.839 -0.544 0.000 0.000 0.544 0.839 0.000 0.000 0.001 0.000 1.000]]
		[0.5833333 [1.000 0.000 0.000 0.000 0.000 0.842 -0.539 0.000 0.000 0.539 0.842 0.000 0.000 0.001 0.000 1.000]]
		[0.6 [1.000 0.000 0.000 0.000 0.000 0.845 -0.535 0.000 0.000 0.535 0.845 0.000 0.000 0.001 0.000 1.000]]
		[0.6166667 [1.000 0.000 0.000 0.000 0.000 0.847 -0.531 0.000 0.000 0.531 0.847 0.000 0.000 0.001 0.000 1.000]]
		[0.6333333 [1.000 0.000 0.000 0.000 0.000 0.850 -0.527 0.000 0.000 0.527 0.850 0.000 0.000 0.001 0.000 1.000]]
		[0.65 [1.000 0.000 0.000 0.000 0.000 0.852 -0.523 0.000 0.000 0.523 0.852 0.000 0.000 0.001 0.000 1.000]]
		[0.6666667 [1.000 0.000 0.000 0.000 0.000 0.855 -0.519 0.000 0.000 0.519 0.855 0.000 0.000 0.001 0.000 1.000]]
		[0.6833333 [1.000 0.000 0.000 0.000 0.000 0.857 -0.515 0.000 0.000 0.515 0.857 0.000 0.000 0.001 0.000 1.000]]
		[0.7 [1.000 0.000 0.000 0.000 0.000 0.860 -0.511 0.000 0.000 0.511 0.860 0.000 0.000 0.001 0.000 1.000]]
		[0.7166666 [1.000 0.000 0.000 0.000 0.000 0.862 -0.507 0.000 0.000 0.507 0.862 0.000 0.000 0.001 0.000 1.000]]
		[0.7333333 [1.000 0.000 0.000 0.000 0.000 0.864 -0.503 0.000 0.000 0.503 0.864 0.000 0.000 0.001 0.000 1.000]]
		[0.75 [1.000 0.000 0.000 0.000 0.000 0.866 -0.500 0.000 0.000 0.500 0.866 0.000 0.000 0.001 0.000 1.000]]
		[0.7666667 [1.000 0.000 0.000 0.000 0.000 0.868 -0.497 0.000 0.000 0.497 0.868 0.000 0.000 0.001 0.000 1.000]]
		[0.7833334 [1.000 0.000 0.000 0.000 0.000 0.870 -0.493 0.000 0.000 0.493 0.870 0.000 0.000 0.001 0.000 1.000]]
		[0.8 [1.000 0.000 0.000 0.000 0.000 0.872 -0.489 0.000 0.000 0.489 0.872 0.000 0.000 0.001 0.000 1.000]]
		[0.8166667 [1.000 0.000 0.000 0.000 0.000 0.875 -0.485 0.000 0.000 0.485 0.875 0.000 0.000 0.001 0.000 1.000]]
		[0.8333333 [1.000 0.000 0.000 0.000 0.000 0.877 -0.480 0.000 0.000 0.480 0.877 0.000 0.000 0.001 0.000 1.000]]
