{ :name "Walk" :length 1.5 :bones { 
	"Armature" [
		[0 [1.000 0.000 0.000 0.000 0.000 1.000 0.000 0.000 0.000 0.000 1.000 0.000 0.000 0.000 0.000 1.000]]
	]
	"Skelet" [
		[0 [1.000 0.000 0.000 0.000 0.000 1.000 0.000 0.000 0.000 0.000 1.000 0.000 0.000 0.000 0.000 1.000]]
		[0.01666667 [1.000 0.000 0.000 0.000 0.000 1.000 0.000 0.000 0.000 0.000 1.000 0.000 0.000 0.000 0.000 1.000]]
		[0.03333334 [1.000 0.000 0.000 0.000 0.000 1.000 0.000 0.000 0.000 0.000 1.000 0.000 0.000 0.000 0.000 1.000]]
		[0.05 [1.000 0.000 0.000 0.000 0.000 1.000 0.000 0.000 0.000 0.000 1.000 0.000 0.000 0.000 0.000 1.000]]
		[0.06666667 [1.000 0.000 0.000 0.000 0.000 1.000 0.000 0.000 0.000 0.000 1.000 0.000 0.000 0.000 0.000 1.000]]
		[0.08333334 [1.000 0.000 0.000 0.000 0.000 1.000 0.000 0.000 0.000 0.000 1.000 0.000 0.000 0.001 0.000 1.000]]
		[0.1 [1.000 0.000 0.000 0.000 0.000 1.000 0.000 0.000 0.000 0.000 1.000 0.000 0.000 0.001 0.000 1.000]]
		[0.1166667 [1.000 0.000 0.000 0.000 0.000 1.000 0.000 0.000 0.000 0.000 1.000 0.000 0.000 0.001 0.000 1.000]]
		[0.1333333 [1.000 0.000 0.000 0.000 0.000 1.000 0.000 0.000 0.000 0.000 1.000 0.000 0.000 0.001 0.000 1.000]]
		[0.15 [1.000 0.000 0.000 0.000 0.000 1.000 0.000 0.000 0.000 0.000 1.000 0.000 0.000 0.001 0.000 1.000]]
		[0.1666667 [1.000 0.000 0.000 0.000 0.000 1.000 0.000 0.000 0.000 0.000 1.000 0.000 0.000 0.001 0.000 1.000]]
		[0.1833333 [1.000 0.000 0.000 0.000 0.000 1.000 0.000 0.000 0.000 0.000 1.000 0.000 0.000 0.001 0.000 1.000]]
		[0.2 [1.000 0.000 0.000 0.000 0.000 1.000 0.000 0.000 0.000 0.000 1.000 0.000 0.000 0.001 0.000 1.000]]
		[0.2166667 [1.000 0.000 0.000 0.000 0.000 1.000 0.000 0.000 0.000 0.000 1.000 0.000 0.000 0.001 0.000 1.000]]
		[0.2333333 [1.000 0.000 0.000 0.000 0.000 1.000 0.000 0.000 0.000 0.000 1.000 0.000 0.000 0.001 0.000 1.000]]
		[0.25 [1.000 0.000 0.000 0.000 0.000 1.000 0.000 0.000 0.000 0.000 1.000 0.000 0.000 0.002 0.000 1.000]]
		[0.2666667 [1.000 0.000 0.000 0.000 0.000 1.000 0.000 0.000 0.000 0.000 1.000 0.000 0.000 0.002 0.000 1.000]]
		[0.2833333 [1.000 0.000 0.000 0.000 0.000 1.000 0.000 0.000 0.000 0.000 1.000 0.000 0.000 0.002 0.000 1.000]]
		[0.3 [1.000 0.000 0.000 0.000 0.000 1.000 0.000 0.000 0.000 0.000 1.000 0.000 0.000 0.002 0.000 1.000]]
		[0.3166667 [1.000 0.000 0.000 0.000 0.000 1.000 0.000 0.000 0.000 0.000 1.000 0.000 0.000 0.002 0.000 1.000]]
		[0.3333333 [1.000 0.000 0.000 0.000 0.000 1.000 0.000 0.000 0.000 0.000 1.000 0.000 0.000 0.002 0.000 1.000]]
		[0.35 [1.000 0.000 0.000 0.000 0.000 1.000 0.000 0.000 0.000 0.000 1.000 0.000 0.000 0.002 0.000 1.000]]
		[0.3666667 [1.000 0.000 0.000 0.000 0.000 1.000 0.000 0.000 0.000 0.000 1.000 0.000 0.000 0.002 0.000 1.000]]
		[0.3833333 [1.000 0.000 0.000 0.000 0.000 1.000 0.000 0.000 0.000 0.000 1.000 0.000 0.000 0.002 0.000 1.000]]
		[0.4 [1.000 0.000 0.000 0.000 0.000 1.000 0.000 0.000 0.000 0.000 1.000 0.000 0.000 0.002 0.000 1.000]]
		[0.4166667 [1.000 0.000 0.000 0.000 0.000 1.000 0.000 0.000 0.000 0.000 1.000 0.000 0.000 0.002 0.000 1.000]]
		[0.4333333 [1.000 0.000 0.000 0.000 0.000 1.000 0.000 0.000 0.000 0.000 1.000 0.000 0.000 0.002 0.000 1.000]]
		[0.45 [1.000 0.000 0.000 0.000 0.000 1.000 0.000 0.000 0.000 0.000 1.000 0.000 0.000 0.002 0.000 1.000]]
		[0.4666667 [1.000 0.000 0.000 0.000 0.000 1.000 0.000 0.000 0.000 0.000 1.000 0.000 0.000 0.002 0.000 1.000]]
		[0.4833333 [1.000 0.000 0.000 0.000 0.000 1.000 0.000 0.000 0.000 0.000 1.000 0.000 0.000 0.002 0.000 1.000]]
		[0.5 [1.000 0.000 0.000 0.000 0.000 1.000 0.000 0.000 0.000 0.000 1.000 0.000 0.000 0.002 0.000 1.000]]
		[0.5166667 [1.000 0.000 0.000 0.000 0.000 1.000 0.000 0.000 0.000 0.000 1.000 0.000 0.000 0.002 0.000 1.000]]
		[0.5333334 [1.000 0.000 0.000 0.000 0.000 1.000 0.000 0.000 0.000 0.000 1.000 0.000 0.000 0.002 0.000 1.000]]
		[0.55 [1.000 0.000 0.000 0.000 0.000 1.000 0.000 0.000 0.000 0.000 1.000 0.000 0.000 0.002 0.000 1.000]]
		[0.5666667 [1.000 0.000 0.000 0.000 0.000 1.000 0.000 0.000 0.000 0.000 1.000 0.000 0.000 0.002 0.000 1.000]]
		[0.5833333 [1.000 0.000 0.000 0.000 0.000 1.000 0.000 0.000 0.000 0.000 1.000 0.000 0.000 0.002 0.000 1.000]]
		[0.6 [1.000 0.000 0.000 0.000 0.000 1.000 0.000 0.000 0.000 0.000 1.000 0.000 0.000 0.002 0.000 1.000]]
		[0.6166667 [1.000 0.000 0.000 0.000 0.000 1.000 0.000 0.000 0.000 0.000 1.000 0.000 0.000 0.002 0.000 1.000]]
		[0.6333333 [1.000 0.000 0.000 0.000 0.000 1.000 0.000 0.000 0.000 0.000 1.000 0.000 0.000 0.002 0.000 1.000]]
		[0.65 [1.000 0.000 0.000 0.000 0.000 1.000 0.000 0.000 0.000 0.000 1.000 0.000 0.000 0.002 0.000 1.000]]
		[0.6666667 [1.000 0.000 0.000 0.000 0.000 1.000 0.000 0.000 0.000 0.000 1.000 0.000 0.000 0.002 0.000 1.000]]
		[0.6833333 [1.000 0.000 0.000 0.000 0.000 1.000 0.000 0.000 0.000 0.000 1.000 0.000 0.000 0.002 0.000 1.000]]
		[0.7 [1.000 0.000 0.000 0.000 0.000 1.000 0.000 0.000 0.000 0.000 1.000 0.000 0.000 0.002 0.000 1.000]]
		[0.7166666 [1.000 0.000 0.000 0.000 0.000 1.000 0.000 0.000 0.000 0.000 1.000 0.000 0.000 0.002 0.000 1.000]]
		[0.7333333 [1.000 0.000 0.000 0.000 0.000 1.000 0.000 0.000 0.000 0.000 1.000 0.000 0.000 0.002 0.000 1.000]]
		[0.75 [1.000 0.000 0.000 0.000 0.000 1.000 0.000 0.000 0.000 0.000 1.000 0.000 0.000 0.002 0.000 1.000]]
		[0.7666667 [1.000 0.000 0.000 0.000 0.000 1.000 0.000 0.000 0.000 0.000 1.000 0.000 0.000 0.002 0.000 1.000]]
		[0.7833334 [1.000 0.000 0.000 0.000 0.000 1.000 0.000 0.000 0.000 0.000 1.000 0.000 0.000 0.002 0.000 1.000]]
		[0.8 [1.000 0.000 0.000 0.000 0.000 1.000 0.000 0.000 0.000 0.000 1.000 0.000 0.000 0.002 0.000 1.000]]
		[0.8166667 [1.000 0.000 0.000 0.000 0.000 1.000 0.000 0.000 0.000 0.000 1.000 0.000 0.000 0.002 0.000 1.000]]
		[0.8333333 [1.000 0.000 0.000 0.000 0.000 1.000 0.000 0.000 0.000 0.000 1.000 0.000 0.000 0.002 0.000 1.000]]
		[0.85 [1.000 0.000 0.000 0.000 0.000 1.000 0.000 0.000 0.000 0.000 1.000 0.000 0.000 0.002 0.000 1.000]]
		[0.8666667 [1.000 0.000 0.000 0.000 0.000 1.000 0.000 0.000 0.000 0.000 1.000 0.000 0.000 0.001 0.000 1.000]]
		[0.8833333 [1.000 0.000 0.000 0.000 0.000 1.000 0.000 0.000 0.000 0.000 1.000 0.000 0.000 0.001 0.000 1.000]]
		[0.9 [1.000 0.000 0.000 0.000 0.000 1.000 0.000 0.000 0.000 0.000 1.000 0.000 0.000 0.001 0.000 1.000]]
		[0.9166667 [1.000 0.000 0.000 0.000 0.000 1.000 0.000 0.000 0.000 0.000 1.000 0.000 0.000 0.001 0.000 1.000]]
		[0.9333333 [1.000 0.000 0.000 0.000 0.000 1.000 0.000 0.000 0.000 0.000 1.000 0.000 0.000 0.001 0.000 1.000]]
		[0.95 [1.000 0.000 0.000 0.000 0.000 1.000 0.000 0.000 0.000 0.000 1.000 0.000 0.000 0.001 0.000 1.000]]
		[0.9666666 [1.000 0.000 0.000 0.000 0.000 1.000 0.000 0.000 0.000 0.000 1.000 0.000 0.000 0.001 0.000 1.000]]
		[0.9833333 [1.000 0.000 0.000 0.000 0.000 1.000 0.000 0.000 0.000 0.000 1.000 0.000 0.000 0.001 0.000 1.000]]
	]
	"Bedro_L" [
		[0 [0.912 -0.411 0.009 0.000 0.411 0.911 -0.025 0.000 0.002 0.027 1.000 0.000 0.000 0.000 0.000 1.000]]
		[0.01666667 [0.913 -0.407 0.009 0.000 0.407 0.913 -0.025 0.000 0.002 0.027 1.000 0.000 0.000 0.000 0.000 1.000]]
		[0.03333334 [0.915 -0.403 0.009 0.000 0.403 0.915 -0.025 0.000 0.002 0.027 1.000 0.000 0.000 0.000 0.000 1.000]]
		[0.05 [0.917 -0.398 0.009 0.000 0.398 0.917 -0.025 0.000 0.002 0.027 1.000 0.000 0.000 0.000 0.000 1.000]]
		[0.06666667 [0.919 -0.393 0.009 0.000 0.393 0.919 -0.025 0.000 0.002 0.027 1.000 0.000 0.000 0.000 0.000 1.000]]
		[0.08333334 [0.921 -0.388 0.009 0.000 0.389 0.921 -0.025 0.000 0.002 0.027 1.000 0.000 0.000 0.000 0.000 1.000]]
		[0.1 [0.923 -0.384 0.008 0.000 0.384 0.923 -0.025 0.000 0.002 0.027 1.000 0.000 0.000 0.000 0.000 1.000]]
		[0.1166667 [0.926 -0.378 0.008 0.000 0.379 0.925 -0.025 0.000 0.002 0.027 1.000 0.000 0.000 0.000 0.000 1.000]]
		[0.1333333 [0.928 -0.373 0.008 0.000 0.374 0.927 -0.026 0.000 0.002 0.027 1.000 0.000 0.000 0.000 0.000 1.000]]
		[0.15 [0.930 -0.368 0.008 0.000 0.369 0.929 -0.026 0.000 0.002 0.027 1.000 0.000 0.000 0.000 0.000 1.000]]
		[0.1666667 [0.932 -0.364 0.008 0.000 0.364 0.931 -0.026 0.000 0.002 0.027 1.000 0.000 0.000 0.000 0.000 1.000]]
		[0.1833333 [0.933 -0.359 0.008 0.000 0.359 0.933 -0.026 0.000 0.002 0.027 1.000 0.000 0.000 0.000 0.000 1.000]]
		[0.2 [0.935 -0.354 0.008 0.000 0.354 0.935 -0.026 0.000 0.002 0.027 1.000 0.000 0.000 0.000 0.000 1.000]]
		[0.2166667 [0.937 -0.350 0.007 0.000 0.350 0.936 -0.026 0.000 0.002 0.027 1.000 0.000 0.000 0.000 0.000 1.000]]
		[0.2333333 [0.938 -0.346 0.007 0.000 0.346 0.938 -0.026 0.000 0.002 0.027 1.000 0.000 0.000 0.000 0.000 1.000]]
		[0.25 [0.940 -0.342 0.007 0.000 0.342 0.939 -0.026 0.000 0.002 0.027 1.000 0.000 0.000 0.000 0.000 1.000]]
		[0.2666667 [0.941 -0.339 0.007 0.000 0.339 0.941 -0.026 0.000 0.002 0.027 1.000 0.000 0.000 0.000 0.000 1.000]]
		[0.2833333 [0.942 -0.336 0.007 0.000 0.336 0.942 -0.026 0.000 0.002 0.027 1.000 0.000 0.000 0.000 0.000 1.000]]
		[0.3 [0.943 -0.333 0.007 0.000 0.333 0.942 -0.026 0.000 0.002 0.027 1.000 0.000 0.000 0.000 0.000 1.000]]
		[0.3166667 [0.943 -0.332 0.007 0.000 0.332 0.943 -0.026 0.000 0.002 0.027 1.000 0.000 0.000 0.000 0.000 1.000]]
		[0.3333333 [0.944 -0.330 0.007 0.000 0.330 0.943 -0.026 0.000 0.002 0.027 1.000 0.000 0.000 0.000 0.000 1.000]]
		[0.35 [0.944 -0.330 0.007 0.000 0.330 0.944 -0.026 0.000 0.002 0.027 1.000 0.000 0.000 0.000 0.000 1.000]]
		[0.3666667 [0.944 -0.330 0.007 0.000 0.330 0.944 -0.026 0.000 0.002 0.027 1.000 0.000 0.000 0.000 0.000 1.000]]
		[0.3833333 [0.944 -0.330 0.007 0.000 0.330 0.943 -0.026 0.000 0.002 0.027 1.000 0.000 0.000 0.000 0.000 1.000]]
		[0.4 [0.943 -0.332 0.007 0.000 0.332 0.943 -0.026 0.000 0.002 0.027 1.000 0.000 0.000 0.000 0.000 1.000]]
		[0.4166667 [0.943 -0.333 0.007 0.000 0.333 0.942 -0.026 0.000 0.002 0.027 1.000 0.000 0.000 0.000 0.000 1.000]]
		[0.4333333 [0.942 -0.335 0.007 0.000 0.335 0.942 -0.026 0.000 0.002 0.027 1.000 0.000 0.000 0.000 0.000 1.000]]
		[0.45 [0.941 -0.338 0.007 0.000 0.338 0.941 -0.026 0.000 0.002 0.027 1.000 0.000 0.000 0.000 0.000 1.000]]
		[0.4666667 [0.940 -0.341 0.007 0.000 0.341 0.940 -0.026 0.000 0.002 0.027 1.000 0.000 0.000 0.000 0.000 1.000]]
		[0.4833333 [0.939 -0.344 0.007 0.000 0.344 0.939 -0.026 0.000 0.002 0.027 1.000 0.000 0.000 0.000 0.000 1.000]]
		[0.5 [0.938 -0.347 0.007 0.000 0.347 0.937 -0.026 0.000 0.002 0.027 1.000 0.000 0.000 0.000 0.000 1.000]]
		[0.5166667 [0.936 -0.351 0.008 0.000 0.351 0.936 -0.026 0.000 0.002 0.027 1.000 0.000 0.000 0.000 0.000 1.000]]
		[0.5333334 [0.935 -0.355 0.008 0.000 0.355 0.934 -0.026 0.000 0.002 0.027 1.000 0.000 0.000 0.000 0.000 1.000]]
		[0.55 [0.933 -0.359 0.008 0.000 0.359 0.933 -0.026 0.000 0.002 0.027 1.000 0.000 0.000 0.000 0.000 1.000]]
		[0.5666667 [0.931 -0.364 0.008 0.000 0.364 0.931 -0.026 0.000 0.002 0.027 1.000 0.000 0.000 0.000 0.000 1.000]]
		[0.5833333 [0.930 -0.368 0.008 0.000 0.368 0.929 -0.026 0.000 0.002 0.027 1.000 0.000 0.000 0.000 0.000 1.000]]
		[0.6 [0.928 -0.373 0.008 0.000 0.373 0.928 -0.026 0.000 0.002 0.027 1.000 0.000 0.000 0.000 0.000 1.000]]
		[0.6166667 [0.926 -0.377 0.008 0.000 0.377 0.926 -0.025 0.000 0.002 0.027 1.000 0.000 0.000 0.000 0.000 1.000]]
		[0.6333333 [0.924 -0.382 0.008 0.000 0.382 0.924 -0.025 0.000 0.002 0.027 1.000 0.000 0.000 0.000 0.000 1.000]]
		[0.65 [0.922 -0.386 0.008 0.000 0.386 0.922 -0.025 0.000 0.002 0.027 1.000 0.000 0.000 0.000 0.000 1.000]]
		[0.6666667 [0.920 -0.391 0.009 0.000 0.391 0.920 -0.025 0.000 0.002 0.027 1.000 0.000 0.000 0.000 0.000 1.000]]
		[0.6833333 [0.919 -0.395 0.009 0.000 0.395 0.918 -0.025 0.000 0.002 0.027 1.000 0.000 0.000 0.000 0.000 1.000]]
		[0.7 [0.917 -0.399 0.009 0.000 0.399 0.916 -0.025 0.000 0.002 0.027 1.000 0.000 0.000 0.000 0.000 1.000]]
		[0.7166666 [0.915 -0.403 0.009 0.000 0.403 0.915 -0.025 0.000 0.002 0.027 1.000 0.000 0.000 0.000 0.000 1.000]]
		[0.7333333 [0.913 -0.407 0.009 0.000 0.407 0.913 -0.025 0.000 0.002 0.027 1.000 0.000 0.000 0.000 0.000 1.000]]
		[0.75 [0.912 -0.411 0.009 0.000 0.411 0.911 -0.025 0.000 0.002 0.027 1.000 0.000 0.000 0.000 0.000 1.000]]
		[0.7666667 [0.910 -0.414 0.009 0.000 0.414 0.910 -0.025 0.000 0.002 0.027 1.000 0.000 0.000 0.000 0.000 1.000]]
		[0.7833334 [0.908 -0.418 0.009 0.000 0.418 0.908 -0.025 0.000 0.002 0.027 1.000 0.000 0.000 0.000 0.000 1.000]]
		[0.8 [0.906 -0.422 0.009 0.000 0.422 0.906 -0.025 0.000 0.002 0.027 1.000 0.000 0.000 0.000 0.000 1.000]]
		[0.8166667 [0.904 -0.427 0.010 0.000 0.427 0.904 -0.025 0.000 0.002 0.027 1.000 0.000 0.000 0.000 0.000 1.000]]
		[0.8333333 [0.902 -0.431 0.010 0.000 0.431 0.902 -0.025 0.000 0.002 0.027 1.000 0.000 0.000 0.000 0.000 1.000]]
		[0.85 [0.900 -0.436 0.010 0.000 0.436 0.900 -0.025 0.000 0.002 0.027 1.000 0.000 0.000 0.000 0.000 1.000]]
		[0.8666667 [0.898 -0.440 0.010 0.000 0.440 0.897 -0.025 0.000 0.002 0.027 1.000 0.000 0.000 0.000 0.000 1.000]]
		[0.8833333 [0.896 -0.445 0.010 0.000 0.445 0.895 -0.025 0.000 0.002 0.027 1.000 0.000 0.000 0.000 0.000 1.000]]
		[0.9 [0.893 -0.449 0.010 0.000 0.450 0.893 -0.025 0.000 0.002 0.027 1.000 0.000 0.000 0.000 0.000 1.000]]
		[0.9166667 [0.891 -0.454 0.010 0.000 0.454 0.891 -0.025 0.000 0.002 0.027 1.000 0.000 0.000 0.000 0.000 1.000]]
		[0.9333333 [0.889 -0.458 0.010 0.000 0.459 0.888 -0.025 0.000 0.002 0.027 1.000 0.000 0.000 0.000 0.000 1.000]]
		[0.95 [0.886 -0.463 0.011 0.000 0.463 0.886 -0.025 0.000 0.002 0.027 1.000 0.000 0.000 0.000 0.000 1.000]]
		[0.9666666 [0.884 -0.467 0.011 0.000 0.467 0.884 -0.025 0.000 0.002 0.027 1.000 0.000 0.000 0.000 0.000 1.000]]
		[0.9833333 [0.882 -0.471 0.011 0.000 0.471 0.882 -0.024 0.000 0.002 0.027 1.000 0.000 0.000 0.000 0.000 1.000]]
	]
	"Koleno_L" [
		[0 [0.850 0.527 0.001 0.000 -0.527 0.850 -0.001 0.000 -0.001 0.000 1.000 0.000 0.000 0.000 0.000 1.000]]
		[0.01666667 [0.854 0.520 0.001 0.000 -0.520 0.854 -0.001 0.000 -0.001 0.000 1.000 0.000 0.000 0.000 0.000 1.000]]
		[0.03333334 [0.859 0.512 0.001 0.000 -0.512 0.859 -0.001 0.000 -0.001 0.000 1.000 0.000 0.000 0.000 0.000 1.000]]
		[0.05 [0.864 0.504 0.001 0.000 -0.504 0.864 -0.001 0.000 -0.001 0.000 1.000 0.000 0.000 0.000 0.000 1.000]]
		[0.06666667 [0.869 0.495 0.001 0.000 -0.495 0.869 -0.001 0.000 -0.001 0.000 1.000 0.000 0.000 0.000 0.000 1.000]]
		[0.08333334 [0.874 0.485 0.001 0.000 -0.485 0.874 0.000 0.000 -0.001 0.000 1.000 0.000 0.000 0.000 0.000 1.000]]
		[0.1 [0.879 0.476 0.001 0.000 -0.476 0.879 0.000 0.000 -0.001 0.000 1.000 0.000 0.000 0.000 0.000 1.000]]
		[0.1166667 [0.885 0.466 0.001 0.000 -0.466 0.885 0.000 0.000 -0.001 0.000 1.000 0.000 0.000 0.000 0.000 1.000]]
		[0.1333333 [0.890 0.457 0.001 0.000 -0.457 0.890 0.000 0.000 -0.001 0.000 1.000 0.000 0.000 0.000 0.000 1.000]]
		[0.15 [0.894 0.447 0.001 0.000 -0.447 0.894 0.000 0.000 -0.001 0.000 1.000 0.000 0.000 0.000 0.000 1.000]]
		[0.1666667 [0.899 0.438 0.001 0.000 -0.438 0.899 0.000 0.000 -0.001 0.000 1.000 0.000 0.000 0.000 0.000 1.000]]
		[0.1833333 [0.904 0.428 0.001 0.000 -0.428 0.904 0.000 0.000 -0.001 0.000 1.000 0.000 0.000 0.000 0.000 1.000]]
		[0.2 [0.908 0.420 0.001 0.000 -0.420 0.908 0.000 0.000 -0.001 0.000 1.000 0.000 0.000 0.000 0.000 1.000]]
		[0.2166667 [0.912 0.411 0.001 0.000 -0.411 0.912 0.000 0.000 -0.001 0.000 1.000 0.000 0.000 0.000 0.000 1.000]]
		[0.2333333 [0.915 0.403 0.001 0.000 -0.403 0.915 0.000 0.000 -0.001 0.000 1.000 0.000 0.000 0.000 0.000 1.000]]
		[0.25 [0.918 0.396 0.001 0.000 -0.396 0.918 0.000 0.000 -0.001 0.000 1.000 0.000 0.000 0.000 0.000 1.000]]
		[0.2666667 [0.921 0.389 0.001 0.000 -0.389 0.921 0.000 0.000 -0.001 0.000 1.000 0.000 0.000 0.000 0.000 1.000]]
		[0.2833333 [0.923 0.384 0.001 0.000 -0.384 0.923 0.000 0.000 -0.001 0.000 1.000 0.000 0.000 0.000 0.000 1.000]]
		[0.3 [0.925 0.379 0.001 0.000 -0.379 0.925 0.000 0.000 -0.001 0.000 1.000 0.000 0.000 0.000 0.000 1.000]]
		[0.3166667 [0.927 0.375 0.001 0.000 -0.375 0.927 0.000 0.000 -0.001 0.000 1.000 0.000 0.000 0.000 0.000 1.000]]
		[0.3333333 [0.928 0.373 0.001 0.000 -0.373 0.928 0.000 0.000 -0.001 0.000 1.000 0.000 0.000 0.000 0.000 1.000]]
		[0.35 [0.928 0.372 0.001 0.000 -0.372 0.928 0.000 0.000 -0.001 0.000 1.000 0.000 0.000 0.000 0.000 1.000]]
		[0.3666667 [0.928 0.372 0.001 0.000 -0.372 0.928 0.000 0.000 -0.001 0.000 1.000 0.000 0.000 0.000 0.000 1.000]]
		[0.3833333 [0.928 0.373 0.001 0.000 -0.373 0.928 0.000 0.000 -0.001 0.000 1.000 0.000 0.000 0.000 0.000 1.000]]
		[0.4 [0.927 0.374 0.001 0.000 -0.374 0.927 0.000 0.000 -0.001 0.000 1.000 0.000 0.000 0.000 0.000 1.000]]
		[0.4166667 [0.926 0.377 0.001 0.000 -0.377 0.926 0.000 0.000 -0.001 0.000 1.000 0.000 0.000 0.000 0.000 1.000]]
		[0.4333333 [0.925 0.380 0.001 0.000 -0.380 0.925 0.000 0.000 -0.001 0.000 1.000 0.000 0.000 0.000 0.000 1.000]]
		[0.45 [0.923 0.384 0.001 0.000 -0.384 0.923 0.000 0.000 -0.001 0.000 1.000 0.000 0.000 0.000 0.000 1.000]]
		[0.4666667 [0.922 0.388 0.001 0.000 -0.388 0.922 0.000 0.000 -0.001 0.000 1.000 0.000 0.000 0.000 0.000 1.000]]
		[0.4833333 [0.919 0.393 0.001 0.000 -0.393 0.919 0.000 0.000 -0.001 0.000 1.000 0.000 0.000 0.000 0.000 1.000]]
		[0.5 [0.917 0.399 0.001 0.000 -0.399 0.917 0.000 0.000 -0.001 0.000 1.000 0.000 0.000 0.000 0.000 1.000]]
		[0.5166667 [0.914 0.405 0.001 0.000 -0.405 0.914 0.000 0.000 -0.001 0.000 1.000 0.000 0.000 0.000 0.000 1.000]]
		[0.5333334 [0.911 0.412 0.001 0.000 -0.412 0.911 0.000 0.000 -0.001 0.000 1.000 0.000 0.000 0.000 0.000 1.000]]
		[0.55 [0.908 0.419 0.001 0.000 -0.419 0.908 0.000 0.000 -0.001 0.000 1.000 0.000 0.000 0.000 0.000 1.000]]
		[0.5666667 [0.904 0.427 0.001 0.000 -0.427 0.904 0.000 0.000 -0.001 0.000 1.000 0.000 0.000 0.000 0.000 1.000]]
		[0.5833333 [0.901 0.435 0.001 0.000 -0.435 0.901 0.000 0.000 -0.001 0.000 1.000 0.000 0.000 0.000 0.000 1.000]]
		[0.6 [0.896 0.443 0.001 0.000 -0.443 0.896 0.000 0.000 -0.001 0.000 1.000 0.000 0.000 0.000 0.000 1.000]]
		[0.6166667 [0.892 0.452 0.001 0.000 -0.452 0.892 0.000 0.000 -0.001 0.000 1.000 0.000 0.000 0.000 0.000 1.000]]
		[0.6333333 [0.888 0.461 0.001 0.000 -0.461 0.888 0.000 0.000 -0.001 0.000 1.000 0.000 0.000 0.000 0.000 1.000]]
		[0.65 [0.883 0.470 0.001 0.000 -0.470 0.883 0.000 0.000 -0.001 0.000 1.000 0.000 0.000 0.000 0.000 1.000]]
		[0.6666667 [0.878 0.479 0.001 0.000 -0.479 0.878 0.000 0.000 -0.001 0.000 1.000 0.000 0.000 0.000 0.000 1.000]]
		[0.6833333 [0.872 0.489 0.001 0.000 -0.489 0.872 0.000 0.000 -0.001 0.000 1.000 0.000 0.000 0.000 0.000 1.000]]
		[0.7 [0.867 0.498 0.001 0.000 -0.498 0.867 -0.001 0.000 -0.001 0.000 1.000 0.000 0.000 0.000 0.000 1.000]]
		[0.7166666 [0.861 0.508 0.001 0.000 -0.508 0.861 -0.001 0.000 -0.001 0.000 1.000 0.000 0.000 0.000 0.000 1.000]]
		[0.7333333 [0.856 0.518 0.001 0.000 -0.518 0.856 -0.001 0.000 -0.001 0.000 1.000 0.000 0.000 0.000 0.000 1.000]]
		[0.75 [0.850 0.527 0.001 0.000 -0.527 0.850 -0.001 0.000 -0.001 0.000 1.000 0.000 0.000 0.000 0.000 1.000]]
		[0.7666667 [0.843 0.538 0.001 0.000 -0.538 0.843 -0.001 0.000 -0.001 0.000 1.000 0.000 0.000 0.000 0.000 1.000]]
		[0.7833334 [0.835 0.550 0.001 0.000 -0.550 0.835 -0.001 0.000 -0.001 0.000 1.000 0.000 0.000 0.000 0.000 1.000]]
		[0.8 [0.826 0.563 0.001 0.000 -0.563 0.826 -0.001 0.000 -0.001 0.000 1.000 0.000 0.000 0.000 0.000 1.000]]
		[0.8166667 [0.816 0.577 0.001 0.000 -0.577 0.816 -0.001 0.000 -0.001 0.000 1.000 0.000 0.000 0.000 0.000 1.000]]
		[0.8333333 [0.806 0.592 0.001 0.000 -0.592 0.806 -0.001 0.000 -0.001 0.000 1.000 0.000 0.000 0.000 0.000 1.000]]
		[0.85 [0.794 0.608 0.001 0.000 -0.608 0.794 -0.001 0.000 -0.001 0.000 1.000 0.000 0.000 0.000 0.000 1.000]]
		[0.8666667 [0.781 0.624 0.001 0.000 -0.624 0.781 -0.001 0.000 -0.001 0.000 1.000 0.000 0.000 0.000 0.000 1.000]]
		[0.8833333 [0.768 0.640 0.001 0.000 -0.640 0.768 -0.001 0.000 -0.001 0.000 1.000 0.000 0.000 0.000 0.000 1.000]]
		[0.9 [0.755 0.656 0.001 0.000 -0.656 0.755 -0.001 0.000 -0.001 0.000 1.000 0.000 0.000 0.000 0.000 1.000]]
		[0.9166667 [0.741 0.672 0.001 0.000 -0.672 0.741 -0.001 0.000 -0.001 0.000 1.000 0.000 0.000 0.000 0.000 1.000]]
		[0.9333333 [0.727 0.687 0.001 0.000 -0.687 0.727 -0.001 0.000 -0.001 0.000 1.000 0.000 0.000 0.000 0.000 1.000]]
		[0.95 [0.713 0.701 0.000 0.000 -0.701 0.713 -0.001 0.000 -0.001 0.000 1.000 0.000 0.000 0.000 0.000 1.000]]
		[0.9666666 [0.699 0.715 0.000 0.000 -0.715 0.699 -0.001 0.000 -0.001 0.000 1.000 0.000 0.000 0.000 0.000 1.000]]
		[0.9833333 [0.685 0.728 0.000 0.000 -0.728 0.685 -0.001 0.000 -0.001 0.000 1.000 0.000 0.000 0.000 0.000 1.000]]
	]
	"Koleno_L_end" [
		[0 [1.000 0.000 0.000 0.000 0.000 1.000 0.000 0.000 0.000 0.000 1.000 0.000 0.000 0.000 0.000 1.000]]
	]
	"Bedro_P" [
		[0 [0.962 0.271 0.005 0.000 -0.272 0.962 0.026 0.000 0.002 -0.027 1.000 0.000 0.000 0.000 0.000 1.000]]
		[0.01666667 [0.961 0.276 0.005 0.000 -0.276 0.961 0.026 0.000 0.002 -0.027 1.000 0.000 0.000 0.000 0.000 1.000]]
		[0.03333334 [0.960 0.280 0.006 0.000 -0.280 0.960 0.026 0.000 0.002 -0.027 1.000 0.000 0.000 0.000 0.000 1.000]]
		[0.05 [0.959 0.285 0.006 0.000 -0.285 0.958 0.026 0.000 0.002 -0.027 1.000 0.000 0.000 0.000 0.000 1.000]]
		[0.06666667 [0.957 0.290 0.006 0.000 -0.290 0.957 0.026 0.000 0.002 -0.027 1.000 0.000 0.000 0.000 0.000 1.000]]
		[0.08333334 [0.956 0.295 0.006 0.000 -0.295 0.955 0.026 0.000 0.002 -0.027 1.000 0.000 0.000 0.000 0.000 1.000]]
		[0.1 [0.954 0.300 0.006 0.000 -0.300 0.954 0.026 0.000 0.002 -0.027 1.000 0.000 0.000 0.000 0.000 1.000]]
		[0.1166667 [0.952 0.305 0.006 0.000 -0.305 0.952 0.026 0.000 0.002 -0.027 1.000 0.000 0.000 0.000 0.000 1.000]]
		[0.1333333 [0.951 0.310 0.006 0.000 -0.310 0.950 0.026 0.000 0.002 -0.027 1.000 0.000 0.000 0.000 0.000 1.000]]
		[0.15 [0.949 0.315 0.007 0.000 -0.315 0.949 0.026 0.000 0.002 -0.027 1.000 0.000 0.000 0.000 0.000 1.000]]
		[0.1666667 [0.947 0.320 0.007 0.000 -0.320 0.947 0.026 0.000 0.002 -0.027 1.000 0.000 0.000 0.000 0.000 1.000]]
		[0.1833333 [0.946 0.325 0.007 0.000 -0.325 0.945 0.026 0.000 0.002 -0.027 1.000 0.000 0.000 0.000 0.000 1.000]]
		[0.2 [0.944 0.330 0.007 0.000 -0.330 0.944 0.026 0.000 0.002 -0.027 1.000 0.000 0.000 0.000 0.000 1.000]]
		[0.2166667 [0.942 0.334 0.007 0.000 -0.334 0.942 0.026 0.000 0.002 -0.027 1.000 0.000 0.000 0.000 0.000 1.000]]
		[0.2333333 [0.941 0.338 0.007 0.000 -0.338 0.941 0.026 0.000 0.002 -0.027 1.000 0.000 0.000 0.000 0.000 1.000]]
		[0.25 [0.940 0.342 0.007 0.000 -0.342 0.939 0.026 0.000 0.002 -0.027 1.000 0.000 0.000 0.000 0.000 1.000]]
		[0.2666667 [0.938 0.345 0.007 0.000 -0.346 0.938 0.026 0.000 0.002 -0.027 1.000 0.000 0.000 0.000 0.000 1.000]]
		[0.2833333 [0.937 0.348 0.007 0.000 -0.348 0.937 0.026 0.000 0.002 -0.027 1.000 0.000 0.000 0.000 0.000 1.000]]
		[0.3 [0.936 0.351 0.008 0.000 -0.351 0.936 0.026 0.000 0.002 -0.027 1.000 0.000 0.000 0.000 0.000 1.000]]
		[0.3166667 [0.936 0.352 0.008 0.000 -0.353 0.935 0.026 0.000 0.002 -0.027 1.000 0.000 0.000 0.000 0.000 1.000]]
		[0.3333333 [0.935 0.354 0.008 0.000 -0.354 0.935 0.026 0.000 0.002 -0.027 1.000 0.000 0.000 0.000 0.000 1.000]]
		[0.35 [0.935 0.354 0.008 0.000 -0.354 0.935 0.026 0.000 0.002 -0.027 1.000 0.000 0.000 0.000 0.000 1.000]]
		[0.3666667 [0.935 0.354 0.008 0.000 -0.354 0.935 0.026 0.000 0.002 -0.027 1.000 0.000 0.000 0.000 0.000 1.000]]
		[0.3833333 [0.935 0.354 0.008 0.000 -0.354 0.935 0.026 0.000 0.002 -0.027 1.000 0.000 0.000 0.000 0.000 1.000]]
		[0.4 [0.936 0.353 0.008 0.000 -0.353 0.935 0.026 0.000 0.002 -0.027 1.000 0.000 0.000 0.000 0.000 1.000]]
		[0.4166667 [0.936 0.351 0.008 0.000 -0.351 0.936 0.026 0.000 0.002 -0.027 1.000 0.000 0.000 0.000 0.000 1.000]]
		[0.4333333 [0.937 0.349 0.007 0.000 -0.349 0.937 0.026 0.000 0.002 -0.027 1.000 0.000 0.000 0.000 0.000 1.000]]
		[0.45 [0.938 0.346 0.007 0.000 -0.346 0.938 0.026 0.000 0.002 -0.027 1.000 0.000 0.000 0.000 0.000 1.000]]
		[0.4666667 [0.939 0.343 0.007 0.000 -0.344 0.939 0.026 0.000 0.002 -0.027 1.000 0.000 0.000 0.000 0.000 1.000]]
		[0.4833333 [0.940 0.340 0.007 0.000 -0.340 0.940 0.026 0.000 0.002 -0.027 1.000 0.000 0.000 0.000 0.000 1.000]]
		[0.5 [0.942 0.337 0.007 0.000 -0.337 0.941 0.026 0.000 0.002 -0.027 1.000 0.000 0.000 0.000 0.000 1.000]]
		[0.5166667 [0.943 0.333 0.007 0.000 -0.333 0.943 0.026 0.000 0.002 -0.027 1.000 0.000 0.000 0.000 0.000 1.000]]
		[0.5333334 [0.944 0.329 0.007 0.000 -0.329 0.944 0.026 0.000 0.002 -0.027 1.000 0.000 0.000 0.000 0.000 1.000]]
		[0.55 [0.946 0.325 0.007 0.000 -0.325 0.945 0.026 0.000 0.002 -0.027 1.000 0.000 0.000 0.000 0.000 1.000]]
		[0.5666667 [0.947 0.320 0.007 0.000 -0.320 0.947 0.026 0.000 0.002 -0.027 1.000 0.000 0.000 0.000 0.000 1.000]]
		[0.5833333 [0.949 0.316 0.007 0.000 -0.316 0.948 0.026 0.000 0.002 -0.027 1.000 0.000 0.000 0.000 0.000 1.000]]
		[0.6 [0.950 0.311 0.006 0.000 -0.311 0.950 0.026 0.000 0.002 -0.027 1.000 0.000 0.000 0.000 0.000 1.000]]
		[0.6166667 [0.952 0.306 0.006 0.000 -0.306 0.952 0.026 0.000 0.002 -0.027 1.000 0.000 0.000 0.000 0.000 1.000]]
		[0.6333333 [0.953 0.302 0.006 0.000 -0.302 0.953 0.026 0.000 0.002 -0.027 1.000 0.000 0.000 0.000 0.000 1.000]]
		[0.65 [0.955 0.297 0.006 0.000 -0.297 0.955 0.026 0.000 0.002 -0.027 1.000 0.000 0.000 0.000 0.000 1.000]]
		[0.6666667 [0.956 0.292 0.006 0.000 -0.292 0.956 0.026 0.000 0.002 -0.027 1.000 0.000 0.000 0.000 0.000 1.000]]
		[0.6833333 [0.958 0.288 0.006 0.000 -0.288 0.957 0.026 0.000 0.002 -0.027 1.000 0.000 0.000 0.000 0.000 1.000]]
		[0.7 [0.959 0.283 0.006 0.000 -0.284 0.959 0.026 0.000 0.002 -0.027 1.000 0.000 0.000 0.000 0.000 1.000]]
		[0.7166666 [0.960 0.279 0.006 0.000 -0.279 0.960 0.026 0.000 0.002 -0.027 1.000 0.000 0.000 0.000 0.000 1.000]]
		[0.7333333 [0.961 0.275 0.005 0.000 -0.275 0.961 0.026 0.000 0.002 -0.027 1.000 0.000 0.000 0.000 0.000 1.000]]
		[0.75 [0.962 0.271 0.005 0.000 -0.272 0.962 0.026 0.000 0.002 -0.027 1.000 0.000 0.000 0.000 0.000 1.000]]
		[0.7666667 [0.963 0.268 0.005 0.000 -0.268 0.963 0.026 0.000 0.002 -0.027 1.000 0.000 0.000 0.000 0.000 1.000]]
		[0.7833334 [0.965 0.264 0.005 0.000 -0.264 0.964 0.026 0.000 0.002 -0.027 1.000 0.000 0.000 0.000 0.000 1.000]]
		[0.8 [0.966 0.259 0.005 0.000 -0.259 0.965 0.026 0.000 0.002 -0.027 1.000 0.000 0.000 0.000 0.000 1.000]]
		[0.8166667 [0.967 0.255 0.005 0.000 -0.255 0.967 0.026 0.000 0.002 -0.027 1.000 0.000 0.000 0.000 0.000 1.000]]
		[0.8333333 [0.968 0.250 0.005 0.000 -0.250 0.968 0.026 0.000 0.002 -0.027 1.000 0.000 0.000 0.000 0.000 1.000]]
		[0.85 [0.970 0.245 0.005 0.000 -0.245 0.969 0.026 0.000 0.002 -0.027 1.000 0.000 0.000 0.000 0.000 1.000]]
		[0.8666667 [0.971 0.240 0.004 0.000 -0.240 0.970 0.027 0.000 0.002 -0.027 1.000 0.000 0.000 0.000 0.000 1.000]]
		[0.8833333 [0.972 0.235 0.004 0.000 -0.235 0.972 0.027 0.000 0.002 -0.027 1.000 0.000 0.000 0.000 0.000 1.000]]
		[0.9 [0.973 0.230 0.004 0.000 -0.230 0.973 0.027 0.000 0.002 -0.027 1.000 0.000 0.000 0.000 0.000 1.000]]
		[0.9166667 [0.974 0.225 0.004 0.000 -0.225 0.974 0.027 0.000 0.002 -0.027 1.000 0.000 0.000 0.000 0.000 1.000]]
		[0.9333333 [0.975 0.220 0.004 0.000 -0.220 0.975 0.027 0.000 0.002 -0.027 1.000 0.000 0.000 0.000 0.000 1.000]]
		[0.95 [0.977 0.215 0.004 0.000 -0.215 0.976 0.027 0.000 0.002 -0.027 1.000 0.000 0.000 0.000 0.000 1.000]]
		[0.9666666 [0.977 0.211 0.004 0.000 -0.211 0.977 0.027 0.000 0.002 -0.027 1.000 0.000 0.000 0.000 0.000 1.000]]
		[0.9833333 [0.978 0.207 0.004 0.000 -0.207 0.978 0.027 0.000 0.002 -0.027 1.000 0.000 0.000 0.000 0.000 1.000]]
	]
	"Koleno_P" [
		[0 [0.142 0.990 0.012 0.000 -0.990 0.142 -0.005 0.000 -0.007 -0.011 1.000 0.000 0.000 0.000 0.000 1.000]]
		[0.01666667 [0.142 0.990 0.012 0.000 -0.990 0.142 -0.005 0.000 -0.007 -0.011 1.000 0.000 0.000 0.000 0.000 1.000]]
		[0.03333334 [0.142 0.990 0.012 0.000 -0.990 0.142 -0.005 0.000 -0.007 -0.011 1.000 0.000 0.000 0.000 0.000 1.000]]
		[0.05 [0.142 0.990 0.012 0.000 -0.990 0.142 -0.005 0.000 -0.007 -0.011 1.000 0.000 0.000 0.000 0.000 1.000]]
		[0.06666667 [0.142 0.990 0.012 0.000 -0.990 0.142 -0.005 0.000 -0.007 -0.011 1.000 0.000 0.000 0.000 0.000 1.000]]
		[0.08333334 [0.142 0.990 0.012 0.000 -0.990 0.142 -0.005 0.000 -0.007 -0.011 1.000 0.000 0.000 0.000 0.000 1.000]]
		[0.1 [0.142 0.990 0.012 0.000 -0.990 0.142 -0.005 0.000 -0.007 -0.011 1.000 0.000 0.000 0.000 0.000 1.000]]
		[0.1166667 [0.142 0.990 0.012 0.000 -0.990 0.142 -0.005 0.000 -0.007 -0.011 1.000 0.000 0.000 0.000 0.000 1.000]]
		[0.1333333 [0.142 0.990 0.012 0.000 -0.990 0.142 -0.005 0.000 -0.007 -0.011 1.000 0.000 0.000 0.000 0.000 1.000]]
		[0.15 [0.142 0.990 0.012 0.000 -0.990 0.142 -0.005 0.000 -0.007 -0.011 1.000 0.000 0.000 0.000 0.000 1.000]]
		[0.1666667 [0.142 0.990 0.012 0.000 -0.990 0.142 -0.005 0.000 -0.007 -0.011 1.000 0.000 0.000 0.000 0.000 1.000]]
		[0.1833333 [0.142 0.990 0.012 0.000 -0.990 0.142 -0.005 0.000 -0.007 -0.011 1.000 0.000 0.000 0.000 0.000 1.000]]
		[0.2 [0.142 0.990 0.012 0.000 -0.990 0.142 -0.005 0.000 -0.007 -0.011 1.000 0.000 0.000 0.000 0.000 1.000]]
		[0.2166667 [0.142 0.990 0.012 0.000 -0.990 0.142 -0.005 0.000 -0.007 -0.011 1.000 0.000 0.000 0.000 0.000 1.000]]
		[0.2333333 [0.142 0.990 0.012 0.000 -0.990 0.142 -0.005 0.000 -0.007 -0.011 1.000 0.000 0.000 0.000 0.000 1.000]]
		[0.25 [0.142 0.990 0.012 0.000 -0.990 0.142 -0.005 0.000 -0.007 -0.011 1.000 0.000 0.000 0.000 0.000 1.000]]
		[0.2666667 [0.142 0.990 0.012 0.000 -0.990 0.142 -0.005 0.000 -0.007 -0.011 1.000 0.000 0.000 0.000 0.000 1.000]]
		[0.2833333 [0.142 0.990 0.012 0.000 -0.990 0.142 -0.005 0.000 -0.007 -0.011 1.000 0.000 0.000 0.000 0.000 1.000]]
		[0.3 [0.142 0.990 0.012 0.000 -0.990 0.142 -0.005 0.000 -0.007 -0.011 1.000 0.000 0.000 0.000 0.000 1.000]]
		[0.3166667 [0.142 0.990 0.012 0.000 -0.990 0.142 -0.005 0.000 -0.007 -0.011 1.000 0.000 0.000 0.000 0.000 1.000]]
		[0.3333333 [0.142 0.990 0.012 0.000 -0.990 0.142 -0.005 0.000 -0.007 -0.011 1.000 0.000 0.000 0.000 0.000 1.000]]
		[0.35 [0.142 0.990 0.012 0.000 -0.990 0.142 -0.005 0.000 -0.007 -0.011 1.000 0.000 0.000 0.000 0.000 1.000]]
		[0.3666667 [0.142 0.990 0.012 0.000 -0.990 0.142 -0.005 0.000 -0.007 -0.011 1.000 0.000 0.000 0.000 0.000 1.000]]
		[0.3833333 [0.143 0.990 0.012 0.000 -0.990 0.143 -0.005 0.000 -0.007 -0.011 1.000 0.000 0.000 0.000 0.000 1.000]]
		[0.4 [0.143 0.990 0.012 0.000 -0.990 0.143 -0.005 0.000 -0.007 -0.011 1.000 0.000 0.000 0.000 0.000 1.000]]
		[0.4166667 [0.144 0.989 0.012 0.000 -0.990 0.144 -0.005 0.000 -0.007 -0.011 1.000 0.000 0.000 0.000 0.000 1.000]]
		[0.4333333 [0.145 0.989 0.012 0.000 -0.989 0.145 -0.005 0.000 -0.007 -0.011 1.000 0.000 0.000 0.000 0.000 1.000]]
		[0.45 [0.146 0.989 0.012 0.000 -0.989 0.146 -0.005 0.000 -0.007 -0.011 1.000 0.000 0.000 0.000 0.000 1.000]]
		[0.4666667 [0.148 0.989 0.012 0.000 -0.989 0.148 -0.005 0.000 -0.007 -0.011 1.000 0.000 0.000 0.000 0.000 1.000]]
		[0.4833333 [0.149 0.989 0.012 0.000 -0.989 0.149 -0.005 0.000 -0.007 -0.011 1.000 0.000 0.000 0.000 0.000 1.000]]
		[0.5 [0.150 0.989 0.012 0.000 -0.989 0.150 -0.005 0.000 -0.007 -0.011 1.000 0.000 0.000 0.000 0.000 1.000]]
		[0.5166667 [0.151 0.988 0.012 0.000 -0.988 0.151 -0.005 0.000 -0.007 -0.011 1.000 0.000 0.000 0.000 0.000 1.000]]
		[0.5333334 [0.153 0.988 0.012 0.000 -0.988 0.153 -0.005 0.000 -0.007 -0.011 1.000 0.000 0.000 0.000 0.000 1.000]]
		[0.55 [0.154 0.988 0.012 0.000 -0.988 0.154 -0.005 0.000 -0.007 -0.011 1.000 0.000 0.000 0.000 0.000 1.000]]
		[0.5666667 [0.154 0.988 0.012 0.000 -0.988 0.155 -0.005 0.000 -0.007 -0.011 1.000 0.000 0.000 0.000 0.000 1.000]]
		[0.5833333 [0.155 0.988 0.012 0.000 -0.988 0.155 -0.005 0.000 -0.007 -0.011 1.000 0.000 0.000 0.000 0.000 1.000]]
		[0.6 [0.156 0.988 0.012 0.000 -0.988 0.156 -0.005 0.000 -0.007 -0.011 1.000 0.000 0.000 0.000 0.000 1.000]]
		[0.6166667 [0.156 0.988 0.012 0.000 -0.988 0.156 -0.005 0.000 -0.007 -0.011 1.000 0.000 0.000 0.000 0.000 1.000]]
		[0.6333333 [0.156 0.988 0.012 0.000 -0.988 0.156 -0.005 0.000 -0.007 -0.011 1.000 0.000 0.000 0.000 0.000 1.000]]
		[0.65 [0.155 0.988 0.012 0.000 -0.988 0.155 -0.005 0.000 -0.007 -0.011 1.000 0.000 0.000 0.000 0.000 1.000]]
		[0.6666667 [0.154 0.988 0.012 0.000 -0.988 0.154 -0.005 0.000 -0.007 -0.011 1.000 0.000 0.000 0.000 0.000 1.000]]
		[0.6833333 [0.153 0.988 0.012 0.000 -0.988 0.153 -0.005 0.000 -0.007 -0.011 1.000 0.000 0.000 0.000 0.000 1.000]]
		[0.7 [0.151 0.988 0.012 0.000 -0.989 0.151 -0.005 0.000 -0.007 -0.011 1.000 0.000 0.000 0.000 0.000 1.000]]
		[0.7166666 [0.149 0.989 0.012 0.000 -0.989 0.149 -0.005 0.000 -0.007 -0.011 1.000 0.000 0.000 0.000 0.000 1.000]]
		[0.7333333 [0.146 0.989 0.012 0.000 -0.989 0.146 -0.005 0.000 -0.007 -0.011 1.000 0.000 0.000 0.000 0.000 1.000]]
		[0.75 [0.142 0.990 0.012 0.000 -0.990 0.142 -0.005 0.000 -0.007 -0.011 1.000 0.000 0.000 0.000 0.000 1.000]]
		[0.7666667 [0.138 0.990 0.012 0.000 -0.990 0.138 -0.005 0.000 -0.007 -0.011 1.000 0.000 0.000 0.000 0.000 1.000]]
		[0.7833334 [0.132 0.991 0.011 0.000 -0.991 0.132 -0.005 0.000 -0.007 -0.011 1.000 0.000 0.000 0.000 0.000 1.000]]
		[0.8 [0.125 0.992 0.011 0.000 -0.992 0.125 -0.005 0.000 -0.007 -0.011 1.000 0.000 0.000 0.000 0.000 1.000]]
		[0.8166667 [0.117 0.993 0.011 0.000 -0.993 0.117 -0.005 0.000 -0.007 -0.011 1.000 0.000 0.000 0.000 0.000 1.000]]
		[0.8333333 [0.109 0.994 0.011 0.000 -0.994 0.109 -0.006 0.000 -0.007 -0.011 1.000 0.000 0.000 0.000 0.000 1.000]]
		[0.85 [0.099 0.995 0.011 0.000 -0.995 0.099 -0.006 0.000 -0.007 -0.011 1.000 0.000 0.000 0.000 0.000 1.000]]
		[0.8666667 [0.089 0.996 0.011 0.000 -0.996 0.089 -0.006 0.000 -0.007 -0.011 1.000 0.000 0.000 0.000 0.000 1.000]]
		[0.8833333 [0.079 0.997 0.011 0.000 -0.997 0.079 -0.006 0.000 -0.007 -0.011 1.000 0.000 0.000 0.000 0.000 1.000]]
		[0.9 [0.069 0.998 0.011 0.000 -0.998 0.069 -0.006 0.000 -0.007 -0.011 1.000 0.000 0.000 0.000 0.000 1.000]]
		[0.9166667 [0.058 0.998 0.011 0.000 -0.998 0.058 -0.006 0.000 -0.007 -0.011 1.000 0.000 0.000 0.000 0.000 1.000]]
		[0.9333333 [0.047 0.999 0.011 0.000 -0.999 0.047 -0.006 0.000 -0.007 -0.011 1.000 0.000 0.000 0.000 0.000 1.000]]
		[0.95 [0.036 0.999 0.011 0.000 -0.999 0.037 -0.006 0.000 -0.007 -0.011 1.000 0.000 0.000 0.000 0.000 1.000]]
		[0.9666666 [0.026 1.000 0.011 0.000 -1.000 0.026 -0.006 0.000 -0.007 -0.011 1.000 0.000 0.000 0.000 0.000 1.000]]
		[0.9833333 [0.016 1.000 0.011 0.000 -1.000 0.016 -0.007 0.000 -0.007 -0.011 1.000 0.000 0.000 0.000 0.000 1.000]]
	]
	"Koleno_P_end" [
		[0 [1.000 0.000 0.000 0.000 0.000 1.000 0.000 0.000 0.000 0.000 1.000 0.000 0.000 0.000 0.000 1.000]]
	]
	"Tors" [
		[0 [1.000 0.000 0.000 0.000 0.000 0.866 -0.500 0.000 0.000 0.500 0.866 0.000 0.000 0.000 0.000 1.000]]
		[0.01666667 [1.000 0.000 0.000 0.000 0.000 0.864 -0.504 0.000 0.000 0.504 0.864 0.000 0.000 0.000 0.000 1.000]]
		[0.03333334 [1.000 0.000 0.000 0.000 0.000 0.862 -0.508 0.000 0.000 0.508 0.862 0.000 0.000 0.000 0.000 1.000]]
		[0.05 [1.000 0.000 0.000 0.000 0.000 0.859 -0.512 0.000 0.000 0.512 0.859 0.000 0.000 0.000 0.000 1.000]]
		[0.06666667 [1.000 0.000 0.000 0.000 0.000 0.856 -0.516 0.000 0.000 0.516 0.856 0.000 0.000 0.000 0.000 1.000]]
		[0.08333334 [1.000 0.000 0.000 0.000 0.000 0.854 -0.521 0.000 0.000 0.521 0.854 0.000 0.000 0.000 0.000 1.000]]
		[0.1 [1.000 0.000 0.000 0.000 0.000 0.851 -0.525 0.000 0.000 0.525 0.851 0.000 0.000 0.000 0.000 1.000]]
		[0.1166667 [1.000 0.000 0.000 0.000 0.000 0.848 -0.530 0.000 0.000 0.530 0.848 0.000 0.000 0.000 0.000 1.000]]
		[0.1333333 [1.000 0.000 0.000 0.000 0.000 0.845 -0.535 0.000 0.000 0.535 0.845 0.000 0.000 0.000 0.000 1.000]]
		[0.15 [1.000 0.000 0.000 0.000 0.000 0.842 -0.539 0.000 0.000 0.539 0.842 0.000 0.000 0.000 0.000 1.000]]
		[0.1666667 [1.000 0.000 0.000 0.000 0.000 0.839 -0.544 0.000 0.000 0.544 0.839 0.000 0.000 0.000 0.000 1.000]]
		[0.1833333 [1.000 0.000 0.000 0.000 0.000 0.836 -0.548 0.000 0.000 0.548 0.836 0.000 0.000 0.000 0.000 1.000]]
		[0.2 [1.000 0.000 0.000 0.000 0.000 0.834 -0.552 0.000 0.000 0.552 0.834 0.000 0.000 0.000 0.000 1.000]]
		[0.2166667 [1.000 0.000 0.000 0.000 0.000 0.831 -0.556 0.000 0.000 0.556 0.831 0.000 0.000 0.000 0.000 1.000]]
		[0.2333333 [1.000 0.000 0.000 0.000 0.000 0.829 -0.560 0.000 0.000 0.560 0.829 0.000 0.000 0.000 0.000 1.000]]
		[0.25 [1.000 0.000 0.000 0.000 0.000 0.827 -0.563 0.000 0.000 0.563 0.827 0.000 0.000 0.000 0.000 1.000]]
		[0.2666667 [1.000 0.000 0.000 0.000 0.000 0.825 -0.566 0.000 0.000 0.566 0.825 0.000 0.000 0.000 0.000 1.000]]
		[0.2833333 [1.000 0.000 0.000 0.000 0.000 0.823 -0.568 0.000 0.000 0.568 0.823 0.000 0.000 0.000 0.000 1.000]]
		[0.3 [1.000 0.000 0.000 0.000 0.000 0.821 -0.570 0.000 0.000 0.570 0.821 0.000 0.000 0.000 0.000 1.000]]
		[0.3166667 [1.000 0.000 0.000 0.000 0.000 0.820 -0.572 0.000 0.000 0.572 0.820 0.000 0.000 0.000 0.000 1.000]]
		[0.3333333 [1.000 0.000 0.000 0.000 0.000 0.820 -0.573 0.000 0.000 0.573 0.820 0.000 0.000 0.000 0.000 1.000]]
		[0.35 [1.000 0.000 0.000 0.000 0.000 0.819 -0.574 0.000 0.000 0.574 0.819 0.000 0.000 0.000 0.000 1.000]]
		[0.3666667 [1.000 0.000 0.000 0.000 0.000 0.819 -0.574 0.000 0.000 0.574 0.819 0.000 0.000 0.000 0.000 1.000]]
		[0.3833333 [1.000 0.000 0.000 0.000 0.000 0.820 -0.573 0.000 0.000 0.573 0.820 0.000 0.000 0.000 0.000 1.000]]
		[0.4 [1.000 0.000 0.000 0.000 0.000 0.820 -0.572 0.000 0.000 0.572 0.820 0.000 0.000 0.000 0.000 1.000]]
		[0.4166667 [1.000 0.000 0.000 0.000 0.000 0.821 -0.571 0.000 0.000 0.571 0.821 0.000 0.000 0.000 0.000 1.000]]
		[0.4333333 [1.000 0.000 0.000 0.000 0.000 0.823 -0.569 0.000 0.000 0.569 0.823 0.000 0.000 0.000 0.000 1.000]]
		[0.45 [1.000 0.000 0.000 0.000 0.000 0.824 -0.567 0.000 0.000 0.567 0.824 0.000 0.000 0.000 0.000 1.000]]
		[0.4666667 [1.000 0.000 0.000 0.000 0.000 0.826 -0.564 0.000 0.000 0.564 0.826 0.000 0.000 0.000 0.000 1.000]]
		[0.4833333 [1.000 0.000 0.000 0.000 0.000 0.828 -0.561 0.000 0.000 0.561 0.828 0.000 0.000 0.000 0.000 1.000]]
		[0.5 [1.000 0.000 0.000 0.000 0.000 0.830 -0.558 0.000 0.000 0.558 0.830 0.000 0.000 0.000 0.000 1.000]]
		[0.5166667 [1.000 0.000 0.000 0.000 0.000 0.832 -0.555 0.000 0.000 0.555 0.832 0.000 0.000 0.000 0.000 1.000]]
		[0.5333334 [1.000 0.000 0.000 0.000 0.000 0.834 -0.551 0.000 0.000 0.551 0.834 0.000 0.000 0.000 0.000 1.000]]
		[0.55 [1.000 0.000 0.000 0.000 0.000 0.837 -0.547 0.000 0.000 0.547 0.837 0.000 0.000 0.000 0.000 1.000]]
		[0.5666667 [1.000 0.000 0.000 0.000 0.000 0.839 -0.544 0.000 0.000 0.544 0.839 0.000 0.000 0.000 0.000 1.000]]
		[0.5833333 [1.000 0.000 0.000 0.000 0.000 0.842 -0.539 0.000 0.000 0.539 0.842 0.000 0.000 0.000 0.000 1.000]]
		[0.6 [1.000 0.000 0.000 0.000 0.000 0.845 -0.535 0.000 0.000 0.535 0.845 0.000 0.000 0.000 0.000 1.000]]
		[0.6166667 [1.000 0.000 0.000 0.000 0.000 0.847 -0.531 0.000 0.000 0.531 0.847 0.000 0.000 0.000 0.000 1.000]]
		[0.6333333 [1.000 0.000 0.000 0.000 0.000 0.850 -0.527 0.000 0.000 0.527 0.850 0.000 0.000 0.000 0.000 1.000]]
		[0.65 [1.000 0.000 0.000 0.000 0.000 0.852 -0.523 0.000 0.000 0.523 0.852 0.000 0.000 0.000 0.000 1.000]]
		[0.6666667 [1.000 0.000 0.000 0.000 0.000 0.855 -0.519 0.000 0.000 0.519 0.855 0.000 0.000 0.000 0.000 1.000]]
		[0.6833333 [1.000 0.000 0.000 0.000 0.000 0.857 -0.515 0.000 0.000 0.515 0.857 0.000 0.000 0.000 0.000 1.000]]
		[0.7 [1.000 0.000 0.000 0.000 0.000 0.860 -0.511 0.000 0.000 0.511 0.860 0.000 0.000 0.000 0.000 1.000]]
		[0.7166666 [1.000 0.000 0.000 0.000 0.000 0.862 -0.507 0.000 0.000 0.507 0.862 0.000 0.000 0.000 0.000 1.000]]
		[0.7333333 [1.000 0.000 0.000 0.000 0.000 0.864 -0.503 0.000 0.000 0.503 0.864 0.000 0.000 0.000 0.000 1.000]]
		[0.75 [1.000 0.000 0.000 0.000 0.000 0.866 -0.500 0.000 0.000 0.500 0.866 0.000 0.000 0.000 0.000 1.000]]
		[0.7666667 [1.000 0.000 0.000 0.000 0.000 0.868 -0.497 0.000 0.000 0.497 0.868 0.000 0.000 0.000 0.000 1.000]]
		[0.7833334 [1.000 0.000 0.000 0.000 0.000 0.870 -0.493 0.000 0.000 0.493 0.870 0.000 0.000 0.000 0.000 1.000]]
		[0.8 [1.000 0.000 0.000 0.000 0.000 0.872 -0.489 0.000 0.000 0.489 0.872 0.000 0.000 0.000 0.000 1.000]]
		[0.8166667 [1.000 0.000 0.000 0.000 0.000 0.875 -0.485 0.000 0.000 0.485 0.875 0.000 0.000 0.000 0.000 1.000]]
		[0.8333333 [1.000 0.000 0.000 0.000 0.000 0.877 -0.480 0.000 0.000 0.480 0.877 0.000 0.000 0.000 0.000 1.000]]
		[0.85 [1.000 0.000 0.000 0.000 0.000 0.879 -0.476 0.000 0.000 0.476 0.879 0.000 0.000 0.000 0.000 1.000]]
