{ :name "Walk" :length 1.5 :bones { 
	"Skelet" [
		[ 0 [ 0 1 2 3 ] ]
		[ 0.01666667 [ 0 1 2 4 ] ]
		[ 0.03333334 [ 0 1 2 5 ] ]
		[ 0.05 [ 0 1 2 6 ] ]
		[ 0.06666667 [ 0 1 2 7 ] ]
		[ 0.08333334 [ 0 1 2 8 ] ]
		[ 0.1 [ 0 1 2 9 ] ]
		[ 0.1166667 [ 0 1 2 10 ] ]
		[ 0.1333333 [ 0 1 2 11 ] ]
		[ 0.15 [ 0 1 2 12 ] ]
		[ 0.1666667 [ 0 1 2 13 ] ]
		[ 0.1833333 [ 0 1 2 14 ] ]
		[ 0.2 [ 0 1 2 15 ] ]
		[ 0.2166667 [ 0 1 2 16 ] ]
		[ 0.2333333 [ 0 1 2 17 ] ]
		[ 0.25 [ 0 1 2 18 ] ]
		[ 0.2666667 [ 0 1 2 19 ] ]
		[ 0.2833333 [ 0 1 2 20 ] ]
		[ 0.3 [ 0 1 2 21 ] ]
		[ 0.3166667 [ 0 1 2 22 ] ]
		[ 0.3333333 [ 0 1 2 23 ] ]
		[ 0.35 [ 0 1 2 24 ] ]
		[ 0.3666667 [ 0 1 2 25 ] ]
		[ 0.3833333 [ 0 1 2 26 ] ]
		[ 0.4 [ 0 1 2 27 ] ]
		[ 0.4166667 [ 0 1 2 28 ] ]
		[ 0.4333333 [ 0 1 2 29 ] ]
		[ 0.45 [ 0 1 2 30 ] ]
		[ 0.4666667 [ 0 1 2 31 ] ]
		[ 0.4833333 [ 0 1 2 32 ] ]
		[ 0.5 [ 0 1 2 33 ] ]
		[ 0.5166667 [ 0 1 2 34 ] ]
		[ 0.5333334 [ 0 1 2 35 ] ]
		[ 0.55 [ 0 1 2 35 ] ]
		[ 0.5666667 [ 0 1 2 34 ] ]
		[ 0.5833333 [ 0 1 2 34 ] ]
		[ 0.6 [ 0 1 2 33 ] ]
		[ 0.6166667 [ 0 1 2 36 ] ]
		[ 0.6333333 [ 0 1 2 37 ] ]
		[ 0.65 [ 0 1 2 38 ] ]
		[ 0.6666667 [ 0 1 2 39 ] ]
		[ 0.6833333 [ 0 1 2 40 ] ]
		[ 0.7 [ 0 1 2 27 ] ]
		[ 0.7166666 [ 0 1 2 41 ] ]
		[ 0.7333333 [ 0 1 2 42 ] ]
		[ 0.75 [ 0 1 2 24 ] ]
		[ 0.7666667 [ 0 1 2 23 ] ]
		[ 0.7833334 [ 0 1 2 22 ] ]
		[ 0.8 [ 0 1 2 21 ] ]
		[ 0.8166667 [ 0 1 2 20 ] ]
		[ 0.8333333 [ 0 1 2 43 ] ]
		[ 0.85 [ 0 1 2 44 ] ]
		[ 0.8666667 [ 0 1 2 45 ] ]
		[ 0.8833333 [ 0 1 2 46 ] ]
		[ 0.9 [ 0 1 2 47 ] ]
		[ 0.9166667 [ 0 1 2 48 ] ]
		[ 0.9333333 [ 0 1 2 49 ] ]
		[ 0.95 [ 0 1 2 50 ] ]
		[ 0.9666666 [ 0 1 2 51 ] ]
		[ 0.9833333 [ 0 1 2 52 ] ]
	]
	"Bedro_L" [
		[ 0 [ 53 54 0 55 ] ]
		[ 0.01666667 [ 56 57 0 55 ] ]
		[ 0.03333334 [ 58 59 0 55 ] ]
		[ 0.05 [ 60 61 0 55 ] ]
		[ 0.06666667 [ 62 63 0 55 ] ]
		[ 0.08333334 [ 64 65 0 55 ] ]
		[ 0.1 [ 66 67 0 55 ] ]
		[ 0.1166667 [ 68 69 0 55 ] ]
		[ 0.1333333 [ 70 71 0 55 ] ]
		[ 0.15 [ 72 73 0 55 ] ]
		[ 0.1666667 [ 74 75 0 55 ] ]
		[ 0.1833333 [ 76 77 0 55 ] ]
		[ 0.2 [ 78 79 0 55 ] ]
		[ 0.2166667 [ 80 81 0 55 ] ]
		[ 0.2333333 [ 82 83 0 55 ] ]
		[ 0.25 [ 84 85 0 55 ] ]
		[ 0.2666667 [ 86 87 0 55 ] ]
		[ 0.2833333 [ 88 89 0 55 ] ]
		[ 0.3 [ 90 91 0 55 ] ]
		[ 0.3166667 [ 92 93 0 55 ] ]
		[ 0.3333333 [ 94 95 0 55 ] ]
		[ 0.35 [ 94 95 0 55 ] ]
		[ 0.3666667 [ 94 95 0 55 ] ]
		[ 0.3833333 [ 94 95 0 55 ] ]
		[ 0.4 [ 92 93 0 55 ] ]
		[ 0.4166667 [ 96 97 0 55 ] ]
		[ 0.4333333 [ 98 99 0 55 ] ]
		[ 0.45 [ 100 101 0 55 ] ]
		[ 0.4666667 [ 102 103 0 55 ] ]
		[ 0.4833333 [ 104 105 0 55 ] ]
		[ 0.5 [ 106 107 0 55 ] ]
		[ 0.5166667 [ 108 109 0 55 ] ]
		[ 0.5333334 [ 110 111 0 55 ] ]
		[ 0.55 [ 76 77 0 55 ] ]
		[ 0.5666667 [ 112 113 0 55 ] ]
		[ 0.5833333 [ 72 73 0 55 ] ]
		[ 0.6 [ 114 115 0 55 ] ]
		[ 0.6166667 [ 116 117 0 55 ] ]
		[ 0.6333333 [ 118 119 0 55 ] ]
		[ 0.65 [ 120 121 0 55 ] ]
		[ 0.6666667 [ 122 123 0 55 ] ]
		[ 0.6833333 [ 124 125 0 55 ] ]
		[ 0.7 [ 126 127 0 55 ] ]
		[ 0.7166666 [ 128 129 0 55 ] ]
		[ 0.7333333 [ 56 57 0 55 ] ]
		[ 0.75 [ 53 54 0 55 ] ]
		[ 0.7666667 [ 130 131 0 55 ] ]
		[ 0.7833334 [ 132 133 0 55 ] ]
		[ 0.8 [ 134 135 0 55 ] ]
		[ 0.8166667 [ 136 137 0 55 ] ]
		[ 0.8333333 [ 138 139 0 55 ] ]
		[ 0.85 [ 140 141 0 55 ] ]
		[ 0.8666667 [ 142 143 0 55 ] ]
		[ 0.8833333 [ 144 145 0 55 ] ]
		[ 0.9 [ 146 147 0 55 ] ]
		[ 0.9166667 [ 148 149 0 55 ] ]
		[ 0.9333333 [ 150 151 0 55 ] ]
		[ 0.95 [ 152 153 0 55 ] ]
		[ 0.9666666 [ 154 155 0 55 ] ]
		[ 0.9833333 [ 156 157 0 55 ] ]
	]
	"Koleno_L" [
		[ 0 [ 158 159 160 161 ] ]
		[ 0.01666667 [ 162 163 160 161 ] ]
		[ 0.03333334 [ 164 165 160 161 ] ]
		[ 0.05 [ 166 167 160 161 ] ]
		[ 0.06666667 [ 168 169 160 161 ] ]
		[ 0.08333334 [ 170 171 160 161 ] ]
		[ 0.1 [ 172 173 160 161 ] ]
		[ 0.1166667 [ 174 175 160 161 ] ]
		[ 0.1333333 [ 176 177 160 161 ] ]
		[ 0.15 [ 178 179 160 161 ] ]
		[ 0.1666667 [ 180 181 160 161 ] ]
		[ 0.1833333 [ 182 183 160 161 ] ]
		[ 0.2 [ 184 185 160 161 ] ]
		[ 0.2166667 [ 186 187 160 161 ] ]
		[ 0.2333333 [ 188 189 160 161 ] ]
		[ 0.25 [ 190 191 160 161 ] ]
		[ 0.2666667 [ 192 193 160 161 ] ]
		[ 0.2833333 [ 194 195 160 161 ] ]
		[ 0.3 [ 196 197 160 161 ] ]
		[ 0.3166667 [ 198 199 160 161 ] ]
		[ 0.3333333 [ 200 201 160 161 ] ]
		[ 0.35 [ 202 203 160 161 ] ]
		[ 0.3666667 [ 202 203 160 161 ] ]
		[ 0.3833333 [ 204 205 160 161 ] ]
		[ 0.4 [ 206 207 160 161 ] ]
		[ 0.4166667 [ 208 209 160 161 ] ]
		[ 0.4333333 [ 196 197 160 161 ] ]
		[ 0.45 [ 194 210 160 161 ] ]
		[ 0.4666667 [ 211 212 160 161 ] ]
		[ 0.4833333 [ 213 214 160 161 ] ]
		[ 0.5 [ 215 216 160 161 ] ]
		[ 0.5166667 [ 217 218 160 161 ] ]
		[ 0.5333334 [ 219 220 160 161 ] ]
		[ 0.55 [ 184 185 160 161 ] ]
		[ 0.5666667 [ 221 222 160 161 ] ]
		[ 0.5833333 [ 223 224 160 161 ] ]
		[ 0.6 [ 225 226 160 161 ] ]
		[ 0.6166667 [ 227 228 160 161 ] ]
		[ 0.6333333 [ 229 230 160 161 ] ]
		[ 0.65 [ 231 232 160 161 ] ]
		[ 0.6666667 [ 233 234 160 161 ] ]
		[ 0.6833333 [ 235 236 160 161 ] ]
		[ 0.7 [ 237 238 160 161 ] ]
		[ 0.7166666 [ 239 240 160 161 ] ]
		[ 0.7333333 [ 241 242 160 161 ] ]
		[ 0.75 [ 158 159 160 161 ] ]
		[ 0.7666667 [ 243 244 160 161 ] ]
		[ 0.7833334 [ 245 246 160 161 ] ]
		[ 0.8 [ 247 248 160 161 ] ]
		[ 0.8166667 [ 249 250 160 161 ] ]
		[ 0.8333333 [ 251 252 160 161 ] ]
		[ 0.85 [ 253 254 160 161 ] ]
		[ 0.8666667 [ 255 256 160 161 ] ]
		[ 0.8833333 [ 257 258 160 161 ] ]
		[ 0.9 [ 259 260 160 161 ] ]
		[ 0.9166667 [ 261 262 160 161 ] ]
		[ 0.9333333 [ 263 264 160 161 ] ]
		[ 0.95 [ 265 266 160 161 ] ]
		[ 0.9666666 [ 267 268 160 161 ] ]
		[ 0.9833333 [ 269 270 160 161 ] ]
	]
	"Koleno_L_end" [
		[ 0 [ 0 271 1 272 ] ]
	]
	"Bedro_P" [
		[ 0 [ 273 274 0 275 ] ]
		[ 0.01666667 [ 276 277 0 275 ] ]
		[ 0.03333334 [ 278 279 0 275 ] ]
		[ 0.05 [ 280 281 0 275 ] ]
		[ 0.06666667 [ 282 283 0 275 ] ]
		[ 0.08333334 [ 284 285 0 275 ] ]
		[ 0.1 [ 286 287 0 275 ] ]
		[ 0.1166667 [ 288 289 0 275 ] ]
		[ 0.1333333 [ 290 291 0 275 ] ]
		[ 0.15 [ 292 293 0 275 ] ]
		[ 0.1666667 [ 294 295 0 275 ] ]
		[ 0.1833333 [ 296 297 0 275 ] ]
		[ 0.2 [ 298 299 0 275 ] ]
		[ 0.2166667 [ 300 301 0 275 ] ]
		[ 0.2333333 [ 302 303 0 275 ] ]
		[ 0.25 [ 304 305 0 275 ] ]
		[ 0.2666667 [ 306 307 0 275 ] ]
		[ 0.2833333 [ 308 309 0 275 ] ]
		[ 0.3 [ 310 311 0 275 ] ]
		[ 0.3166667 [ 312 313 0 275 ] ]
		[ 0.3333333 [ 314 315 0 275 ] ]
		[ 0.35 [ 316 317 0 275 ] ]
		[ 0.3666667 [ 316 317 0 275 ] ]
		[ 0.3833333 [ 314 315 0 275 ] ]
		[ 0.4 [ 312 313 0 275 ] ]
		[ 0.4166667 [ 310 311 0 275 ] ]
		[ 0.4333333 [ 308 309 0 275 ] ]
		[ 0.45 [ 318 319 0 275 ] ]
		[ 0.4666667 [ 320 321 0 275 ] ]
		[ 0.4833333 [ 322 323 0 275 ] ]
		[ 0.5 [ 324 325 0 275 ] ]
		[ 0.5166667 [ 326 327 0 275 ] ]
		[ 0.5333334 [ 328 329 0 275 ] ]
		[ 0.55 [ 296 297 0 275 ] ]
		[ 0.5666667 [ 294 295 0 275 ] ]
		[ 0.5833333 [ 292 293 0 275 ] ]
		[ 0.6 [ 330 331 0 275 ] ]
		[ 0.6166667 [ 332 333 0 275 ] ]
		[ 0.6333333 [ 334 335 0 275 ] ]
		[ 0.65 [ 336 337 0 275 ] ]
		[ 0.6666667 [ 338 339 0 275 ] ]
		[ 0.6833333 [ 340 341 0 275 ] ]
		[ 0.7 [ 342 343 0 275 ] ]
		[ 0.7166666 [ 278 279 0 275 ] ]
		[ 0.7333333 [ 276 277 0 275 ] ]
		[ 0.75 [ 273 274 0 275 ] ]
		[ 0.7666667 [ 344 345 0 275 ] ]
		[ 0.7833334 [ 346 347 0 275 ] ]
		[ 0.8 [ 348 349 0 275 ] ]
		[ 0.8166667 [ 350 351 0 275 ] ]
		[ 0.8333333 [ 352 353 0 275 ] ]
		[ 0.85 [ 354 355 0 275 ] ]
		[ 0.8666667 [ 356 357 0 275 ] ]
		[ 0.8833333 [ 358 359 0 275 ] ]
		[ 0.9 [ 360 361 0 275 ] ]
		[ 0.9166667 [ 362 363 0 275 ] ]
		[ 0.9333333 [ 364 365 0 275 ] ]
		[ 0.95 [ 366 367 0 275 ] ]
		[ 0.9666666 [ 368 369 0 275 ] ]
		[ 0.9833333 [ 370 371 0 275 ] ]
	]
	"Koleno_P" [
		[ 0 [ 271 0 372 161 ] ]
		[ 0.01666667 [ 271 0 372 161 ] ]
		[ 0.03333334 [ 271 0 372 161 ] ]
		[ 0.05 [ 271 0 372 161 ] ]
		[ 0.06666667 [ 271 0 372 161 ] ]
		[ 0.08333334 [ 271 0 372 161 ] ]
		[ 0.1 [ 271 0 372 161 ] ]
		[ 0.1166667 [ 271 0 372 161 ] ]
		[ 0.1333333 [ 271 0 372 161 ] ]
		[ 0.15 [ 271 0 372 161 ] ]
		[ 0.1666667 [ 271 0 372 161 ] ]
		[ 0.1833333 [ 271 0 372 161 ] ]
		[ 0.2 [ 271 0 372 161 ] ]
		[ 0.2166667 [ 271 0 372 161 ] ]
		[ 0.2333333 [ 271 0 372 161 ] ]
		[ 0.25 [ 271 0 372 161 ] ]
		[ 0.2666667 [ 271 0 372 161 ] ]
		[ 0.2833333 [ 271 0 372 161 ] ]
		[ 0.3 [ 271 0 372 161 ] ]
		[ 0.3166667 [ 271 0 372 161 ] ]
		[ 0.3333333 [ 271 0 372 161 ] ]
		[ 0.35 [ 271 0 372 161 ] ]
		[ 0.3666667 [ 271 0 372 161 ] ]
		[ 0.3833333 [ 373 374 372 161 ] ]
		[ 0.4 [ 373 374 372 161 ] ]
		[ 0.4166667 [ 375 376 372 161 ] ]
		[ 0.4333333 [ 377 378 372 161 ] ]
		[ 0.45 [ 379 380 372 161 ] ]
		[ 0.4666667 [ 381 382 372 161 ] ]
		[ 0.4833333 [ 383 384 372 161 ] ]
		[ 0.5 [ 385 386 372 161 ] ]
		[ 0.5166667 [ 387 388 372 161 ] ]
		[ 0.5333334 [ 389 390 372 161 ] ]
		[ 0.55 [ 391 392 372 161 ] ]
		[ 0.5666667 [ 393 394 372 161 ] ]
		[ 0.5833333 [ 393 394 372 161 ] ]
		[ 0.6 [ 395 396 372 161 ] ]
		[ 0.6166667 [ 395 396 372 161 ] ]
		[ 0.6333333 [ 395 396 372 161 ] ]
		[ 0.65 [ 393 394 372 161 ] ]
		[ 0.6666667 [ 391 392 372 161 ] ]
		[ 0.6833333 [ 389 390 372 161 ] ]
		[ 0.7 [ 387 388 372 161 ] ]
		[ 0.7166666 [ 383 384 372 161 ] ]
		[ 0.7333333 [ 379 380 372 161 ] ]
		[ 0.75 [ 271 0 372 161 ] ]
		[ 0.7666667 [ 397 398 372 161 ] ]
		[ 0.7833334 [ 399 400 372 161 ] ]
		[ 0.8 [ 401 402 372 161 ] ]
		[ 0.8166667 [ 403 404 372 161 ] ]
		[ 0.8333333 [ 405 406 372 161 ] ]
		[ 0.85 [ 407 408 372 161 ] ]
		[ 0.8666667 [ 409 410 372 161 ] ]
		[ 0.8833333 [ 411 412 372 161 ] ]
		[ 0.9 [ 413 414 372 161 ] ]
		[ 0.9166667 [ 415 416 372 161 ] ]
		[ 0.9333333 [ 417 418 372 161 ] ]
		[ 0.95 [ 419 420 372 161 ] ]
		[ 0.9666666 [ 421 422 372 161 ] ]
		[ 0.9833333 [ 423 424 372 161 ] ]
	]
	"Koleno_P_end" [
		[ 0 [ 0 271 1 272 ] ]
	]
	"Tors" [
		[ 0 [ 0 425 426 427 ] ]
		[ 0.01666667 [ 0 428 429 427 ] ]
		[ 0.03333334 [ 0 430 431 427 ] ]
		[ 0.05 [ 0 432 433 427 ] ]
		[ 0.06666667 [ 0 434 435 427 ] ]
		[ 0.08333334 [ 0 436 437 427 ] ]
		[ 0.1 [ 0 438 439 427 ] ]
		[ 0.1166667 [ 0 440 441 427 ] ]
		[ 0.1333333 [ 0 442 443 427 ] ]
		[ 0.15 [ 0 444 445 427 ] ]
		[ 0.1666667 [ 0 446 447 427 ] ]
		[ 0.1833333 [ 0 448 449 427 ] ]
		[ 0.2 [ 0 450 451 427 ] ]
		[ 0.2166667 [ 0 452 453 427 ] ]
		[ 0.2333333 [ 0 454 455 427 ] ]
		[ 0.25 [ 0 456 457 427 ] ]
		[ 0.2666667 [ 0 458 459 427 ] ]
		[ 0.2833333 [ 0 460 461 427 ] ]
		[ 0.3 [ 0 462 463 427 ] ]
		[ 0.3166667 [ 0 464 465 427 ] ]
		[ 0.3333333 [ 0 466 467 427 ] ]
		[ 0.35 [ 0 468 469 427 ] ]
		[ 0.3666667 [ 0 468 469 427 ] ]
		[ 0.3833333 [ 0 466 467 427 ] ]
		[ 0.4 [ 0 464 465 427 ] ]
		[ 0.4166667 [ 0 470 471 427 ] ]
		[ 0.4333333 [ 0 472 473 427 ] ]
		[ 0.45 [ 0 474 475 427 ] ]
		[ 0.4666667 [ 0 476 477 427 ] ]
		[ 0.4833333 [ 0 478 479 427 ] ]
		[ 0.5 [ 0 480 481 427 ] ]
		[ 0.5166667 [ 0 482 483 427 ] ]
		[ 0.5333334 [ 0 484 485 427 ] ]
		[ 0.55 [ 0 486 487 427 ] ]
		[ 0.5666667 [ 0 446 447 427 ] ]
		[ 0.5833333 [ 0 444 445 427 ] ]
		[ 0.6 [ 0 442 443 427 ] ]
		[ 0.6166667 [ 0 488 489 427 ] ]
		[ 0.6333333 [ 0 490 491 427 ] ]
		[ 0.65 [ 0 492 493 427 ] ]
		[ 0.6666667 [ 0 494 495 427 ] ]
		[ 0.6833333 [ 0 496 497 427 ] ]
		[ 0.7 [ 0 498 499 427 ] ]
		[ 0.7166666 [ 0 500 501 427 ] ]
		[ 0.7333333 [ 0 502 503 427 ] ]
		[ 0.75 [ 0 425 426 427 ] ]
		[ 0.7666667 [ 0 504 505 427 ] ]
		[ 0.7833334 [ 0 506 507 427 ] ]
		[ 0.8 [ 0 508 509 427 ] ]
		[ 0.8166667 [ 0 510 511 427 ] ]
		[ 0.8333333 [ 0 512 513 427 ] ]
		[ 0.85 [ 0 514 515 427 ] ]
		[ 0.8666667 [ 0 516 517 427 ] ]
		[ 0.8833333 [ 0 518 519 427 ] ]
		[ 0.9 [ 0 520 521 427 ] ]
		[ 0.9166667 [ 0 522 523 427 ] ]
		[ 0.9333333 [ 0 524 525 427 ] ]
		[ 0.95 [ 0 526 527 427 ] ]
		[ 0.9666666 [ 0 528 529 427 ] ]
		[ 0.9833333 [ 0 530 531 427 ] ]
	]
	"Golova" [
		[ 0 [ 0 532 533 534 ] ]
	]
	"Golova_end" [
		[ 0 [ 0 271 1 535 ] ]
	]
	"Kluchitsa_L" [
		[ 0 [ 1 0 271 536 ] ]
	]
	"Kluchitsa_L_end" [
		[ 0 [ 0 271 1 537 ] ]
	]
	"Kluchitsa_P" [
		[ 0 [ 372 538 271 536 ] ]
	]
	"Kluchitsa_P_end" [
		[ 0 [ 0 271 1 537 ] ]
	]
	"Ruka_L" [
		[ 0 [ 539 540 541 542 ] ]
		[ 0.01666667 [ 539 543 544 542 ] ]
		[ 0.03333334 [ 545 546 547 542 ] ]
		[ 0.05 [ 548 549 550 542 ] ]
		[ 0.06666667 [ 551 552 553 542 ] ]
		[ 0.08333334 [ 554 555 556 542 ] ]
		[ 0.1 [ 557 558 559 542 ] ]
		[ 0.1166667 [ 560 561 562 542 ] ]
		[ 0.1333333 [ 563 564 565 542 ] ]
		[ 0.15 [ 566 567 568 542 ] ]
		[ 0.1666667 [ 569 570 571 542 ] ]
		[ 0.1833333 [ 572 573 574 542 ] ]
		[ 0.2 [ 575 576 577 542 ] ]
		[ 0.2166667 [ 578 579 580 542 ] ]
		[ 0.2333333 [ 581 582 583 542 ] ]
		[ 0.25 [ 578 584 585 542 ] ]
		[ 0.2666667 [ 575 586 587 542 ] ]
		[ 0.2833333 [ 588 589 590 542 ] ]
		[ 0.3 [ 566 591 592 542 ] ]
		[ 0.3166667 [ 560 593 594 542 ] ]
		[ 0.3333333 [ 554 595 596 542 ] ]
		[ 0.35 [ 539 597 598 542 ] ]
		[ 0.3666667 [ 599 600 601 542 ] ]
		[ 0.3833333 [ 602 603 604 542 ] ]
		[ 0.4 [ 605 606 607 542 ] ]
		[ 0.4166667 [ 608 609 610 542 ] ]
		[ 0.4333333 [ 611 612 613 542 ] ]
		[ 0.45 [ 614 615 616 542 ] ]
		[ 0.4666667 [ 617 618 619 542 ] ]
		[ 0.4833333 [ 620 621 622 542 ] ]
		[ 0.5 [ 623 624 625 542 ] ]
		[ 0.5166667 [ 626 627 628 542 ] ]
		[ 0.5333334 [ 629 630 631 542 ] ]
		[ 0.55 [ 632 633 634 542 ] ]
		[ 0.5666667 [ 635 636 637 542 ] ]
		[ 0.5833333 [ 638 639 640 542 ] ]
		[ 0.6 [ 641 642 643 542 ] ]
		[ 0.6166667 [ 644 645 646 542 ] ]
		[ 0.6333333 [ 647 648 649 542 ] ]
		[ 0.65 [ 650 651 652 542 ] ]
		[ 0.6666667 [ 653 654 655 542 ] ]
		[ 0.6833333 [ 656 657 658 542 ] ]
		[ 0.7 [ 659 660 661 542 ] ]
		[ 0.7166666 [ 662 663 664 542 ] ]
		[ 0.7333333 [ 665 666 667 542 ] ]
		[ 0.75 [ 668 669 670 542 ] ]
		[ 0.7666667 [ 671 672 673 542 ] ]
		[ 0.7833334 [ 674 675 676 542 ] ]
		[ 0.8 [ 677 678 679 542 ] ]
		[ 0.8166667 [ 680 681 682 542 ] ]
		[ 0.8333333 [ 683 684 685 542 ] ]
		[ 0.85 [ 686 687 688 542 ] ]
		[ 0.8666667 [ 689 690 691 542 ] ]
		[ 0.8833333 [ 692 693 694 542 ] ]
		[ 0.9 [ 695 696 697 542 ] ]
		[ 0.9166667 [ 698 699 700 542 ] ]
		[ 0.9333333 [ 701 702 703 542 ] ]
		[ 0.95 [ 704 705 706 542 ] ]
		[ 0.9666666 [ 626 707 708 542 ] ]
		[ 0.9833333 [ 709 710 711 542 ] ]
	]
	"Lokot_L" [
		[ 0 [ 712 713 714 715 ] ]
		[ 0.01666667 [ 712 713 714 715 ] ]
		[ 0.03333334 [ 716 717 714 715 ] ]
		[ 0.05 [ 716 717 714 715 ] ]
		[ 0.06666667 [ 718 719 714 715 ] ]
		[ 0.08333334 [ 720 721 714 715 ] ]
		[ 0.1 [ 722 723 724 715 ] ]
		[ 0.1166667 [ 725 726 724 715 ] ]
		[ 0.1333333 [ 727 728 724 715 ] ]
		[ 0.15 [ 729 730 724 715 ] ]
		[ 0.1666667 [ 731 732 724 715 ] ]
		[ 0.1833333 [ 731 733 724 715 ] ]
		[ 0.2 [ 734 735 724 715 ] ]
		[ 0.2166667 [ 736 737 724 715 ] ]
		[ 0.2333333 [ 736 737 724 715 ] ]
		[ 0.25 [ 736 737 724 715 ] ]
		[ 0.2666667 [ 734 735 724 715 ] ]
		[ 0.2833333 [ 731 733 724 715 ] ]
		[ 0.3 [ 729 730 724 715 ] ]
		[ 0.3166667 [ 738 739 724 715 ] ]
		[ 0.3333333 [ 720 721 714 715 ] ]
		[ 0.35 [ 712 713 714 715 ] ]
		[ 0.3666667 [ 740 741 714 715 ] ]
		[ 0.3833333 [ 742 743 714 715 ] ]
		[ 0.4 [ 744 745 746 715 ] ]
		[ 0.4166667 [ 747 748 746 715 ] ]
		[ 0.4333333 [ 749 750 751 715 ] ]
		[ 0.45 [ 752 753 751 715 ] ]
		[ 0.4666667 [ 754 755 756 715 ] ]
		[ 0.4833333 [ 757 758 759 715 ] ]
		[ 0.5 [ 760 761 759 715 ] ]
		[ 0.5166667 [ 762 763 764 715 ] ]
		[ 0.5333334 [ 765 766 764 715 ] ]
		[ 0.55 [ 767 768 769 715 ] ]
		[ 0.5666667 [ 770 771 772 715 ] ]
		[ 0.5833333 [ 773 774 772 715 ] ]
		[ 0.6 [ 775 776 777 715 ] ]
		[ 0.6166667 [ 778 779 780 715 ] ]
		[ 0.6333333 [ 781 782 780 715 ] ]
		[ 0.65 [ 783 784 785 715 ] ]
		[ 0.6666667 [ 786 787 785 715 ] ]
		[ 0.6833333 [ 788 789 785 715 ] ]
		[ 0.7 [ 790 791 1 715 ] ]
		[ 0.7166666 [ 792 793 1 715 ] ]
		[ 0.7333333 [ 794 795 1 715 ] ]
		[ 0.75 [ 794 795 1 715 ] ]
		[ 0.7666667 [ 796 797 1 715 ] ]
		[ 0.7833334 [ 798 799 1 715 ] ]
		[ 0.8 [ 800 801 1 715 ] ]
		[ 0.8166667 [ 802 803 785 715 ] ]
		[ 0.8333333 [ 804 805 785 715 ] ]
		[ 0.85 [ 806 807 780 715 ] ]
		[ 0.8666667 [ 808 809 780 715 ] ]
		[ 0.8833333 [ 810 811 777 715 ] ]
		[ 0.9 [ 812 813 777 715 ] ]
		[ 0.9166667 [ 814 815 772 715 ] ]
		[ 0.9333333 [ 816 817 769 715 ] ]
		[ 0.95 [ 818 819 769 715 ] ]
		[ 0.9666666 [ 762 763 764 715 ] ]
		[ 0.9833333 [ 820 821 759 715 ] ]
	]
	"Lokot_L_end" [
		[ 0 [ 0 271 1 822 ] ]
	]
	"Ruka_P" [
		[ 0 [ 823 824 825 826 ] ]
		[ 0.01666667 [ 823 827 828 826 ] ]
		[ 0.03333334 [ 829 830 831 826 ] ]
		[ 0.05 [ 832 833 834 826 ] ]
		[ 0.06666667 [ 835 836 837 826 ] ]
		[ 0.08333334 [ 838 839 840 826 ] ]
		[ 0.1 [ 841 842 843 826 ] ]
		[ 0.1166667 [ 844 845 846 826 ] ]
		[ 0.1333333 [ 847 848 849 826 ] ]
		[ 0.15 [ 850 851 852 826 ] ]
		[ 0.1666667 [ 853 854 855 826 ] ]
		[ 0.1833333 [ 856 857 858 826 ] ]
		[ 0.2 [ 859 860 861 826 ] ]
		[ 0.2166667 [ 862 863 864 826 ] ]
		[ 0.2333333 [ 865 866 867 826 ] ]
		[ 0.25 [ 862 868 869 826 ] ]
		[ 0.2666667 [ 859 870 871 826 ] ]
		[ 0.2833333 [ 872 873 874 826 ] ]
		[ 0.3 [ 850 875 876 826 ] ]
		[ 0.3166667 [ 844 877 878 826 ] ]
		[ 0.3333333 [ 838 879 880 826 ] ]
		[ 0.35 [ 823 881 882 826 ] ]
		[ 0.3666667 [ 883 884 885 826 ] ]
		[ 0.3833333 [ 886 887 888 826 ] ]
		[ 0.4 [ 889 890 891 826 ] ]
		[ 0.4166667 [ 892 893 894 826 ] ]
		[ 0.4333333 [ 895 896 897 826 ] ]
		[ 0.45 [ 898 899 900 826 ] ]
		[ 0.4666667 [ 901 902 903 826 ] ]
		[ 0.4833333 [ 904 905 906 826 ] ]
		[ 0.5 [ 907 908 909 826 ] ]
		[ 0.5166667 [ 910 911 912 826 ] ]
		[ 0.5333334 [ 913 914 915 826 ] ]
		[ 0.55 [ 916 917 918 826 ] ]
		[ 0.5666667 [ 919 920 921 826 ] ]
		[ 0.5833333 [ 922 923 924 826 ] ]
		[ 0.6 [ 925 926 927 826 ] ]
		[ 0.6166667 [ 928 929 930 826 ] ]
		[ 0.6333333 [ 931 932 933 826 ] ]
		[ 0.65 [ 934 935 936 826 ] ]
		[ 0.6666667 [ 937 938 939 826 ] ]
		[ 0.6833333 [ 940 941 942 826 ] ]
		[ 0.7 [ 943 944 945 826 ] ]
		[ 0.7166666 [ 946 947 948 826 ] ]
		[ 0.7333333 [ 949 950 951 826 ] ]
		[ 0.75 [ 952 953 954 826 ] ]
		[ 0.7666667 [ 955 956 957 826 ] ]
		[ 0.7833334 [ 958 959 960 826 ] ]
		[ 0.8 [ 961 962 963 826 ] ]
		[ 0.8166667 [ 964 965 966 826 ] ]
		[ 0.8333333 [ 967 968 969 826 ] ]
		[ 0.85 [ 970 971 972 826 ] ]
		[ 0.8666667 [ 973 974 975 826 ] ]
		[ 0.8833333 [ 976 977 978 826 ] ]
		[ 0.9 [ 979 980 981 826 ] ]
		[ 0.9166667 [ 982 983 984 826 ] ]
		[ 0.9333333 [ 985 986 987 826 ] ]
		[ 0.95 [ 988 989 990 826 ] ]
		[ 0.9666666 [ 910 991 992 826 ] ]
		[ 0.9833333 [ 993 994 995 826 ] ]
	]
	"Lokot_P" [
		[ 0 [ 996 997 998 715 ] ]
		[ 0.01666667 [ 996 997 998 715 ] ]
		[ 0.03333334 [ 999 1000 1001 715 ] ]
		[ 0.05 [ 1002 1000 1003 715 ] ]
		[ 0.06666667 [ 1004 1005 1006 715 ] ]
		[ 0.08333334 [ 1007 1008 1009 715 ] ]
		[ 0.1 [ 1010 1011 1012 715 ] ]
		[ 0.1166667 [ 1013 1014 1015 715 ] ]
		[ 0.1333333 [ 1016 1017 1018 715 ] ]
		[ 0.15 [ 1019 1020 1021 715 ] ]
		[ 0.1666667 [ 1022 1023 1024 715 ] ]
		[ 0.1833333 [ 1025 1026 1027 715 ] ]
		[ 0.2 [ 1025 1028 1029 715 ] ]
		[ 0.2166667 [ 1030 1028 1031 715 ] ]
		[ 0.2333333 [ 1030 1028 1031 715 ] ]
		[ 0.25 [ 1030 1028 1031 715 ] ]
		[ 0.2666667 [ 1025 1028 1029 715 ] ]
		[ 0.2833333 [ 1022 1032 1024 715 ] ]
		[ 0.3 [ 1019 1020 1021 715 ] ]
		[ 0.3166667 [ 1013 1014 1015 715 ] ]
		[ 0.3333333 [ 1007 1008 1009 715 ] ]
		[ 0.35 [ 996 997 998 715 ] ]
		[ 0.3666667 [ 1033 1034 1035 715 ] ]
		[ 0.3833333 [ 1036 1037 1038 715 ] ]
		[ 0.4 [ 1039 1040 1041 715 ] ]
		[ 0.4166667 [ 1042 1043 1044 715 ] ]
		[ 0.4333333 [ 1045 1046 1047 715 ] ]
		[ 0.45 [ 1048 1049 1050 715 ] ]
		[ 0.4666667 [ 1051 1052 1053 715 ] ]
		[ 0.4833333 [ 1054 1055 1056 715 ] ]
		[ 0.5 [ 1057 1058 1059 715 ] ]
		[ 0.5166667 [ 1060 1061 1062 715 ] ]
		[ 0.5333334 [ 1063 1064 1065 715 ] ]
		[ 0.55 [ 1066 1067 1068 715 ] ]
		[ 0.5666667 [ 1069 1070 1071 715 ] ]
		[ 0.5833333 [ 1072 1073 1074 715 ] ]
		[ 0.6 [ 1075 1076 1077 715 ] ]
		[ 0.6166667 [ 1078 1079 1080 715 ] ]
		[ 0.6333333 [ 1081 1082 1083 715 ] ]
		[ 0.65 [ 1084 1085 1086 715 ] ]
		[ 0.6666667 [ 1087 1088 1089 715 ] ]
		[ 0.6833333 [ 1090 1091 1092 715 ] ]
		[ 0.7 [ 1093 1094 1095 715 ] ]
		[ 0.7166666 [ 1096 1097 1098 715 ] ]
		[ 0.7333333 [ 1099 795 1100 715 ] ]
		[ 0.75 [ 794 795 1 715 ] ]
		[ 0.7666667 [ 1101 797 1100 715 ] ]
		[ 0.7833334 [ 1102 1103 1104 715 ] ]
		[ 0.8 [ 1105 1106 1107 715 ] ]
		[ 0.8166667 [ 1108 1109 1110 715 ] ]
		[ 0.8333333 [ 1111 1112 1113 715 ] ]
		[ 0.85 [ 1114 1115 1116 715 ] ]
		[ 0.8666667 [ 1117 1118 1119 715 ] ]
		[ 0.8833333 [ 1120 1121 1122 715 ] ]
		[ 0.9 [ 1123 1124 1125 715 ] ]
		[ 0.9166667 [ 1126 1127 1128 715 ] ]
		[ 0.9333333 [ 1129 1130 1131 715 ] ]
		[ 0.95 [ 1063 1064 1065 715 ] ]
		[ 0.9666666 [ 1060 1061 1132 715 ] ]
		[ 0.9833333 [ 1133 1058 1059 715 ] ]
	]
	"Lokot_P_end" [
		[ 0 [ 0 271 1 822 ] ]
	]
	"Camera" [
		[ 0 [ 1134 1135 1136 1137 ] ]
	]
	"Lamp" [
		[ 0 [ 1138 1139 1140 1141 ] ]
	]
	"Mag" [
		[ 0 [ 1142 1143 1144 1144 ] ]
	]
	}
	:resources [
		[1.000 0.000 0.000]
		[0.000 0.000 1.000]
		[0.000 -1.000 0.000]
		[0.000 0.000 0.000]
		[0.000 0.000 0.010]
		[0.000 0.000 0.020]
		[0.000 0.000 0.030]
		[0.000 0.000 0.041]
		[0.000 0.000 0.052]
		[0.000 0.000 0.063]
		[0.000 0.000 0.074]
		[0.000 0.000 0.085]
		[0.000 0.000 0.096]
		[0.000 0.000 0.107]
		[0.000 0.000 0.118]
		[0.000 0.000 0.128]
		[0.000 0.000 0.138]
		[0.000 0.000 0.148]
		[0.000 0.000 0.157]
		[0.000 0.000 0.166]
		[0.000 0.000 0.174]
		[0.000 0.000 0.182]
		[0.000 0.000 0.189]
		[0.000 0.000 0.195]
		[0.000 0.000 0.200]
		[0.000 0.000 0.205]
		[0.000 0.000 0.209]
		[0.000 0.000 0.212]
		[0.000 0.000 0.216]
		[0.000 0.000 0.219]
		[0.000 0.000 0.221]
		[0.000 0.000 0.223]
		[0.000 0.000 0.225]
		[0.000 0.000 0.226]
		[0.000 0.000 0.227]
		[0.000 0.000 0.228]
		[0.000 0.000 0.224]
		[0.000 0.000 0.222]
		[0.000 0.000 0.220]
		[0.000 0.000 0.218]
		[0.000 0.000 0.215]
		[0.000 0.000 0.208]
		[0.000 0.000 0.204]
		[0.000 0.000 0.165]
		[0.000 0.000 0.156]
		[0.000 0.000 0.146]
		[0.000 0.000 0.136]
		[0.000 0.000 0.125]
		[0.000 0.000 0.114]
		[0.000 0.000 0.103]
		[0.000 0.000 0.092]
		[0.000 0.000 0.081]
		[0.000 0.000 0.070]
		[0.000 0.342 0.940]
		[0.000 -0.940 0.342]
		[0.123 -0.038 0.000]
		[0.000 0.338 0.941]
		[0.000 -0.941 0.338]
		[0.000 0.334 0.943]
		[0.000 -0.943 0.334]
		[0.000 0.329 0.944]
		[0.000 -0.944 0.329]
		[0.000 0.324 0.946]
		[0.000 -0.946 0.324]
		[0.000 0.319 0.948]
		[0.000 -0.948 0.319]
		[0.000 0.314 0.949]
		[0.000 -0.949 0.314]
		[0.000 0.309 0.951]
		[0.000 -0.951 0.309]
		[0.000 0.304 0.953]
		[0.000 -0.953 0.304]
		[0.000 0.298 0.954]
		[0.000 -0.954 0.298]
		[0.000 0.293 0.956]
		[0.000 -0.956 0.293]
		[0.000 0.289 0.957]
		[0.000 -0.957 0.289]
		[0.000 0.284 0.959]
		[0.000 -0.959 0.284]
		[0.000 0.279 0.960]
		[0.000 -0.960 0.279]
		[0.000 0.275 0.961]
		[0.000 -0.961 0.275]
		[0.000 0.271 0.962]
		[0.000 -0.962 0.271]
		[0.000 0.268 0.963]
		[0.000 -0.963 0.268]
		[0.000 0.265 0.964]
		[0.000 -0.964 0.265]
		[0.000 0.263 0.965]
		[0.000 -0.965 0.263]
		[0.000 0.261 0.965]
		[0.000 -0.965 0.261]
		[0.000 0.259 0.966]
		[0.000 -0.966 0.259]
		[0.000 0.262 0.965]
		[0.000 -0.965 0.262]
		[0.000 0.264 0.964]
		[0.000 -0.964 0.264]
		[0.000 0.267 0.964]
		[0.000 -0.964 0.267]
		[0.000 0.270 0.963]
		[0.000 -0.963 0.270]
		[0.000 0.273 0.962]
		[0.000 -0.962 0.273]
		[0.000 0.277 0.961]
		[0.000 -0.961 0.277]
		[0.000 0.281 0.960]
		[0.000 -0.960 0.281]
		[0.000 0.285 0.959]
		[0.000 -0.959 0.285]
		[0.000 0.294 0.956]
		[0.000 -0.956 0.294]
		[0.000 0.303 0.953]
		[0.000 -0.953 0.303]
		[0.000 0.308 0.952]
		[0.000 -0.952 0.308]
		[0.000 0.312 0.950]
		[0.000 -0.950 0.312]
		[0.000 0.317 0.948]
		[0.000 -0.948 0.317]
		[0.000 0.321 0.947]
		[0.000 -0.947 0.321]
		[0.000 0.326 0.945]
		[0.000 -0.945 0.326]
		[0.000 0.330 0.944]
		[0.000 -0.944 0.330]
		[0.000 0.334 0.942]
		[0.000 -0.942 0.334]
		[0.000 0.346 0.938]
		[0.000 -0.938 0.346]
		[0.000 0.350 0.937]
		[0.000 -0.937 0.350]
		[0.000 0.354 0.935]
		[0.000 -0.935 0.354]
		[0.000 0.358 0.934]
		[0.000 -0.934 0.358]
		[0.000 0.363 0.932]
		[0.000 -0.932 0.363]
		[0.000 0.368 0.930]
		[0.000 -0.930 0.368]
		[0.000 0.372 0.928]
		[0.000 -0.928 0.372]
		[0.000 0.377 0.926]
		[0.000 -0.926 0.377]
		[0.000 0.382 0.924]
		[0.000 -0.924 0.382]
		[0.000 0.387 0.922]
		[0.000 -0.922 0.387]
		[0.000 0.391 0.920]
		[0.000 -0.920 0.391]
		[0.000 0.396 0.918]
		[0.000 -0.918 0.396]
		[0.000 0.400 0.917]
		[0.000 -0.917 0.400]
		[0.000 0.404 0.915]
		[0.000 -0.915 0.404]
		[-0.766 0.643 -0.007]
		[0.643 0.766 -0.009]
		[0.000 -0.011 -1.000]
		[0.000 0.532 0.000]
		[-0.772 0.636 -0.007]
		[0.636 0.772 -0.009]
		[-0.777 0.629 -0.007]
		[0.629 0.777 -0.009]
		[-0.784 0.621 -0.007]
		[0.621 0.784 -0.009]
		[-0.790 0.613 -0.007]
		[0.613 0.790 -0.009]
		[-0.796 0.605 -0.007]
		[0.605 0.796 -0.009]
		[-0.803 0.596 -0.007]
		[0.596 0.803 -0.009]
		[-0.809 0.587 -0.007]
		[0.587 0.809 -0.009]
		[-0.816 0.579 -0.007]
		[0.579 0.816 -0.009]
		[-0.822 0.570 -0.006]
		[0.570 0.822 -0.009]
		[-0.828 0.561 -0.006]
		[0.561 0.828 -0.009]
		[-0.834 0.552 -0.006]
		[0.552 0.833 -0.009]
		[-0.839 0.544 -0.006]
		[0.544 0.839 -0.009]
		[-0.844 0.536 -0.006]
		[0.536 0.844 -0.010]
		[-0.849 0.529 -0.006]
		[0.529 0.849 -0.010]
		[-0.853 0.522 -0.006]
		[0.522 0.853 -0.010]
		[-0.856 0.516 -0.006]
		[0.516 0.856 -0.010]
		[-0.860 0.511 -0.006]
		[0.511 0.859 -0.010]
		[-0.862 0.507 -0.006]
		[0.507 0.862 -0.010]
		[-0.864 0.503 -0.006]
		[0.503 0.864 -0.010]
		[-0.865 0.501 -0.006]
		[0.501 0.865 -0.010]
		[-0.866 0.500 -0.006]
		[0.500 0.866 -0.010]
		[-0.866 0.501 -0.006]
		[0.501 0.866 -0.010]
		[-0.865 0.502 -0.006]
		[0.502 0.865 -0.010]
		[-0.863 0.504 -0.006]
		[0.504 0.863 -0.010]
		[0.511 0.860 -0.010]
		[-0.857 0.515 -0.006]
		[0.515 0.857 -0.010]
		[-0.854 0.520 -0.006]
		[0.520 0.854 -0.010]
		[-0.851 0.525 -0.006]
		[0.525 0.851 -0.010]
		[-0.847 0.531 -0.006]
		[0.531 0.847 -0.010]
		[-0.843 0.537 -0.006]
		[0.537 0.843 -0.009]
		[-0.835 0.551 -0.006]
		[0.551 0.834 -0.009]
		[-0.830 0.558 -0.006]
		[0.558 0.830 -0.009]
		[-0.824 0.566 -0.006]
		[0.566 0.824 -0.009]
		[-0.819 0.574 -0.006]
		[0.574 0.819 -0.009]
		[-0.813 0.582 -0.007]
		[0.582 0.813 -0.009]
		[-0.807 0.591 -0.007]
		[0.591 0.807 -0.009]
		[-0.801 0.599 -0.007]
		[0.599 0.801 -0.009]
		[-0.794 0.608 -0.007]
		[0.608 0.794 -0.009]
		[-0.787 0.616 -0.007]
		[0.617 0.787 -0.009]
		[-0.780 0.625 -0.007]
		[0.625 0.780 -0.009]
		[-0.773 0.634 -0.007]
		[0.634 0.773 -0.009]
		[-0.758 0.652 -0.007]
		[0.652 0.758 -0.009]
		[-0.749 0.663 -0.007]
		[0.663 0.749 -0.008]
		[-0.738 0.675 -0.008]
		[0.675 0.738 -0.008]
		[-0.726 0.688 -0.008]
		[0.688 0.726 -0.008]
		[-0.713 0.701 -0.008]
		[0.701 0.713 -0.008]
		[-0.699 0.715 -0.008]
		[0.715 0.699 -0.008]
		[-0.685 0.729 -0.008]
		[0.729 0.685 -0.008]
		[-0.670 0.743 -0.008]
		[0.743 0.670 -0.008]
		[-0.654 0.756 -0.009]
		[0.756 0.654 -0.007]
		[-0.638 0.770 -0.009]
		[0.770 0.638 -0.007]
		[-0.622 0.783 -0.009]
		[0.783 0.622 -0.007]
		[-0.606 0.795 -0.009]
		[0.796 0.606 -0.007]
		[-0.590 0.807 -0.009]
		[0.807 0.590 -0.007]
		[-0.575 0.818 -0.009]
		[0.818 0.575 -0.006]
		[0.000 1.000 0.000]
		[0.000 0.578 0.000]
		[0.000 -0.342 0.940]
		[0.000 -0.940 -0.342]
		[-0.123 -0.038 0.000]
		[0.000 -0.346 0.938]
		[0.000 -0.938 -0.346]
		[0.000 -0.350 0.937]
		[0.000 -0.937 -0.350]
		[0.000 -0.355 0.935]
		[0.000 -0.935 -0.355]
		[0.000 -0.360 0.933]
		[0.000 -0.933 -0.360]
		[0.000 -0.365 0.931]
		[0.000 -0.931 -0.365]
		[0.000 -0.370 0.929]
		[0.000 -0.929 -0.370]
		[0.000 -0.375 0.927]
		[0.000 -0.927 -0.375]
		[0.000 -0.380 0.925]
		[0.000 -0.925 -0.380]
		[0.000 -0.385 0.923]
		[0.000 -0.923 -0.385]
		[0.000 -0.390 0.921]
		[0.000 -0.921 -0.390]
		[0.000 -0.394 0.919]
		[0.000 -0.919 -0.394]
		[0.000 -0.399 0.917]
		[0.000 -0.917 -0.399]
		[0.000 -0.403 0.915]
		[0.000 -0.915 -0.403]
		[0.000 -0.407 0.913]
		[0.000 -0.913 -0.407]
		[0.000 -0.411 0.912]
		[0.000 -0.912 -0.411]
		[0.000 -0.414 0.910]
		[0.000 -0.910 -0.414]
		[0.000 -0.417 0.909]
		[0.000 -0.909 -0.417]
		[0.000 -0.419 0.908]
		[0.000 -0.908 -0.419]
		[0.000 -0.421 0.907]
		[0.000 -0.907 -0.421]
		[0.000 -0.422 0.907]
		[0.000 -0.907 -0.422]
		[0.000 -0.423 0.906]
		[0.000 -0.906 -0.423]
		[0.000 -0.415 0.910]
		[0.000 -0.910 -0.415]
		[0.000 -0.412 0.911]
		[0.000 -0.911 -0.412]
		[0.000 -0.409 0.913]
		[0.000 -0.913 -0.409]
		[0.000 -0.406 0.914]
		[0.000 -0.914 -0.406]
		[0.000 -0.402 0.916]
		[0.000 -0.916 -0.402]
		[0.000 -0.398 0.917]
		[0.000 -0.917 -0.398]
		[0.000 -0.381 0.925]
		[0.000 -0.925 -0.381]
		[0.000 -0.376 0.927]
		[0.000 -0.927 -0.376]
		[0.000 -0.371 0.928]
		[0.000 -0.928 -0.371]
		[0.000 -0.367 0.930]
		[0.000 -0.930 -0.367]
		[0.000 -0.362 0.932]
		[0.000 -0.932 -0.362]
		[0.000 -0.358 0.934]
		[0.000 -0.934 -0.358]
		[0.000 -0.354 0.935]
		[0.000 -0.935 -0.354]
		[0.000 -0.338 0.941]
		[0.000 -0.941 -0.338]
		[0.000 -0.334 0.942]
		[0.000 -0.942 -0.334]
		[0.000 -0.330 0.944]
		[0.000 -0.944 -0.330]
		[0.000 -0.326 0.946]
		[0.000 -0.946 -0.326]
		[0.000 -0.321 0.947]
		[0.000 -0.947 -0.321]
		[0.000 -0.316 0.949]
		[0.000 -0.949 -0.316]
		[0.000 -0.311 0.950]
		[0.000 -0.950 -0.311]
		[0.000 -0.306 0.952]
		[0.000 -0.952 -0.306]
		[0.000 -0.301 0.953]
		[0.000 -0.953 -0.301]
		[0.000 -0.297 0.955]
		[0.000 -0.955 -0.297]
		[0.000 -0.292 0.956]
		[0.000 -0.956 -0.292]
		[0.000 -0.287 0.958]
		[0.000 -0.958 -0.287]
		[0.000 -0.283 0.959]
		[0.000 -0.959 -0.283]
		[0.000 -0.279 0.960]
		[0.000 -0.960 -0.279]
		[0.000 0.000 -1.000]
		[-0.001 1.000 0.000]
		[1.000 0.001 0.000]
		[-0.002 1.000 0.000]
		[1.000 0.002 0.000]
		[-0.003 1.000 0.000]
		[1.000 0.003 0.000]
		[-0.004 1.000 0.000]
		[1.000 0.004 0.000]
		[-0.006 1.000 0.000]
		[1.000 0.006 0.000]
		[-0.007 1.000 0.000]
		[1.000 0.007 0.000]
		[-0.008 1.000 0.000]
		[1.000 0.008 0.000]
		[-0.009 1.000 0.000]
		[1.000 0.009 0.000]
		[-0.011 1.000 0.000]
		[1.000 0.011 0.000]
		[-0.012 1.000 0.000]
		[1.000 0.012 0.000]
		[-0.013 1.000 0.000]
		[1.000 0.013 0.000]
		[-0.014 1.000 0.000]
		[1.000 0.014 0.000]
		[0.005 1.000 0.000]
		[1.000 -0.005 0.000]
		[0.010 1.000 0.000]
		[1.000 -0.010 0.000]
		[0.017 1.000 0.000]
		[1.000 -0.017 0.000]
		[0.025 1.000 0.000]
		[1.000 -0.025 0.000]
		[0.034 0.999 0.000]
		[0.999 -0.034 0.000]
		[0.043 0.999 0.000]
		[0.999 -0.043 0.000]
		[0.053 0.999 0.000]
		[0.999 -0.053 0.000]
		[0.063 0.998 0.000]
		[0.998 -0.063 0.000]
		[0.074 0.997 0.000]
		[0.997 -0.074 0.000]
		[0.085 0.996 0.000]
		[0.996 -0.085 0.000]
		[0.095 0.995 0.000]
		[0.995 -0.095 0.000]
		[0.106 0.994 0.000]
		[0.994 -0.106 0.000]
		[0.116 0.993 0.000]
		[0.993 -0.116 0.000]
		[0.126 0.992 0.000]
		[0.992 -0.126 0.000]
		[0.000 0.866 -0.500]
		[0.000 0.500 0.866]
		[0.000 0.130 0.000]
		[0.000 0.864 -0.504]
		[0.000 0.504 0.864]
		[0.000 0.862 -0.508]
		[0.000 0.508 0.862]
		[0.000 0.859 -0.512]
		[0.000 0.512 0.859]
		[0.000 0.856 -0.516]
		[0.000 0.516 0.856]
		[0.000 0.854 -0.521]
		[0.000 0.521 0.854]
		[0.000 0.851 -0.525]
		[0.000 0.525 0.851]
		[0.000 0.848 -0.530]
		[0.000 0.530 0.848]
		[0.000 0.845 -0.535]
		[0.000 0.535 0.845]
		[0.000 0.842 -0.539]
		[0.000 0.539 0.842]
		[0.000 0.839 -0.544]
		[0.000 0.544 0.839]
		[0.000 0.836 -0.548]
		[0.000 0.548 0.836]
		[0.000 0.834 -0.552]
		[0.000 0.552 0.834]
		[0.000 0.831 -0.556]
		[0.000 0.556 0.831]
		[0.000 0.829 -0.560]
		[0.000 0.560 0.829]
		[0.000 0.827 -0.563]
		[0.000 0.563 0.827]
		[0.000 0.825 -0.566]
		[0.000 0.566 0.825]
		[0.000 0.823 -0.568]
		[0.000 0.568 0.823]
		[0.000 0.821 -0.570]
		[0.000 0.570 0.821]
		[0.000 0.820 -0.572]
		[0.000 0.572 0.820]
		[0.000 0.820 -0.573]
		[0.000 0.573 0.820]
		[0.000 0.819 -0.574]
		[0.000 0.574 0.819]
		[0.000 0.821 -0.571]
		[0.000 0.571 0.821]
		[0.000 0.823 -0.569]
		[0.000 0.569 0.823]
		[0.000 0.824 -0.567]
		[0.000 0.567 0.824]
		[0.000 0.826 -0.564]
		[0.000 0.564 0.826]
		[0.000 0.828 -0.561]
		[0.000 0.561 0.828]
		[0.000 0.830 -0.558]
		[0.000 0.558 0.830]
		[0.000 0.832 -0.555]
		[0.000 0.555 0.832]
		[0.000 0.834 -0.551]
		[0.000 0.551 0.834]
		[0.000 0.837 -0.547]
		[0.000 0.547 0.837]
		[0.000 0.847 -0.531]
		[0.000 0.531 0.847]
		[0.000 0.850 -0.527]
		[0.000 0.527 0.850]
		[0.000 0.852 -0.523]
		[0.000 0.523 0.852]
		[0.000 0.855 -0.519]
		[0.000 0.519 0.855]
		[0.000 0.857 -0.515]
		[0.000 0.515 0.857]
		[0.000 0.860 -0.511]
		[0.000 0.511 0.860]
		[0.000 0.862 -0.507]
		[0.000 0.507 0.862]
		[0.000 0.864 -0.503]
		[0.000 0.503 0.864]
		[0.000 0.868 -0.497]
		[0.000 0.497 0.868]
		[0.000 0.870 -0.493]
		[0.000 0.493 0.870]
		[0.000 0.872 -0.489]
		[0.000 0.489 0.872]
		[0.000 0.875 -0.485]
		[0.000 0.485 0.875]
		[0.000 0.877 -0.480]
		[0.000 0.480 0.877]
		[0.000 0.879 -0.476]
		[0.000 0.476 0.879]
		[0.000 0.882 -0.472]
		[0.000 0.472 0.882]
		[0.000 0.884 -0.467]
		[0.000 0.467 0.884]
		[0.000 0.887 -0.462]
		[0.000 0.462 0.887]
		[0.000 0.889 -0.458]
		[0.000 0.458 0.889]
		[0.000 0.891 -0.453]
		[0.000 0.453 0.891]
		[0.000 0.893 -0.449]
		[0.000 0.449 0.893]
		[0.000 0.896 -0.445]
		[0.000 0.445 0.896]
		[0.000 0.897 -0.441]
		[0.000 0.441 0.897]
		[0.000 0.866 0.500]
		[0.000 -0.500 0.866]
		[0.000 0.596 0.000]
		[0.000 0.315 0.000]
		[0.000 0.470 0.000]
		[0.000 0.300 0.000]
		[-1.000 0.000 0.000]
		[-0.500 0.000 0.866]
		[0.557 -0.766 0.321]
		[0.663 0.643 0.383]
		[0.279 0.394 -0.035]
		[0.551 -0.772 0.318]
		[0.668 0.636 0.386]
		[-0.501 0.000 0.865]
		[0.544 -0.777 0.315]
		[0.673 0.629 0.390]
		[-0.502 0.000 0.865]
		[0.537 -0.784 0.312]
		[0.678 0.621 0.394]
		[-0.504 0.000 0.864]
		[0.530 -0.790 0.309]
		[0.682 0.613 0.398]
		[-0.506 0.000 0.863]
		[0.522 -0.796 0.306]
		[0.687 0.605 0.403]
		[-0.508 0.000 0.862]
		[0.514 -0.803 0.303]
		[0.692 0.596 0.408]
		[-0.510 0.000 0.860]
		[0.505 -0.809 0.299]
		[0.696 0.587 0.413]
		[-0.512 0.000 0.859]
		[0.497 -0.816 0.296]
		[0.701 0.579 0.417]
		[-0.514 0.000 0.858]
		[0.489 -0.822 0.293]
		[0.705 0.570 0.422]
		[-0.516 0.000 0.857]
		[0.481 -0.828 0.289]
		[0.709 0.561 0.427]
		[-0.517 0.000 0.856]
		[0.473 -0.834 0.286]
		[0.713 0.552 0.431]
		[-0.518 0.000 0.855]
		[0.465 -0.839 0.282]
		[0.717 0.544 0.435]
		[-0.519 0.000 0.855]
		[0.458 -0.844 0.279]
		[0.721 0.536 0.438]
		[-0.519 0.000 0.854]
		[0.452 -0.849 0.275]
		[0.725 0.529 0.441]
		[0.446 -0.853 0.271]
		[0.729 0.522 0.443]
		[0.442 -0.856 0.268]
		[0.732 0.516 0.444]
		[-0.516 0.000 0.856]
		[0.438 -0.860 0.264]
		[0.736 0.511 0.444]
		[0.435 -0.862 0.260]
		[0.740 0.507 0.443]
		[0.433 -0.864 0.257]
		[0.743 0.503 0.441]
		[0.432 -0.865 0.253]
		[0.747 0.501 0.438]
		[0.433 -0.866 0.250]
		[0.750 0.500 0.433]
		[-0.493 0.000 0.870]
		[0.435 -0.866 0.246]
		[0.754 0.500 0.427]
		[-0.483 0.000 0.875]
		[0.439 -0.865 0.242]
		[0.758 0.501 0.418]
		[-0.472 0.000 0.882]
		[0.444 -0.864 0.238]
		[0.762 0.503 0.408]
		[-0.459 0.000 0.888]
		[0.450 -0.862 0.233]
		[0.766 0.506 0.396]
		[-0.445 0.000 0.895]
		[0.457 -0.860 0.227]
		[0.770 0.510 0.383]
		[-0.430 0.000 0.903]
		[0.465 -0.857 0.221]
		[0.774 0.515 0.368]
		[-0.413 0.000 0.911]
		[0.474 -0.854 0.215]
		[0.778 0.520 0.353]
		[-0.395 0.000 0.919]
		[0.483 -0.851 0.208]
		[0.781 0.526 0.336]
		[-0.377 0.000 0.926]
		[0.493 -0.847 0.201]
		[0.784 0.532 0.319]
		[-0.358 0.000 0.934]
		[0.503 -0.842 0.193]
		[0.786 0.539 0.302]
		[-0.339 0.000 0.941]
		[0.514 -0.838 0.185]
		[0.788 0.546 0.284]
		[-0.320 0.000 0.947]
		[0.525 -0.833 0.177]
		[0.789 0.554 0.267]
		[-0.301 0.000 0.954]
		[0.535 -0.828 0.169]
		[0.789 0.561 0.249]
		[-0.283 0.000 0.959]
		[0.546 -0.822 0.161]
		[0.789 0.569 0.232]
		[-0.265 0.000 0.964]
		[0.557 -0.817 0.153]
		[0.787 0.577 0.216]
		[-0.248 0.000 0.969]
		[0.567 -0.811 0.145]
		[0.786 0.585 0.201]
		[-0.232 0.000 0.973]
		[0.577 -0.805 0.138]
		[0.783 0.593 0.187]
		[-0.218 0.000 0.976]
		[0.587 -0.799 0.131]
		[0.780 0.601 0.174]
		[-0.205 0.000 0.979]
		[0.596 -0.793 0.125]
		[0.777 0.609 0.162]
		[-0.194 0.000 0.981]
		[0.605 -0.788 0.119]
		[0.773 0.616 0.153]
		[-0.185 0.000 0.983]
		[0.613 -0.782 0.115]
		[0.768 0.623 0.145]
		[-0.179 0.000 0.984]
		[0.620 -0.776 0.113]
		[0.764 0.630 0.139]
		[-0.175 0.000 0.985]
		[0.627 -0.771 0.111]
		[0.759 0.637 0.135]
		[-0.174 0.000 0.985]
		[0.633 -0.766 0.112]
		[0.754 0.643 0.133]
		[-0.176 0.000 0.984]
		[0.639 -0.761 0.114]
		[0.749 0.649 0.134]
		[-0.181 0.000 0.984]
		[0.644 -0.755 0.119]
		[0.743 0.655 0.137]
		[-0.189 0.000 0.982]
		[0.650 -0.749 0.125]
		[0.736 0.662 0.141]
		[-0.199 0.000 0.980]
		[0.656 -0.743 0.133]
		[0.728 0.669 0.148]
		[-0.212 0.000 0.977]
		[0.661 -0.737 0.143]
		[0.720 0.676 0.156]
		[-0.226 0.000 0.974]
		[0.666 -0.730 0.155]
		[0.711 0.684 0.165]
		[-0.242 0.000 0.970]
		[0.671 -0.723 0.168]
		[0.701 0.691 0.175]
		[-0.260 0.000 0.966]
		[0.675 -0.715 0.182]
		[0.691 0.699 0.186]
		[-0.278 0.000 0.960]
		[0.678 -0.708 0.197]
		[0.680 0.706 0.197]
		[-0.298 0.000 0.955]
		[0.681 -0.701 0.212]
		[0.669 0.713 0.209]
		[-0.318 0.000 0.948]
		[0.683 -0.694 0.229]
		[0.658 0.720 0.220]
		[-0.338 0.000 0.941]
		[0.684 -0.687 0.246]
		[0.646 0.727 0.232]
		[0.685 -0.680 0.262]
		[0.635 0.733 0.243]
		[-0.378 0.000 0.926]
		[0.684 -0.674 0.279]
		[0.624 0.739 0.254]
		[0.983 0.184 -0.001]
		[-0.184 0.983 -0.011]
		[-0.001 0.011 1.000]
		[0.000 0.316 0.000]
		[0.983 0.183 -0.001]
		[-0.183 0.983 -0.011]
		[0.983 0.182 -0.001]
		[-0.182 0.983 -0.011]
		[0.984 0.181 -0.001]
		[-0.181 0.983 -0.011]
		[0.984 0.180 -0.001]
		[-0.180 0.984 -0.012]
		[-0.001 0.012 1.000]
		[0.984 0.179 -0.001]
		[-0.179 0.984 -0.012]
		[0.984 0.177 -0.001]
		[-0.177 0.984 -0.012]
		[0.984 0.176 -0.001]
		[-0.176 0.984 -0.012]
		[0.985 0.175 -0.001]
		[-0.175 0.984 -0.012]
		[-0.175 0.985 -0.012]
		[0.985 0.174 -0.001]
		[-0.174 0.985 -0.012]
		[0.985 0.173 -0.001]
		[-0.173 0.985 -0.012]
		[0.984 0.178 -0.001]
		[-0.178 0.984 -0.012]
		[0.982 0.188 -0.001]
		[-0.188 0.982 -0.011]
		[0.981 0.193 -0.001]
		[-0.193 0.981 -0.011]
		[0.980 0.198 -0.001]
		[-0.198 0.980 -0.010]
		[-0.001 0.010 1.000]
		[0.979 0.205 -0.001]
		[-0.205 0.979 -0.010]
		[0.977 0.213 -0.001]
		[-0.213 0.977 -0.009]
		[-0.001 0.009 1.000]
		[0.975 0.220 -0.001]
		[-0.220 0.975 -0.009]
		[0.973 0.229 -0.001]
		[-0.229 0.973 -0.008]
		[-0.001 0.008 1.000]
		[0.971 0.238 -0.001]
		[-0.238 0.971 -0.007]
		[-0.001 0.007 1.000]
		[0.969 0.247 -0.001]
		[-0.247 0.969 -0.007]
		[0.967 0.256 -0.001]
		[-0.256 0.967 -0.006]
		[-0.001 0.006 1.000]
		[0.964 0.265 -0.001]
		[-0.265 0.964 -0.005]
		[0.962 0.274 -0.001]
		[-0.274 0.962 -0.005]
		[-0.001 0.005 1.000]
		[0.959 0.283 -0.001]
		[-0.283 0.959 -0.004]
		[0.000 0.004 1.000]
		[0.956 0.292 -0.001]
		[-0.292 0.956 -0.004]
		[0.954 0.300 -0.001]
		[-0.300 0.954 -0.003]
		[0.000 0.003 1.000]
		[0.951 0.308 0.000]
		[-0.308 0.951 -0.002]
		[0.000 0.002 1.000]
		[0.949 0.316 0.000]
		[-0.316 0.949 -0.002]
		[0.947 0.322 0.000]
		[-0.322 0.947 -0.001]
		[0.000 0.001 1.000]
		[0.945 0.328 0.000]
		[-0.328 0.945 -0.001]
		[0.943 0.333 0.000]
		[-0.333 0.943 -0.001]
		[0.942 0.337 0.000]
		[-0.337 0.942 0.000]
		[0.940 0.340 0.000]
		[-0.340 0.940 0.000]
		[0.940 0.342 0.000]
		[-0.342 0.940 0.000]
		[0.940 0.341 0.000]
		[-0.341 0.940 0.000]
		[0.941 0.339 0.000]
		[-0.339 0.941 0.000]
		[0.942 0.335 0.000]
		[-0.335 0.942 0.000]
		[0.944 0.331 0.000]
		[-0.331 0.944 -0.001]
		[0.946 0.325 0.000]
		[-0.325 0.946 -0.001]
		[0.948 0.318 0.000]
		[-0.318 0.948 -0.002]
		[0.950 0.311 0.000]
		[-0.311 0.950 -0.002]
		[0.953 0.303 -0.001]
		[-0.303 0.953 -0.003]
		[0.956 0.294 -0.001]
		[-0.294 0.956 -0.003]
		[0.959 0.285 -0.001]
		[-0.285 0.959 -0.004]
		[0.961 0.275 -0.001]
		[-0.275 0.961 -0.005]
		[0.964 0.266 -0.001]
		[-0.266 0.964 -0.005]
		[0.969 0.246 -0.001]
		[-0.246 0.969 -0.007]
		[0.000 0.469 0.000]
		[0.500 0.000 0.866]
		[-0.557 -0.766 0.321]
		[0.663 -0.643 -0.383]
		[-0.279 0.394 -0.035]
		[-0.551 -0.772 0.318]
		[0.668 -0.636 -0.386]
		[0.501 0.000 0.865]
		[-0.544 -0.777 0.315]
		[0.673 -0.629 -0.390]
		[0.502 0.000 0.865]
		[-0.537 -0.784 0.312]
		[0.678 -0.621 -0.394]
		[0.504 0.000 0.864]
		[-0.530 -0.790 0.309]
		[0.682 -0.613 -0.398]
		[0.506 0.000 0.863]
		[-0.522 -0.796 0.306]
		[0.687 -0.605 -0.403]
		[0.508 0.000 0.862]
		[-0.514 -0.803 0.303]
		[0.692 -0.596 -0.408]
		[0.510 0.000 0.860]
		[-0.505 -0.809 0.299]
		[0.696 -0.587 -0.413]
		[0.512 0.000 0.859]
		[-0.497 -0.816 0.296]
		[0.701 -0.579 -0.417]
		[0.514 0.000 0.858]
		[-0.489 -0.822 0.293]
