{ :name "Armature|walk_crowd" :length 1.666667 :bones { 
	"Skelet" [
		[ 0 [ 0 1 2 3 ] ]
		[ 0.04166667 [ 0 1 2 4 ] ]
		[ 0.08333334 [ 0 1 2 5 ] ]
		[ 0.125 [ 0 1 2 6 ] ]
		[ 0.1666667 [ 0 1 2 7 ] ]
		[ 0.2083333 [ 0 1 2 8 ] ]
		[ 0.25 [ 0 1 2 9 ] ]
		[ 0.2916667 [ 0 1 2 10 ] ]
		[ 0.3333333 [ 0 1 2 11 ] ]
		[ 0.375 [ 0 1 2 12 ] ]
		[ 0.4166667 [ 0 1 2 13 ] ]
		[ 0.4583333 [ 0 1 2 14 ] ]
		[ 0.5 [ 0 1 2 15 ] ]
		[ 0.5416667 [ 0 1 2 16 ] ]
		[ 0.5833334 [ 0 1 2 17 ] ]
		[ 0.625 [ 0 1 2 18 ] ]
		[ 0.6666667 [ 0 1 2 19 ] ]
		[ 0.7083334 [ 0 1 2 20 ] ]
		[ 0.7500001 [ 0 1 2 21 ] ]
		[ 0.7916667 [ 0 1 2 22 ] ]
		[ 0.8333334 [ 0 1 2 3 ] ]
		[ 0.8750001 [ 0 1 2 23 ] ]
		[ 0.9166667 [ 0 1 2 24 ] ]
		[ 0.9583334 [ 0 1 2 25 ] ]
		[ 1 [ 0 1 2 26 ] ]
		[ 1.041667 [ 0 1 2 27 ] ]
		[ 1.083333 [ 0 1 2 28 ] ]
		[ 1.125 [ 0 1 2 29 ] ]
		[ 1.166667 [ 0 1 2 30 ] ]
		[ 1.208333 [ 0 1 2 31 ] ]
		[ 1.25 [ 0 1 2 32 ] ]
		[ 1.291667 [ 0 1 2 33 ] ]
		[ 1.333333 [ 0 1 2 34 ] ]
		[ 1.375 [ 0 1 2 35 ] ]
		[ 1.416667 [ 0 1 2 29 ] ]
		[ 1.458333 [ 0 1 2 36 ] ]
		[ 1.5 [ 0 1 2 37 ] ]
		[ 1.541667 [ 0 1 2 38 ] ]
		[ 1.583333 [ 0 1 2 39 ] ]
		[ 1.625 [ 0 1 2 40 ] ]
	]
	"Bedro_L" [
		[ 0 [ 41 42 43 44 ] ]
		[ 0.04166667 [ 45 46 47 44 ] ]
		[ 0.08333334 [ 48 49 50 44 ] ]
		[ 0.125 [ 51 52 53 44 ] ]
		[ 0.1666667 [ 54 55 56 44 ] ]
		[ 0.2083333 [ 57 58 59 44 ] ]
		[ 0.25 [ 60 61 62 44 ] ]
		[ 0.2916667 [ 63 64 65 44 ] ]
		[ 0.3333333 [ 66 67 68 44 ] ]
		[ 0.375 [ 69 70 71 44 ] ]
		[ 0.4166667 [ 69 72 71 44 ] ]
		[ 0.4583333 [ 73 74 68 44 ] ]
		[ 0.5 [ 75 76 77 44 ] ]
		[ 0.5416667 [ 78 79 59 44 ] ]
		[ 0.5833334 [ 80 81 56 44 ] ]
		[ 0.625 [ 82 83 84 44 ] ]
		[ 0.6666667 [ 41 42 43 44 ] ]
		[ 0.7083334 [ 85 86 87 44 ] ]
		[ 0.7500001 [ 88 89 90 44 ] ]
		[ 0.7916667 [ 91 92 93 44 ] ]
		[ 0.8333334 [ 94 95 96 44 ] ]
		[ 0.8750001 [ 97 98 99 44 ] ]
		[ 0.9166667 [ 100 101 102 44 ] ]
		[ 0.9583334 [ 103 104 105 44 ] ]
		[ 1 [ 106 107 108 44 ] ]
		[ 1.041667 [ 109 110 108 44 ] ]
		[ 1.083333 [ 111 112 113 44 ] ]
		[ 1.125 [ 114 115 113 44 ] ]
		[ 1.166667 [ 116 117 113 44 ] ]
		[ 1.208333 [ 118 119 113 44 ] ]
		[ 1.25 [ 120 121 113 44 ] ]
		[ 1.291667 [ 122 123 113 44 ] ]
		[ 1.333333 [ 124 125 105 44 ] ]
		[ 1.375 [ 126 127 105 44 ] ]
		[ 1.416667 [ 128 129 102 44 ] ]
		[ 1.458333 [ 130 131 132 44 ] ]
		[ 1.5 [ 133 134 135 44 ] ]
		[ 1.541667 [ 136 137 93 44 ] ]
		[ 1.583333 [ 138 139 90 44 ] ]
		[ 1.625 [ 140 141 87 44 ] ]
	]
	"Koleno_L" [
		[ 0 [ 142 143 144 145 ] ]
		[ 0.04166667 [ 142 143 146 145 ] ]
		[ 0.08333334 [ 147 143 146 145 ] ]
		[ 0.125 [ 147 143 148 145 ] ]
		[ 0.1666667 [ 149 143 150 145 ] ]
		[ 0.2083333 [ 149 143 151 145 ] ]
		[ 0.25 [ 152 143 151 145 ] ]
		[ 0.2916667 [ 152 143 153 145 ] ]
		[ 0.3333333 [ 154 143 153 145 ] ]
		[ 0.375 [ 154 143 155 145 ] ]
		[ 0.4166667 [ 156 157 155 145 ] ]
		[ 0.4583333 [ 158 159 155 145 ] ]
		[ 0.5 [ 160 161 155 145 ] ]
		[ 0.5416667 [ 162 163 155 145 ] ]
		[ 0.5833334 [ 164 165 166 145 ] ]
		[ 0.625 [ 167 168 169 145 ] ]
		[ 0.6666667 [ 170 171 172 145 ] ]
		[ 0.7083334 [ 173 174 175 145 ] ]
		[ 0.7500001 [ 176 177 175 145 ] ]
		[ 0.7916667 [ 178 179 180 145 ] ]
		[ 0.8333334 [ 181 182 180 145 ] ]
		[ 0.8750001 [ 183 184 180 145 ] ]
		[ 0.9166667 [ 185 186 187 145 ] ]
		[ 0.9583334 [ 188 189 187 145 ] ]
		[ 1 [ 190 191 187 145 ] ]
		[ 1.041667 [ 192 193 194 145 ] ]
		[ 1.083333 [ 195 196 194 145 ] ]
		[ 1.125 [ 197 198 194 145 ] ]
		[ 1.166667 [ 199 200 155 145 ] ]
		[ 1.208333 [ 201 202 155 145 ] ]
		[ 1.25 [ 203 204 155 145 ] ]
		[ 1.291667 [ 205 206 153 145 ] ]
		[ 1.333333 [ 207 208 153 145 ] ]
		[ 1.375 [ 209 210 153 145 ] ]
		[ 1.416667 [ 211 212 151 145 ] ]
		[ 1.458333 [ 213 214 151 145 ] ]
		[ 1.5 [ 215 216 150 145 ] ]
		[ 1.541667 [ 217 218 148 145 ] ]
		[ 1.583333 [ 219 220 146 145 ] ]
		[ 1.625 [ 221 222 146 145 ] ]
	]
	"Koleno_L_end" [
		[ 0 [ 0 223 1 224 ] ]
	]
	"Koleno_L_end_end" [
		[ 0 [ 0 223 1 224 ] ]
	]
	"Bedro_P" [
		[ 0 [ 225 226 227 228 ] ]
		[ 0.04166667 [ 229 230 231 228 ] ]
		[ 0.08333334 [ 232 233 234 228 ] ]
		[ 0.125 [ 235 236 237 228 ] ]
		[ 0.1666667 [ 238 239 240 228 ] ]
		[ 0.2083333 [ 241 242 243 228 ] ]
		[ 0.25 [ 244 245 246 228 ] ]
		[ 0.2916667 [ 247 248 249 228 ] ]
		[ 0.3333333 [ 122 250 249 228 ] ]
		[ 0.375 [ 116 251 252 228 ] ]
		[ 0.4166667 [ 253 254 252 228 ] ]
		[ 0.4583333 [ 255 256 252 228 ] ]
		[ 0.5 [ 257 258 259 228 ] ]
		[ 0.5416667 [ 260 261 246 228 ] ]
		[ 0.5833334 [ 262 263 264 228 ] ]
		[ 0.625 [ 265 266 267 228 ] ]
		[ 0.6666667 [ 268 269 270 228 ] ]
		[ 0.7083334 [ 271 272 273 228 ] ]
		[ 0.7500001 [ 274 275 276 228 ] ]
		[ 0.7916667 [ 277 278 279 228 ] ]
		[ 0.8333334 [ 280 281 282 228 ] ]
		[ 0.8750001 [ 283 284 285 228 ] ]
		[ 0.9166667 [ 286 287 288 228 ] ]
		[ 0.9583334 [ 289 290 291 228 ] ]
		[ 1 [ 292 293 294 228 ] ]
		[ 1.041667 [ 295 296 297 228 ] ]
		[ 1.083333 [ 298 299 300 228 ] ]
		[ 1.125 [ 301 302 303 228 ] ]
		[ 1.166667 [ 304 305 303 228 ] ]
		[ 1.208333 [ 306 307 308 228 ] ]
		[ 1.25 [ 309 310 303 228 ] ]
		[ 1.291667 [ 311 312 303 228 ] ]
		[ 1.333333 [ 313 314 300 228 ] ]
		[ 1.375 [ 315 316 297 228 ] ]
		[ 1.416667 [ 317 318 294 228 ] ]
		[ 1.458333 [ 319 320 321 228 ] ]
		[ 1.5 [ 322 323 324 228 ] ]
		[ 1.541667 [ 325 326 282 228 ] ]
		[ 1.583333 [ 327 328 329 228 ] ]
		[ 1.625 [ 330 331 332 228 ] ]
	]
	"Koleno_P" [
		[ 0 [ 333 334 335 145 ] ]
		[ 0.04166667 [ 336 337 338 145 ] ]
		[ 0.08333334 [ 339 340 338 145 ] ]
		[ 0.125 [ 341 342 343 145 ] ]
		[ 0.1666667 [ 344 345 346 145 ] ]
		[ 0.2083333 [ 347 348 349 145 ] ]
		[ 0.25 [ 350 351 352 145 ] ]
		[ 0.2916667 [ 353 354 352 145 ] ]
		[ 0.3333333 [ 355 356 357 145 ] ]
		[ 0.375 [ 358 359 360 145 ] ]
		[ 0.4166667 [ 361 362 363 145 ] ]
		[ 0.4583333 [ 364 365 363 145 ] ]
		[ 0.5 [ 366 367 368 145 ] ]
		[ 0.5416667 [ 369 370 371 145 ] ]
		[ 0.5833334 [ 372 373 371 145 ] ]
		[ 0.625 [ 374 375 371 145 ] ]
		[ 0.6666667 [ 376 377 378 145 ] ]
		[ 0.7083334 [ 379 380 378 145 ] ]
		[ 0.7500001 [ 381 382 378 145 ] ]
		[ 0.7916667 [ 383 384 385 145 ] ]
		[ 0.8333334 [ 386 387 385 145 ] ]
		[ 0.8750001 [ 388 389 385 145 ] ]
		[ 0.9166667 [ 390 391 392 145 ] ]
		[ 0.9583334 [ 393 391 392 145 ] ]
		[ 1 [ 393 391 392 145 ] ]
		[ 1.041667 [ 393 389 394 145 ] ]
		[ 1.083333 [ 395 389 394 145 ] ]
		[ 1.125 [ 395 387 396 145 ] ]
		[ 1.166667 [ 397 387 398 145 ] ]
		[ 1.208333 [ 399 387 398 145 ] ]
		[ 1.25 [ 400 401 398 145 ] ]
		[ 1.291667 [ 402 403 398 145 ] ]
		[ 1.333333 [ 404 405 398 145 ] ]
		[ 1.375 [ 406 407 408 145 ] ]
		[ 1.416667 [ 409 410 408 145 ] ]
		[ 1.458333 [ 411 412 413 145 ] ]
		[ 1.5 [ 414 415 413 145 ] ]
		[ 1.541667 [ 416 417 349 145 ] ]
		[ 1.583333 [ 418 419 346 145 ] ]
		[ 1.625 [ 420 421 338 145 ] ]
	]
	"Koleno_P_end" [
		[ 0 [ 0 223 1 224 ] ]
	]
	"Koleno_P_end_end" [
		[ 0 [ 0 223 1 224 ] ]
	]
	"Tors" [
		[ 0 [ 0 223 1 422 ] ]
		[ 0.04166667 [ 423 424 425 422 ] ]
		[ 0.08333334 [ 426 427 428 422 ] ]
		[ 0.125 [ 429 430 431 422 ] ]
		[ 0.1666667 [ 432 433 434 422 ] ]
		[ 0.2083333 [ 435 436 437 422 ] ]
		[ 0.25 [ 438 439 440 422 ] ]
		[ 0.2916667 [ 441 442 443 422 ] ]
		[ 0.3333333 [ 444 445 446 422 ] ]
		[ 0.375 [ 447 448 449 422 ] ]
		[ 0.4166667 [ 450 451 452 422 ] ]
		[ 0.4583333 [ 453 454 455 422 ] ]
		[ 0.5 [ 456 457 458 422 ] ]
		[ 0.5416667 [ 459 460 461 422 ] ]
		[ 0.5833334 [ 462 463 464 422 ] ]
		[ 0.625 [ 465 466 467 422 ] ]
		[ 0.6666667 [ 468 469 470 422 ] ]
		[ 0.7083334 [ 471 472 473 422 ] ]
		[ 0.7500001 [ 474 475 476 422 ] ]
		[ 0.7916667 [ 477 478 479 422 ] ]
		[ 0.8333334 [ 0 223 1 422 ] ]
		[ 0.8750001 [ 480 481 482 422 ] ]
		[ 0.9166667 [ 483 484 485 422 ] ]
		[ 0.9583334 [ 486 487 488 422 ] ]
		[ 1 [ 489 490 491 422 ] ]
		[ 1.041667 [ 492 493 494 422 ] ]
		[ 1.083333 [ 495 496 497 422 ] ]
		[ 1.125 [ 498 499 500 422 ] ]
		[ 1.166667 [ 501 502 503 422 ] ]
		[ 1.208333 [ 504 505 506 422 ] ]
		[ 1.25 [ 507 508 509 422 ] ]
		[ 1.291667 [ 510 511 512 422 ] ]
		[ 1.333333 [ 513 514 515 422 ] ]
		[ 1.375 [ 516 517 518 422 ] ]
		[ 1.416667 [ 519 520 521 422 ] ]
		[ 1.458333 [ 522 523 524 422 ] ]
		[ 1.5 [ 525 526 527 422 ] ]
		[ 1.541667 [ 528 529 530 422 ] ]
		[ 1.583333 [ 531 532 533 422 ] ]
		[ 1.625 [ 534 535 536 422 ] ]
	]
	"Golova" [
		[ 0 [ 0 223 1 537 ] ]
		[ 0.04166667 [ 538 539 540 537 ] ]
		[ 0.08333334 [ 541 542 543 537 ] ]
		[ 0.125 [ 544 545 546 537 ] ]
		[ 0.1666667 [ 547 548 549 537 ] ]
		[ 0.2083333 [ 550 551 552 537 ] ]
		[ 0.25 [ 553 554 555 537 ] ]
		[ 0.2916667 [ 556 557 558 537 ] ]
		[ 0.3333333 [ 559 560 561 537 ] ]
		[ 0.375 [ 562 563 564 537 ] ]
		[ 0.4166667 [ 565 566 567 537 ] ]
		[ 0.4583333 [ 568 569 570 537 ] ]
		[ 0.5 [ 559 571 572 537 ] ]
		[ 0.5416667 [ 573 574 575 537 ] ]
		[ 0.5833334 [ 576 577 578 537 ] ]
		[ 0.625 [ 579 580 581 537 ] ]
		[ 0.6666667 [ 582 583 584 537 ] ]
		[ 0.7083334 [ 585 586 587 537 ] ]
		[ 0.7500001 [ 588 589 590 537 ] ]
		[ 0.7916667 [ 591 592 593 537 ] ]
		[ 0.8333334 [ 0 223 1 537 ] ]
		[ 0.8750001 [ 594 595 596 537 ] ]
		[ 0.9166667 [ 597 598 599 537 ] ]
		[ 0.9583334 [ 600 601 602 537 ] ]
		[ 1 [ 603 604 605 537 ] ]
		[ 1.041667 [ 606 607 608 537 ] ]
		[ 1.083333 [ 609 610 611 537 ] ]
		[ 1.125 [ 612 613 614 537 ] ]
		[ 1.166667 [ 615 616 617 537 ] ]
		[ 1.208333 [ 618 619 620 537 ] ]
		[ 1.25 [ 621 622 623 537 ] ]
		[ 1.291667 [ 624 625 626 537 ] ]
		[ 1.333333 [ 627 628 629 537 ] ]
		[ 1.375 [ 630 631 632 537 ] ]
		[ 1.416667 [ 633 634 635 537 ] ]
		[ 1.458333 [ 636 637 638 537 ] ]
		[ 1.5 [ 639 640 641 537 ] ]
		[ 1.541667 [ 642 643 644 537 ] ]
		[ 1.583333 [ 645 646 647 537 ] ]
		[ 1.625 [ 648 649 650 537 ] ]
	]
	"Golova_end" [
		[ 0 [ 0 223 1 651 ] ]
	]
	"Golova_end_end" [
		[ 0 [ 0 223 1 651 ] ]
	]
	"Kluchitsa_L" [
		[ 0 [ 1 0 223 652 ] ]
	]
	"Kluchitsa_L_end" [
		[ 0 [ 0 223 1 653 ] ]
	]
	"Kluchitsa_L_end_end" [
		[ 0 [ 0 223 1 653 ] ]
	]
	"Kluchitsa_P" [
		[ 0 [ 654 655 223 652 ] ]
	]
	"Kluchitsa_P_end" [
		[ 0 [ 0 223 1 653 ] ]
	]
	"Kluchitsa_P_end_end" [
		[ 0 [ 0 223 1 653 ] ]
	]
	"Ruka_L" [
		[ 0 [ 656 657 658 659 ] ]
		[ 0.04166667 [ 660 661 662 659 ] ]
		[ 0.08333334 [ 663 664 665 659 ] ]
		[ 0.125 [ 666 667 668 659 ] ]
		[ 0.1666667 [ 669 670 671 659 ] ]
		[ 0.2083333 [ 672 673 674 659 ] ]
		[ 0.25 [ 675 676 677 659 ] ]
		[ 0.2916667 [ 678 679 680 659 ] ]
		[ 0.3333333 [ 681 682 683 659 ] ]
		[ 0.375 [ 684 685 686 659 ] ]
		[ 0.4166667 [ 687 688 689 659 ] ]
		[ 0.4583333 [ 690 691 692 659 ] ]
		[ 0.5 [ 693 694 695 659 ] ]
		[ 0.5416667 [ 696 697 698 659 ] ]
		[ 0.5833334 [ 699 700 701 659 ] ]
		[ 0.625 [ 702 703 704 659 ] ]
		[ 0.6666667 [ 705 706 707 659 ] ]
		[ 0.7083334 [ 708 709 710 659 ] ]
		[ 0.7500001 [ 711 712 713 659 ] ]
		[ 0.7916667 [ 714 715 716 659 ] ]
		[ 0.8333334 [ 656 717 658 659 ] ]
		[ 0.8750001 [ 718 719 720 659 ] ]
		[ 0.9166667 [ 721 722 723 659 ] ]
		[ 0.9583334 [ 724 725 726 659 ] ]
		[ 1 [ 727 728 729 659 ] ]
		[ 1.041667 [ 730 731 732 659 ] ]
		[ 1.083333 [ 733 734 735 659 ] ]
		[ 1.125 [ 736 737 738 659 ] ]
		[ 1.166667 [ 739 740 741 659 ] ]
		[ 1.208333 [ 742 743 744 659 ] ]
		[ 1.25 [ 745 746 747 659 ] ]
		[ 1.291667 [ 736 748 749 659 ] ]
		[ 1.333333 [ 750 751 752 659 ] ]
		[ 1.375 [ 753 754 755 659 ] ]
		[ 1.416667 [ 756 757 758 659 ] ]
		[ 1.458333 [ 759 760 761 659 ] ]
		[ 1.5 [ 762 763 764 659 ] ]
		[ 1.541667 [ 765 766 767 659 ] ]
		[ 1.583333 [ 768 769 770 659 ] ]
		[ 1.625 [ 771 772 773 659 ] ]
	]
	"Lokot_L" [
		[ 0 [ 774 775 776 777 ] ]
		[ 0.04166667 [ 778 779 780 777 ] ]
		[ 0.08333334 [ 781 782 783 777 ] ]
		[ 0.125 [ 784 785 786 777 ] ]
		[ 0.1666667 [ 787 788 789 777 ] ]
		[ 0.2083333 [ 790 791 792 777 ] ]
		[ 0.25 [ 793 794 795 777 ] ]
		[ 0.2916667 [ 796 797 798 777 ] ]
		[ 0.3333333 [ 799 800 801 777 ] ]
		[ 0.375 [ 802 803 804 777 ] ]
		[ 0.4166667 [ 805 806 807 777 ] ]
		[ 0.4583333 [ 808 809 810 777 ] ]
		[ 0.5 [ 811 812 813 777 ] ]
		[ 0.5416667 [ 814 815 816 777 ] ]
		[ 0.5833334 [ 817 818 819 777 ] ]
		[ 0.625 [ 820 821 822 777 ] ]
		[ 0.6666667 [ 823 824 825 777 ] ]
		[ 0.7083334 [ 826 827 828 777 ] ]
		[ 0.7500001 [ 829 830 831 777 ] ]
		[ 0.7916667 [ 832 833 834 777 ] ]
		[ 0.8333334 [ 774 835 836 777 ] ]
		[ 0.8750001 [ 837 838 839 777 ] ]
		[ 0.9166667 [ 840 841 842 777 ] ]
		[ 0.9583334 [ 843 844 845 777 ] ]
		[ 1 [ 846 847 848 777 ] ]
		[ 1.041667 [ 849 850 851 777 ] ]
		[ 1.083333 [ 852 853 854 777 ] ]
		[ 1.125 [ 855 856 857 777 ] ]
		[ 1.166667 [ 858 859 860 777 ] ]
		[ 1.208333 [ 861 862 863 777 ] ]
		[ 1.25 [ 864 865 866 777 ] ]
		[ 1.291667 [ 867 868 869 777 ] ]
		[ 1.333333 [ 870 871 872 777 ] ]
		[ 1.375 [ 873 874 875 777 ] ]
		[ 1.416667 [ 876 877 878 777 ] ]
		[ 1.458333 [ 879 880 881 777 ] ]
		[ 1.5 [ 882 883 884 777 ] ]
		[ 1.541667 [ 885 886 887 777 ] ]
		[ 1.583333 [ 888 889 890 777 ] ]
		[ 1.625 [ 891 892 893 777 ] ]
	]
	"Lokot_L_end" [
		[ 0 [ 0 223 1 894 ] ]
	]
	"Lokot_L_end_end" [
		[ 0 [ 0 223 1 894 ] ]
	]
	"Ruka_P" [
		[ 0 [ 895 896 897 898 ] ]
		[ 0.04166667 [ 899 900 901 898 ] ]
		[ 0.08333334 [ 902 903 904 898 ] ]
		[ 0.125 [ 905 906 907 898 ] ]
		[ 0.1666667 [ 908 909 910 898 ] ]
		[ 0.2083333 [ 911 912 913 898 ] ]
		[ 0.25 [ 914 915 916 898 ] ]
		[ 0.2916667 [ 917 918 919 898 ] ]
		[ 0.3333333 [ 920 921 922 898 ] ]
		[ 0.375 [ 923 924 925 898 ] ]
		[ 0.4166667 [ 926 927 928 898 ] ]
		[ 0.4583333 [ 929 930 931 898 ] ]
		[ 0.5 [ 932 933 934 898 ] ]
		[ 0.5416667 [ 935 936 937 898 ] ]
		[ 0.5833334 [ 938 939 940 898 ] ]
		[ 0.625 [ 941 942 943 898 ] ]
		[ 0.6666667 [ 944 945 946 898 ] ]
		[ 0.7083334 [ 947 948 949 898 ] ]
		[ 0.7500001 [ 950 951 952 898 ] ]
		[ 0.7916667 [ 953 954 955 898 ] ]
		[ 0.8333334 [ 956 957 958 898 ] ]
		[ 0.8750001 [ 959 960 961 898 ] ]
		[ 0.9166667 [ 962 963 964 898 ] ]
		[ 0.9583334 [ 965 966 967 898 ] ]
		[ 1 [ 968 969 970 898 ] ]
		[ 1.041667 [ 971 972 973 898 ] ]
		[ 1.083333 [ 974 975 976 898 ] ]
		[ 1.125 [ 977 978 979 898 ] ]
		[ 1.166667 [ 980 981 982 898 ] ]
		[ 1.208333 [ 983 984 985 898 ] ]
		[ 1.25 [ 986 987 988 898 ] ]
		[ 1.291667 [ 989 990 991 898 ] ]
		[ 1.333333 [ 992 993 994 898 ] ]
		[ 1.375 [ 995 996 997 898 ] ]
		[ 1.416667 [ 998 999 1000 898 ] ]
		[ 1.458333 [ 1001 1002 1003 898 ] ]
		[ 1.5 [ 1004 1005 1006 898 ] ]
		[ 1.541667 [ 1007 1008 1009 898 ] ]
		[ 1.583333 [ 1010 1011 1012 898 ] ]
		[ 1.625 [ 1013 1014 1015 898 ] ]
	]
	"Lokot_P" [
		[ 0 [ 1016 1017 1018 777 ] ]
		[ 0.04166667 [ 1019 1020 1021 777 ] ]
		[ 0.08333334 [ 1022 1023 1024 777 ] ]
		[ 0.125 [ 1025 1026 1027 777 ] ]
		[ 0.1666667 [ 1028 1029 1030 777 ] ]
		[ 0.2083333 [ 1031 1032 1033 777 ] ]
		[ 0.25 [ 1034 1035 1036 777 ] ]
		[ 0.2916667 [ 1037 1038 1039 777 ] ]
		[ 0.3333333 [ 1040 1041 1042 777 ] ]
		[ 0.375 [ 1043 1044 1045 777 ] ]
		[ 0.4166667 [ 1046 1047 1048 777 ] ]
		[ 0.4583333 [ 1049 1050 1051 777 ] ]
		[ 0.5 [ 1052 1053 1054 777 ] ]
		[ 0.5416667 [ 1055 1056 1057 777 ] ]
		[ 0.5833334 [ 1058 1059 1060 777 ] ]
		[ 0.625 [ 1061 1062 1063 777 ] ]
		[ 0.6666667 [ 1064 1065 1066 777 ] ]
		[ 0.7083334 [ 1067 1068 1069 777 ] ]
		[ 0.7500001 [ 1070 1071 1072 777 ] ]
		[ 0.7916667 [ 1073 1074 1075 777 ] ]
		[ 0.8333334 [ 1016 1017 1018 777 ] ]
		[ 0.8750001 [ 1076 1077 1078 777 ] ]
		[ 0.9166667 [ 1079 1080 1081 777 ] ]
		[ 0.9583334 [ 1082 1083 1084 777 ] ]
		[ 1 [ 1085 1086 1087 777 ] ]
		[ 1.041667 [ 1088 1089 1090 777 ] ]
		[ 1.083333 [ 1091 1092 1093 777 ] ]
		[ 1.125 [ 1094 1095 1096 777 ] ]
		[ 1.166667 [ 1097 1098 1099 777 ] ]
		[ 1.208333 [ 1100 1101 1102 777 ] ]
		[ 1.25 [ 1103 1104 1105 777 ] ]
		[ 1.291667 [ 1106 1107 1108 777 ] ]
		[ 1.333333 [ 1109 1110 1111 777 ] ]
		[ 1.375 [ 1112 1113 1114 777 ] ]
		[ 1.416667 [ 1115 1116 1117 777 ] ]
		[ 1.458333 [ 1118 1119 1120 777 ] ]
		[ 1.5 [ 1121 1122 1123 777 ] ]
		[ 1.541667 [ 1124 1125 1126 777 ] ]
		[ 1.583333 [ 1127 1128 1129 777 ] ]
		[ 1.625 [ 1130 1131 1132 777 ] ]
	]
	"Lokot_P_end" [
		[ 0 [ 0 223 1 894 ] ]
	]
	"Lokot_P_end_end" [
		[ 0 [ 0 223 1 894 ] ]
	]
	"Woin" [
		[ 0 [ 1133 1134 1135 1135 ] ]
	]
	"Shit" [
		[ 0 [ 1136 1137 1138 1139 ] ]
		[ 0.04166667 [ 1140 1141 1142 1143 ] ]
		[ 0.08333334 [ 1144 1145 1146 1147 ] ]
		[ 0.125 [ 1148 1149 1150 1151 ] ]
		[ 0.1666667 [ 1152 1153 1154 1155 ] ]
		[ 0.2083333 [ 1156 1157 1158 1159 ] ]
		[ 0.25 [ 1160 1161 1162 1163 ] ]
		[ 0.2916667 [ 1164 1165 1166 1167 ] ]
		[ 0.3333333 [ 1168 1169 1170 1171 ] ]
		[ 0.375 [ 1172 1173 1174 1175 ] ]
		[ 0.4166667 [ 1176 1177 1178 1179 ] ]
		[ 0.4583333 [ 1172 1180 1178 1181 ] ]
		[ 0.5 [ 1182 1183 1170 1184 ] ]
		[ 0.5416667 [ 1185 1186 1187 1188 ] ]
		[ 0.5833334 [ 1189 1190 1162 1191 ] ]
		[ 0.625 [ 1192 1193 1194 1195 ] ]
		[ 0.6666667 [ 1196 1197 1154 1198 ] ]
		[ 0.7083334 [ 1199 1200 1150 1201 ] ]
		[ 0.7500001 [ 1202 1203 1204 1205 ] ]
		[ 0.7916667 [ 1206 1207 1142 1208 ] ]
		[ 0.8333334 [ 1209 1137 1138 1139 ] ]
		[ 0.8750001 [ 1210 1211 1212 1213 ] ]
		[ 0.9166667 [ 1214 1215 1216 1217 ] ]
		[ 0.9583334 [ 1218 1219 1220 1221 ] ]
		[ 1 [ 1222 1223 1224 1225 ] ]
		[ 1.041667 [ 1226 1227 1228 1229 ] ]
		[ 1.083333 [ 1230 1231 1232 1233 ] ]
		[ 1.125 [ 1234 1235 1236 1237 ] ]
		[ 1.166667 [ 1238 1239 1240 1241 ] ]
		[ 1.208333 [ 1242 1243 1244 1245 ] ]
		[ 1.25 [ 1246 1247 1248 1249 ] ]
		[ 1.291667 [ 1250 1251 1248 1252 ] ]
		[ 1.333333 [ 1253 1254 1240 1255 ] ]
		[ 1.375 [ 1256 1257 1258 1259 ] ]
		[ 1.416667 [ 1260 1261 1262 1263 ] ]
		[ 1.458333 [ 1264 1265 1228 1266 ] ]
		[ 1.5 [ 1267 1268 1269 1270 ] ]
		[ 1.541667 [ 1271 1272 1220 1273 ] ]
		[ 1.583333 [ 1274 1275 1276 1277 ] ]
		[ 1.625 [ 1278 1279 1212 1280 ] ]
	]
	"Sword" [
		[ 0 [ 1281 1282 1283 1284 ] ]
		[ 0.04166667 [ 1285 1286 1287 1288 ] ]
		[ 0.08333334 [ 1289 1290 1291 1292 ] ]
		[ 0.125 [ 1293 1294 1295 1296 ] ]
		[ 0.1666667 [ 1297 1298 1299 1300 ] ]
		[ 0.2083333 [ 1301 1302 1303 1304 ] ]
		[ 0.25 [ 1305 1306 1307 1308 ] ]
		[ 0.2916667 [ 1309 1310 1311 1312 ] ]
		[ 0.3333333 [ 1313 1314 1315 1316 ] ]
		[ 0.375 [ 1317 1318 1319 1320 ] ]
		[ 0.4166667 [ 1321 1322 1323 1324 ] ]
		[ 0.4583333 [ 1325 1318 1319 1326 ] ]
		[ 0.5 [ 1313 1314 1315 1327 ] ]
		[ 0.5416667 [ 1309 1328 1329 1330 ] ]
		[ 0.5833334 [ 1331 1332 1333 1334 ] ]
		[ 0.625 [ 1335 1336 1337 1338 ] ]
		[ 0.6666667 [ 1339 1340 1341 1342 ] ]
		[ 0.7083334 [ 1343 1344 1345 1346 ] ]
		[ 0.7500001 [ 1347 1348 1349 1350 ] ]
		[ 0.7916667 [ 1351 1286 1352 1353 ] ]
		[ 0.8333334 [ 1281 1282 1283 1284 ] ]
		[ 0.8750001 [ 1354 1355 1356 1357 ] ]
		[ 0.9166667 [ 1358 1359 1360 1361 ] ]
		[ 0.9583334 [ 1362 1363 1364 1365 ] ]
		[ 1 [ 1366 1367 1368 1369 ] ]
		[ 1.041667 [ 1370 1371 1372 1373 ] ]
		[ 1.083333 [ 1374 1375 1376 1377 ] ]
		[ 1.125 [ 1378 1379 1380 1381 ] ]
		[ 1.166667 [ 1382 1383 1384 1385 ] ]
		[ 1.208333 [ 1386 1387 1388 1389 ] ]
		[ 1.25 [ 1390 1391 1392 1393 ] ]
		[ 1.291667 [ 1390 1387 1388 1394 ] ]
		[ 1.333333 [ 1395 1396 1384 1397 ] ]
		[ 1.375 [ 1398 1399 1400 1401 ] ]
		[ 1.416667 [ 1402 1403 1404 1405 ] ]
		[ 1.458333 [ 1406 1407 1372 1408 ] ]
		[ 1.5 [ 1409 1410 1411 1412 ] ]
		[ 1.541667 [ 1413 1414 1415 1416 ] ]
		[ 1.583333 [ 1417 1418 1419 1420 ] ]
		[ 1.625 [ 1421 1422 1423 1424 ] ]
	]
	}
	:resources [
		[1.000 0.000 0.000]
		[0.000 0.000 1.000]
		[0.000 -1.000 0.000]
		[0.000 0.000 0.000]
		[0.000 0.000 -0.011]
		[0.000 0.000 -0.021]
		[0.000 0.000 -0.031]
		[0.000 0.000 -0.040]
		[0.000 0.000 -0.048]
		[0.000 0.000 -0.056]
		[0.000 0.000 -0.062]
		[0.000 0.000 -0.066]
		[0.000 0.000 -0.069]
		[0.000 0.000 -0.070]
		[0.000 0.000 -0.068]
		[0.000 0.000 -0.063]
		[0.000 0.000 -0.055]
		[0.000 0.000 -0.045]
		[0.000 0.000 -0.035]
		[0.000 0.000 -0.025]
		[0.000 0.000 -0.015]
		[0.000 0.000 -0.007]
		[0.000 0.000 -0.002]
		[0.000 0.000 -0.003]
		[0.000 0.000 -0.010]
		[0.000 0.000 -0.020]
		[0.000 0.000 -0.033]
		[0.000 0.000 -0.047]
		[0.000 0.000 -0.061]
		[0.000 0.000 -0.074]
		[0.000 0.000 -0.084]
		[0.000 0.000 -0.091]
		[0.000 0.000 -0.094]
		[0.000 0.000 -0.092]
		[0.000 0.000 -0.089]
		[0.000 0.000 -0.082]
		[0.000 0.000 -0.064]
		[0.000 0.000 -0.053]
		[0.000 0.000 -0.041]
		[0.000 0.000 -0.028]
		[0.000 0.000 -0.014]
		[0.002 -0.074 0.997]
		[0.027 -0.997 -0.074]
		[1.000 0.027 0.000]
		[0.123 -0.038 0.000]
		[0.002 -0.022 1.000]
		[0.027 -0.999 -0.022]
		[1.000 0.027 -0.001]
		[0.002 0.029 1.000]
		[0.027 -0.999 0.029]
		[1.000 0.027 -0.003]
		[0.002 0.078 0.997]
		[0.027 -0.997 0.078]
		[1.000 0.026 -0.004]
		[0.002 0.123 0.992]
		[0.027 -0.992 0.123]
		[1.000 0.026 -0.005]
		[0.002 0.165 0.986]
		[0.027 -0.986 0.165]
		[1.000 0.026 -0.006]
		[0.002 0.201 0.980]
		[0.027 -0.979 0.201]
		[1.000 0.026 -0.007]
		[0.002 0.230 0.973]
		[0.027 -0.973 0.230]
		[1.000 0.025 -0.008]
		[0.002 0.253 0.968]
		[0.027 -0.967 0.253]
		[1.000 0.025 -0.009]
		[0.003 0.267 0.964]
		[0.027 -0.963 0.266]
		[1.000 0.025 -0.010]
		[0.027 -0.963 0.267]
		[0.003 0.251 0.968]
		[0.027 -0.968 0.251]
		[0.002 0.218 0.976]
		[0.027 -0.976 0.217]
		[1.000 0.026 -0.008]
		[0.002 0.167 0.986]
		[0.027 -0.986 0.167]
		[0.002 0.099 0.995]
		[0.027 -0.995 0.099]
		[0.002 0.016 1.000]
		[0.027 -1.000 0.016]
		[1.000 0.027 -0.002]
		[0.002 -0.168 0.986]
		[0.027 -0.985 -0.168]
		[1.000 0.027 0.002]
		[0.002 -0.258 0.966]
		[0.027 -0.966 -0.258]
		[1.000 0.026 0.005]
		[0.002 -0.340 0.940]
		[0.027 -0.940 -0.340]
		[1.000 0.026 0.007]
		[0.002 -0.410 0.912]
		[0.026 -0.912 -0.409]
		[1.000 0.025 0.009]
		[0.002 -0.466 0.885]
		[0.026 -0.884 -0.466]
		[1.000 0.025 0.010]
		[0.003 -0.512 0.859]
		[0.026 -0.859 -0.512]
		[1.000 0.024 0.011]
		[0.003 -0.548 0.837]
		[0.026 -0.836 -0.548]
		[1.000 0.023 0.012]
		[0.003 -0.576 0.818]
		[0.026 -0.817 -0.576]
		[1.000 0.023 0.013]
		[0.003 -0.597 0.802]
		[0.026 -0.802 -0.597]
		[0.003 -0.612 0.791]
		[0.026 -0.791 -0.612]
		[1.000 0.022 0.013]
		[0.003 -0.624 0.782]
		[0.026 -0.781 -0.623]
		[0.004 -0.632 0.775]
		[0.026 -0.775 -0.632]
		[0.004 -0.636 0.772]
		[0.026 -0.771 -0.636]
		[0.004 -0.634 0.773]
		[0.026 -0.773 -0.634]
		[0.004 -0.625 0.781]
		[0.026 -0.781 -0.624]
		[0.004 -0.605 0.796]
		[0.026 -0.796 -0.605]
		[0.004 -0.574 0.819]
		[0.026 -0.818 -0.574]
		[0.004 -0.530 0.848]
		[0.026 -0.848 -0.530]
		[0.003 -0.475 0.880]
		[0.026 -0.880 -0.475]
		[1.000 0.024 0.009]
		[0.003 -0.408 0.913]
		[0.026 -0.912 -0.408]
		[1.000 0.025 0.008]
		[0.002 -0.333 0.943]
		[0.026 -0.942 -0.333]
		[0.002 -0.251 0.968]
		[0.027 -0.968 -0.251]
		[0.002 -0.164 0.986]
		[0.027 -0.986 -0.164]
		[-0.990 0.142 -0.001]
		[0.142 0.990 -0.011]
		[-0.001 -0.011 -1.000]
		[0.000 0.532 0.000]
		[0.000 -0.011 -1.000]
		[-0.990 0.142 -0.002]
		[0.001 -0.011 -1.000]
		[-0.990 0.142 -0.003]
		[0.001 -0.012 -1.000]
		[0.002 -0.012 -1.000]
		[-0.990 0.142 -0.004]
		[0.003 -0.012 -1.000]
		[-0.990 0.142 -0.005]
		[0.004 -0.012 -1.000]
		[-0.989 0.147 -0.006]
		[0.147 0.989 -0.011]
		[-0.986 0.169 -0.006]
		[0.169 0.986 -0.011]
		[-0.975 0.221 -0.007]
		[0.221 0.975 -0.011]
		[-0.952 0.305 -0.008]
		[0.305 0.952 -0.011]
		[-0.914 0.406 -0.009]
		[0.406 0.914 -0.010]
		[0.004 -0.013 -1.000]
		[-0.860 0.511 -0.011]
		[0.511 0.860 -0.008]
		[0.005 -0.013 -1.000]
		[-0.794 0.607 -0.013]
		[0.607 0.794 -0.007]
		[0.006 -0.014 -1.000]
		[-0.727 0.687 -0.015]
		[0.687 0.727 -0.005]
		[0.007 -0.014 -1.000]
		[-0.666 0.746 -0.015]
		[0.746 0.666 -0.004]
		[-0.620 0.784 -0.015]
		[0.784 0.621 -0.003]
		[0.007 -0.013 -1.000]
		[-0.600 0.800 -0.014]
		[0.800 0.600 -0.002]
		[-0.599 0.800 -0.014]
		[0.801 0.599 -0.002]
		[-0.610 0.793 -0.014]
		[0.793 0.610 -0.002]
		[0.006 -0.012 -1.000]
		[-0.629 0.777 -0.013]
		[0.777 0.629 -0.003]
		[-0.655 0.756 -0.013]
		[0.756 0.655 -0.004]
		[-0.685 0.729 -0.012]
		[0.729 0.685 -0.004]
		[0.005 -0.012 -1.000]
		[-0.717 0.697 -0.012]
		[0.698 0.717 -0.005]
		[-0.748 0.663 -0.011]
		[0.663 0.748 -0.006]
		[-0.779 0.627 -0.011]
		[0.627 0.779 -0.007]
		[-0.807 0.590 -0.010]
		[0.590 0.807 -0.007]
		[-0.834 0.552 -0.010]
		[0.552 0.834 -0.008]
		[-0.858 0.513 -0.009]
		[0.513 0.858 -0.008]
		[-0.881 0.473 -0.008]
		[0.473 0.881 -0.009]
		[-0.902 0.433 -0.007]
		[0.433 0.902 -0.009]
		[-0.920 0.392 -0.007]
		[0.392 0.920 -0.010]
		[-0.937 0.350 -0.006]
		[0.350 0.937 -0.010]
		[-0.951 0.308 -0.005]
		[0.308 0.951 -0.011]
		[-0.964 0.267 -0.004]
		[0.267 0.964 -0.011]
		[-0.974 0.225 -0.003]
		[0.225 0.974 -0.011]
		[-0.983 0.183 -0.002]
		[0.183 0.983 -0.011]
		[0.000 1.000 0.000]
		[0.000 0.578 0.000]
		[0.002 -0.411 0.912]
		[-0.027 -0.911 -0.411]
		[1.000 -0.023 -0.013]
		[-0.123 -0.038 0.000]
		[0.002 -0.446 0.895]
		[-0.027 -0.895 -0.446]
		[1.000 -0.023 -0.014]
		[0.003 -0.481 0.877]
		[-0.027 -0.877 -0.481]
		[1.000 -0.022 -0.015]
		[0.003 -0.514 0.858]
		[-0.027 -0.858 -0.513]
		[1.000 -0.022 -0.016]
		[0.003 -0.544 0.839]
		[-0.027 -0.839 -0.543]
		[1.000 -0.021 -0.017]
		[0.003 -0.570 0.821]
		[-0.027 -0.821 -0.570]
		[1.000 -0.020 -0.018]
		[0.004 -0.593 0.805]
		[-0.027 -0.805 -0.593]
		[1.000 -0.020 -0.019]
		[0.004 -0.611 0.791]
		[-0.028 -0.791 -0.611]
		[1.000 -0.019 -0.020]
		[-0.028 -0.781 -0.624]
		[-0.028 -0.775 -0.632]
		[1.000 -0.019 -0.021]
		[0.004 -0.633 0.774]
		[-0.028 -0.774 -0.632]
		[0.004 -0.623 0.782]
		[-0.028 -0.782 -0.623]
		[0.004 -0.599 0.801]
		[-0.028 -0.800 -0.599]
		[1.000 -0.020 -0.020]
		[0.004 -0.562 0.827]
		[-0.027 -0.827 -0.562]
		[0.004 -0.514 0.858]
		[-0.027 -0.857 -0.514]
		[1.000 -0.022 -0.017]
		[0.003 -0.455 0.890]
		[-0.027 -0.890 -0.455]
		[1.000 -0.023 -0.015]
		[0.003 -0.388 0.922]
		[-0.027 -0.921 -0.388]
		[1.000 -0.024 -0.013]
		[0.002 -0.313 0.950]
		[-0.027 -0.949 -0.313]
		[1.000 -0.025 -0.011]
		[0.002 -0.234 0.972]
		[-0.027 -0.972 -0.234]
		[1.000 -0.025 -0.008]
		[0.002 -0.155 0.988]
		[-0.027 -0.988 -0.155]
		[1.000 -0.026 -0.006]
		[0.002 -0.077 0.997]
		[-0.027 -0.997 -0.077]
		[1.000 -0.026 -0.004]
		[0.002 -0.003 1.000]
		[-0.027 -1.000 -0.003]
		[1.000 -0.026 -0.002]
		[0.002 0.067 0.998]
		[-0.027 -0.997 0.067]
		[1.000 -0.027 0.000]
		[0.002 0.131 0.991]
		[-0.026 -0.991 0.131]
		[1.000 -0.026 0.002]
		[0.002 0.189 0.982]
		[-0.026 -0.982 0.189]
		[1.000 -0.026 0.003]
		[0.002 0.239 0.971]
		[-0.026 -0.971 0.239]
		[1.000 -0.026 0.004]
		[0.002 0.281 0.960]
		[-0.026 -0.959 0.281]
		[1.000 -0.026 0.005]
		[0.003 0.314 0.949]
		[-0.026 -0.949 0.314]
		[1.000 -0.026 0.006]
		[0.003 0.338 0.941]
		[-0.026 -0.941 0.337]
		[0.003 0.351 0.936]
		[-0.026 -0.936 0.351]
		[1.000 -0.026 0.007]
		[0.003 0.354 0.935]
		[-0.026 -0.935 0.354]
		[0.003 0.341 0.940]
		[-0.026 -0.940 0.341]
		[0.003 0.309 0.951]
		[-0.026 -0.951 0.309]
		[0.003 0.259 0.966]
		[-0.026 -0.966 0.259]
		[0.003 0.193 0.981]
		[-0.026 -0.981 0.193]
		[0.002 0.112 0.994]
		[-0.027 -0.993 0.112]
		[1.000 -0.027 0.001]
		[0.002 0.020 1.000]
		[-0.027 -0.999 0.020]
		[1.000 -0.027 -0.002]
		[0.002 -0.083 0.997]
		[-0.027 -0.996 -0.082]
		[0.002 -0.191 0.982]
		[-0.027 -0.981 -0.191]
		[1.000 -0.026 -0.007]
		[0.002 -0.303 0.953]
		[-0.027 -0.953 -0.302]
		[1.000 -0.025 -0.010]
		[-0.599 0.800 0.023]
		[0.800 0.600 -0.001]
		[-0.015 0.018 -1.000]
		[-0.643 0.765 0.023]
		[0.765 0.644 0.000]
		[-0.014 0.017 -1.000]
		[-0.685 0.728 0.022]
		[0.728 0.686 0.001]
		[-0.725 0.689 0.021]
		[0.689 0.725 0.003]
		[-0.013 0.016 -1.000]
		[-0.762 0.648 0.020]
		[0.648 0.762 0.004]
		[-0.013 0.015 -1.000]
		[-0.795 0.606 0.019]
		[0.606 0.795 0.005]
		[-0.012 0.015 -1.000]
		[-0.826 0.563 0.018]
		[0.563 0.826 0.005]
		[-0.011 0.014 -1.000]
		[-0.854 0.520 0.017]
		[0.520 0.854 0.006]
		[-0.879 0.477 0.016]
		[0.477 0.879 0.007]
		[-0.010 0.014 -1.000]
		[-0.900 0.435 0.015]
		[0.435 0.900 0.008]
		[-0.010 0.013 -1.000]
		[-0.919 0.393 0.014]
		[0.393 0.919 0.008]
		[-0.009 0.013 -1.000]
		[-0.935 0.353 0.013]
		[0.354 0.935 0.009]
		[-0.949 0.315 0.012]
		[0.316 0.949 0.009]
		[-0.008 0.013 -1.000]
		[-0.960 0.280 0.011]
		[0.280 0.960 0.010]
		[-0.008 0.012 -1.000]
		[-0.969 0.248 0.011]
		[0.248 0.969 0.010]
		[-0.976 0.219 0.011]
		[0.219 0.976 0.010]
		[-0.981 0.193 0.011]
		[0.194 0.981 0.010]
		[-0.009 0.012 -1.000]
		[-0.985 0.173 0.011]
		[0.173 0.985 0.010]
		[-0.988 0.157 0.011]
		[0.157 0.988 0.011]
		[-0.989 0.147 0.011]
		[0.147 0.989 0.011]
		[-0.010 0.012 -1.000]
		[-0.990 0.142 0.012]
		[0.142 0.990 0.011]
		[-0.990 0.141 0.012]
		[0.141 0.990 0.011]
		[-0.990 0.140 0.012]
		[0.140 0.990 0.011]
		[-0.011 0.012 -1.000]
		[-0.990 0.140 0.013]
		[-0.012 0.012 -1.000]
		[-0.990 0.141 0.014]
		[-0.012 0.013 -1.000]
		[-0.990 0.142 0.014]
		[-0.013 0.013 -1.000]
		[-0.990 0.142 0.015]
		[-0.989 0.146 0.015]
		[0.146 0.989 0.011]
		[-0.987 0.159 0.015]
		[0.159 0.987 0.011]
		[-0.982 0.187 0.016]
		[0.187 0.982 0.010]
		[-0.972 0.234 0.016]
		[0.234 0.972 0.010]
		[-0.013 0.014 -1.000]
		[-0.954 0.299 0.016]
		[0.300 0.954 0.009]
		[-0.926 0.378 0.017]
		[0.378 0.926 0.008]
		[-0.012 0.014 -1.000]
		[-0.886 0.464 0.017]
		[0.464 0.886 0.007]
		[-0.832 0.554 0.018]
		[0.554 0.832 0.006]
		[-0.766 0.642 0.020]
		[0.643 0.766 0.004]
		[-0.688 0.726 0.021]
		[0.726 0.688 0.002]
		[0.000 0.130 0.000]
		[0.996 0.020 -0.087]
		[-0.020 1.000 -0.005]
		[0.087 0.007 0.996]
		[0.984 0.039 -0.173]
		[-0.041 0.999 -0.009]
		[0.173 0.015 0.985]
		[0.965 0.056 -0.254]
		[-0.060 0.998 -0.010]
		[0.253 0.025 0.967]
		[0.942 0.071 -0.329]
		[-0.079 0.997 -0.010]
		[0.327 0.036 0.944]
		[0.915 0.084 -0.395]
		[-0.096 0.995 -0.009]
		[0.392 0.046 0.919]
		[0.888 0.095 -0.450]
		[-0.110 0.994 -0.007]
		[0.447 0.056 0.893]
		[0.863 0.103 -0.494]
		[-0.122 0.993 -0.005]
		[0.490 0.064 0.869]
		[0.843 0.109 -0.527]
		[-0.131 0.991 -0.003]
		[0.522 0.071 0.850]
		[0.829 0.113 -0.548]
		[-0.136 0.991 -0.001]
		[0.542 0.076 0.837]
		[0.824 0.115 -0.555]
		[-0.138 0.990 0.000]
		[0.550 0.077 0.832]
		[0.828 0.114 -0.549]
		[-0.137 0.991 0.000]
		[0.543 0.075 0.836]
		[0.842 0.112 -0.528]
		[-0.131 0.991 0.000]
		[0.523 0.069 0.849]
		[0.863 0.107 -0.494]
		[-0.123 0.992 0.000]
		[0.490 0.061 0.870]
		[0.888 0.099 -0.448]
		[-0.112 0.994 -0.001]
		[0.445 0.050 0.894]
		[0.916 0.090 -0.391]
		[-0.098 0.995 -0.001]
		[0.389 0.039 0.920]
		[0.942 0.077 -0.325]
		[-0.082 0.997 -0.001]
		[0.324 0.027 0.946]
		[0.966 0.061 -0.251]
		[-0.064 0.998 -0.001]
		[0.251 0.017 0.968]
		[0.984 0.043 -0.171]
		[-0.044 0.999 0.000]
		[0.171 0.008 0.985]
		[0.996 0.023 -0.087]
		[-0.023 1.000 0.000]
		[0.087 0.002 0.996]
		[0.996 -0.024 0.087]
		[0.024 1.000 -0.001]
		[-0.087 0.003 0.996]
		[0.984 -0.048 0.172]
		[0.049 0.999 -0.002]
		[-0.171 0.011 0.985]
		[0.965 -0.071 0.252]
		[0.074 0.997 -0.003]
		[-0.251 0.021 0.968]
		[0.941 -0.092 0.326]
		[0.098 0.995 -0.003]
		[-0.324 0.035 0.945]
		[0.913 -0.110 0.392]
		[0.121 0.993 -0.003]
		[-0.389 0.050 0.920]
		[0.885 -0.125 0.448]
		[0.141 0.990 -0.002]
		[-0.443 0.065 0.894]
		[0.860 -0.137 0.492]
		[0.158 0.987 -0.001]
		[-0.486 0.078 0.871]
		[0.839 -0.145 0.525]
		[0.171 0.985 0.000]
		[-0.517 0.089 0.851]
		[0.825 -0.151 0.545]
		[0.179 0.984 0.001]
		[-0.536 0.097 0.838]
		[0.819 -0.153 0.553]
		[0.183 0.983 0.001]
		[-0.544 0.101 0.833]
		[0.822 -0.152 0.549]
		[0.182 0.983 -0.001]
		[-0.539 0.100 0.836]
		[0.835 -0.147 0.530]
		[0.175 0.985 -0.003]
		[-0.521 0.095 0.848]
		[0.857 -0.139 0.497]
		[0.163 0.987 -0.006]
		[-0.489 0.086 0.868]
		[0.883 -0.127 0.451]
		[0.147 0.989 -0.009]
		[-0.445 0.075 0.892]
		[0.912 -0.113 0.395]
		[0.128 0.992 -0.012]
		[-0.390 0.061 0.919]
		[0.940 -0.095 0.328]
		[0.105 0.994 -0.014]
		[-0.325 0.047 0.944]
		[0.964 -0.074 0.254]
		[0.081 0.997 -0.014]
		[-0.252 0.034 0.967]
		[0.984 -0.051 0.173]
		[0.054 0.998 -0.011]
		[-0.172 0.021 0.985]
		[0.996 -0.026 0.087]
		[0.027 1.000 -0.007]
		[-0.087 0.009 0.996]
		[0.000 0.596 0.000]
		[0.996 -0.019 0.086]
		[0.018 1.000 0.007]
		[-0.086 -0.005 0.996]
		[0.985 -0.038 0.171]
		[0.036 0.999 0.015]
		[-0.171 -0.008 0.985]
		[0.966 -0.057 0.251]
		[0.052 0.998 0.024]
		[-0.252 -0.010 0.968]
		[0.943 -0.074 0.324]
		[0.067 0.997 0.033]
		[-0.326 -0.010 0.945]
		[0.917 -0.090 0.389]
		[0.079 0.996 0.043]
		[-0.391 -0.009 0.920]
		[0.891 -0.103 0.443]
		[0.089 0.995 0.052]
		[-0.446 -0.007 0.895]
		[0.867 -0.114 0.485]
		[0.097 0.993 0.060]
		[-0.489 -0.005 0.872]
		[0.847 -0.122 0.517]
		[0.102 0.993 0.066]
		[-0.521 -0.003 0.854]
		[0.835 -0.127 0.536]
		[0.106 0.992 0.070]
		[-0.541 -0.002 0.841]
		[0.830 -0.129 0.543]
		[0.107 0.992 0.072]
		[-0.548 -0.001 0.837]
		[0.834 -0.127 0.537]
		[0.107 0.992 0.070]
		[-0.541 -0.001 0.841]
		[0.104 0.992 0.065]
		[-0.521 -0.001 0.854]
		[0.869 -0.114 0.482]
		[0.099 0.994 0.056]
		[-0.486 -0.002 0.874]
		[0.894 -0.102 0.436]
		[0.091 0.995 0.046]
		[-0.438 -0.002 0.899]
		[0.921 -0.088 0.379]
		[0.081 0.996 0.036]
		[-0.380 -0.002 0.925]
		[0.947 -0.073 0.313]
		[0.069 0.997 0.025]
		[-0.314 -0.002 0.950]
		[0.969 -0.056 0.239]
		[0.054 0.998 0.015]
		[-0.240 -0.001 0.971]
		[0.986 -0.038 0.161]
		[0.037 0.999 0.007]
		[-0.161 -0.001 0.987]
		[0.997 -0.019 0.081]
		[0.019 1.000 0.002]
		[-0.081 0.000 0.997]
		[0.997 0.020 -0.078]
		[-0.019 1.000 0.003]
		[0.078 -0.002 0.997]
		[0.988 0.039 -0.152]
		[-0.038 0.999 0.009]
		[0.152 -0.003 0.988]
		[0.974 0.058 -0.221]
		[-0.056 0.998 0.018]
		[0.221 -0.005 0.975]
		[0.956 0.077 -0.283]
		[-0.072 0.997 0.028]
		[0.285 -0.007 0.959]
		[0.936 0.094 -0.338]
		[-0.085 0.996 0.040]
		[0.340 -0.009 0.940]
		[0.917 0.109 -0.384]
		[-0.097 0.994 0.051]
		[0.387 -0.010 0.922]
		[0.899 0.122 -0.421]
		[-0.106 0.992 0.062]
		[0.425 -0.011 0.905]
		[0.884 0.132 -0.448]
		[-0.112 0.991 0.071]
		[0.453 -0.012 0.891]
		[0.875 0.138 -0.463]
		[-0.116 0.990 0.076]
		[0.469 -0.013 0.883]
		[0.873 0.140 -0.467]
		[-0.117 0.990 0.078]
		[0.473 -0.014 0.881]
		[0.877 0.138 -0.460]
		[-0.115 0.990 0.077]
		[0.466 -0.015 0.885]
		[0.887 0.132 -0.442]
		[-0.111 0.991 0.073]
		[0.448 -0.015 0.894]
		[0.902 0.123 -0.415]
		[-0.105 0.992 0.066]
		[0.420 -0.016 0.908]
		[0.919 0.111 -0.378]
		[-0.096 0.994 0.058]
		[0.382 -0.017 0.924]
		[0.939 0.096 -0.331]
		[-0.085 0.995 0.048]
		[0.335 -0.017 0.942]
		[0.958 0.080 -0.276]
		[-0.072 0.997 0.038]
		[0.278 -0.016 0.960]
		[0.975 0.061 -0.214]
		[-0.056 0.998 0.027]
		[0.215 -0.015 0.977]
		[0.989 0.041 -0.145]
		[-0.039 0.999 0.017]
		[0.146 -0.011 0.989]
		[0.997 0.020 -0.073]
		[-0.020 1.000 0.008]
		[0.074 -0.006 0.997]
		[0.000 0.315 0.000]
		[0.000 0.470 0.000]
		[0.000 0.300 0.000]
		[0.000 0.000 -1.000]
		[-1.000 0.000 0.000]
		[-0.049 0.099 0.994]
		[0.444 -0.889 0.110]
		[0.894 0.447 0.000]
		[0.279 0.394 -0.035]
		[0.103 0.099 0.990]
		[0.456 -0.889 0.041]
		[0.884 0.447 -0.136]
		[0.252 0.099 0.963]
		[0.457 -0.889 -0.029]
		[0.853 0.447 -0.269]
		[0.391 0.099 0.915]
		[0.448 -0.889 -0.095]
		[0.804 0.447 -0.392]
		[0.513 0.099 0.852]
		[0.431 -0.889 -0.156]
		[0.742 0.448 -0.499]
		[0.617 0.100 0.781]
		[0.409 -0.888 -0.209]
		[0.673 0.448 -0.589]
		[0.699 0.101 0.708]
		[0.384 -0.888 -0.253]
		[0.603 0.449 -0.660]
		[0.761 0.102 0.640]
		[0.360 -0.888 -0.287]
		[0.539 0.449 -0.712]
		[0.804 0.102 0.586]
		[0.340 -0.887 -0.311]
		[0.488 0.449 -0.748]
		[0.828 0.103 0.551]
		[0.327 -0.887 -0.326]
		[0.455 0.450 -0.769]
		[0.835 0.103 0.540]
		[0.323 -0.887 -0.330]
		[0.445 0.450 -0.775]
		[0.822 0.103 0.560]
		[0.330 -0.887 -0.322]
		[0.463 0.450 -0.764]
		[0.787 0.102 0.609]
		[0.348 -0.888 -0.301]
		[0.510 0.449 -0.734]
		[0.728 0.100 0.678]
		[0.373 -0.888 -0.269]
		[0.575 0.448 -0.684]
		[0.647 0.099 0.756]
		[0.399 -0.889 -0.225]
		[0.650 0.448 -0.615]
		[0.544 0.099 0.833]
		[0.425 -0.889 -0.172]
		[0.724 0.447 -0.525]
		[0.423 0.099 0.901]
		[0.444 -0.889 -0.111]
		[0.790 0.447 -0.420]
		[0.292 0.099 0.951]
		[0.455 -0.889 -0.048]
		[0.841 0.447 -0.305]
		[0.163 0.099 0.982]
		[0.458 -0.889 0.013]
		[0.874 0.447 -0.190]
		[0.047 0.099 0.994]
		[0.453 -0.889 0.067]
		[0.890 0.447 -0.086]
		[0.445 -0.889 0.110]
		[-0.126 0.099 0.987]
		[0.435 -0.889 0.144]
		[0.892 0.447 0.069]
		[-0.186 0.099 0.978]
		[0.425 -0.889 0.170]
		[0.886 0.447 0.123]
		[-0.231 0.099 0.968]
		[0.417 -0.889 0.190]
		[0.879 0.447 0.165]
		[-0.266 0.099 0.959]
		[0.410 -0.889 0.205]
		[0.873 0.447 0.196]
		[-0.291 0.099 0.952]
		[0.404 -0.889 0.216]
		[0.867 0.447 0.219]
		[-0.309 0.099 0.946]
		[0.400 -0.889 0.224]
		[0.863 0.448 0.236]
		[-0.321 0.099 0.942]
		[0.398 -0.888 0.229]
		[0.859 0.448 0.246]
		[-0.328 0.099 0.940]
		[0.397 -0.888 0.232]
		[0.858 0.449 0.252]
		[-0.329 0.099 0.939]
		[0.396 -0.888 0.232]
		[0.857 0.449 0.253]
		[-0.327 0.099 0.940]
		[0.397 -0.888 0.231]
		[0.858 0.448 0.251]
		[0.397 -0.889 0.228]
		[0.860 0.447 0.246]
		[-0.310 0.099 0.946]
		[0.399 -0.890 0.223]
		[0.863 0.446 0.236]
		[-0.292 0.099 0.951]
		[0.402 -0.890 0.216]
		[0.868 0.446 0.220]
		[-0.269 0.099 0.958]
		[0.407 -0.890 0.206]
		[0.873 0.445 0.199]
		[-0.240 0.099 0.966]
		[0.413 -0.890 0.194]
		[0.878 0.446 0.173]
		[-0.207 0.099 0.973]
		[0.420 -0.890 0.180]
		[0.884 0.446 0.143]
		[-0.171 0.099 0.980]
		[0.427 -0.889 0.164]
		[0.888 0.446 0.110]
		[-0.132 0.099 0.986]
		[0.433 -0.889 0.147]
		[0.892 0.447 0.075]
		[-0.091 0.099 0.991]
		[0.439 -0.889 0.129]
		[0.894 0.447 0.038]
		[0.983 0.184 -0.001]
		[-0.184 0.983 -0.011]
		[-0.001 0.011 1.000]
		[0.000 0.316 0.000]
		[0.972 0.234 -0.026]
		[-0.234 0.972 -0.005]
		[0.024 0.011 1.000]
		[0.958 0.283 -0.051]
		[-0.283 0.959 0.003]
		[0.049 0.012 0.999]
		[0.941 0.330 -0.074]
		[-0.330 0.944 0.011]
		[0.073 0.014 0.997]
		[0.923 0.372 -0.095]
		[-0.372 0.928 0.020]
		[0.095 0.017 0.995]
		[0.905 0.410 -0.114]
		[-0.410 0.912 0.029]
		[0.116 0.021 0.993]
		[0.887 0.443 -0.130]
		[-0.442 0.896 0.037]
		[0.133 0.024 0.991]
		[0.871 0.469 -0.143]
		[-0.468 0.883 0.045]
		[0.147 0.028 0.989]
		[0.859 0.489 -0.153]
		[-0.487 0.872 0.050]
		[0.158 0.031 0.987]
		[0.851 0.500 -0.158]
		[-0.498 0.865 0.054]
		[0.164 0.033 0.986]
		[0.850 0.502 -0.159]
		[-0.500 0.864 0.056]
		[0.165 0.032 0.986]
		[0.854 0.497 -0.155]
		[-0.494 0.867 0.056]
		[0.162 0.029 0.986]
		[0.863 0.483 -0.148]
		[-0.481 0.875 0.053]
		[0.155 0.025 0.988]
		[0.875 0.463 -0.137]
		[-0.461 0.886 0.049]
		[0.144 0.020 0.989]
		[0.891 0.437 -0.124]
		[-0.435 0.899 0.043]
		[0.130 0.015 0.991]
		[0.908 0.405 -0.107]
		[-0.404 0.914 0.036]
		[0.113 0.010 0.994]
		[0.926 0.368 -0.089]
		[-0.367 0.930 0.028]
		[0.093 0.007 0.996]
		[0.943 0.326 -0.069]
		[-0.326 0.945 0.019]
		[0.071 0.004 0.997]
		[0.958 0.281 -0.047]
		[-0.281 0.960 0.010]
		[0.048 0.004 0.999]
		[0.972 0.233 -0.024]
		[-0.233 0.972 0.000]
		[0.023 0.006 1.000]
		[-0.184 0.983 -0.015]
		[-0.002 0.015 1.000]
		[0.991 0.134 0.023]
		[-0.134 0.990 -0.037]
		[-0.027 0.033 0.999]
		[0.995 0.087 0.046]
		[-0.083 0.994 -0.065]
		[-0.052 0.060 0.997]
		[0.997 0.041 0.071]
		[-0.034 0.995 -0.097]
		[-0.074 0.094 0.993]
		[0.996 0.000 0.095]
		[0.012 0.991 -0.134]
		[-0.094 0.134 0.987]
		[0.992 -0.036 0.118]
		[0.056 0.983 -0.172]
		[-0.110 0.178 0.978]
		[0.988 -0.065 0.140]
		[0.094 0.973 -0.210]
		[-0.123 0.220 0.968]
		[0.983 -0.089 0.159]
		[0.126 0.962 -0.242]
		[-0.132 0.258 0.957]
		[0.979 -0.106 0.174]
		[0.151 0.952 -0.268]
		[-0.137 0.289 0.948]
		[0.976 -0.117 0.184]
		[0.167 0.944 -0.286]
		[-0.141 0.310 0.940]
		[0.975 -0.120 0.189]
		[0.173 0.940 -0.295]
		[-0.142 0.321 0.937]
		[0.976 -0.116 0.186]
		[0.168 0.941 -0.294]
		[-0.140 0.319 0.937]
		[0.979 -0.105 0.176]
		[0.153 0.946 -0.284]
		[-0.137 0.305 0.942]
		[0.983 -0.087 0.162]
		[0.129 0.955 -0.268]
		[-0.131 0.284 0.950]
		[0.988 -0.062 0.143]
		[0.096 0.965 -0.246]
		[-0.122 0.256 0.959]
		[0.992 -0.032 0.120]
		[0.058 0.974 -0.218]
		[-0.110 0.223 0.969]
		[0.995 0.004 0.096]
		[0.014 0.983 -0.184]
		[-0.095 0.185 0.978]
		[0.996 0.045 0.071]
		[-0.034 0.989 -0.146]
		[-0.077 0.143 0.987]
		[0.995 0.089 0.046]
		[-0.084 0.991 -0.104]
		[-0.054 0.100 0.994]
		[0.991 0.135 0.022]
		[-0.134 0.989 -0.059]
		[-0.029 0.055 0.998]
		[0.000 0.469 0.000]
		[-0.049 0.147 0.988]
		[-0.444 -0.889 0.110]
		[0.894 -0.434 0.109]
		[-0.279 0.394 -0.035]
		[0.065 0.147 0.987]
		[-0.429 -0.889 0.161]
		[0.901 -0.434 0.005]
		[0.178 0.147 0.973]
		[-0.407 -0.889 0.209]
		[0.896 -0.434 -0.099]
		[0.285 0.147 0.947]
		[-0.382 -0.889 0.253]
		[0.879 -0.434 -0.197]
		[0.382 0.147 0.912]
		[-0.354 -0.889 0.291]
		[0.854 -0.434 -0.287]
		[0.466 0.147 0.873]
		[-0.325 -0.889 0.324]
		[0.823 -0.434 -0.366]
