{ :name "Armature|fighter_idle_pass_1" :length 1.666667 :bones { 
	"Skelet" [
		[ 0 [ 0 1 2 3 ] ]
		[ 0.04166667 [ 0 1 2 3 ] ]
		[ 0.08333334 [ 0 1 2 4 ] ]
		[ 0.125 [ 0 1 2 5 ] ]
		[ 0.1666667 [ 0 1 2 6 ] ]
		[ 0.2083333 [ 0 1 2 7 ] ]
		[ 0.25 [ 0 1 2 8 ] ]
		[ 0.2916667 [ 0 1 2 9 ] ]
		[ 0.3333333 [ 0 1 2 10 ] ]
		[ 0.375 [ 0 1 2 11 ] ]
		[ 0.4166667 [ 0 1 2 12 ] ]
		[ 0.4583333 [ 0 1 2 13 ] ]
		[ 0.5 [ 0 1 2 14 ] ]
		[ 0.5416667 [ 0 1 2 15 ] ]
		[ 0.5833334 [ 0 1 2 16 ] ]
		[ 0.625 [ 0 1 2 17 ] ]
		[ 0.6666667 [ 0 1 2 18 ] ]
		[ 0.7083334 [ 0 1 2 19 ] ]
		[ 0.7500001 [ 0 1 2 20 ] ]
		[ 0.7916667 [ 0 1 2 21 ] ]
		[ 0.8333334 [ 0 1 2 21 ] ]
		[ 0.8750001 [ 0 1 2 21 ] ]
		[ 0.9166667 [ 0 1 2 20 ] ]
		[ 0.9583334 [ 0 1 2 19 ] ]
		[ 1 [ 0 1 2 18 ] ]
		[ 1.041667 [ 0 1 2 22 ] ]
		[ 1.083333 [ 0 1 2 16 ] ]
		[ 1.125 [ 0 1 2 15 ] ]
		[ 1.166667 [ 0 1 2 14 ] ]
		[ 1.208333 [ 0 1 2 13 ] ]
		[ 1.25 [ 0 1 2 12 ] ]
		[ 1.291667 [ 0 1 2 11 ] ]
		[ 1.333333 [ 0 1 2 10 ] ]
		[ 1.375 [ 0 1 2 9 ] ]
		[ 1.416667 [ 0 1 2 8 ] ]
		[ 1.458333 [ 0 1 2 7 ] ]
		[ 1.5 [ 0 1 2 6 ] ]
		[ 1.541667 [ 0 1 2 5 ] ]
		[ 1.583333 [ 0 1 2 4 ] ]
		[ 1.625 [ 0 1 2 3 ] ]
	]
	"Bedro_L" [
		[ 0 [ 23 24 25 26 ] ]
		[ 0.04166667 [ 27 28 25 26 ] ]
		[ 0.08333334 [ 29 30 31 26 ] ]
		[ 0.125 [ 32 33 31 26 ] ]
		[ 0.1666667 [ 34 35 36 26 ] ]
		[ 0.2083333 [ 37 38 36 26 ] ]
		[ 0.25 [ 39 40 41 26 ] ]
		[ 0.2916667 [ 42 43 41 26 ] ]
		[ 0.3333333 [ 44 45 41 26 ] ]
		[ 0.375 [ 46 47 48 26 ] ]
		[ 0.4166667 [ 49 50 48 26 ] ]
		[ 0.4583333 [ 51 52 53 26 ] ]
		[ 0.5 [ 54 55 53 26 ] ]
		[ 0.5416667 [ 56 57 58 26 ] ]
		[ 0.5833334 [ 59 60 58 26 ] ]
		[ 0.625 [ 61 62 58 26 ] ]
		[ 0.6666667 [ 63 64 58 26 ] ]
		[ 0.7083334 [ 65 66 67 26 ] ]
		[ 0.7500001 [ 68 69 67 26 ] ]
		[ 0.7916667 [ 70 71 67 26 ] ]
		[ 0.8333334 [ 72 73 67 26 ] ]
		[ 0.8750001 [ 72 73 67 26 ] ]
		[ 0.9166667 [ 72 73 74 26 ] ]
		[ 0.9583334 [ 72 73 74 26 ] ]
		[ 1 [ 70 71 74 26 ] ]
		[ 1.041667 [ 75 76 74 26 ] ]
		[ 1.083333 [ 63 77 78 26 ] ]
		[ 1.125 [ 61 79 78 26 ] ]
		[ 1.166667 [ 80 81 78 26 ] ]
		[ 1.208333 [ 82 83 84 26 ] ]
		[ 1.25 [ 51 85 84 26 ] ]
		[ 1.291667 [ 86 87 84 26 ] ]
		[ 1.333333 [ 88 89 90 26 ] ]
		[ 1.375 [ 42 91 90 26 ] ]
		[ 1.416667 [ 39 92 90 26 ] ]
		[ 1.458333 [ 93 94 95 26 ] ]
		[ 1.5 [ 96 97 95 26 ] ]
		[ 1.541667 [ 98 99 36 26 ] ]
		[ 1.583333 [ 100 101 36 26 ] ]
		[ 1.625 [ 27 102 103 26 ] ]
	]
	"Koleno_L" [
		[ 0 [ 104 105 106 107 ] ]
	]
	"Koleno_L_end" [
		[ 0 [ 108 109 1 110 ] ]
	]
	"Koleno_L_end_end" [
		[ 0 [ 108 109 1 110 ] ]
	]
	"Bedro_P" [
		[ 0 [ 111 112 113 114 ] ]
		[ 0.04166667 [ 115 116 113 114 ] ]
		[ 0.08333334 [ 117 118 119 114 ] ]
		[ 0.125 [ 120 121 119 114 ] ]
		[ 0.1666667 [ 122 123 119 114 ] ]
		[ 0.2083333 [ 124 125 126 114 ] ]
		[ 0.25 [ 127 128 126 114 ] ]
		[ 0.2916667 [ 129 130 131 114 ] ]
		[ 0.3333333 [ 132 133 134 114 ] ]
		[ 0.375 [ 135 136 134 114 ] ]
		[ 0.4166667 [ 137 138 139 114 ] ]
		[ 0.4583333 [ 140 141 139 114 ] ]
		[ 0.5 [ 142 143 144 114 ] ]
		[ 0.5416667 [ 145 146 144 114 ] ]
		[ 0.5833334 [ 147 148 144 114 ] ]
		[ 0.625 [ 149 150 151 114 ] ]
		[ 0.6666667 [ 152 153 151 114 ] ]
		[ 0.7083334 [ 154 155 151 114 ] ]
		[ 0.7500001 [ 156 157 158 114 ] ]
		[ 0.7916667 [ 159 160 158 114 ] ]
		[ 0.8333334 [ 159 161 158 114 ] ]
		[ 0.8750001 [ 162 163 158 114 ] ]
		[ 0.9166667 [ 162 163 158 114 ] ]
		[ 0.9583334 [ 162 163 158 114 ] ]
		[ 1 [ 159 161 158 114 ] ]
		[ 1.041667 [ 156 164 158 114 ] ]
		[ 1.083333 [ 154 165 151 114 ] ]
		[ 1.125 [ 152 166 151 114 ] ]
		[ 1.166667 [ 167 168 151 114 ] ]
		[ 1.208333 [ 145 169 144 114 ] ]
		[ 1.25 [ 140 141 139 114 ] ]
		[ 1.291667 [ 170 138 139 114 ] ]
		[ 1.333333 [ 171 172 134 114 ] ]
		[ 1.375 [ 129 173 134 114 ] ]
		[ 1.416667 [ 127 174 175 114 ] ]
		[ 1.458333 [ 176 125 175 114 ] ]
		[ 1.5 [ 177 178 119 114 ] ]
		[ 1.541667 [ 120 118 119 114 ] ]
		[ 1.583333 [ 115 179 119 114 ] ]
		[ 1.625 [ 111 116 113 114 ] ]
	]
	"Koleno_P" [
		[ 0 [ 180 181 182 107 ] ]
	]
	"Koleno_P_end" [
		[ 0 [ 108 109 1 110 ] ]
	]
	"Koleno_P_end_end" [
		[ 0 [ 108 109 1 110 ] ]
	]
	"Tors" [
		[ 0 [ 183 184 185 186 ] ]
		[ 0.04166667 [ 183 187 188 186 ] ]
		[ 0.08333334 [ 183 189 190 186 ] ]
		[ 0.125 [ 191 192 193 186 ] ]
		[ 0.1666667 [ 191 194 195 186 ] ]
		[ 0.2083333 [ 196 197 198 186 ] ]
		[ 0.25 [ 199 200 201 186 ] ]
		[ 0.2916667 [ 199 202 203 186 ] ]
		[ 0.3333333 [ 204 205 206 186 ] ]
		[ 0.375 [ 207 208 209 186 ] ]
		[ 0.4166667 [ 210 211 212 186 ] ]
		[ 0.4583333 [ 213 214 215 186 ] ]
		[ 0.5 [ 213 216 217 186 ] ]
		[ 0.5416667 [ 218 219 220 186 ] ]
		[ 0.5833334 [ 221 222 223 186 ] ]
		[ 0.625 [ 224 225 226 186 ] ]
		[ 0.6666667 [ 227 228 229 186 ] ]
		[ 0.7083334 [ 227 230 231 186 ] ]
		[ 0.7500001 [ 232 233 234 186 ] ]
		[ 0.7916667 [ 232 235 236 186 ] ]
		[ 0.8333334 [ 237 238 239 186 ] ]
		[ 0.8750001 [ 237 240 239 186 ] ]
		[ 0.9166667 [ 237 238 239 186 ] ]
		[ 0.9583334 [ 232 241 236 186 ] ]
		[ 1 [ 232 233 242 186 ] ]
		[ 1.041667 [ 227 243 244 186 ] ]
		[ 1.083333 [ 245 246 247 186 ] ]
		[ 1.125 [ 221 248 249 186 ] ]
		[ 1.166667 [ 218 250 220 186 ] ]
		[ 1.208333 [ 213 251 252 186 ] ]
		[ 1.25 [ 253 254 255 186 ] ]
		[ 1.291667 [ 207 256 257 186 ] ]
		[ 1.333333 [ 207 258 259 186 ] ]
		[ 1.375 [ 204 260 261 186 ] ]
		[ 1.416667 [ 199 262 263 186 ] ]
		[ 1.458333 [ 196 264 265 186 ] ]
		[ 1.5 [ 191 266 267 186 ] ]
		[ 1.541667 [ 191 268 269 186 ] ]
		[ 1.583333 [ 183 189 270 186 ] ]
		[ 1.625 [ 183 187 188 186 ] ]
	]
	"Golova" [
		[ 0 [ 271 272 273 274 ] ]
		[ 0.04166667 [ 275 276 277 274 ] ]
		[ 0.08333334 [ 278 279 280 274 ] ]
		[ 0.125 [ 281 282 283 274 ] ]
		[ 0.1666667 [ 284 285 286 274 ] ]
		[ 0.2083333 [ 287 288 289 274 ] ]
		[ 0.25 [ 290 291 292 274 ] ]
		[ 0.2916667 [ 293 294 295 274 ] ]
		[ 0.3333333 [ 296 297 298 274 ] ]
		[ 0.375 [ 299 300 301 274 ] ]
		[ 0.4166667 [ 302 303 304 274 ] ]
		[ 0.4583333 [ 305 306 307 274 ] ]
		[ 0.5 [ 308 309 310 274 ] ]
		[ 0.5416667 [ 311 312 313 274 ] ]
		[ 0.5833334 [ 314 315 316 274 ] ]
		[ 0.625 [ 317 318 319 274 ] ]
		[ 0.6666667 [ 320 321 322 274 ] ]
		[ 0.7083334 [ 323 324 325 274 ] ]
		[ 0.7500001 [ 326 327 328 274 ] ]
		[ 0.7916667 [ 329 330 331 274 ] ]
		[ 0.8333334 [ 332 333 334 274 ] ]
		[ 0.8750001 [ 332 333 334 274 ] ]
		[ 0.9166667 [ 332 335 336 274 ] ]
		[ 0.9583334 [ 337 338 339 274 ] ]
		[ 1 [ 340 341 342 274 ] ]
		[ 1.041667 [ 343 321 344 274 ] ]
		[ 1.083333 [ 345 346 347 274 ] ]
		[ 1.125 [ 348 349 350 274 ] ]
		[ 1.166667 [ 351 352 353 274 ] ]
		[ 1.208333 [ 354 355 356 274 ] ]
		[ 1.25 [ 357 358 359 274 ] ]
		[ 1.291667 [ 360 361 362 274 ] ]
		[ 1.333333 [ 363 364 365 274 ] ]
		[ 1.375 [ 366 367 368 274 ] ]
		[ 1.416667 [ 369 370 371 274 ] ]
		[ 1.458333 [ 372 373 374 274 ] ]
		[ 1.5 [ 375 376 377 274 ] ]
		[ 1.541667 [ 378 379 283 274 ] ]
		[ 1.583333 [ 380 279 381 274 ] ]
		[ 1.625 [ 382 276 277 274 ] ]
	]
	"Golova_end" [
		[ 0 [ 108 109 1 383 ] ]
	]
	"Golova_end_end" [
		[ 0 [ 108 109 1 383 ] ]
	]
	"Kluchitsa_L" [
		[ 0 [ 1 108 109 384 ] ]
	]
	"Kluchitsa_L_end" [
		[ 0 [ 108 109 1 385 ] ]
	]
	"Kluchitsa_L_end_end" [
		[ 0 [ 108 109 1 385 ] ]
	]
	"Kluchitsa_P" [
		[ 0 [ 386 387 109 384 ] ]
	]
	"Kluchitsa_P_end" [
		[ 0 [ 108 109 1 385 ] ]
	]
	"Kluchitsa_P_end_end" [
		[ 0 [ 108 109 1 385 ] ]
	]
	"Ruka_L" [
		[ 0 [ 388 389 390 391 ] ]
	]
	"Lokot_L" [
		[ 0 [ 392 393 394 395 ] ]
	]
	"Lokot_L_end" [
		[ 0 [ 108 109 1 396 ] ]
	]
	"Lokot_L_end_end" [
		[ 0 [ 108 109 1 396 ] ]
	]
	"Ruka_P" [
		[ 0 [ 397 398 399 400 ] ]
	]
	"Lokot_P" [
		[ 0 [ 401 402 403 395 ] ]
	]
	"Lokot_P_end" [
		[ 0 [ 108 109 1 396 ] ]
	]
	"Lokot_P_end_end" [
		[ 0 [ 108 109 1 396 ] ]
	]
	"Woin" [
		[ 0 [ 404 405 406 406 ] ]
	]
	"Shit" [
		[ 0 [ 407 408 409 410 ] ]
		[ 0.04166667 [ 407 408 409 410 ] ]
		[ 0.08333334 [ 411 408 409 410 ] ]
		[ 0.125 [ 412 408 409 413 ] ]
		[ 0.1666667 [ 414 415 409 416 ] ]
		[ 0.2083333 [ 417 415 418 419 ] ]
		[ 0.25 [ 420 421 418 422 ] ]
		[ 0.2916667 [ 423 424 425 426 ] ]
		[ 0.3333333 [ 427 424 425 428 ] ]
		[ 0.375 [ 429 430 425 431 ] ]
		[ 0.4166667 [ 432 430 425 433 ] ]
		[ 0.4583333 [ 434 435 425 436 ] ]
		[ 0.5 [ 437 438 439 440 ] ]
		[ 0.5416667 [ 441 438 439 442 ] ]
		[ 0.5833334 [ 443 444 439 445 ] ]
		[ 0.625 [ 446 444 439 447 ] ]
		[ 0.6666667 [ 448 449 439 450 ] ]
		[ 0.7083334 [ 451 449 452 453 ] ]
		[ 0.7500001 [ 454 449 452 455 ] ]
		[ 0.7916667 [ 456 457 452 455 ] ]
		[ 0.8333334 [ 458 459 452 460 ] ]
		[ 0.8750001 [ 458 459 452 460 ] ]
		[ 0.9166667 [ 458 459 452 461 ] ]
		[ 0.9583334 [ 456 457 452 462 ] ]
		[ 1 [ 454 449 452 463 ] ]
		[ 1.041667 [ 451 449 439 464 ] ]
		[ 1.083333 [ 465 449 439 466 ] ]
		[ 1.125 [ 443 444 439 467 ] ]
		[ 1.166667 [ 441 444 439 468 ] ]
		[ 1.208333 [ 469 438 439 470 ] ]
		[ 1.25 [ 471 435 425 472 ] ]
		[ 1.291667 [ 432 430 425 473 ] ]
		[ 1.333333 [ 474 424 425 475 ] ]
		[ 1.375 [ 476 424 425 477 ] ]
		[ 1.416667 [ 478 424 418 479 ] ]
		[ 1.458333 [ 480 415 418 419 ] ]
		[ 1.5 [ 481 415 409 416 ] ]
		[ 1.541667 [ 482 408 409 413 ] ]
		[ 1.583333 [ 411 408 409 410 ] ]
		[ 1.625 [ 407 408 409 410 ] ]
	]
	"Sword" [
		[ 0 [ 483 484 485 486 ] ]
		[ 0.04166667 [ 483 484 485 486 ] ]
		[ 0.08333334 [ 483 487 488 489 ] ]
		[ 0.125 [ 490 491 488 492 ] ]
		[ 0.1666667 [ 493 491 494 495 ] ]
		[ 0.2083333 [ 493 491 494 496 ] ]
		[ 0.25 [ 497 498 499 500 ] ]
		[ 0.2916667 [ 501 502 503 504 ] ]
		[ 0.3333333 [ 501 505 506 507 ] ]
		[ 0.375 [ 508 505 506 509 ] ]
		[ 0.4166667 [ 510 511 512 513 ] ]
		[ 0.4583333 [ 514 511 515 516 ] ]
		[ 0.5 [ 517 511 515 518 ] ]
		[ 0.5416667 [ 517 519 520 521 ] ]
		[ 0.5833334 [ 522 519 520 523 ] ]
		[ 0.625 [ 524 525 520 526 ] ]
		[ 0.6666667 [ 524 527 528 529 ] ]
		[ 0.7083334 [ 530 527 528 531 ] ]
		[ 0.7500001 [ 532 533 528 534 ] ]
		[ 0.7916667 [ 535 533 528 536 ] ]
		[ 0.8333334 [ 535 533 537 536 ] ]
		[ 0.8750001 [ 535 533 537 538 ] ]
		[ 0.9166667 [ 535 533 537 538 ] ]
		[ 0.9583334 [ 535 533 528 538 ] ]
		[ 1 [ 532 527 528 539 ] ]
		[ 1.041667 [ 530 527 528 540 ] ]
		[ 1.083333 [ 524 541 542 543 ] ]
		[ 1.125 [ 522 519 520 544 ] ]
		[ 1.166667 [ 517 519 520 545 ] ]
		[ 1.208333 [ 514 511 515 546 ] ]
		[ 1.25 [ 514 511 515 547 ] ]
		[ 1.291667 [ 510 548 506 549 ] ]
		[ 1.333333 [ 508 505 506 550 ] ]
		[ 1.375 [ 501 502 503 551 ] ]
		[ 1.416667 [ 497 498 499 552 ] ]
		[ 1.458333 [ 497 498 494 553 ] ]
		[ 1.5 [ 493 491 494 554 ] ]
		[ 1.541667 [ 490 491 494 495 ] ]
		[ 1.583333 [ 483 487 488 555 ] ]
		[ 1.625 [ 483 484 485 486 ] ]
	]
	}
	:resources [
		[0.714 -0.701 0.000]
		[0.000 0.000 1.000]
		[-0.701 -0.714 0.000]
		[0.000 0.000 0.000]
		[0.001 0.001 0.000]
		[0.002 0.002 0.000]
		[0.003 0.003 0.000]
		[0.005 0.004 0.000]
		[0.006 0.006 0.000]
		[0.008 0.008 0.000]
		[0.010 0.010 0.000]
		[0.012 0.012 0.000]
		[0.015 0.014 0.000]
		[0.017 0.016 0.000]
		[0.019 0.018 0.000]
		[0.021 0.019 0.000]
		[0.023 0.021 0.000]
		[0.025 0.023 0.000]
		[0.026 0.024 0.000]
		[0.027 0.025 0.000]
		[0.028 0.026 0.000]
		[0.029 0.027 0.000]
		[0.024 0.023 0.000]
		[-0.008 0.079 0.997]
		[0.189 -0.979 0.079]
		[0.982 0.189 -0.007]
		[0.123 -0.038 0.000]
		[-0.008 0.080 0.997]
		[0.189 -0.979 0.080]
		[-0.008 0.082 0.997]
		[0.189 -0.979 0.082]
		[0.982 0.189 -0.008]
		[-0.008 0.084 0.996]
		[0.189 -0.978 0.084]
		[-0.008 0.086 0.996]
		[0.188 -0.978 0.086]
		[0.982 0.188 -0.008]
		[-0.008 0.089 0.996]
		[0.188 -0.978 0.089]
		[-0.009 0.091 0.996]
		[0.188 -0.978 0.091]
		[0.982 0.188 -0.009]
		[-0.009 0.094 0.996]
		[0.188 -0.978 0.094]
		[-0.009 0.097 0.995]
		[0.188 -0.977 0.097]
		[-0.009 0.100 0.995]
		[0.188 -0.977 0.100]
		[0.982 0.188 -0.010]
		[-0.010 0.103 0.995]
		[0.188 -0.977 0.103]
		[-0.010 0.105 0.994]
		[0.187 -0.977 0.105]
		[0.982 0.187 -0.010]
		[-0.010 0.108 0.994]
		[0.187 -0.976 0.108]
		[-0.010 0.111 0.994]
		[0.187 -0.976 0.111]
		[0.982 0.187 -0.011]
		[-0.010 0.113 0.994]
		[0.187 -0.976 0.113]
		[-0.011 0.116 0.993]
		[0.187 -0.976 0.115]
		[-0.011 0.118 0.993]
		[0.187 -0.975 0.118]
		[-0.011 0.119 0.993]
		[0.186 -0.975 0.119]
		[0.982 0.186 -0.012]
		[-0.011 0.121 0.993]
		[0.186 -0.975 0.121]
		[-0.011 0.122 0.992]
		[0.186 -0.975 0.122]
		[-0.011 0.123 0.992]
		[0.186 -0.975 0.123]
		[0.983 0.186 -0.012]
		[-0.011 0.120 0.993]
		[0.186 -0.975 0.120]
		[0.186 -0.975 0.118]
		[0.983 0.186 -0.011]
		[0.186 -0.976 0.116]
		[-0.010 0.112 0.994]
		[0.186 -0.976 0.112]
		[-0.010 0.109 0.994]
		[0.186 -0.977 0.109]
		[0.982 0.186 -0.010]
		[0.186 -0.977 0.105]
		[-0.009 0.101 0.995]
		[0.186 -0.977 0.101]
		[-0.009 0.098 0.995]
		[0.187 -0.978 0.098]
		[0.982 0.187 -0.009]
		[0.187 -0.978 0.094]
		[0.187 -0.978 0.091]
		[-0.008 0.088 0.996]
		[0.187 -0.978 0.088]
		[0.982 0.187 -0.008]
		[-0.008 0.085 0.996]
		[0.187 -0.979 0.085]
		[-0.008 0.083 0.997]
		[0.188 -0.979 0.083]
		[-0.008 0.081 0.997]
		[0.188 -0.979 0.081]
		[0.188 -0.979 0.080]
		[0.982 0.188 -0.007]
		[-0.999 0.046 0.012]
		[0.045 0.999 -0.014]
		[-0.013 -0.013 -1.000]
		[0.000 0.532 0.000]
		[1.000 0.000 0.000]
		[0.000 1.000 0.000]
		[0.000 0.578 0.000]
		[-0.001 0.118 0.993]
		[-0.192 -0.975 0.115]
		[0.981 -0.191 0.023]
		[-0.123 -0.038 0.000]
		[-0.001 0.119 0.993]
		[-0.192 -0.974 0.116]
		[-0.001 0.120 0.993]
		[-0.193 -0.974 0.118]
		[0.981 -0.191 0.024]
		[-0.001 0.121 0.993]
		[-0.193 -0.974 0.119]
		[-0.001 0.123 0.992]
		[-0.193 -0.974 0.121]
		[-0.001 0.125 0.992]
		[-0.193 -0.974 0.122]
		[0.981 -0.191 0.025]
		[-0.001 0.127 0.992]
		[-0.193 -0.973 0.124]
		[-0.001 0.129 0.992]
		[-0.193 -0.973 0.126]
		[0.981 -0.191 0.026]
		[-0.001 0.131 0.991]
		[-0.193 -0.973 0.128]
		[0.981 -0.192 0.026]
		[-0.001 0.133 0.991]
		[-0.193 -0.972 0.130]
		[-0.001 0.135 0.991]
		[-0.194 -0.972 0.132]
		[0.981 -0.192 0.027]
		[-0.001 0.137 0.991]
		[-0.194 -0.972 0.134]
		[-0.001 0.139 0.990]
		[-0.194 -0.972 0.136]
		[0.981 -0.192 0.028]
		[-0.001 0.140 0.990]
		[-0.194 -0.971 0.138]
		[-0.001 0.142 0.990]
		[-0.194 -0.971 0.139]
		[-0.001 0.144 0.990]
		[-0.194 -0.971 0.141]
		[0.981 -0.192 0.029]
		[-0.001 0.145 0.989]
		[-0.194 -0.971 0.142]
		[-0.001 0.147 0.989]
		[-0.194 -0.970 0.144]
		[-0.001 0.148 0.989]
		[-0.194 -0.970 0.145]
		[0.981 -0.192 0.030]
		[-0.001 0.149 0.989]
		[-0.194 -0.970 0.146]
		[-0.195 -0.970 0.146]
		[-0.001 0.150 0.989]
		[-0.195 -0.970 0.147]
		[-0.195 -0.970 0.145]
		[-0.195 -0.970 0.144]
		[-0.195 -0.971 0.142]
		[-0.001 0.143 0.990]
		[-0.195 -0.971 0.140]
		[-0.195 -0.971 0.137]
		[-0.001 0.134 0.991]
		[-0.001 0.132 0.991]
		[-0.194 -0.972 0.129]
		[-0.194 -0.973 0.127]
		[-0.194 -0.973 0.124]
		[0.981 -0.192 0.025]
		[-0.001 0.124 0.992]
		[-0.001 0.122 0.992]
		[-0.193 -0.974 0.120]
		[-0.193 -0.974 0.117]
		[-0.999 0.036 -0.019]
		[0.035 0.999 0.012]
		[0.019 0.011 -1.000]
		[1.000 -0.013 0.017]
		[0.011 0.995 0.097]
		[-0.018 -0.097 0.995]
		[0.000 0.130 0.000]
		[0.011 0.995 0.098]
		[-0.018 -0.098 0.995]
		[0.011 0.995 0.100]
		[-0.018 -0.100 0.995]
		[1.000 -0.012 0.018]
		[0.011 0.995 0.103]
		[-0.019 -0.103 0.995]
		[0.010 0.994 0.106]
		[-0.019 -0.106 0.994]
		[1.000 -0.012 0.019]
		[0.010 0.994 0.110]
		[-0.020 -0.110 0.994]
		[1.000 -0.011 0.020]
		[0.009 0.993 0.115]
		[-0.021 -0.115 0.993]
		[0.008 0.993 0.120]
		[-0.021 -0.120 0.993]
		[1.000 -0.011 0.021]
		[0.008 0.992 0.125]
		[-0.022 -0.125 0.992]
		[1.000 -0.010 0.022]
		[0.007 0.991 0.130]
		[-0.023 -0.130 0.991]
		[1.000 -0.010 0.023]
		[0.006 0.991 0.136]
		[-0.024 -0.136 0.990]
		[1.000 -0.009 0.024]
		[0.006 0.990 0.142]
		[-0.025 -0.141 0.990]
		[0.005 0.989 0.147]
		[-0.026 -0.147 0.989]
		[1.000 -0.008 0.025]
		[0.004 0.988 0.152]
		[-0.026 -0.152 0.988]
		[1.000 -0.008 0.026]
		[0.004 0.988 0.157]
		[-0.027 -0.157 0.987]
		[1.000 -0.008 0.027]
		[0.003 0.987 0.162]
		[-0.028 -0.162 0.986]
		[1.000 -0.007 0.028]
		[0.003 0.986 0.166]
		[-0.028 -0.166 0.986]
		[0.002 0.985 0.170]
		[-0.029 -0.170 0.985]
		[1.000 -0.007 0.029]
		[0.002 0.985 0.173]
		[-0.029 -0.173 0.984]
		[0.001 0.984 0.175]
		[-0.030 -0.175 0.984]
		[1.000 -0.006 0.029]
		[0.001 0.984 0.177]
		[-0.030 -0.177 0.984]
		[0.001 0.984 0.178]
		[0.001 0.984 0.176]
		[-0.029 -0.173 0.985]
		[0.002 0.986 0.169]
		[-0.029 -0.169 0.985]
		[1.000 -0.007 0.027]
		[0.003 0.986 0.164]
		[-0.028 -0.164 0.986]
		[0.004 0.987 0.158]
		[-0.027 -0.158 0.987]
		[0.004 0.988 0.153]
		[0.005 0.989 0.146]
		[-0.025 -0.146 0.989]
		[1.000 -0.009 0.023]
		[0.006 0.990 0.140]
		[-0.025 -0.140 0.990]
		[0.007 0.991 0.134]
		[-0.024 -0.134 0.991]
		[0.007 0.992 0.128]
		[-0.023 -0.128 0.992]
		[0.008 0.992 0.122]
		[-0.022 -0.122 0.992]
		[0.009 0.993 0.117]
		[-0.021 -0.117 0.993]
		[0.009 0.994 0.112]
		[-0.020 -0.112 0.994]
		[0.010 0.994 0.107]
		[-0.020 -0.107 0.994]
		[0.010 0.995 0.103]
		[-0.019 -0.103 0.994]
		[-0.019 -0.100 0.995]
		[0.744 -0.055 -0.666]
		[-0.046 0.990 -0.134]
		[0.667 0.130 0.734]
		[0.000 0.596 0.000]
		[0.743 -0.057 -0.666]
		[-0.046 0.990 -0.135]
		[0.667 0.131 0.733]
		[0.743 -0.058 -0.667]
		[-0.046 0.989 -0.138]
		[0.668 0.133 0.733]
		[0.743 -0.061 -0.667]
		[-0.045 0.989 -0.141]
		[0.668 0.135 0.732]
		[0.742 -0.065 -0.667]
		[-0.045 0.988 -0.146]
		[0.669 0.138 0.731]
		[0.742 -0.069 -0.667]
		[-0.045 0.988 -0.151]
		[0.669 0.142 0.729]
		[0.741 -0.073 -0.668]
		[-0.044 0.987 -0.157]
		[0.670 0.146 0.728]
		[0.740 -0.078 -0.668]
		[-0.044 0.986 -0.164]
		[0.671 0.150 0.726]
		[0.739 -0.083 -0.668]
		[-0.043 0.984 -0.170]
		[0.672 0.155 0.724]
		[0.739 -0.089 -0.668]
		[-0.043 0.983 -0.178]
		[0.673 0.160 0.722]
		[0.738 -0.094 -0.668]
		[-0.042 0.982 -0.185]
		[0.674 0.165 0.721]
		[0.737 -0.100 -0.668]
		[-0.041 0.980 -0.192]
		[0.674 0.169 0.719]
		[0.736 -0.105 -0.668]
		[-0.041 0.979 -0.199]
		[0.675 0.174 0.717]
		[0.736 -0.111 -0.668]
		[-0.040 0.978 -0.206]
		[0.676 0.179 0.715]
		[0.735 -0.116 -0.668]
		[-0.040 0.976 -0.213]
		[0.677 0.183 0.713]
		[0.734 -0.120 -0.668]
		[-0.040 0.975 -0.219]
		[0.678 0.187 0.711]
		[0.734 -0.124 -0.668]
		[-0.039 0.974 -0.224]
		[0.678 0.191 0.710]
		[0.733 -0.128 -0.668]
		[-0.039 0.973 -0.229]
		[0.679 0.194 0.708]
		[0.733 -0.131 -0.667]
		[-0.039 0.972 -0.233]
		[0.679 0.196 0.707]
		[0.733 -0.133 -0.667]
		[-0.038 0.971 -0.235]
		[0.679 0.198 0.707]
		[0.733 -0.134 -0.667]
		[-0.038 0.971 -0.237]
		[0.679 0.199 0.706]
		[-0.038 0.971 -0.236]
		[0.679 0.199 0.707]
		[0.734 -0.132 -0.667]
		[-0.038 0.971 -0.234]
		[0.679 0.197 0.708]
		[0.734 -0.128 -0.667]
		[-0.038 0.972 -0.230]
		[0.678 0.194 0.709]
		[0.735 -0.124 -0.667]
		[0.677 0.191 0.711]
		[0.736 -0.120 -0.667]
		[-0.039 0.975 -0.218]
		[0.676 0.187 0.713]
		[0.736 -0.114 -0.667]
		[-0.040 0.977 -0.211]
		[0.675 0.182 0.715]
		[0.737 -0.109 -0.667]
		[-0.040 0.978 -0.204]
		[0.674 0.177 0.717]
		[0.738 -0.103 -0.667]
		[-0.041 0.980 -0.197]
		[0.674 0.172 0.719]
		[0.739 -0.097 -0.667]
		[-0.041 0.981 -0.189]
		[0.673 0.167 0.721]
		[0.740 -0.091 -0.667]
		[-0.042 0.983 -0.181]
		[0.672 0.162 0.723]
		[0.740 -0.085 -0.667]
		[-0.043 0.984 -0.173]
		[0.671 0.157 0.725]
		[0.741 -0.080 -0.667]
		[-0.043 0.985 -0.166]
		[0.670 0.152 0.726]
		[0.742 -0.075 -0.667]
		[-0.044 0.986 -0.159]
		[0.669 0.147 0.728]
		[0.742 -0.070 -0.667]
		[-0.044 0.987 -0.152]
		[0.669 0.143 0.730]
		[0.743 -0.065 -0.667]
		[-0.045 0.988 -0.147]
		[0.668 0.139 0.731]
		[0.743 -0.062 -0.666]
		[-0.045 0.989 -0.142]
		[0.743 -0.059 -0.666]
		[0.667 0.133 0.733]
		[0.744 -0.057 -0.666]
		[0.000 0.315 0.000]
		[0.000 0.470 0.000]
		[0.000 0.300 0.000]
		[0.000 0.000 -1.000]
		[-1.000 0.000 0.000]
		[0.232 0.537 0.811]
		[0.879 -0.473 0.062]
		[0.416 0.698 -0.582]
		[0.279 0.394 -0.035]
		[0.473 0.668 -0.575]
		[-0.569 -0.267 -0.778]
		[-0.673 0.695 0.253]
		[0.000 0.316 0.000]
		[0.000 0.469 0.000]
		[-0.267 0.861 0.434]
		[-0.831 -0.433 0.348]
		[0.488 -0.268 0.831]
		[-0.279 0.394 -0.035]
		[-0.102 0.972 0.212]
		[-0.875 -0.189 0.445]
		[0.473 -0.140 0.870]
		[100.000 0.000 0.000]
		[0.000 0.000 -100.000]
		[0.000 100.000 0.000]
		[-0.079 -0.067 -0.386]
		[0.281 -0.285 -0.008]
		[-0.027 -0.027 0.010]
		[-0.177 -0.174 1.643]
		[-0.078 -0.066 -0.387]
		[-0.077 -0.066 -0.387]
		[-0.176 -0.173 1.642]
		[-0.076 -0.065 -0.387]
		[0.280 -0.285 -0.008]
		[-0.176 -0.173 1.641]
		[-0.075 -0.064 -0.388]
		[-0.028 -0.027 0.010]
		[-0.176 -0.172 1.640]
		[-0.074 -0.062 -0.388]
		[0.280 -0.285 -0.007]
		[-0.175 -0.171 1.639]
		[-0.072 -0.061 -0.389]
		[0.280 -0.286 -0.007]
		[-0.028 -0.027 0.009]
		[-0.174 -0.170 1.638]
		[-0.071 -0.060 -0.389]
		[-0.174 -0.169 1.636]
		[-0.069 -0.058 -0.390]
		[0.279 -0.286 -0.007]
		[-0.173 -0.168 1.635]
		[-0.068 -0.057 -0.390]
		[-0.172 -0.167 1.633]
		[-0.066 -0.055 -0.391]
		[0.279 -0.287 -0.007]
		[-0.172 -0.166 1.632]
		[-0.064 -0.054 -0.391]
		[0.279 -0.287 -0.006]
		[-0.028 -0.027 0.008]
		[-0.171 -0.165 1.631]
		[-0.063 -0.053 -0.392]
		[-0.171 -0.164 1.629]
		[-0.061 -0.051 -0.392]
		[0.278 -0.287 -0.006]
		[-0.170 -0.163 1.628]
		[-0.060 -0.050 -0.392]
		[-0.169 -0.162 1.626]
		[-0.059 -0.049 -0.393]
		[0.278 -0.288 -0.006]
		[-0.169 -0.161 1.625]
		[-0.058 -0.048 -0.393]
		[-0.028 -0.027 0.007]
		[-0.169 -0.161 1.624]
		[-0.057 -0.047 -0.393]
		[-0.169 -0.160 1.623]
		[-0.056 -0.046 -0.393]
		[0.278 -0.288 -0.005]
		[-0.055 -0.046 -0.393]
		[0.277 -0.288 -0.005]
		[-0.169 -0.160 1.622]
		[-0.170 -0.161 1.622]
		[-0.170 -0.162 1.623]
		[-0.171 -0.162 1.624]
		[-0.171 -0.163 1.625]
		[-0.059 -0.050 -0.392]
		[-0.172 -0.164 1.626]
		[-0.172 -0.165 1.628]
		[-0.173 -0.166 1.629]
		[-0.065 -0.054 -0.391]
		[-0.173 -0.167 1.631]
		[-0.066 -0.056 -0.390]
		[-0.174 -0.168 1.632]
		[-0.174 -0.169 1.634]
		[-0.070 -0.059 -0.389]
		[-0.175 -0.170 1.636]
		[-0.072 -0.060 -0.389]
		[-0.175 -0.171 1.637]
		[-0.073 -0.062 -0.388]
		[-0.176 -0.171 1.638]
		[-0.075 -0.063 -0.388]
		[-0.076 -0.064 -0.387]
		[-0.077 -0.065 -0.387]
		[0.099 0.098 0.014]
		[0.064 -0.050 -0.114]
		[-0.075 0.087 -0.080]
		[-0.313 -0.016 1.953]
		[0.065 -0.050 -0.114]
		[-0.074 0.087 -0.080]
		[-0.313 -0.016 1.952]
		[0.099 0.097 0.014]
		[0.065 -0.049 -0.114]
		[-0.314 -0.016 1.952]
		[0.099 0.097 0.015]
		[-0.074 0.088 -0.080]
		[-0.314 -0.017 1.951]
		[-0.315 -0.016 1.950]
		[0.099 0.097 0.016]
		[0.066 -0.049 -0.114]
		[-0.073 0.088 -0.080]
		[-0.315 -0.016 1.948]
		[0.100 0.097 0.017]
		[0.066 -0.048 -0.113]
		[-0.073 0.089 -0.080]
		[-0.316 -0.016 1.947]
		[0.067 -0.048 -0.113]
		[-0.072 0.089 -0.080]
		[-0.316 -0.016 1.946]
		[0.100 0.097 0.018]
		[-0.317 -0.016 1.944]
		[0.100 0.097 0.019]
		[0.068 -0.047 -0.113]
		[-0.072 0.090 -0.080]
		[-0.317 -0.016 1.943]
		[0.100 0.096 0.020]
		[-0.071 0.090 -0.080]
		[-0.318 -0.016 1.941]
		[0.100 0.096 0.021]
		[-0.318 -0.016 1.940]
		[0.069 -0.046 -0.113]
		[-0.070 0.091 -0.080]
		[-0.319 -0.016 1.938]
		[0.100 0.096 0.022]
		[-0.319 -0.016 1.937]
		[0.100 0.096 0.023]
		[0.070 -0.046 -0.113]
		[-0.320 -0.016 1.935]
		[0.070 -0.045 -0.112]
		[-0.069 0.092 -0.080]
		[-0.320 -0.016 1.934]
		[0.100 0.096 0.024]
		[-0.321 -0.016 1.933]
		[0.099 0.095 0.024]
		[0.071 -0.045 -0.112]
		[-0.321 -0.016 1.932]
		[0.099 0.095 0.025]
		[-0.322 -0.016 1.931]
		[-0.068 0.092 -0.080]
		[-0.323 -0.017 1.931]
		[-0.323 -0.018 1.932]
		[-0.323 -0.018 1.933]
		[0.070 -0.046 -0.112]
		[-0.069 0.091 -0.080]
		[-0.322 -0.018 1.935]
		[-0.322 -0.018 1.936]
		[-0.321 -0.018 1.938]
		[-0.320 -0.018 1.940]
		[-0.319 -0.017 1.941]
		[0.067 -0.047 -0.113]
		[-0.318 -0.017 1.943]
		[-0.318 -0.017 1.945]
		[-0.317 -0.017 1.946]
		[-0.316 -0.017 1.948]
		[-0.315 -0.017 1.949]
		[-0.315 -0.017 1.950]
		[-0.314 -0.017 1.952]]
}