{ :name "Attack_2" :length 0.5 :bones { 
	"Skelet" [
		[ 0 [ 0 1 2 3 ] ]
	]
	"Bedro_L" [
		[ 0 [ 4 5 6 7 ] ]
		[ 0.01666667 [ 8 5 9 7 ] ]
		[ 0.03333334 [ 10 11 12 7 ] ]
		[ 0.05 [ 13 14 15 7 ] ]
		[ 0.06666667 [ 16 17 18 7 ] ]
		[ 0.08333334 [ 19 20 21 7 ] ]
		[ 0.1 [ 22 23 24 7 ] ]
		[ 0.1166667 [ 25 23 24 7 ] ]
		[ 0.1333333 [ 19 20 26 7 ] ]
		[ 0.15 [ 27 28 29 7 ] ]
		[ 0.1666667 [ 4 5 6 7 ] ]
		[ 0.1833333 [ 30 31 32 7 ] ]
		[ 0.2 [ 33 34 35 7 ] ]
		[ 0.2166667 [ 36 37 38 7 ] ]
		[ 0.2333333 [ 39 40 41 7 ] ]
		[ 0.25 [ 42 43 44 7 ] ]
		[ 0.2666667 [ 45 46 47 7 ] ]
		[ 0.2833333 [ 48 49 50 7 ] ]
		[ 0.3 [ 51 52 53 7 ] ]
		[ 0.3166667 [ 54 55 56 7 ] ]
		[ 0.3333333 [ 57 58 59 7 ] ]
		[ 0.35 [ 60 61 62 7 ] ]
		[ 0.3666667 [ 63 64 65 7 ] ]
		[ 0.3833333 [ 66 67 68 7 ] ]
		[ 0.4 [ 69 70 71 7 ] ]
		[ 0.4166667 [ 72 73 74 7 ] ]
		[ 0.4333333 [ 75 76 77 7 ] ]
		[ 0.45 [ 78 79 80 7 ] ]
		[ 0.4666667 [ 81 82 83 7 ] ]
		[ 0.4833333 [ 84 85 86 7 ] ]
	]
	"Koleno_L" [
		[ 0 [ 87 88 89 90 ] ]
		[ 0.01666667 [ 91 92 93 90 ] ]
		[ 0.03333334 [ 94 95 96 90 ] ]
		[ 0.05 [ 97 98 99 90 ] ]
		[ 0.06666667 [ 100 101 102 90 ] ]
		[ 0.08333334 [ 103 104 105 90 ] ]
		[ 0.1 [ 106 107 108 90 ] ]
		[ 0.1166667 [ 109 110 111 90 ] ]
		[ 0.1333333 [ 112 113 114 90 ] ]
		[ 0.15 [ 115 116 117 90 ] ]
		[ 0.1666667 [ 118 119 120 90 ] ]
		[ 0.1833333 [ 121 122 123 90 ] ]
		[ 0.2 [ 124 125 126 90 ] ]
		[ 0.2166667 [ 127 128 129 90 ] ]
		[ 0.2333333 [ 130 131 132 90 ] ]
		[ 0.25 [ 133 134 135 90 ] ]
		[ 0.2666667 [ 136 137 138 90 ] ]
		[ 0.2833333 [ 139 140 141 90 ] ]
		[ 0.3 [ 142 143 144 90 ] ]
		[ 0.3166667 [ 139 140 145 90 ] ]
		[ 0.3333333 [ 146 147 148 90 ] ]
		[ 0.35 [ 149 150 151 90 ] ]
		[ 0.3666667 [ 152 153 154 90 ] ]
		[ 0.3833333 [ 155 156 157 90 ] ]
		[ 0.4 [ 158 119 159 90 ] ]
		[ 0.4166667 [ 160 161 162 90 ] ]
		[ 0.4333333 [ 163 164 165 90 ] ]
		[ 0.45 [ 166 167 168 90 ] ]
		[ 0.4666667 [ 169 170 171 90 ] ]
		[ 0.4833333 [ 172 173 174 90 ] ]
	]
	"Koleno_L_end" [
		[ 0 [ 0 175 1 176 ] ]
	]
	"Koleno_L_end_end" [
		[ 0 [ 0 175 1 176 ] ]
	]
	"Bedro_P" [
		[ 0 [ 177 178 179 180 ] ]
		[ 0.01666667 [ 181 182 183 180 ] ]
		[ 0.03333334 [ 184 185 186 180 ] ]
		[ 0.05 [ 187 188 189 180 ] ]
		[ 0.06666667 [ 190 191 192 180 ] ]
		[ 0.08333334 [ 193 194 195 180 ] ]
		[ 0.1 [ 196 197 198 180 ] ]
		[ 0.1166667 [ 199 200 201 180 ] ]
		[ 0.1333333 [ 202 203 204 180 ] ]
		[ 0.15 [ 205 206 207 180 ] ]
		[ 0.1666667 [ 208 209 210 180 ] ]
		[ 0.1833333 [ 211 212 213 180 ] ]
		[ 0.2 [ 214 215 216 180 ] ]
		[ 0.2166667 [ 217 218 219 180 ] ]
		[ 0.2333333 [ 220 221 222 180 ] ]
		[ 0.25 [ 223 224 225 180 ] ]
		[ 0.2666667 [ 226 227 228 180 ] ]
		[ 0.2833333 [ 229 230 231 180 ] ]
		[ 0.3 [ 232 230 233 180 ] ]
		[ 0.3166667 [ 234 230 235 180 ] ]
		[ 0.3333333 [ 236 227 237 180 ] ]
		[ 0.35 [ 223 224 225 180 ] ]
		[ 0.3666667 [ 238 239 240 180 ] ]
		[ 0.3833333 [ 241 215 242 180 ] ]
		[ 0.4 [ 243 244 245 180 ] ]
		[ 0.4166667 [ 246 247 248 180 ] ]
		[ 0.4333333 [ 199 200 249 180 ] ]
		[ 0.45 [ 250 251 252 180 ] ]
		[ 0.4666667 [ 253 254 255 180 ] ]
		[ 0.4833333 [ 184 185 256 180 ] ]
	]
	"Koleno_P" [
		[ 0 [ 87 88 89 90 ] ]
	]
	"Koleno_P_end" [
		[ 0 [ 0 175 1 176 ] ]
	]
	"Koleno_P_end_end" [
		[ 0 [ 0 175 1 176 ] ]
	]
	"Tors" [
		[ 0 [ 0 257 258 259 ] ]
		[ 0.01666667 [ 260 261 262 259 ] ]
		[ 0.03333334 [ 263 264 265 259 ] ]
		[ 0.05 [ 266 267 268 259 ] ]
		[ 0.06666667 [ 269 270 271 259 ] ]
		[ 0.08333334 [ 272 273 274 259 ] ]
		[ 0.1 [ 275 276 277 259 ] ]
		[ 0.1166667 [ 278 279 280 259 ] ]
		[ 0.1333333 [ 281 282 283 259 ] ]
		[ 0.15 [ 284 285 286 259 ] ]
		[ 0.1666667 [ 287 288 289 259 ] ]
		[ 0.1833333 [ 290 291 292 259 ] ]
		[ 0.2 [ 293 294 295 259 ] ]
		[ 0.2166667 [ 296 297 298 259 ] ]
		[ 0.2333333 [ 299 257 300 259 ] ]
		[ 0.25 [ 301 302 303 259 ] ]
		[ 0.2666667 [ 304 305 306 259 ] ]
		[ 0.2833333 [ 307 308 309 259 ] ]
		[ 0.3 [ 310 311 312 259 ] ]
		[ 0.3166667 [ 313 314 315 259 ] ]
		[ 0.3333333 [ 316 317 318 259 ] ]
		[ 0.35 [ 319 320 321 259 ] ]
		[ 0.3666667 [ 322 323 324 259 ] ]
		[ 0.3833333 [ 325 326 327 259 ] ]
		[ 0.4 [ 328 329 330 259 ] ]
		[ 0.4166667 [ 331 332 333 259 ] ]
		[ 0.4333333 [ 334 335 336 259 ] ]
		[ 0.45 [ 337 338 339 259 ] ]
		[ 0.4666667 [ 340 341 342 259 ] ]
		[ 0.4833333 [ 343 344 345 259 ] ]
	]
	"Golova" [
		[ 0 [ 0 346 347 348 ] ]
		[ 0.01666667 [ 349 350 351 348 ] ]
		[ 0.03333334 [ 352 353 354 348 ] ]
		[ 0.05 [ 355 356 357 348 ] ]
		[ 0.06666667 [ 358 359 360 348 ] ]
		[ 0.08333334 [ 361 362 363 348 ] ]
		[ 0.1 [ 364 365 366 348 ] ]
		[ 0.1166667 [ 367 368 369 348 ] ]
		[ 0.1333333 [ 370 371 372 348 ] ]
		[ 0.15 [ 373 374 375 348 ] ]
		[ 0.1666667 [ 376 377 378 348 ] ]
		[ 0.1833333 [ 379 380 381 348 ] ]
		[ 0.2 [ 382 383 384 348 ] ]
		[ 0.2166667 [ 385 386 387 348 ] ]
		[ 0.2333333 [ 388 346 389 348 ] ]
		[ 0.25 [ 390 391 392 348 ] ]
		[ 0.2666667 [ 393 394 395 348 ] ]
		[ 0.2833333 [ 396 397 398 348 ] ]
		[ 0.3 [ 399 400 401 348 ] ]
		[ 0.3166667 [ 402 403 404 348 ] ]
		[ 0.3333333 [ 405 406 407 348 ] ]
		[ 0.35 [ 408 409 410 348 ] ]
		[ 0.3666667 [ 411 412 413 348 ] ]
		[ 0.3833333 [ 414 412 415 348 ] ]
		[ 0.4 [ 416 417 418 348 ] ]
		[ 0.4166667 [ 405 406 407 348 ] ]
		[ 0.4333333 [ 419 420 421 348 ] ]
		[ 0.45 [ 422 423 424 348 ] ]
		[ 0.4666667 [ 425 426 427 348 ] ]
		[ 0.4833333 [ 428 391 429 348 ] ]
	]
	"Golova_end" [
		[ 0 [ 0 175 1 430 ] ]
	]
	"Golova_end_end" [
		[ 0 [ 0 175 1 430 ] ]
	]
	"Kluchitsa_L" [
		[ 0 [ 1 0 175 431 ] ]
	]
	"Kluchitsa_L_end" [
		[ 0 [ 0 175 1 432 ] ]
	]
	"Kluchitsa_L_end_end" [
		[ 0 [ 0 175 1 432 ] ]
	]
	"Kluchitsa_P" [
		[ 0 [ 89 433 175 431 ] ]
	]
	"Kluchitsa_P_end" [
		[ 0 [ 0 175 1 432 ] ]
	]
	"Kluchitsa_P_end_end" [
		[ 0 [ 0 175 1 432 ] ]
	]
	"Ruka_L" [
		[ 0 [ 434 435 436 437 ] ]
		[ 0.01666667 [ 438 439 436 437 ] ]
		[ 0.03333334 [ 440 441 436 437 ] ]
		[ 0.05 [ 442 443 436 437 ] ]
		[ 0.06666667 [ 444 445 436 437 ] ]
		[ 0.08333334 [ 446 447 436 437 ] ]
		[ 0.1 [ 448 449 436 437 ] ]
		[ 0.1166667 [ 450 451 436 437 ] ]
		[ 0.1333333 [ 452 453 436 437 ] ]
		[ 0.15 [ 454 455 436 437 ] ]
		[ 0.1666667 [ 456 457 436 437 ] ]
		[ 0.1833333 [ 458 459 436 437 ] ]
		[ 0.2 [ 460 461 436 437 ] ]
		[ 0.2166667 [ 462 463 436 437 ] ]
		[ 0.2333333 [ 464 465 436 437 ] ]
		[ 0.25 [ 466 467 436 437 ] ]
		[ 0.2666667 [ 468 469 436 437 ] ]
		[ 0.2833333 [ 470 471 436 437 ] ]
		[ 0.3 [ 472 473 436 437 ] ]
		[ 0.3166667 [ 474 475 436 437 ] ]
		[ 0.3333333 [ 456 457 436 437 ] ]
		[ 0.35 [ 476 477 436 437 ] ]
		[ 0.3666667 [ 468 478 436 437 ] ]
		[ 0.3833333 [ 479 480 436 437 ] ]
		[ 0.4 [ 481 482 436 437 ] ]
		[ 0.4166667 [ 456 457 436 437 ] ]
		[ 0.4333333 [ 483 484 436 437 ] ]
		[ 0.45 [ 485 486 436 437 ] ]
		[ 0.4666667 [ 487 488 436 437 ] ]
		[ 0.4833333 [ 489 490 436 437 ] ]
	]
	"Lokot_L" [
		[ 0 [ 175 433 1 491 ] ]
		[ 0.01666667 [ 492 493 1 491 ] ]
		[ 0.03333334 [ 494 495 1 491 ] ]
		[ 0.05 [ 496 497 1 491 ] ]
		[ 0.06666667 [ 498 499 1 491 ] ]
		[ 0.08333334 [ 500 501 1 491 ] ]
		[ 0.1 [ 502 503 1 491 ] ]
		[ 0.1166667 [ 504 505 1 491 ] ]
		[ 0.1333333 [ 506 507 1 491 ] ]
		[ 0.15 [ 508 509 1 491 ] ]
		[ 0.1666667 [ 510 511 1 491 ] ]
		[ 0.1833333 [ 512 513 1 491 ] ]
		[ 0.2 [ 514 515 1 491 ] ]
		[ 0.2166667 [ 516 517 1 491 ] ]
		[ 0.2333333 [ 518 519 1 491 ] ]
		[ 0.25 [ 520 521 1 491 ] ]
		[ 0.2666667 [ 522 523 1 491 ] ]
		[ 0.2833333 [ 524 525 1 491 ] ]
		[ 0.3 [ 526 527 1 491 ] ]
		[ 0.3166667 [ 528 529 1 491 ] ]
		[ 0.3333333 [ 510 511 1 491 ] ]
		[ 0.35 [ 530 531 1 491 ] ]
		[ 0.3666667 [ 522 523 1 491 ] ]
		[ 0.3833333 [ 532 533 1 491 ] ]
		[ 0.4 [ 534 535 1 491 ] ]
		[ 0.4166667 [ 510 511 1 491 ] ]
		[ 0.4333333 [ 536 537 1 491 ] ]
		[ 0.45 [ 538 539 1 491 ] ]
		[ 0.4666667 [ 540 541 1 491 ] ]
		[ 0.4833333 [ 542 543 1 491 ] ]
	]
	"Lokot_L_end" [
		[ 0 [ 0 175 1 544 ] ]
	]
	"Lokot_L_end_end" [
		[ 0 [ 0 175 1 544 ] ]
	]
	"Ruka_P" [
		[ 0 [ 545 546 547 548 ] ]
		[ 0.01666667 [ 549 550 551 548 ] ]
		[ 0.03333334 [ 552 553 554 548 ] ]
		[ 0.05 [ 555 556 557 548 ] ]
		[ 0.06666667 [ 558 559 560 548 ] ]
		[ 0.08333334 [ 561 562 563 548 ] ]
		[ 0.1 [ 564 565 566 548 ] ]
		[ 0.1166667 [ 567 568 569 548 ] ]
		[ 0.1333333 [ 570 571 572 548 ] ]
		[ 0.15 [ 573 574 575 548 ] ]
		[ 0.1666667 [ 576 577 578 548 ] ]
		[ 0.1833333 [ 579 580 581 548 ] ]
		[ 0.2 [ 582 583 584 548 ] ]
		[ 0.2166667 [ 585 586 587 548 ] ]
		[ 0.2333333 [ 588 589 590 548 ] ]
		[ 0.25 [ 591 592 593 548 ] ]
		[ 0.2666667 [ 594 595 596 548 ] ]
		[ 0.2833333 [ 597 598 599 548 ] ]
		[ 0.3 [ 600 601 602 548 ] ]
		[ 0.3166667 [ 603 604 605 548 ] ]
		[ 0.3333333 [ 606 607 608 548 ] ]
		[ 0.35 [ 609 610 611 548 ] ]
		[ 0.3666667 [ 612 613 614 548 ] ]
		[ 0.3833333 [ 615 616 617 548 ] ]
		[ 0.4 [ 618 619 620 548 ] ]
		[ 0.4166667 [ 621 622 623 548 ] ]
		[ 0.4333333 [ 624 625 626 548 ] ]
		[ 0.45 [ 627 628 629 548 ] ]
		[ 0.4666667 [ 630 631 632 548 ] ]
		[ 0.4833333 [ 633 634 635 548 ] ]
	]
	"Lokot_P" [
		[ 0 [ 175 433 1 491 ] ]
		[ 0.01666667 [ 636 637 638 491 ] ]
		[ 0.03333334 [ 639 640 641 491 ] ]
		[ 0.05 [ 642 643 644 491 ] ]
		[ 0.06666667 [ 645 646 647 491 ] ]
		[ 0.08333334 [ 648 649 650 491 ] ]
		[ 0.1 [ 651 652 653 491 ] ]
		[ 0.1166667 [ 654 655 656 491 ] ]
		[ 0.1333333 [ 657 658 659 491 ] ]
		[ 0.15 [ 660 661 662 491 ] ]
		[ 0.1666667 [ 663 433 623 491 ] ]
		[ 0.1833333 [ 664 665 666 491 ] ]
		[ 0.2 [ 667 668 669 491 ] ]
		[ 0.2166667 [ 670 671 672 491 ] ]
		[ 0.2333333 [ 673 674 675 491 ] ]
		[ 0.25 [ 676 677 2 491 ] ]
		[ 0.2666667 [ 678 679 680 491 ] ]
		[ 0.2833333 [ 681 682 683 491 ] ]
		[ 0.3 [ 684 685 686 491 ] ]
		[ 0.3166667 [ 687 688 689 491 ] ]
		[ 0.3333333 [ 690 691 2 491 ] ]
		[ 0.35 [ 692 693 694 491 ] ]
		[ 0.3666667 [ 695 696 697 491 ] ]
		[ 0.3833333 [ 698 699 700 491 ] ]
		[ 0.4 [ 701 702 703 491 ] ]
		[ 0.4166667 [ 704 705 706 491 ] ]
		[ 0.4333333 [ 707 708 709 491 ] ]
		[ 0.45 [ 710 711 712 491 ] ]
		[ 0.4666667 [ 713 714 715 491 ] ]
		[ 0.4833333 [ 716 717 718 491 ] ]
	]
	"Lokot_P_end" [
		[ 0 [ 0 175 1 544 ] ]
	]
	"Lokot_P_end_end" [
		[ 0 [ 0 175 1 544 ] ]
	]
	"Woin" [
		[ 0 [ 719 720 721 721 ] ]
	]
	"Shit" [
		[ 0 [ 722 723 724 725 ] ]
		[ 0.01666667 [ 726 727 728 729 ] ]
		[ 0.03333334 [ 730 731 732 733 ] ]
		[ 0.05 [ 734 735 736 737 ] ]
		[ 0.06666667 [ 738 739 740 741 ] ]
		[ 0.08333334 [ 742 743 744 745 ] ]
		[ 0.1 [ 746 747 748 749 ] ]
		[ 0.1166667 [ 750 751 752 753 ] ]
		[ 0.1333333 [ 754 755 756 757 ] ]
		[ 0.15 [ 758 759 760 761 ] ]
		[ 0.1666667 [ 762 763 764 765 ] ]
		[ 0.1833333 [ 766 767 768 769 ] ]
		[ 0.2 [ 770 771 772 773 ] ]
		[ 0.2166667 [ 774 775 776 777 ] ]
		[ 0.2333333 [ 778 779 780 781 ] ]
		[ 0.25 [ 782 783 784 785 ] ]
		[ 0.2666667 [ 786 787 788 789 ] ]
		[ 0.2833333 [ 790 791 792 793 ] ]
		[ 0.3 [ 794 795 796 797 ] ]
		[ 0.3166667 [ 798 799 800 801 ] ]
		[ 0.3333333 [ 802 803 804 805 ] ]
		[ 0.35 [ 806 807 808 809 ] ]
		[ 0.3666667 [ 810 811 812 813 ] ]
		[ 0.3833333 [ 814 815 816 817 ] ]
		[ 0.4 [ 818 819 820 821 ] ]
		[ 0.4166667 [ 822 823 824 825 ] ]
		[ 0.4333333 [ 826 827 828 829 ] ]
		[ 0.45 [ 830 831 832 833 ] ]
		[ 0.4666667 [ 834 835 836 837 ] ]
		[ 0.4833333 [ 838 839 840 841 ] ]
	]
	"Sword" [
		[ 0 [ 842 843 844 845 ] ]
		[ 0.01666667 [ 846 847 848 849 ] ]
		[ 0.03333334 [ 850 851 852 853 ] ]
		[ 0.05 [ 854 855 856 857 ] ]
		[ 0.06666667 [ 858 859 860 861 ] ]
		[ 0.08333334 [ 862 863 864 865 ] ]
		[ 0.1 [ 866 867 868 869 ] ]
		[ 0.1166667 [ 870 871 872 873 ] ]
		[ 0.1333333 [ 874 875 876 877 ] ]
		[ 0.15 [ 878 879 880 881 ] ]
		[ 0.1666667 [ 882 883 884 885 ] ]
		[ 0.1833333 [ 886 887 888 889 ] ]
		[ 0.2 [ 890 891 892 893 ] ]
		[ 0.2166667 [ 894 895 896 897 ] ]
		[ 0.2333333 [ 898 899 900 901 ] ]
		[ 0.25 [ 902 903 904 905 ] ]
		[ 0.2666667 [ 906 907 908 909 ] ]
		[ 0.2833333 [ 910 911 912 913 ] ]
		[ 0.3 [ 914 915 916 917 ] ]
		[ 0.3166667 [ 918 919 920 921 ] ]
		[ 0.3333333 [ 922 923 924 925 ] ]
		[ 0.35 [ 926 927 928 929 ] ]
		[ 0.3666667 [ 930 931 932 933 ] ]
		[ 0.3833333 [ 934 935 936 937 ] ]
		[ 0.4 [ 938 939 940 941 ] ]
		[ 0.4166667 [ 942 943 944 945 ] ]
		[ 0.4333333 [ 946 947 948 949 ] ]
		[ 0.45 [ 950 951 952 953 ] ]
		[ 0.4666667 [ 954 955 956 957 ] ]
		[ 0.4833333 [ 958 959 960 961 ] ]
	]
	}
	:resources [
		[1.000 0.000 0.000]
		[0.000 0.000 1.000]
		[0.000 -1.000 0.000]
		[0.000 0.000 -0.040]
		[0.059 -0.337 0.940]
		[0.163 -0.925 -0.342]
		[0.985 0.174 0.000]
		[0.123 -0.038 0.000]
		[0.062 -0.337 0.940]
		[0.985 0.174 -0.002]
		[0.067 -0.337 0.939]
		[0.162 -0.925 -0.343]
		[0.984 0.176 -0.007]
		[0.075 -0.337 0.939]
		[0.162 -0.925 -0.344]
		[0.984 0.177 -0.015]
		[0.083 -0.336 0.938]
		[0.161 -0.924 -0.346]
		[0.984 0.179 -0.022]
		[0.090 -0.336 0.937]
		[0.160 -0.924 -0.347]
		[0.983 0.181 -0.029]
		[0.094 -0.336 0.937]
		[0.159 -0.924 -0.348]
		[0.983 0.182 -0.034]
		[0.095 -0.336 0.937]
		[0.983 0.181 -0.030]
		[0.079 -0.337 0.938]
		[0.161 -0.925 -0.345]
		[0.984 0.178 -0.019]
		[0.024 -0.337 0.941]
		[0.167 -0.927 -0.337]
		[0.986 0.165 0.034]
		[-0.026 -0.338 0.941]
		[0.172 -0.929 -0.329]
		[0.985 0.153 0.083]
		[-0.084 -0.339 0.937]
		[0.177 -0.931 -0.320]
		[0.981 0.139 0.138]
		[-0.138 -0.339 0.930]
		[0.182 -0.932 -0.313]
		[0.974 0.126 0.191]
		[-0.182 -0.340 0.923]
		[0.185 -0.933 -0.307]
		[0.966 0.115 0.233]
		[-0.216 -0.340 0.915]
		[0.188 -0.934 -0.303]
		[0.958 0.107 0.266]
		[-0.247 -0.340 0.907]
		[0.190 -0.935 -0.299]
		[0.950 0.099 0.296]
		[-0.272 -0.341 0.900]
		[0.192 -0.936 -0.296]
		[0.943 0.093 0.320]
		[-0.289 -0.341 0.895]
		[0.194 -0.936 -0.294]
		[0.938 0.088 0.336]
		[-0.293 -0.341 0.893]
		[0.194 -0.936 -0.293]
		[0.936 0.087 0.341]
		[-0.284 -0.341 0.896]
		[0.193 -0.936 -0.294]
		[0.939 0.089 0.332]
		[-0.263 -0.340 0.903]
		[0.192 -0.935 -0.297]
		[0.945 0.095 0.312]
		[-0.234 -0.340 0.911]
		[0.189 -0.935 -0.301]
		[0.954 0.102 0.283]
		[-0.199 -0.340 0.919]
		[0.187 -0.934 -0.305]
		[0.962 0.111 0.250]
		[-0.163 -0.340 0.926]
		[0.184 -0.933 -0.310]
		[0.969 0.120 0.215]
		[-0.125 -0.339 0.932]
		[0.181 -0.932 -0.315]
		[0.976 0.129 0.178]
		[-0.081 -0.339 0.937]
		[0.177 -0.930 -0.321]
		[0.981 0.140 0.135]
		[-0.034 -0.338 0.940]
		[0.173 -0.929 -0.328]
		[0.984 0.151 0.090]
		[0.013 -0.337 0.941]
		[0.168 -0.927 -0.335]
		[0.986 0.163 0.044]
		[-0.906 0.423 0.000]
		[0.423 0.906 0.000]
		[0.000 0.000 -1.000]
		[0.000 0.532 0.000]
		[-0.906 0.423 -0.015]
		[0.423 0.906 0.007]
		[0.016 0.000 -1.000]
		[-0.906 0.423 -0.029]
		[0.422 0.906 0.014]
		[0.032 0.000 -0.999]
		[-0.905 0.423 -0.044]
		[0.422 0.906 0.021]
		[0.049 0.000 -0.999]
		[-0.904 0.423 -0.059]
		[0.422 0.906 0.028]
		[0.065 0.000 -0.998]
		[-0.903 0.423 -0.074]
		[0.421 0.906 0.034]
		[0.081 0.000 -0.997]
		[-0.902 0.423 -0.088]
		[0.421 0.906 0.041]
		[0.098 0.000 -0.995]
		[-0.900 0.423 -0.103]
		[0.420 0.906 0.048]
		[0.114 0.000 -0.994]
		[-0.899 0.423 -0.117]
		[0.419 0.906 0.055]
		[0.129 0.000 -0.992]
		[-0.897 0.423 -0.131]
		[0.418 0.906 0.061]
		[0.144 0.000 -0.990]
		[-0.895 0.423 -0.144]
		[0.417 0.906 0.067]
		[0.159 0.000 -0.987]
		[-0.892 0.423 -0.158]
		[0.416 0.906 0.074]
		[0.174 0.000 -0.985]
		[-0.890 0.423 -0.172]
		[0.415 0.906 0.080]
		[0.189 0.000 -0.982]
		[-0.887 0.423 -0.185]
		[0.414 0.906 0.086]
		[0.204 0.000 -0.979]
		[-0.885 0.423 -0.196]
		[0.413 0.906 0.091]
		[0.216 0.000 -0.976]
		[-0.883 0.423 -0.204]
		[0.412 0.906 0.095]
		[0.225 0.000 -0.974]
		[-0.882 0.423 -0.210]
		[0.411 0.906 0.098]
		[0.231 0.000 -0.973]
		[-0.881 0.423 -0.214]
		[0.411 0.906 0.100]
		[0.236 0.000 -0.972]
		[-0.880 0.423 -0.216]
		[0.410 0.906 0.101]
		[0.238 0.000 -0.971]
		[0.237 0.000 -0.972]
		[-0.882 0.423 -0.209]
		[0.411 0.906 0.097]
		[0.230 0.000 -0.973]
		[-0.884 0.423 -0.198]
		[0.412 0.906 0.092]
		[0.218 0.000 -0.976]
		[-0.888 0.423 -0.183]
		[0.414 0.906 0.085]
		[0.201 0.000 -0.979]
		[-0.891 0.423 -0.164]
		[0.416 0.906 0.076]
		[0.181 0.000 -0.984]
		[-0.895 0.423 -0.143]
		[0.158 0.000 -0.987]
		[-0.898 0.423 -0.122]
		[0.419 0.906 0.057]
		[0.135 0.000 -0.991]
		[-0.901 0.423 -0.100]
		[0.420 0.906 0.047]
		[0.110 0.000 -0.994]
		[-0.903 0.423 -0.076]
		[0.421 0.906 0.035]
		[0.084 0.000 -0.996]
		[-0.905 0.423 -0.051]
		[0.422 0.906 0.024]
		[0.056 0.000 -0.998]
		[-0.906 0.423 -0.025]
		[0.422 0.906 0.012]
		[0.028 0.000 -1.000]
		[0.000 1.000 0.000]
		[0.000 0.578 0.000]
		[0.682 -0.337 0.650]
		[-0.367 -0.925 -0.095]
		[0.633 -0.174 -0.754]
		[-0.123 -0.038 0.000]
		[0.685 -0.337 0.646]
		[-0.367 -0.925 -0.093]
		[0.630 -0.174 -0.757]
		[0.688 -0.337 0.643]
		[-0.368 -0.925 -0.091]
		[0.626 -0.174 -0.761]
		[0.692 -0.337 0.639]
		[-0.368 -0.925 -0.089]
		[0.621 -0.174 -0.764]
		[0.696 -0.337 0.635]
		[-0.369 -0.925 -0.087]
		[0.617 -0.174 -0.768]
		[0.700 -0.337 0.630]
		[-0.369 -0.925 -0.085]
		[0.612 -0.174 -0.772]
		[0.704 -0.337 0.626]
		[-0.370 -0.925 -0.082]
		[0.607 -0.174 -0.776]
		[0.708 -0.337 0.621]
		[-0.370 -0.925 -0.080]
		[0.602 -0.174 -0.780]
		[0.712 -0.337 0.616]
		[-0.371 -0.925 -0.077]
		[0.597 -0.174 -0.784]
		[0.716 -0.337 0.612]
		[-0.371 -0.925 -0.075]
		[0.592 -0.174 -0.787]
		[0.719 -0.337 0.607]
		[-0.372 -0.925 -0.073]
		[0.587 -0.174 -0.791]
		[0.723 -0.337 0.603]
		[-0.372 -0.925 -0.071]
		[0.582 -0.174 -0.794]
		[0.726 -0.337 0.599]
		[-0.373 -0.925 -0.069]
		[0.578 -0.174 -0.798]
		[0.729 -0.337 0.596]
		[-0.373 -0.925 -0.067]
		[0.574 -0.174 -0.800]
		[0.732 -0.337 0.593]
		[-0.373 -0.925 -0.065]
		[0.570 -0.174 -0.803]
		[0.734 -0.337 0.590]
		[-0.374 -0.925 -0.064]
		[0.568 -0.174 -0.805]
		[0.735 -0.337 0.588]
		[-0.374 -0.925 -0.063]
		[0.565 -0.174 -0.806]
		[0.736 -0.337 0.587]
		[-0.374 -0.925 -0.062]
		[0.564 -0.174 -0.807]
		[0.737 -0.337 0.586]
		[0.563 -0.174 -0.808]
		[0.737 -0.337 0.587]
		[0.564 -0.174 -0.808]
		[0.736 -0.337 0.588]
		[0.565 -0.174 -0.807]
		[0.730 -0.337 0.594]
		[-0.373 -0.925 -0.066]
		[0.572 -0.174 -0.802]
		[0.726 -0.337 0.600]
		[0.578 -0.174 -0.797]
		[0.720 -0.337 0.606]
		[-0.372 -0.925 -0.072]
		[0.585 -0.174 -0.792]
		[0.714 -0.337 0.613]
		[-0.371 -0.925 -0.076]
		[0.593 -0.174 -0.786]
		[0.601 -0.174 -0.780]
		[0.701 -0.337 0.629]
		[-0.370 -0.925 -0.084]
		[0.610 -0.174 -0.773]
		[0.694 -0.337 0.636]
		[-0.369 -0.925 -0.088]
		[0.618 -0.174 -0.767]
		[0.626 -0.174 -0.760]
		[0.000 0.940 -0.342]
		[0.000 0.342 0.940]
		[0.000 0.130 0.000]
		[0.998 0.000 -0.061]
		[-0.021 0.940 -0.341]
		[0.057 0.342 0.938]
		[0.991 0.000 -0.134]
		[-0.046 0.940 -0.339]
		[0.125 0.342 0.931]
		[0.977 0.000 -0.213]
		[-0.073 0.940 -0.334]
		[0.200 0.342 0.918]
		[0.956 0.000 -0.293]
		[-0.100 0.940 -0.327]
		[0.275 0.342 0.899]
		[0.930 0.000 -0.367]
		[-0.126 0.940 -0.318]
		[0.345 0.342 0.874]
		[0.902 0.000 -0.431]
		[-0.147 0.940 -0.309]
		[0.405 0.342 0.848]
		[0.877 0.000 -0.480]
		[-0.164 0.940 -0.300]
		[0.451 0.342 0.824]
		[0.860 0.000 -0.510]
		[-0.175 0.940 -0.294]
		[0.480 0.342 0.808]
		[0.855 0.000 -0.519]
		[-0.177 0.940 -0.292]
		[0.487 0.342 0.803]
		[0.866 0.000 -0.500]
		[-0.171 0.940 -0.296]
		[0.470 0.342 0.814]
		[0.901 0.000 -0.433]
		[-0.148 0.940 -0.308]
		[0.407 0.342 0.847]
		[0.950 0.000 -0.311]
		[-0.106 0.940 -0.325]
		[0.293 0.342 0.893]
		[0.987 0.000 -0.158]
		[-0.054 0.940 -0.338]
		[0.148 0.342 0.928]
		[1.000 0.000 -0.001]
		[0.001 0.342 0.940]
		[0.992 0.000 0.127]
		[0.044 0.940 -0.339]
		[-0.120 0.342 0.932]
		[0.973 0.000 0.230]
		[0.079 0.940 -0.333]
		[-0.216 0.342 0.915]
		[0.946 0.000 0.325]
		[0.111 0.940 -0.323]
		[-0.305 0.342 0.889]
		[0.914 0.000 0.405]
		[0.139 0.940 -0.313]
		[-0.381 0.342 0.859]
		[0.885 0.000 0.465]
		[0.159 0.940 -0.303]
		[-0.437 0.342 0.832]
		[0.867 0.000 0.499]
		[0.171 0.940 -0.296]
		[-0.469 0.342 0.814]
		[0.863 0.000 0.504]
		[0.173 0.940 -0.295]
		[-0.474 0.342 0.811]
		[0.874 0.000 0.485]
		[0.166 0.940 -0.299]
		[-0.456 0.342 0.822]
		[0.894 0.000 0.449]
		[0.154 0.940 -0.306]
		[-0.422 0.342 0.840]
		[0.916 0.000 0.402]
		[0.137 0.940 -0.313]
		[-0.378 0.342 0.861]
		[0.936 0.000 0.352]
		[0.120 0.940 -0.320]
		[-0.330 0.342 0.880]
		[0.955 0.000 0.296]
		[0.101 0.940 -0.327]
		[-0.278 0.342 0.898]
		[0.974 0.000 0.228]
		[0.078 0.940 -0.333]
		[-0.214 0.342 0.915]
		[0.988 0.000 0.153]
		[0.052 0.940 -0.338]
		[-0.143 0.342 0.929]
		[0.997 0.000 0.075]
		[0.026 0.940 -0.341]
		[-0.070 0.342 0.937]
		[0.000 0.940 0.342]
		[0.000 -0.342 0.940]
		[0.000 0.596 0.000]
		[0.998 -0.019 0.053]
		[-0.001 0.940 0.343]
		[-0.057 -0.342 0.938]
		[0.992 -0.042 0.118]
		[-0.001 0.939 0.345]
		[-0.125 -0.342 0.931]
		[0.980 -0.067 0.187]
		[-0.003 0.937 0.348]
		[-0.199 -0.342 0.918]
		[0.962 -0.092 0.257]
		[-0.005 0.935 0.354]
		[-0.273 -0.342 0.899]
		[0.939 -0.117 0.322]
		[-0.008 0.932 0.361]
		[-0.342 -0.342 0.875]
		[0.915 -0.138 0.378]
		[-0.012 0.929 0.369]
		[-0.402 -0.342 0.849]
		[0.894 -0.155 0.421]
		[-0.016 0.927 0.375]
		[-0.448 -0.342 0.826]
		[0.879 -0.166 0.448]
		[-0.019 0.925 0.380]
		[-0.477 -0.342 0.809]
		[0.874 -0.169 0.456]
		[-0.020 0.924 0.381]
		[-0.486 -0.342 0.804]
		[0.883 -0.163 0.441]
		[-0.018 0.925 0.379]
		[-0.470 -0.342 0.814]
		[0.912 -0.141 0.385]
		[-0.013 0.929 0.370]
		[-0.410 -0.342 0.846]
		[0.954 -0.102 0.283]
		[-0.006 0.934 0.357]
		[-0.301 -0.342 0.890]
		[0.987 -0.055 0.154]
		[-0.002 0.938 0.346]
		[-0.163 -0.342 0.925]
		[1.000 -0.007 0.019]
		[-0.020 -0.342 0.939]
		[0.995 0.033 -0.093]
		[0.001 0.939 0.344]
		[0.098 -0.342 0.935]
		[0.981 0.065 -0.183]
		[0.003 0.937 0.348]
		[0.195 -0.342 0.919]
		[0.959 0.096 -0.268]
		[0.005 0.935 0.355]
		[0.284 -0.342 0.896]
		[0.932 0.124 -0.341]
		[0.009 0.932 0.364]
		[0.363 -0.342 0.867]
		[0.905 0.147 -0.400]
		[0.014 0.928 0.372]
		[0.426 -0.342 0.838]
		[0.883 0.163 -0.441]
		[0.018 0.925 0.379]
		[0.470 -0.342 0.814]
		[0.867 0.174 -0.467]
		[0.021 0.923 0.383]
		[0.498 -0.342 0.797]
		[0.857 0.180 -0.482]
		[0.023 0.922 0.386]
		[0.514 -0.342 0.787]
		[0.856 0.181 -0.484]
		[0.516 -0.342 0.785]
		[0.864 0.176 -0.471]
		[0.022 0.923 0.384]
		[0.502 -0.342 0.794]
		[0.912 0.141 -0.386]
		[0.013 0.929 0.370]
		[0.411 -0.342 0.845]
		[0.946 0.110 -0.305]
		[0.007 0.933 0.359]
		[0.324 -0.342 0.882]
		[0.976 0.073 -0.206]
		[0.003 0.937 0.350]
		[0.218 -0.342 0.914]
		[0.994 0.035 -0.100]
		[0.106 -0.342 0.934]
		[0.000 0.315 0.000]
		[0.000 0.470 0.000]
		[0.000 0.300 0.000]
		[-1.000 0.000 0.000]
		[-0.040 0.557 0.830]
		[0.580 -0.663 0.473]
		[0.814 0.500 -0.296]
		[0.279 0.394 -0.035]
		[0.013 0.494 0.869]
		[0.581 -0.711 0.396]
		[0.069 0.424 0.903]
		[0.577 -0.755 0.310]
		[0.126 0.346 0.930]
		[0.567 -0.794 0.219]
		[0.182 0.265 0.947]
		[0.552 -0.824 0.125]
		[0.235 0.183 0.955]
		[0.531 -0.847 0.031]
		[0.284 0.102 0.953]
		[0.507 -0.860 -0.059]
		[0.328 0.025 0.944]
		[0.480 -0.866 -0.143]
		[0.365 -0.044 0.930]
		[0.452 -0.865 -0.218]
		[0.395 -0.103 0.913]
		[0.426 -0.860 -0.282]
		[0.418 -0.150 0.896]
		[0.403 -0.853 -0.332]
		[0.432 -0.180 0.884]
		[0.388 -0.847 -0.363]
		[0.438 -0.192 0.878]
		[0.382 -0.844 -0.375]
		[0.438 -0.193 0.878]
		[0.382 -0.844 -0.376]
		[0.436 -0.189 0.880]
		[0.384 -0.845 -0.372]
		[0.435 -0.186 0.881]
		[0.385 -0.846 -0.369]
		[0.434 -0.183 0.882]
		[0.387 -0.847 -0.366]
		[0.430 -0.175 0.886]
		[0.391 -0.848 -0.358]
		[0.426 -0.166 0.890]
		[0.396 -0.850 -0.347]
		[0.421 -0.156 0.893]
		[0.400 -0.852 -0.338]
		[0.423 -0.160 0.892]
		[0.399 -0.851 -0.342]
		[0.387 -0.846 -0.366]
		[0.442 -0.202 0.874]
		[0.377 -0.842 -0.385]
		[0.440 -0.197 0.876]
		[0.380 -0.843 -0.380]
		[0.368 -0.048 0.929]
		[0.450 -0.865 -0.223]
		[0.288 0.097 0.953]
		[0.505 -0.861 -0.065]
		[0.184 0.262 0.947]
		[0.551 -0.825 0.121]
		[0.069 0.422 0.904]
		[0.577 -0.756 0.309]
		[0.000 0.316 0.000]
		[-0.054 0.999 0.000]
		[-0.999 -0.054 0.000]
		[-0.112 0.994 0.000]
		[-0.994 -0.112 0.000]
		[-0.171 0.985 0.000]
		[-0.985 -0.171 0.000]
		[-0.230 0.973 0.000]
		[-0.973 -0.230 0.000]
		[-0.287 0.958 0.000]
		[-0.958 -0.287 0.000]
		[-0.341 0.940 0.000]
		[-0.940 -0.341 0.000]
		[-0.391 0.921 0.000]
		[-0.921 -0.391 0.000]
		[-0.434 0.901 0.000]
		[-0.901 -0.434 0.000]
		[-0.471 0.882 0.000]
		[-0.882 -0.471 0.000]
		[-0.500 0.866 0.000]
		[-0.866 -0.500 0.000]
		[-0.518 0.855 0.000]
		[-0.855 -0.518 0.000]
		[-0.525 0.851 0.000]
		[-0.851 -0.525 0.000]
		[-0.526 0.851 0.000]
		[-0.851 -0.526 0.000]
		[-0.523 0.852 0.000]
		[-0.852 -0.523 0.000]
		[-0.522 0.853 0.000]
		[-0.853 -0.522 0.000]
		[-0.520 0.854 0.000]
		[-0.854 -0.520 0.000]
		[-0.515 0.857 0.000]
		[-0.857 -0.515 0.000]
		[-0.509 0.861 0.000]
		[-0.861 -0.509 0.000]
		[-0.504 0.864 0.000]
		[-0.864 -0.504 0.000]
		[-0.506 0.863 0.000]
		[-0.863 -0.506 0.000]
		[-0.531 0.847 0.000]
		[-0.847 -0.531 0.000]
		[-0.528 0.849 0.000]
		[-0.849 -0.528 0.000]
		[-0.437 0.899 0.000]
		[-0.899 -0.437 0.000]
		[-0.345 0.939 0.000]
		[-0.939 -0.345 0.000]
		[-0.232 0.973 0.000]
		[-0.973 -0.232 0.000]
		[-0.113 0.994 0.000]
		[-0.994 -0.113 0.000]
		[0.000 0.469 0.000]
		[-0.342 0.000 0.940]
		[-0.470 -0.866 -0.171]
		[0.814 -0.500 0.296]
		[-0.279 0.394 -0.035]
		[-0.233 -0.103 0.967]
		[-0.417 -0.888 -0.195]
		[0.878 -0.449 0.164]
		[-0.103 -0.227 0.968]
		[-0.375 -0.893 -0.249]
		[0.921 -0.388 0.007]
		[0.041 -0.361 0.932]
		[-0.359 -0.875 -0.324]
		[0.932 -0.322 -0.165]
		[0.183 -0.494 0.850]
		[-0.383 -0.832 -0.402]
		[0.906 -0.252 -0.341]
		[0.304 -0.615 0.727]
		[-0.445 -0.767 -0.463]
		[0.842 -0.183 -0.507]
		[0.390 -0.715 0.580]
		[-0.535 -0.689 -0.490]
		[0.750 -0.120 -0.651]
		[0.436 -0.789 0.432]
		[-0.633 -0.610 -0.477]
		[0.640 -0.066 -0.766]
		[0.452 -0.838 0.305]
		[-0.720 -0.545 -0.430]
		[0.527 -0.025 -0.850]
		[0.457 -0.863 0.216]
		[-0.782 -0.505 -0.365]
		[0.424 -0.002 -0.906]
		[0.470 -0.866 0.171]
		[-0.814 -0.500 -0.296]
		[0.342 0.000 -0.940]
		[0.529 -0.827 0.190]
		[-0.796 -0.561 -0.225]
		[0.293 -0.033 -0.956]
		[0.633 -0.729 0.261]
		[-0.723 -0.677 -0.140]
		[0.279 -0.100 -0.955]
		[0.735 -0.584 0.345]
		[-0.612 -0.790 -0.033]
		[0.292 -0.187 -0.938]
		[0.800 -0.430 0.419]
		[-0.504 -0.860 0.081]
		[0.325 -0.276 -0.904]
		[0.815 -0.320 0.483]
		[-0.445 -0.879 0.168]
		[0.371 -0.352 -0.859]
		[0.786 -0.282 0.550]
		[-0.457 -0.864 0.210]
		[0.416 -0.416 -0.809]
		[0.724 -0.287 0.628]
		[-0.514 -0.831 0.212]
		[0.461 -0.476 -0.749]
		[0.622 -0.302 0.723]
		[-0.588 -0.790 0.175]
		[0.518 -0.534 -0.669]
		[0.475 -0.302 0.827]
		[-0.654 -0.750 0.102]
		[0.589 -0.589 -0.553]
		[0.279 -0.262 0.924]
		[-0.694 -0.720 0.006]
		[0.663 -0.643 -0.383]
		[-0.024 -0.167 0.986]
		[-0.711 -0.690 -0.134]
		[0.703 -0.704 -0.102]
		[-0.410 -0.045 0.911]
		[-0.691 -0.636 -0.342]
		[0.595 -0.770 0.230]
		[-0.723 0.063 0.688]
		[-0.596 -0.562 -0.574]
		[0.351 -0.825 0.444]
		[-0.888 0.134 0.439]
		[-0.444 -0.494 -0.747]
		[0.117 -0.859 0.499]
		[-0.940 0.171 0.296]
		[-0.342 -0.470 -0.814]
		[0.000 -0.866 0.500]
		[-0.931 0.184 0.315]
		[-0.365 -0.510 -0.779]
		[0.017 -0.841 0.541]
		[-0.875 0.175 0.451]
		[-0.458 -0.596 -0.659]
		[0.154 -0.784 0.602]
		[-0.753 0.135 0.644]
		[-0.532 -0.702 -0.475]
		[0.388 -0.700 0.600]
		[-0.559 0.069 0.826]
		[-0.528 -0.798 -0.290]
		[0.639 -0.599 0.482]
		[-0.008 0.994 0.105]
		[-1.000 -0.008 -0.001]
		[0.000 -0.105 0.995]
		[-0.028 0.978 0.208]
		[-1.000 -0.027 -0.006]
		[0.000 -0.208 0.978]
		[-0.055 0.950 0.309]
		[-0.998 -0.052 -0.017]
		[0.000 -0.309 0.951]
		[-0.084 0.910 0.405]
		[-0.996 -0.076 -0.034]
		[0.000 -0.407 0.914]
		[-0.109 0.861 0.497]
		[-0.994 -0.094 -0.054]
		[0.000 -0.500 0.866]
		[-0.125 0.803 0.583]
		[-0.992 -0.101 -0.074]
		[0.000 -0.588 0.809]
		[-0.128 0.737 0.664]
		[-0.992 -0.095 -0.086]
		[0.000 -0.669 0.743]
		[-0.111 0.665 0.739]
		[-0.994 -0.075 -0.083]
		[0.000 -0.743 0.669]
		[-0.071 0.586 0.807]
		[-0.998 -0.042 -0.057]
		[0.000 -0.809 0.588]
		[0.000 0.500 0.866]
		[0.129 0.396 0.909]
		[-0.992 0.052 0.119]
		[0.000 -0.917 0.399]
		[0.314 0.271 0.910]
		[-0.949 0.090 0.301]
		[0.000 -0.959 0.285]
		[0.507 0.147 0.849]
		[-0.862 0.087 0.500]
		[0.000 -0.985 0.171]
		[0.666 0.053 0.744]
		[-0.746 0.047 0.664]
		[0.000 -0.997 0.071]
		[0.766 0.000 0.643]
		[-0.643 0.000 0.766]
		[0.826 -0.027 0.563]
		[-0.564 -0.039 0.825]
		[-0.001 -0.999 -0.047]
		[0.868 -0.042 0.495]
		[-0.496 -0.068 0.865]
		[-0.003 -0.997 -0.079]
		[0.891 -0.044 0.453]
		[-0.455 -0.076 0.887]
		[-0.004 -0.996 -0.088]
		[0.892 -0.032 0.451]
		[-0.452 -0.056 0.890]
		[-0.003 -0.998 -0.064]
		[0.866 0.000 0.500]
		[-0.500 0.000 0.866]
		[0.783 0.064 0.618]
		[-0.622 0.103 0.777]
		[-0.014 -0.993 0.120]
		[0.625 0.166 0.763]
		[-0.776 0.238 0.584]
		[-0.085 -0.957 0.278]
		[0.427 0.299 0.853]
		[-0.877 0.368 0.309]
		[-0.222 -0.880 0.419]
		[0.258 0.447 0.857]
		[-0.888 0.459 0.028]
		[-0.381 -0.768 0.515]
		[0.176 0.587 0.790]
		[-0.852 0.492 -0.176]
		[-0.492 -0.643 0.587]
		[0.175 0.714 0.678]
		[-0.839 0.469 -0.277]
		[-0.515 -0.520 0.681]
		[0.196 0.830 0.523]
		[-0.868 0.395 -0.301]
		[-0.456 -0.395 0.797]
		[0.188 0.922 0.340]
		[-0.926 0.281 -0.251]
		[-0.327 -0.268 0.906]
		[0.121 0.980 0.157]
		[-0.980 0.143 -0.140]
		[-0.160 -0.136 0.978]
		[100.000 0.000 0.000]
		[0.000 0.000 -100.000]
		[0.000 100.000 0.000]
		[0.129 -0.376 0.047]
		[-0.065 -0.070 -0.388]
		[0.037 0.012 -0.008]
		[0.588 0.224 1.305]
		[0.172 -0.361 -0.007]
		[-0.086 -0.034 -0.389]
		[0.035 0.017 -0.009]
		[0.544 0.303 1.309]
		[0.214 -0.332 -0.063]
		[-0.115 -0.001 -0.383]
		[0.032 0.022 -0.010]
		[0.485 0.382 1.319]
		[0.249 -0.289 -0.121]
		[-0.151 0.024 -0.369]
		[0.027 0.028 -0.009]
		[0.413 0.454 1.337]
		[0.271 -0.236 -0.176]
		[-0.193 0.038 -0.348]
		[0.022 0.032 -0.009]
		[0.334 0.513 1.360]
		[0.277 -0.178 -0.227]
		[-0.235 0.042 -0.321]
		[0.017 0.036 -0.008]
		[0.254 0.555 1.389]
		[0.268 -0.122 -0.270]
		[-0.274 0.036 -0.289]
		[0.011 0.038 -0.006]
		[0.181 0.580 1.420]
		[0.247 -0.073 -0.306]
		[-0.307 0.025 -0.255]
		[0.007 0.039 -0.004]
		[0.120 0.592 1.452]
		[0.219 -0.035 -0.333]
		[-0.333 0.013 -0.221]
		[0.003 0.040 -0.002]
		[0.078 0.595 1.482]
		[0.190 -0.007 -0.352]
		[-0.352 0.007 -0.190]
		[0.001 0.040 0.000]
		[0.056 0.593 1.508]
		[0.165 0.010 -0.364]
		[-0.364 0.010 -0.165]
		[0.001 0.040 0.001]
		[0.058 0.588 1.530]
		[0.149 0.012 -0.371]
		[-0.370 0.035 -0.148]
		[0.003 0.040 0.002]
		[0.097 0.579 1.543]
		[0.144 -0.001 -0.373]
		[-0.365 0.082 -0.141]
		[0.008 0.039 0.003]
		[0.169 0.561 1.549]
		[0.142 -0.023 -0.373]
		[-0.348 0.139 -0.141]
		[0.014 0.037 0.003]
		[0.256 0.527 1.549]
		[0.138 -0.048 -0.373]
		[-0.321 0.192 -0.143]
		[0.020 0.035 0.003]
		[0.336 0.481 1.547]
		[0.131 -0.067 -0.372]
		[-0.293 0.231 -0.145]
		[0.024 0.032 0.003]
		[0.395 0.434 1.546]
		[0.123 -0.083 -0.371]
		[-0.266 0.260 -0.146]
		[0.027 0.029 0.003]
		[0.439 0.390 1.545]
		[0.115 -0.100 -0.370]
		[-0.238 0.284 -0.151]
		[0.030 0.026 0.002]
		[0.477 0.344 1.541]
		[0.106 -0.116 -0.368]
		[-0.210 0.303 -0.156]
		[0.032 0.023 0.002]
		[0.507 0.301 1.537]
		[0.097 -0.130 -0.366]
		[-0.187 0.314 -0.161]
		[0.034 0.021 0.002]
		[0.527 0.266 1.533]
		[0.091 -0.138 -0.364]
		[-0.174 0.321 -0.165]
		[0.035 0.020 0.001]
		[0.538 0.244 1.530]
		[0.092 -0.131 -0.367]
		[-0.174 0.323 -0.159]
		[0.035 0.020 0.002]
		[0.538 0.242 1.534]
		[0.096 -0.113 -0.372]
		[-0.186 0.323 -0.146]
		[0.034 0.021 0.003]
		[0.528 0.256 1.545]
		[0.102 -0.095 -0.375]
		[-0.203 0.317 -0.136]
		[0.033 0.023 0.003]
		[0.514 0.279 1.554]
		[0.107 -0.093 -0.374]
		[-0.218 0.305 -0.138]
		[0.032 0.024 0.003]
		[0.499 0.305 1.551]
		[0.113 -0.121 -0.364]
		[-0.223 0.288 -0.165]
		[0.031 0.025 0.001]
		[0.491 0.328 1.530]
		[0.122 -0.183 -0.334]
		[-0.215 0.257 -0.219]
		[0.031 0.025 -0.002]
		[0.493 0.342 1.484]
		[0.133 -0.261 -0.273]
		[-0.193 0.202 -0.287]
		[0.032 0.023 -0.006]
		[0.503 0.341 1.422]
		[0.142 -0.329 -0.178]
		[-0.158 0.120 -0.347]
		[0.034 0.019 -0.009]
		[0.523 0.318 1.362]
		[0.141 -0.369 -0.064]
		[-0.113 0.023 -0.383]
		[0.036 0.015 -0.010]
		[0.553 0.274 1.319]
		[0.138 -0.020 -0.011]
		[0.018 0.051 0.129]
		[-0.015 -0.129 0.053]
		[-0.238 0.565 1.304]
		[0.139 0.010 0.008]
		[-0.010 0.044 0.133]
		[0.007 -0.133 0.044]
		[-0.323 0.579 1.344]
		[0.132 0.039 0.028]
		[-0.035 0.021 0.134]
		[0.033 -0.133 0.030]
		[-0.429 0.573 1.403]
		[0.117 0.060 0.048]
		[-0.047 -0.012 0.131]
		[0.061 -0.126 0.010]
		[-0.549 0.531 1.478]
		[0.101 0.072 0.065]
		[-0.045 -0.049 0.123]
		[0.087 -0.109 -0.012]
		[-0.665 0.447 1.564]
		[0.088 0.076 0.078]
		[-0.029 -0.081 0.111]
		[0.105 -0.085 -0.035]
		[-0.755 0.327 1.651]
		[0.081 0.075 0.086]
		[-0.006 -0.103 0.095]
		[0.114 -0.059 -0.056]
		[-0.807 0.192 1.731]
		[0.079 0.073 0.090]
		[0.015 -0.114 0.080]
		[0.115 -0.035 -0.072]
		[-0.822 0.066 1.798]
		[0.079 0.071 0.091]
		[0.029 -0.119 0.068]
		[0.112 -0.020 -0.082]
		[-0.818 -0.030 1.846]
		[0.080 0.068 0.092]
		[0.033 -0.121 0.061]
		[0.110 -0.013 -0.086]
		[-0.817 -0.083 1.872]
		[0.079 0.064 0.096]
		[0.026 -0.123 0.061]
		[0.113 -0.017 -0.081]
		[-0.833 -0.088 1.871]
		[0.070 0.057 0.107]
		[-0.002 -0.123 0.067]
		[0.121 -0.035 -0.061]
		[-0.881 -0.013 1.809]
		[0.050 0.053 0.119]
		[-0.050 -0.110 0.070]
		[0.121 -0.068 -0.021]
		[-0.910 0.143 1.669]
		[0.028 0.059 0.124]
		[-0.098 -0.080 0.060]
		[0.096 -0.099 0.026]
		[-0.849 0.320 1.492]
		[0.014 0.073 0.119]
		[-0.129 -0.038 0.038]
		[0.053 -0.113 0.063]
		[-0.707 0.449 1.340]
		[0.014 0.085 0.110]
		[-0.139 -0.001 0.018]
		[0.011 -0.111 0.084]
		[-0.557 0.511 1.250]
		[0.027 0.091 0.103]
		[-0.136 0.033 0.006]
		[-0.021 -0.101 0.094]
		[-0.435 0.547 1.210]
		[0.047 0.089 0.097]
		[-0.123 0.067 -0.001]
		[-0.047 -0.085 0.101]
		[-0.324 0.571 1.189]
		[0.070 0.079 0.092]
		[-0.102 0.096 -0.004]
		[-0.065 -0.065 0.106]
		[-0.226 0.580 1.173]
		[0.091 0.063 0.086]
		[-0.076 0.118 -0.006]
		[-0.075 -0.043 0.110]
		[-0.145 0.573 1.155]
		[0.107 0.043 0.079]
		[-0.049 0.131 -0.005]
		[-0.075 -0.024 0.116]
		[-0.090 0.555 1.131]
		[0.120 0.016 0.069]
		[-0.020 0.139 0.002]
		[-0.069 -0.011 0.122]
		[-0.054 0.540 1.103]
		[0.125 -0.023 0.059]
		[0.015 0.137 0.022]
		[-0.061 -0.014 0.125]
		[-0.012 0.559 1.093]
		[0.116 -0.062 0.048]
		[0.042 0.122 0.055]
		[-0.066 -0.032 0.119]
		[0.063 0.608 1.127]
		[0.103 -0.087 0.037]
		[0.049 0.096 0.089]
		[-0.081 -0.053 0.101]
		[0.149 0.649 1.207]
		[0.098 -0.097 0.026]
		[0.043 0.073 0.111]
		[-0.090 -0.070 0.081]
		[0.181 0.671 1.279]
		[0.104 -0.093 0.012]
		[0.040 0.061 0.120]
		[-0.084 -0.086 0.072]
		[0.127 0.689 1.296]
		[0.115 -0.079 -0.001]
		[0.040 0.057 0.121]
		[-0.068 -0.100 0.070]
		[0.016 0.687 1.278]
		[0.126 -0.060 -0.008]
		[0.037 0.060 0.121]
		[-0.048 -0.111 0.070]
		[-0.103 0.654 1.260]
		[0.134 -0.039 -0.010]
		[0.027 0.060 0.124]
		[-0.030 -0.120 0.065]
		[-0.191 0.605 1.268]]
}