{ :name "Attack_2" :length 0.5 :bones { 
	"Skelet" [
		[ 0 [ 0 1 2 3 ] ]
	]
	"Bedro_L" [
		[ 0 [ 4 5 6 7 ] ]
		[ 0.03333334 [ 8 9 10 7 ] ]
		[ 0.06666667 [ 11 12 13 7 ] ]
		[ 0.1 [ 14 15 16 7 ] ]
		[ 0.1333333 [ 17 18 19 7 ] ]
		[ 0.1666667 [ 4 5 6 7 ] ]
		[ 0.2 [ 20 21 22 7 ] ]
		[ 0.2333333 [ 23 24 25 7 ] ]
		[ 0.2666667 [ 26 27 28 7 ] ]
		[ 0.3 [ 29 30 31 7 ] ]
		[ 0.3333333 [ 32 33 34 7 ] ]
		[ 0.3666667 [ 35 36 37 7 ] ]
		[ 0.4 [ 38 39 40 7 ] ]
		[ 0.4333333 [ 41 42 43 7 ] ]
		[ 0.4666667 [ 44 45 46 7 ] ]
		[ 0.5 [ 4 5 6 7 ] ]
		[ 0.5333334 [ 4 5 6 7 ] ]
		[ 0.5666667 [ 4 5 6 7 ] ]
		[ 0.6 [ 4 5 6 7 ] ]
		[ 0.6333333 [ 4 5 6 7 ] ]
		[ 0.6666667 [ 4 5 6 7 ] ]
		[ 0.7 [ 4 5 6 7 ] ]
		[ 0.7333333 [ 4 5 6 7 ] ]
		[ 0.7666667 [ 4 5 6 7 ] ]
		[ 0.8 [ 4 5 6 7 ] ]
		[ 0.8333333 [ 4 5 6 7 ] ]
		[ 0.8666667 [ 4 5 6 7 ] ]
		[ 0.9 [ 4 5 6 7 ] ]
		[ 0.9333333 [ 4 5 6 7 ] ]
		[ 0.9666666 [ 4 5 6 7 ] ]
	]
	"Koleno_L" [
		[ 0 [ 47 48 49 50 ] ]
		[ 0.03333334 [ 51 52 53 50 ] ]
		[ 0.06666667 [ 54 55 56 50 ] ]
		[ 0.1 [ 57 58 59 50 ] ]
		[ 0.1333333 [ 60 61 62 50 ] ]
		[ 0.1666667 [ 63 64 65 50 ] ]
		[ 0.2 [ 66 67 68 50 ] ]
		[ 0.2333333 [ 69 70 71 50 ] ]
		[ 0.2666667 [ 72 73 74 50 ] ]
		[ 0.3 [ 75 76 77 50 ] ]
		[ 0.3333333 [ 78 79 80 50 ] ]
		[ 0.3666667 [ 81 82 83 50 ] ]
		[ 0.4 [ 84 64 85 50 ] ]
		[ 0.4333333 [ 86 87 88 50 ] ]
		[ 0.4666667 [ 89 90 91 50 ] ]
		[ 0.5 [ 47 48 49 50 ] ]
		[ 0.5333334 [ 47 48 49 50 ] ]
		[ 0.5666667 [ 47 48 49 50 ] ]
		[ 0.6 [ 47 48 49 50 ] ]
		[ 0.6333333 [ 47 48 49 50 ] ]
		[ 0.6666667 [ 47 48 49 50 ] ]
		[ 0.7 [ 47 48 49 50 ] ]
		[ 0.7333333 [ 47 48 49 50 ] ]
		[ 0.7666667 [ 47 48 49 50 ] ]
		[ 0.8 [ 47 48 49 50 ] ]
		[ 0.8333333 [ 47 48 49 50 ] ]
		[ 0.8666667 [ 47 48 49 50 ] ]
		[ 0.9 [ 47 48 49 50 ] ]
		[ 0.9333333 [ 47 48 49 50 ] ]
		[ 0.9666666 [ 47 48 49 50 ] ]
	]
	"Koleno_L_end" [
		[ 0 [ 0 92 1 93 ] ]
	]
	"Koleno_L_end_end" [
		[ 0 [ 0 92 1 93 ] ]
	]
	"Bedro_P" [
		[ 0 [ 94 95 96 97 ] ]
		[ 0.03333334 [ 98 99 100 97 ] ]
		[ 0.06666667 [ 101 102 103 97 ] ]
		[ 0.1 [ 104 105 106 97 ] ]
		[ 0.1333333 [ 107 108 109 97 ] ]
		[ 0.1666667 [ 110 111 112 97 ] ]
		[ 0.2 [ 113 114 115 97 ] ]
		[ 0.2333333 [ 116 117 118 97 ] ]
		[ 0.2666667 [ 119 120 121 97 ] ]
		[ 0.3 [ 122 123 124 97 ] ]
		[ 0.3333333 [ 125 120 126 97 ] ]
		[ 0.3666667 [ 127 128 129 97 ] ]
		[ 0.4 [ 130 131 132 97 ] ]
		[ 0.4333333 [ 133 134 135 97 ] ]
		[ 0.4666667 [ 136 137 138 97 ] ]
		[ 0.5 [ 94 95 96 97 ] ]
		[ 0.5333334 [ 94 95 96 97 ] ]
		[ 0.5666667 [ 94 95 96 97 ] ]
		[ 0.6 [ 94 95 96 97 ] ]
		[ 0.6333333 [ 94 95 96 97 ] ]
		[ 0.6666667 [ 94 95 96 97 ] ]
		[ 0.7 [ 94 95 96 97 ] ]
		[ 0.7333333 [ 94 95 96 97 ] ]
		[ 0.7666667 [ 94 95 96 97 ] ]
		[ 0.8 [ 94 95 96 97 ] ]
		[ 0.8333333 [ 94 95 96 97 ] ]
		[ 0.8666667 [ 94 95 96 97 ] ]
		[ 0.9 [ 94 95 96 97 ] ]
		[ 0.9333333 [ 94 95 96 97 ] ]
		[ 0.9666666 [ 94 95 96 97 ] ]
	]
	"Koleno_P" [
		[ 0 [ 47 48 49 50 ] ]
	]
	"Koleno_P_end" [
		[ 0 [ 0 92 1 93 ] ]
	]
	"Koleno_P_end_end" [
		[ 0 [ 0 92 1 93 ] ]
	]
	"Tors" [
		[ 0 [ 0 139 140 141 ] ]
		[ 0.03333334 [ 142 143 144 141 ] ]
		[ 0.06666667 [ 145 146 147 141 ] ]
		[ 0.1 [ 148 149 150 141 ] ]
		[ 0.1333333 [ 151 152 153 141 ] ]
		[ 0.1666667 [ 154 155 156 141 ] ]
		[ 0.2 [ 157 158 159 141 ] ]
		[ 0.2333333 [ 160 139 161 141 ] ]
		[ 0.2666667 [ 162 163 164 141 ] ]
		[ 0.3 [ 165 166 167 141 ] ]
		[ 0.3333333 [ 168 169 170 141 ] ]
		[ 0.3666667 [ 171 172 173 141 ] ]
		[ 0.4 [ 174 175 176 141 ] ]
		[ 0.4333333 [ 177 178 179 141 ] ]
		[ 0.4666667 [ 180 181 182 141 ] ]
		[ 0.5 [ 0 139 140 141 ] ]
		[ 0.5333334 [ 0 139 140 141 ] ]
		[ 0.5666667 [ 0 139 140 141 ] ]
		[ 0.6 [ 0 139 140 141 ] ]
		[ 0.6333333 [ 0 139 140 141 ] ]
		[ 0.6666667 [ 0 139 140 141 ] ]
		[ 0.7 [ 0 139 140 141 ] ]
		[ 0.7333333 [ 0 139 140 141 ] ]
		[ 0.7666667 [ 0 139 140 141 ] ]
		[ 0.8 [ 0 139 140 141 ] ]
		[ 0.8333333 [ 0 139 140 141 ] ]
		[ 0.8666667 [ 0 139 140 141 ] ]
		[ 0.9 [ 0 139 140 141 ] ]
		[ 0.9333333 [ 0 139 140 141 ] ]
		[ 0.9666666 [ 0 139 140 141 ] ]
	]
	"Golova" [
		[ 0 [ 0 183 184 185 ] ]
		[ 0.03333334 [ 186 187 188 185 ] ]
		[ 0.06666667 [ 189 190 191 185 ] ]
		[ 0.1 [ 192 193 194 185 ] ]
		[ 0.1333333 [ 195 196 197 185 ] ]
		[ 0.1666667 [ 198 199 200 185 ] ]
		[ 0.2 [ 201 202 203 185 ] ]
		[ 0.2333333 [ 204 183 205 185 ] ]
		[ 0.2666667 [ 206 207 208 185 ] ]
		[ 0.3 [ 209 210 211 185 ] ]
		[ 0.3333333 [ 212 213 214 185 ] ]
		[ 0.3666667 [ 215 216 217 185 ] ]
		[ 0.4 [ 218 219 220 185 ] ]
		[ 0.4333333 [ 221 222 223 185 ] ]
		[ 0.4666667 [ 224 225 226 185 ] ]
		[ 0.5 [ 0 183 184 185 ] ]
		[ 0.5333334 [ 0 183 184 185 ] ]
		[ 0.5666667 [ 0 183 184 185 ] ]
		[ 0.6 [ 0 183 184 185 ] ]
		[ 0.6333333 [ 0 183 184 185 ] ]
		[ 0.6666667 [ 0 183 184 185 ] ]
		[ 0.7 [ 0 183 184 185 ] ]
		[ 0.7333333 [ 0 183 184 185 ] ]
		[ 0.7666667 [ 0 183 184 185 ] ]
		[ 0.8 [ 0 183 184 185 ] ]
		[ 0.8333333 [ 0 183 184 185 ] ]
		[ 0.8666667 [ 0 183 184 185 ] ]
		[ 0.9 [ 0 183 184 185 ] ]
		[ 0.9333333 [ 0 183 184 185 ] ]
		[ 0.9666666 [ 0 183 184 185 ] ]
	]
	"Golova_end" [
		[ 0 [ 0 92 1 227 ] ]
	]
	"Golova_end_end" [
		[ 0 [ 0 92 1 227 ] ]
	]
	"Kluchitsa_L" [
		[ 0 [ 1 0 92 228 ] ]
	]
	"Kluchitsa_L_end" [
		[ 0 [ 0 92 1 229 ] ]
	]
	"Kluchitsa_L_end_end" [
		[ 0 [ 0 92 1 229 ] ]
	]
	"Kluchitsa_P" [
		[ 0 [ 49 230 92 228 ] ]
	]
	"Kluchitsa_P_end" [
		[ 0 [ 0 92 1 229 ] ]
	]
	"Kluchitsa_P_end_end" [
		[ 0 [ 0 92 1 229 ] ]
	]
	"Ruka_L" [
		[ 0 [ 231 232 233 234 ] ]
		[ 0.03333334 [ 235 236 233 234 ] ]
		[ 0.06666667 [ 237 238 233 234 ] ]
		[ 0.1 [ 239 240 233 234 ] ]
		[ 0.1333333 [ 241 242 233 234 ] ]
		[ 0.1666667 [ 243 244 233 234 ] ]
		[ 0.2 [ 245 246 233 234 ] ]
		[ 0.2333333 [ 247 248 233 234 ] ]
		[ 0.2666667 [ 249 250 233 234 ] ]
		[ 0.3 [ 251 252 233 234 ] ]
		[ 0.3333333 [ 243 244 233 234 ] ]
		[ 0.3666667 [ 249 253 233 234 ] ]
		[ 0.4 [ 254 255 233 234 ] ]
		[ 0.4333333 [ 256 257 233 234 ] ]
		[ 0.4666667 [ 258 259 233 234 ] ]
		[ 0.5 [ 231 232 233 234 ] ]
		[ 0.5333334 [ 231 232 233 234 ] ]
		[ 0.5666667 [ 231 232 233 234 ] ]
		[ 0.6 [ 231 232 233 234 ] ]
		[ 0.6333333 [ 231 232 233 234 ] ]
		[ 0.6666667 [ 231 232 233 234 ] ]
		[ 0.7 [ 231 232 233 234 ] ]
		[ 0.7333333 [ 231 232 233 234 ] ]
		[ 0.7666667 [ 231 232 233 234 ] ]
		[ 0.8 [ 231 232 233 234 ] ]
		[ 0.8333333 [ 231 232 233 234 ] ]
		[ 0.8666667 [ 231 232 233 234 ] ]
		[ 0.9 [ 231 232 233 234 ] ]
		[ 0.9333333 [ 231 232 233 234 ] ]
		[ 0.9666666 [ 231 232 233 234 ] ]
	]
	"Lokot_L" [
		[ 0 [ 92 230 1 260 ] ]
		[ 0.03333334 [ 261 262 1 260 ] ]
		[ 0.06666667 [ 263 264 1 260 ] ]
		[ 0.1 [ 265 266 1 260 ] ]
		[ 0.1333333 [ 267 268 1 260 ] ]
		[ 0.1666667 [ 269 270 1 260 ] ]
		[ 0.2 [ 271 272 1 260 ] ]
		[ 0.2333333 [ 273 274 1 260 ] ]
		[ 0.2666667 [ 275 276 1 260 ] ]
		[ 0.3 [ 277 278 1 260 ] ]
		[ 0.3333333 [ 269 270 1 260 ] ]
		[ 0.3666667 [ 275 276 1 260 ] ]
		[ 0.4 [ 279 280 1 260 ] ]
		[ 0.4333333 [ 281 282 1 260 ] ]
		[ 0.4666667 [ 283 284 1 260 ] ]
		[ 0.5 [ 92 230 1 260 ] ]
		[ 0.5333334 [ 92 230 1 260 ] ]
		[ 0.5666667 [ 92 230 1 260 ] ]
		[ 0.6 [ 92 230 1 260 ] ]
		[ 0.6333333 [ 92 230 1 260 ] ]
		[ 0.6666667 [ 92 230 1 260 ] ]
		[ 0.7 [ 92 230 1 260 ] ]
		[ 0.7333333 [ 92 230 1 260 ] ]
		[ 0.7666667 [ 92 230 1 260 ] ]
		[ 0.8 [ 92 230 1 260 ] ]
		[ 0.8333333 [ 92 230 1 260 ] ]
		[ 0.8666667 [ 92 230 1 260 ] ]
		[ 0.9 [ 92 230 1 260 ] ]
		[ 0.9333333 [ 92 230 1 260 ] ]
		[ 0.9666666 [ 92 230 1 260 ] ]
	]
	"Lokot_L_end" [
		[ 0 [ 0 92 1 285 ] ]
	]
	"Lokot_L_end_end" [
		[ 0 [ 0 92 1 285 ] ]
	]
	"Ruka_P" [
		[ 0 [ 286 287 288 289 ] ]
		[ 0.03333334 [ 290 291 292 289 ] ]
		[ 0.06666667 [ 293 294 295 289 ] ]
		[ 0.1 [ 296 297 298 289 ] ]
		[ 0.1333333 [ 299 300 301 289 ] ]
		[ 0.1666667 [ 302 303 304 289 ] ]
		[ 0.2 [ 305 306 307 289 ] ]
		[ 0.2333333 [ 308 309 310 289 ] ]
		[ 0.2666667 [ 311 312 313 289 ] ]
		[ 0.3 [ 314 315 316 289 ] ]
		[ 0.3333333 [ 317 318 319 289 ] ]
		[ 0.3666667 [ 320 321 322 289 ] ]
		[ 0.4 [ 323 324 325 289 ] ]
		[ 0.4333333 [ 326 327 328 289 ] ]
		[ 0.4666667 [ 329 330 331 289 ] ]
		[ 0.5 [ 286 287 288 289 ] ]
		[ 0.5333334 [ 286 287 288 289 ] ]
		[ 0.5666667 [ 286 287 288 289 ] ]
		[ 0.6 [ 286 287 288 289 ] ]
		[ 0.6333333 [ 286 287 288 289 ] ]
		[ 0.6666667 [ 286 287 288 289 ] ]
		[ 0.7 [ 286 287 288 289 ] ]
		[ 0.7333333 [ 286 287 288 289 ] ]
		[ 0.7666667 [ 286 287 288 289 ] ]
		[ 0.8 [ 286 287 288 289 ] ]
		[ 0.8333333 [ 286 287 288 289 ] ]
		[ 0.8666667 [ 286 287 288 289 ] ]
		[ 0.9 [ 286 287 288 289 ] ]
		[ 0.9333333 [ 286 287 288 289 ] ]
		[ 0.9666666 [ 286 287 288 289 ] ]
	]
	"Lokot_P" [
		[ 0 [ 92 230 1 260 ] ]
		[ 0.03333334 [ 332 333 334 260 ] ]
		[ 0.06666667 [ 335 336 337 260 ] ]
		[ 0.1 [ 338 339 340 260 ] ]
		[ 0.1333333 [ 341 342 343 260 ] ]
		[ 0.1666667 [ 344 230 345 260 ] ]
		[ 0.2 [ 346 347 348 260 ] ]
		[ 0.2333333 [ 349 350 351 260 ] ]
		[ 0.2666667 [ 352 353 354 260 ] ]
		[ 0.3 [ 355 356 357 260 ] ]
		[ 0.3333333 [ 358 359 2 260 ] ]
		[ 0.3666667 [ 360 361 362 260 ] ]
		[ 0.4 [ 363 364 365 260 ] ]
		[ 0.4333333 [ 366 367 368 260 ] ]
		[ 0.4666667 [ 369 370 371 260 ] ]
		[ 0.5 [ 92 230 1 260 ] ]
		[ 0.5333334 [ 92 230 1 260 ] ]
		[ 0.5666667 [ 92 230 1 260 ] ]
		[ 0.6 [ 92 230 1 260 ] ]
		[ 0.6333333 [ 92 230 1 260 ] ]
		[ 0.6666667 [ 92 230 1 260 ] ]
		[ 0.7 [ 92 230 1 260 ] ]
		[ 0.7333333 [ 92 230 1 260 ] ]
		[ 0.7666667 [ 92 230 1 260 ] ]
		[ 0.8 [ 92 230 1 260 ] ]
		[ 0.8333333 [ 92 230 1 260 ] ]
		[ 0.8666667 [ 92 230 1 260 ] ]
		[ 0.9 [ 92 230 1 260 ] ]
		[ 0.9333333 [ 92 230 1 260 ] ]
		[ 0.9666666 [ 92 230 1 260 ] ]
	]
	"Lokot_P_end" [
		[ 0 [ 0 92 1 285 ] ]
	]
	"Lokot_P_end_end" [
		[ 0 [ 0 92 1 285 ] ]
	]
	"Woin" [
		[ 0 [ 372 373 374 374 ] ]
	]
	"Shit" [
		[ 0 [ 375 376 377 378 ] ]
		[ 0.03333334 [ 379 380 381 382 ] ]
		[ 0.06666667 [ 383 384 385 386 ] ]
		[ 0.1 [ 387 388 389 390 ] ]
		[ 0.1333333 [ 391 392 393 394 ] ]
		[ 0.1666667 [ 395 396 397 398 ] ]
		[ 0.2 [ 399 400 401 402 ] ]
		[ 0.2333333 [ 403 404 405 406 ] ]
		[ 0.2666667 [ 407 408 409 410 ] ]
		[ 0.3 [ 411 412 413 414 ] ]
		[ 0.3333333 [ 415 416 417 418 ] ]
		[ 0.3666667 [ 419 420 421 422 ] ]
		[ 0.4 [ 423 424 425 426 ] ]
		[ 0.4333333 [ 427 428 429 430 ] ]
		[ 0.4666667 [ 431 432 433 434 ] ]
		[ 0.5 [ 375 376 377 378 ] ]
		[ 0.5333334 [ 375 376 377 378 ] ]
		[ 0.5666667 [ 375 376 377 378 ] ]
		[ 0.6 [ 375 376 377 378 ] ]
		[ 0.6333333 [ 375 376 377 378 ] ]
		[ 0.6666667 [ 375 376 377 378 ] ]
		[ 0.7 [ 375 376 377 378 ] ]
		[ 0.7333333 [ 375 376 377 378 ] ]
		[ 0.7666667 [ 375 376 377 378 ] ]
		[ 0.8 [ 375 376 377 378 ] ]
		[ 0.8333333 [ 375 376 377 378 ] ]
		[ 0.8666667 [ 375 376 377 378 ] ]
		[ 0.9 [ 375 376 377 378 ] ]
		[ 0.9333333 [ 375 376 377 378 ] ]
		[ 0.9666666 [ 375 376 377 378 ] ]
	]
	"Sword" [
		[ 0 [ 435 436 437 438 ] ]
		[ 0.03333334 [ 439 440 441 442 ] ]
		[ 0.06666667 [ 443 444 445 446 ] ]
		[ 0.1 [ 447 448 449 450 ] ]
		[ 0.1333333 [ 451 452 453 454 ] ]
		[ 0.1666667 [ 455 456 457 458 ] ]
		[ 0.2 [ 459 460 461 462 ] ]
		[ 0.2333333 [ 463 464 465 466 ] ]
		[ 0.2666667 [ 467 468 469 470 ] ]
		[ 0.3 [ 471 472 473 474 ] ]
		[ 0.3333333 [ 475 476 477 478 ] ]
		[ 0.3666667 [ 479 480 481 482 ] ]
		[ 0.4 [ 483 484 485 486 ] ]
		[ 0.4333333 [ 487 488 489 490 ] ]
		[ 0.4666667 [ 491 492 493 494 ] ]
		[ 0.5 [ 435 436 437 438 ] ]
		[ 0.5333334 [ 435 436 437 438 ] ]
		[ 0.5666667 [ 435 436 437 438 ] ]
		[ 0.6 [ 435 436 437 438 ] ]
		[ 0.6333333 [ 435 436 437 438 ] ]
		[ 0.6666667 [ 435 436 437 438 ] ]
		[ 0.7 [ 435 436 437 438 ] ]
		[ 0.7333333 [ 435 436 437 438 ] ]
		[ 0.7666667 [ 435 436 437 438 ] ]
		[ 0.8 [ 435 436 437 438 ] ]
		[ 0.8333333 [ 435 436 437 438 ] ]
		[ 0.8666667 [ 435 436 437 438 ] ]
		[ 0.9 [ 435 436 437 438 ] ]
		[ 0.9333333 [ 435 436 437 438 ] ]
		[ 0.9666666 [ 435 436 437 438 ] ]
	]
	}
	:resources [
		[1.000 0.000 0.000]
		[0.000 0.000 1.000]
		[0.000 -1.000 0.000]
		[0.000 0.000 -0.040]
		[0.059 -0.337 0.940]
		[0.163 -0.925 -0.342]
		[0.985 0.174 0.000]
		[0.123 -0.038 0.000]
		[0.067 -0.337 0.939]
		[0.162 -0.925 -0.343]
		[0.984 0.176 -0.007]
		[0.083 -0.336 0.938]
		[0.161 -0.924 -0.346]
		[0.984 0.179 -0.022]
		[0.094 -0.336 0.937]
		[0.159 -0.924 -0.348]
		[0.983 0.182 -0.034]
		[0.090 -0.336 0.937]
		[0.160 -0.924 -0.347]
		[0.983 0.181 -0.030]
		[-0.026 -0.338 0.941]
		[0.172 -0.929 -0.329]
		[0.985 0.153 0.083]
		[-0.138 -0.339 0.930]
		[0.182 -0.932 -0.313]
		[0.974 0.126 0.191]
		[-0.216 -0.340 0.915]
		[0.188 -0.934 -0.303]
		[0.958 0.107 0.266]
		[-0.272 -0.341 0.900]
		[0.192 -0.936 -0.296]
		[0.943 0.093 0.320]
		[-0.293 -0.341 0.893]
		[0.194 -0.936 -0.293]
		[0.936 0.087 0.341]
		[-0.263 -0.340 0.903]
		[0.192 -0.935 -0.297]
		[0.945 0.095 0.312]
		[-0.199 -0.340 0.919]
		[0.187 -0.934 -0.305]
		[0.962 0.111 0.250]
		[-0.125 -0.339 0.932]
		[0.181 -0.932 -0.315]
		[0.976 0.129 0.178]
		[-0.034 -0.338 0.940]
		[0.173 -0.929 -0.328]
		[0.984 0.151 0.090]
		[-0.906 0.423 0.000]
		[0.423 0.906 0.000]
		[0.000 0.000 -1.000]
		[0.000 0.532 0.000]
		[-0.906 0.423 -0.029]
		[0.422 0.906 0.014]
		[0.032 0.000 -0.999]
		[-0.904 0.423 -0.059]
		[0.422 0.906 0.028]
		[0.065 0.000 -0.998]
		[-0.902 0.423 -0.088]
		[0.421 0.906 0.041]
		[0.098 0.000 -0.995]
		[-0.899 0.423 -0.117]
		[0.419 0.906 0.055]
		[0.129 0.000 -0.992]
		[-0.895 0.423 -0.144]
		[0.417 0.906 0.067]
		[0.159 0.000 -0.987]
		[-0.890 0.423 -0.172]
		[0.415 0.906 0.080]
		[0.189 0.000 -0.982]
		[-0.885 0.423 -0.196]
		[0.413 0.906 0.091]
		[0.216 0.000 -0.976]
		[-0.882 0.423 -0.210]
		[0.411 0.906 0.098]
		[0.231 0.000 -0.973]
		[-0.880 0.423 -0.216]
		[0.410 0.906 0.101]
		[0.238 0.000 -0.971]
		[-0.882 0.423 -0.209]
		[0.411 0.906 0.097]
		[0.230 0.000 -0.973]
		[-0.888 0.423 -0.183]
		[0.414 0.906 0.085]
		[0.201 0.000 -0.979]
		[-0.895 0.423 -0.143]
		[0.158 0.000 -0.987]
		[-0.901 0.423 -0.100]
		[0.420 0.906 0.047]
		[0.110 0.000 -0.994]
		[-0.905 0.423 -0.051]
		[0.422 0.906 0.024]
		[0.056 0.000 -0.998]
		[0.000 1.000 0.000]
		[0.000 0.578 0.000]
		[0.682 -0.337 0.650]
		[-0.367 -0.925 -0.095]
		[0.633 -0.174 -0.754]
		[-0.123 -0.038 0.000]
		[0.688 -0.337 0.643]
		[-0.368 -0.925 -0.091]
		[0.626 -0.174 -0.761]
		[0.696 -0.337 0.635]
		[-0.369 -0.925 -0.087]
		[0.617 -0.174 -0.768]
		[0.704 -0.337 0.626]
		[-0.370 -0.925 -0.082]
		[0.607 -0.174 -0.776]
		[0.712 -0.337 0.616]
		[-0.371 -0.925 -0.077]
		[0.597 -0.174 -0.784]
		[0.719 -0.337 0.607]
		[-0.372 -0.925 -0.073]
		[0.587 -0.174 -0.791]
		[0.726 -0.337 0.599]
		[-0.373 -0.925 -0.069]
		[0.578 -0.174 -0.798]
		[0.732 -0.337 0.593]
		[-0.373 -0.925 -0.065]
		[0.570 -0.174 -0.803]
		[0.735 -0.337 0.588]
		[-0.374 -0.925 -0.063]
		[0.565 -0.174 -0.806]
		[0.737 -0.337 0.586]
		[-0.374 -0.925 -0.062]
		[0.563 -0.174 -0.808]
		[0.736 -0.337 0.588]
		[0.565 -0.174 -0.807]
		[0.730 -0.337 0.594]
		[-0.373 -0.925 -0.066]
		[0.572 -0.174 -0.802]
		[0.720 -0.337 0.606]
		[-0.372 -0.925 -0.072]
		[0.585 -0.174 -0.792]
		[0.708 -0.337 0.621]
		[-0.370 -0.925 -0.080]
		[0.601 -0.174 -0.780]
		[0.694 -0.337 0.636]
		[-0.369 -0.925 -0.088]
		[0.618 -0.174 -0.767]
		[0.000 0.940 -0.342]
		[0.000 0.342 0.940]
		[0.000 0.130 0.000]
		[0.991 0.000 -0.134]
		[-0.046 0.940 -0.339]
		[0.125 0.342 0.931]
		[0.956 0.000 -0.293]
		[-0.100 0.940 -0.327]
		[0.275 0.342 0.899]
		[0.902 0.000 -0.431]
		[-0.147 0.940 -0.309]
		[0.405 0.342 0.848]
		[0.860 0.000 -0.510]
		[-0.175 0.940 -0.294]
		[0.480 0.342 0.808]
		[0.866 0.000 -0.500]
		[-0.171 0.940 -0.296]
		[0.470 0.342 0.814]
		[0.950 0.000 -0.311]
		[-0.106 0.940 -0.325]
		[0.293 0.342 0.893]
		[1.000 0.000 -0.001]
		[0.001 0.342 0.940]
		[0.973 0.000 0.230]
		[0.079 0.940 -0.333]
		[-0.216 0.342 0.915]
		[0.914 0.000 0.405]
		[0.139 0.940 -0.313]
		[-0.381 0.342 0.859]
		[0.867 0.000 0.499]
		[0.171 0.940 -0.296]
		[-0.469 0.342 0.814]
		[0.874 0.000 0.485]
		[0.166 0.940 -0.299]
		[-0.456 0.342 0.822]
		[0.916 0.000 0.402]
		[0.137 0.940 -0.313]
		[-0.378 0.342 0.861]
		[0.955 0.000 0.296]
		[0.101 0.940 -0.327]
		[-0.278 0.342 0.898]
		[0.988 0.000 0.153]
		[0.052 0.940 -0.338]
		[-0.143 0.342 0.929]
		[0.000 0.940 0.342]
		[0.000 -0.342 0.940]
		[0.000 0.596 0.000]
		[0.992 -0.042 0.118]
		[-0.001 0.939 0.345]
		[-0.125 -0.342 0.931]
		[0.962 -0.092 0.257]
		[-0.005 0.935 0.354]
		[-0.273 -0.342 0.899]
		[0.915 -0.138 0.378]
		[-0.012 0.929 0.369]
		[-0.402 -0.342 0.849]
		[0.879 -0.166 0.448]
		[-0.019 0.925 0.380]
		[-0.477 -0.342 0.809]
		[0.883 -0.163 0.441]
		[-0.018 0.925 0.379]
		[-0.470 -0.342 0.814]
		[0.954 -0.102 0.283]
		[-0.006 0.934 0.357]
		[-0.301 -0.342 0.890]
		[1.000 -0.007 0.019]
		[-0.020 -0.342 0.939]
		[0.981 0.065 -0.183]
		[0.003 0.937 0.348]
		[0.195 -0.342 0.919]
		[0.932 0.124 -0.341]
		[0.009 0.932 0.364]
		[0.363 -0.342 0.867]
		[0.883 0.163 -0.441]
		[0.018 0.925 0.379]
		[0.470 -0.342 0.814]
		[0.857 0.180 -0.482]
		[0.023 0.922 0.386]
		[0.514 -0.342 0.787]
		[0.864 0.176 -0.471]
		[0.022 0.923 0.384]
		[0.502 -0.342 0.794]
		[0.912 0.141 -0.386]
		[0.013 0.929 0.370]
		[0.411 -0.342 0.845]
		[0.976 0.073 -0.206]
		[0.003 0.937 0.350]
		[0.218 -0.342 0.914]
		[0.000 0.315 0.000]
		[0.000 0.470 0.000]
		[0.000 0.300 0.000]
		[-1.000 0.000 0.000]
		[-0.040 0.557 0.830]
		[0.580 -0.663 0.473]
		[0.814 0.500 -0.296]
		[0.279 0.394 -0.035]
		[0.069 0.424 0.903]
		[0.577 -0.755 0.310]
		[0.182 0.265 0.947]
		[0.552 -0.824 0.125]
		[0.284 0.102 0.953]
		[0.507 -0.860 -0.059]
		[0.365 -0.044 0.930]
		[0.452 -0.865 -0.218]
		[0.418 -0.150 0.896]
		[0.403 -0.853 -0.332]
		[0.438 -0.192 0.878]
		[0.382 -0.844 -0.375]
		[0.436 -0.189 0.880]
		[0.384 -0.845 -0.372]
		[0.434 -0.183 0.882]
		[0.387 -0.847 -0.366]
		[0.426 -0.166 0.890]
		[0.396 -0.850 -0.347]
		[0.387 -0.846 -0.366]
		[0.440 -0.197 0.876]
		[0.380 -0.843 -0.380]
		[0.368 -0.048 0.929]
		[0.450 -0.865 -0.223]
		[0.184 0.262 0.947]
		[0.551 -0.825 0.121]
		[0.000 0.316 0.000]
		[-0.112 0.994 0.000]
		[-0.994 -0.112 0.000]
		[-0.230 0.973 0.000]
		[-0.973 -0.230 0.000]
		[-0.341 0.940 0.000]
		[-0.940 -0.341 0.000]
		[-0.434 0.901 0.000]
		[-0.901 -0.434 0.000]
		[-0.500 0.866 0.000]
		[-0.866 -0.500 0.000]
		[-0.525 0.851 0.000]
		[-0.851 -0.525 0.000]
		[-0.523 0.852 0.000]
		[-0.852 -0.523 0.000]
		[-0.520 0.854 0.000]
		[-0.854 -0.520 0.000]
		[-0.509 0.861 0.000]
		[-0.861 -0.509 0.000]
		[-0.528 0.849 0.000]
		[-0.849 -0.528 0.000]
		[-0.437 0.899 0.000]
		[-0.899 -0.437 0.000]
		[-0.232 0.973 0.000]
		[-0.973 -0.232 0.000]
		[0.000 0.469 0.000]
		[-0.342 0.000 0.940]
		[-0.470 -0.866 -0.171]
		[0.814 -0.500 0.296]
		[-0.279 0.394 -0.035]
		[-0.103 -0.227 0.968]
		[-0.375 -0.893 -0.249]
		[0.921 -0.388 0.007]
		[0.183 -0.494 0.850]
		[-0.383 -0.832 -0.402]
		[0.906 -0.252 -0.341]
		[0.390 -0.715 0.580]
		[-0.535 -0.689 -0.490]
		[0.750 -0.120 -0.651]
		[0.452 -0.838 0.305]
		[-0.720 -0.545 -0.430]
		[0.527 -0.025 -0.850]
		[0.470 -0.866 0.171]
		[-0.814 -0.500 -0.296]
		[0.342 0.000 -0.940]
		[0.633 -0.729 0.261]
		[-0.723 -0.677 -0.140]
		[0.279 -0.100 -0.955]
		[0.800 -0.430 0.419]
		[-0.504 -0.860 0.081]
		[0.325 -0.276 -0.904]
		[0.786 -0.282 0.550]
		[-0.457 -0.864 0.210]
		[0.416 -0.416 -0.809]
		[0.622 -0.302 0.723]
		[-0.588 -0.790 0.175]
		[0.518 -0.534 -0.669]
		[0.279 -0.262 0.924]
		[-0.694 -0.720 0.006]
		[0.663 -0.643 -0.383]
		[-0.410 -0.045 0.911]
		[-0.691 -0.636 -0.342]
		[0.595 -0.770 0.230]
		[-0.888 0.134 0.439]
		[-0.444 -0.494 -0.747]
		[0.117 -0.859 0.499]
		[-0.931 0.184 0.315]
		[-0.365 -0.510 -0.779]
		[0.017 -0.841 0.541]
		[-0.753 0.135 0.644]
		[-0.532 -0.702 -0.475]
		[0.388 -0.700 0.600]
		[-0.028 0.978 0.208]
		[-1.000 -0.027 -0.006]
		[0.000 -0.208 0.978]
		[-0.084 0.910 0.405]
		[-0.996 -0.076 -0.034]
		[0.000 -0.407 0.914]
		[-0.125 0.803 0.583]
		[-0.992 -0.101 -0.074]
		[0.000 -0.588 0.809]
		[-0.111 0.665 0.739]
		[-0.994 -0.075 -0.083]
		[0.000 -0.743 0.669]
		[0.000 0.500 0.866]
		[0.000 -0.866 0.500]
		[0.314 0.271 0.910]
		[-0.949 0.090 0.301]
		[0.000 -0.959 0.285]
		[0.666 0.053 0.744]
		[-0.746 0.047 0.664]
		[0.000 -0.997 0.071]
		[0.826 -0.027 0.563]
		[-0.564 -0.039 0.825]
		[-0.001 -0.999 -0.047]
		[0.891 -0.044 0.453]
		[-0.455 -0.076 0.887]
		[-0.004 -0.996 -0.088]
		[0.866 0.000 0.500]
		[-0.500 0.000 0.866]
		[0.625 0.166 0.763]
		[-0.776 0.238 0.584]
		[-0.085 -0.957 0.278]
		[0.258 0.447 0.857]
		[-0.888 0.459 0.028]
		[-0.381 -0.768 0.515]
		[0.175 0.714 0.678]
		[-0.839 0.469 -0.277]
		[-0.515 -0.520 0.681]
		[0.188 0.922 0.340]
		[-0.926 0.281 -0.251]
		[-0.327 -0.268 0.906]
		[100.000 0.000 0.000]
		[0.000 0.000 -100.000]
		[0.000 100.000 0.000]
		[0.129 -0.376 0.047]
		[-0.065 -0.070 -0.388]
		[0.037 0.012 -0.008]
		[0.588 0.224 1.305]
		[0.214 -0.332 -0.063]
		[-0.115 -0.001 -0.383]
		[0.032 0.022 -0.010]
		[0.485 0.382 1.319]
		[0.271 -0.236 -0.176]
		[-0.193 0.038 -0.348]
		[0.022 0.032 -0.009]
		[0.334 0.513 1.360]
		[0.268 -0.122 -0.270]
		[-0.274 0.036 -0.289]
		[0.011 0.038 -0.006]
		[0.181 0.580 1.420]
		[0.219 -0.035 -0.333]
		[-0.333 0.013 -0.221]
		[0.003 0.040 -0.002]
		[0.078 0.595 1.482]
		[0.165 0.010 -0.364]
		[-0.364 0.010 -0.165]
		[0.001 0.040 0.001]
		[0.058 0.588 1.530]
		[0.144 -0.001 -0.373]
		[-0.365 0.082 -0.141]
		[0.008 0.039 0.003]
		[0.169 0.561 1.549]
		[0.138 -0.048 -0.373]
		[-0.321 0.192 -0.143]
		[0.020 0.035 0.003]
		[0.336 0.481 1.547]
		[0.123 -0.083 -0.371]
		[-0.266 0.260 -0.146]
		[0.027 0.029 0.003]
		[0.439 0.390 1.545]
		[0.106 -0.116 -0.368]
		[-0.210 0.303 -0.156]
		[0.032 0.023 0.002]
		[0.507 0.301 1.537]
		[0.091 -0.138 -0.364]
		[-0.174 0.321 -0.165]
		[0.035 0.020 0.001]
		[0.538 0.244 1.530]
		[0.096 -0.113 -0.372]
		[-0.186 0.323 -0.146]
		[0.034 0.021 0.003]
		[0.528 0.256 1.545]
		[0.107 -0.093 -0.374]
		[-0.218 0.305 -0.138]
		[0.032 0.024 0.003]
		[0.499 0.305 1.551]
		[0.122 -0.183 -0.334]
		[-0.215 0.257 -0.219]
		[0.031 0.025 -0.002]
		[0.493 0.342 1.484]
		[0.142 -0.329 -0.178]
		[-0.158 0.120 -0.347]
		[0.034 0.019 -0.009]
		[0.523 0.318 1.362]
		[0.138 -0.020 -0.011]
		[0.018 0.051 0.129]
		[-0.015 -0.129 0.053]
		[-0.238 0.565 1.304]
		[0.132 0.039 0.028]
		[-0.035 0.021 0.134]
		[0.033 -0.133 0.030]
		[-0.429 0.573 1.403]
		[0.101 0.072 0.065]
		[-0.045 -0.049 0.123]
		[0.087 -0.109 -0.012]
		[-0.665 0.447 1.564]
		[0.081 0.075 0.086]
		[-0.006 -0.103 0.095]
		[0.114 -0.059 -0.056]
		[-0.807 0.192 1.731]
		[0.079 0.071 0.091]
		[0.029 -0.119 0.068]
		[0.112 -0.020 -0.082]
		[-0.818 -0.030 1.846]
		[0.079 0.064 0.096]
		[0.026 -0.123 0.061]
		[0.113 -0.017 -0.081]
		[-0.833 -0.088 1.871]
		[0.050 0.053 0.119]
		[-0.050 -0.110 0.070]
		[0.121 -0.068 -0.021]
		[-0.910 0.143 1.669]
		[0.014 0.073 0.119]
		[-0.129 -0.038 0.038]
		[0.053 -0.113 0.063]
		[-0.707 0.449 1.340]
		[0.027 0.091 0.103]
		[-0.136 0.033 0.006]
		[-0.021 -0.101 0.094]
		[-0.435 0.547 1.210]
		[0.070 0.079 0.092]
		[-0.102 0.096 -0.004]
		[-0.065 -0.065 0.106]
		[-0.226 0.580 1.173]
		[0.107 0.043 0.079]
		[-0.049 0.131 -0.005]
		[-0.075 -0.024 0.116]
		[-0.090 0.555 1.131]
		[0.125 -0.023 0.059]
		[0.015 0.137 0.022]
		[-0.061 -0.014 0.125]
		[-0.012 0.559 1.093]
		[0.103 -0.087 0.037]
		[0.049 0.096 0.089]
		[-0.081 -0.053 0.101]
		[0.149 0.649 1.207]
		[0.104 -0.093 0.012]
		[0.040 0.061 0.120]
		[-0.084 -0.086 0.072]
		[0.127 0.689 1.296]
		[0.126 -0.060 -0.008]
		[0.037 0.060 0.121]
		[-0.048 -0.111 0.070]
		[-0.103 0.654 1.260]]
}