{ :name "Attack_2" :length 0.5 :bones { 
	"Armature" [
		[0 [100.000 0.000 0.000 0.000 0.000 0.000 -100.000 0.000 0.000 100.000 0.000 0.000 0.000 1.200 0.000 1.000]]
	]
	"Skelet" [
		[0 [1.000 0.000 0.000 0.000 0.000 0.000 1.000 0.000 0.000 -1.000 0.000 0.000 0.000 0.000 0.000 1.000]]
	]
	"Bedro_L" [
		[0 [0.059 -0.337 0.940 0.000 0.163 -0.925 -0.342 0.000 0.985 0.174 0.000 0.000 0.001 0.000 0.000 1.000]]
		[0.03333334 [0.067 -0.337 0.939 0.000 0.162 -0.925 -0.343 0.000 0.984 0.176 -0.007 0.000 0.001 0.000 0.000 1.000]]
		[0.06666667 [0.083 -0.336 0.938 0.000 0.161 -0.924 -0.346 0.000 0.984 0.179 -0.022 0.000 0.001 0.000 0.000 1.000]]
		[0.1 [0.094 -0.336 0.937 0.000 0.159 -0.924 -0.348 0.000 0.983 0.182 -0.034 0.000 0.001 0.000 0.000 1.000]]
		[0.1333333 [0.090 -0.336 0.937 0.000 0.160 -0.924 -0.347 0.000 0.983 0.181 -0.030 0.000 0.001 0.000 0.000 1.000]]
		[0.1666667 [0.059 -0.337 0.940 0.000 0.163 -0.925 -0.342 0.000 0.985 0.174 0.000 0.000 0.001 0.000 0.000 1.000]]
		[0.2 [-0.026 -0.338 0.941 0.000 0.172 -0.929 -0.329 0.000 0.985 0.153 0.083 0.000 0.001 0.000 0.000 1.000]]
		[0.2333333 [-0.138 -0.339 0.930 0.000 0.182 -0.932 -0.313 0.000 0.974 0.126 0.191 0.000 0.001 0.000 0.000 1.000]]
		[0.2666667 [-0.216 -0.340 0.915 0.000 0.188 -0.934 -0.303 0.000 0.958 0.107 0.266 0.000 0.001 0.000 0.000 1.000]]
		[0.3 [-0.272 -0.341 0.900 0.000 0.192 -0.936 -0.296 0.000 0.943 0.093 0.320 0.000 0.001 0.000 0.000 1.000]]
		[0.3333333 [-0.293 -0.341 0.893 0.000 0.194 -0.936 -0.293 0.000 0.936 0.087 0.341 0.000 0.001 0.000 0.000 1.000]]
		[0.3666667 [-0.263 -0.340 0.903 0.000 0.192 -0.935 -0.297 0.000 0.945 0.095 0.312 0.000 0.001 0.000 0.000 1.000]]
		[0.4 [-0.199 -0.340 0.919 0.000 0.187 -0.934 -0.305 0.000 0.962 0.111 0.250 0.000 0.001 0.000 0.000 1.000]]
		[0.4333333 [-0.125 -0.339 0.932 0.000 0.181 -0.932 -0.315 0.000 0.976 0.129 0.178 0.000 0.001 0.000 0.000 1.000]]
		[0.4666667 [-0.034 -0.338 0.940 0.000 0.173 -0.929 -0.328 0.000 0.984 0.151 0.090 0.000 0.001 0.000 0.000 1.000]]
		[0.5 [0.059 -0.337 0.940 0.000 0.163 -0.925 -0.342 0.000 0.985 0.174 0.000 0.000 0.001 0.000 0.000 1.000]]
		[0.5333334 [0.059 -0.337 0.940 0.000 0.163 -0.925 -0.342 0.000 0.985 0.174 0.000 0.000 0.001 0.000 0.000 1.000]]
		[0.5666667 [0.059 -0.337 0.940 0.000 0.163 -0.925 -0.342 0.000 0.985 0.174 0.000 0.000 0.001 0.000 0.000 1.000]]
		[0.6 [0.059 -0.337 0.940 0.000 0.163 -0.925 -0.342 0.000 0.985 0.174 0.000 0.000 0.001 0.000 0.000 1.000]]
		[0.6333333 [0.059 -0.337 0.940 0.000 0.163 -0.925 -0.342 0.000 0.985 0.174 0.000 0.000 0.001 0.000 0.000 1.000]]
		[0.6666667 [0.059 -0.337 0.940 0.000 0.163 -0.925 -0.342 0.000 0.985 0.174 0.000 0.000 0.001 0.000 0.000 1.000]]
		[0.7 [0.059 -0.337 0.940 0.000 0.163 -0.925 -0.342 0.000 0.985 0.174 0.000 0.000 0.001 0.000 0.000 1.000]]
		[0.7333333 [0.059 -0.337 0.940 0.000 0.163 -0.925 -0.342 0.000 0.985 0.174 0.000 0.000 0.001 0.000 0.000 1.000]]
		[0.7666667 [0.059 -0.337 0.940 0.000 0.163 -0.925 -0.342 0.000 0.985 0.174 0.000 0.000 0.001 0.000 0.000 1.000]]
		[0.8 [0.059 -0.337 0.940 0.000 0.163 -0.925 -0.342 0.000 0.985 0.174 0.000 0.000 0.001 0.000 0.000 1.000]]
		[0.8333333 [0.059 -0.337 0.940 0.000 0.163 -0.925 -0.342 0.000 0.985 0.174 0.000 0.000 0.001 0.000 0.000 1.000]]
		[0.8666667 [0.059 -0.337 0.940 0.000 0.163 -0.925 -0.342 0.000 0.985 0.174 0.000 0.000 0.001 0.000 0.000 1.000]]
		[0.9 [0.059 -0.337 0.940 0.000 0.163 -0.925 -0.342 0.000 0.985 0.174 0.000 0.000 0.001 0.000 0.000 1.000]]
		[0.9333333 [0.059 -0.337 0.940 0.000 0.163 -0.925 -0.342 0.000 0.985 0.174 0.000 0.000 0.001 0.000 0.000 1.000]]
		[0.9666666 [0.059 -0.337 0.940 0.000 0.163 -0.925 -0.342 0.000 0.985 0.174 0.000 0.000 0.001 0.000 0.000 1.000]]
	]
	"Koleno_L" [
		[0 [-0.906 0.423 0.000 0.000 0.423 0.906 0.000 0.000 0.000 0.000 -1.000 0.000 0.000 0.005 0.000 1.000]]
		[0.03333334 [-0.906 0.423 -0.029 0.000 0.422 0.906 0.014 0.000 0.032 0.000 -0.999 0.000 0.000 0.005 0.000 1.000]]
		[0.06666667 [-0.904 0.423 -0.059 0.000 0.422 0.906 0.028 0.000 0.065 0.000 -0.998 0.000 0.000 0.005 0.000 1.000]]
		[0.1 [-0.902 0.423 -0.088 0.000 0.421 0.906 0.041 0.000 0.098 0.000 -0.995 0.000 0.000 0.005 0.000 1.000]]
		[0.1333333 [-0.899 0.423 -0.117 0.000 0.419 0.906 0.055 0.000 0.129 0.000 -0.992 0.000 0.000 0.005 0.000 1.000]]
		[0.1666667 [-0.895 0.423 -0.144 0.000 0.417 0.906 0.067 0.000 0.159 0.000 -0.987 0.000 0.000 0.005 0.000 1.000]]
		[0.2 [-0.890 0.423 -0.172 0.000 0.415 0.906 0.080 0.000 0.189 0.000 -0.982 0.000 0.000 0.005 0.000 1.000]]
		[0.2333333 [-0.885 0.423 -0.196 0.000 0.413 0.906 0.091 0.000 0.216 0.000 -0.976 0.000 0.000 0.005 0.000 1.000]]
		[0.2666667 [-0.882 0.423 -0.210 0.000 0.411 0.906 0.098 0.000 0.231 0.000 -0.973 0.000 0.000 0.005 0.000 1.000]]
		[0.3 [-0.880 0.423 -0.216 0.000 0.410 0.906 0.101 0.000 0.238 0.000 -0.971 0.000 0.000 0.005 0.000 1.000]]
		[0.3333333 [-0.882 0.423 -0.209 0.000 0.411 0.906 0.097 0.000 0.230 0.000 -0.973 0.000 0.000 0.005 0.000 1.000]]
		[0.3666667 [-0.888 0.423 -0.183 0.000 0.414 0.906 0.085 0.000 0.201 0.000 -0.979 0.000 0.000 0.005 0.000 1.000]]
		[0.4 [-0.895 0.423 -0.143 0.000 0.417 0.906 0.067 0.000 0.158 0.000 -0.987 0.000 0.000 0.005 0.000 1.000]]
		[0.4333333 [-0.901 0.423 -0.100 0.000 0.420 0.906 0.047 0.000 0.110 0.000 -0.994 0.000 0.000 0.005 0.000 1.000]]
		[0.4666667 [-0.905 0.423 -0.051 0.000 0.422 0.906 0.024 0.000 0.056 0.000 -0.998 0.000 0.000 0.005 0.000 1.000]]
		[0.5 [-0.906 0.423 0.000 0.000 0.423 0.906 0.000 0.000 0.000 0.000 -1.000 0.000 0.000 0.005 0.000 1.000]]
		[0.5333334 [-0.906 0.423 0.000 0.000 0.423 0.906 0.000 0.000 0.000 0.000 -1.000 0.000 0.000 0.005 0.000 1.000]]
		[0.5666667 [-0.906 0.423 0.000 0.000 0.423 0.906 0.000 0.000 0.000 0.000 -1.000 0.000 0.000 0.005 0.000 1.000]]
		[0.6 [-0.906 0.423 0.000 0.000 0.423 0.906 0.000 0.000 0.000 0.000 -1.000 0.000 0.000 0.005 0.000 1.000]]
		[0.6333333 [-0.906 0.423 0.000 0.000 0.423 0.906 0.000 0.000 0.000 0.000 -1.000 0.000 0.000 0.005 0.000 1.000]]
		[0.6666667 [-0.906 0.423 0.000 0.000 0.423 0.906 0.000 0.000 0.000 0.000 -1.000 0.000 0.000 0.005 0.000 1.000]]
		[0.7 [-0.906 0.423 0.000 0.000 0.423 0.906 0.000 0.000 0.000 0.000 -1.000 0.000 0.000 0.005 0.000 1.000]]
		[0.7333333 [-0.906 0.423 0.000 0.000 0.423 0.906 0.000 0.000 0.000 0.000 -1.000 0.000 0.000 0.005 0.000 1.000]]
		[0.7666667 [-0.906 0.423 0.000 0.000 0.423 0.906 0.000 0.000 0.000 0.000 -1.000 0.000 0.000 0.005 0.000 1.000]]
		[0.8 [-0.906 0.423 0.000 0.000 0.423 0.906 0.000 0.000 0.000 0.000 -1.000 0.000 0.000 0.005 0.000 1.000]]
		[0.8333333 [-0.906 0.423 0.000 0.000 0.423 0.906 0.000 0.000 0.000 0.000 -1.000 0.000 0.000 0.005 0.000 1.000]]
		[0.8666667 [-0.906 0.423 0.000 0.000 0.423 0.906 0.000 0.000 0.000 0.000 -1.000 0.000 0.000 0.005 0.000 1.000]]
		[0.9 [-0.906 0.423 0.000 0.000 0.423 0.906 0.000 0.000 0.000 0.000 -1.000 0.000 0.000 0.005 0.000 1.000]]
		[0.9333333 [-0.906 0.423 0.000 0.000 0.423 0.906 0.000 0.000 0.000 0.000 -1.000 0.000 0.000 0.005 0.000 1.000]]
		[0.9666666 [-0.906 0.423 0.000 0.000 0.423 0.906 0.000 0.000 0.000 0.000 -1.000 0.000 0.000 0.005 0.000 1.000]]
	]
	"Koleno_L_end" [
		[0 [1.000 0.000 0.000 0.000 0.000 1.000 0.000 0.000 0.000 0.000 1.000 0.000 0.000 0.006 0.000 1.000]]
	]
	"Koleno_L_end_end" [
		[0 [1.000 0.000 0.000 0.000 0.000 1.000 0.000 0.000 0.000 0.000 1.000 0.000 0.000 0.006 0.000 1.000]]
	]
	"Bedro_P" [
		[0 [0.682 -0.337 0.650 0.000 -0.367 -0.925 -0.095 0.000 0.633 -0.174 -0.754 0.000 -0.001 0.000 0.000 1.000]]
		[0.03333334 [0.688 -0.337 0.643 0.000 -0.368 -0.925 -0.091 0.000 0.626 -0.174 -0.761 0.000 -0.001 0.000 0.000 1.000]]
		[0.06666667 [0.696 -0.337 0.635 0.000 -0.369 -0.925 -0.087 0.000 0.617 -0.174 -0.768 0.000 -0.001 0.000 0.000 1.000]]
		[0.1 [0.704 -0.337 0.626 0.000 -0.370 -0.925 -0.082 0.000 0.607 -0.174 -0.776 0.000 -0.001 0.000 0.000 1.000]]
		[0.1333333 [0.712 -0.337 0.616 0.000 -0.371 -0.925 -0.077 0.000 0.597 -0.174 -0.784 0.000 -0.001 0.000 0.000 1.000]]
		[0.1666667 [0.719 -0.337 0.607 0.000 -0.372 -0.925 -0.073 0.000 0.587 -0.174 -0.791 0.000 -0.001 0.000 0.000 1.000]]
		[0.2 [0.726 -0.337 0.599 0.000 -0.373 -0.925 -0.069 0.000 0.578 -0.174 -0.798 0.000 -0.001 0.000 0.000 1.000]]
		[0.2333333 [0.732 -0.337 0.593 0.000 -0.373 -0.925 -0.065 0.000 0.570 -0.174 -0.803 0.000 -0.001 0.000 0.000 1.000]]
		[0.2666667 [0.735 -0.337 0.588 0.000 -0.374 -0.925 -0.063 0.000 0.565 -0.174 -0.806 0.000 -0.001 0.000 0.000 1.000]]
		[0.3 [0.737 -0.337 0.586 0.000 -0.374 -0.925 -0.062 0.000 0.563 -0.174 -0.808 0.000 -0.001 0.000 0.000 1.000]]
		[0.3333333 [0.736 -0.337 0.588 0.000 -0.374 -0.925 -0.063 0.000 0.565 -0.174 -0.807 0.000 -0.001 0.000 0.000 1.000]]
		[0.3666667 [0.730 -0.337 0.594 0.000 -0.373 -0.925 -0.066 0.000 0.572 -0.174 -0.802 0.000 -0.001 0.000 0.000 1.000]]
		[0.4 [0.720 -0.337 0.606 0.000 -0.372 -0.925 -0.072 0.000 0.585 -0.174 -0.792 0.000 -0.001 0.000 0.000 1.000]]
		[0.4333333 [0.708 -0.337 0.621 0.000 -0.370 -0.925 -0.080 0.000 0.601 -0.174 -0.780 0.000 -0.001 0.000 0.000 1.000]]
		[0.4666667 [0.694 -0.337 0.636 0.000 -0.369 -0.925 -0.088 0.000 0.618 -0.174 -0.767 0.000 -0.001 0.000 0.000 1.000]]
		[0.5 [0.682 -0.337 0.650 0.000 -0.367 -0.925 -0.095 0.000 0.633 -0.174 -0.754 0.000 -0.001 0.000 0.000 1.000]]
		[0.5333334 [0.682 -0.337 0.650 0.000 -0.367 -0.925 -0.095 0.000 0.633 -0.174 -0.754 0.000 -0.001 0.000 0.000 1.000]]
		[0.5666667 [0.682 -0.337 0.650 0.000 -0.367 -0.925 -0.095 0.000 0.633 -0.174 -0.754 0.000 -0.001 0.000 0.000 1.000]]
		[0.6 [0.682 -0.337 0.650 0.000 -0.367 -0.925 -0.095 0.000 0.633 -0.174 -0.754 0.000 -0.001 0.000 0.000 1.000]]
		[0.6333333 [0.682 -0.337 0.650 0.000 -0.367 -0.925 -0.095 0.000 0.633 -0.174 -0.754 0.000 -0.001 0.000 0.000 1.000]]
		[0.6666667 [0.682 -0.337 0.650 0.000 -0.367 -0.925 -0.095 0.000 0.633 -0.174 -0.754 0.000 -0.001 0.000 0.000 1.000]]
		[0.7 [0.682 -0.337 0.650 0.000 -0.367 -0.925 -0.095 0.000 0.633 -0.174 -0.754 0.000 -0.001 0.000 0.000 1.000]]
		[0.7333333 [0.682 -0.337 0.650 0.000 -0.367 -0.925 -0.095 0.000 0.633 -0.174 -0.754 0.000 -0.001 0.000 0.000 1.000]]
		[0.7666667 [0.682 -0.337 0.650 0.000 -0.367 -0.925 -0.095 0.000 0.633 -0.174 -0.754 0.000 -0.001 0.000 0.000 1.000]]
		[0.8 [0.682 -0.337 0.650 0.000 -0.367 -0.925 -0.095 0.000 0.633 -0.174 -0.754 0.000 -0.001 0.000 0.000 1.000]]
		[0.8333333 [0.682 -0.337 0.650 0.000 -0.367 -0.925 -0.095 0.000 0.633 -0.174 -0.754 0.000 -0.001 0.000 0.000 1.000]]
		[0.8666667 [0.682 -0.337 0.650 0.000 -0.367 -0.925 -0.095 0.000 0.633 -0.174 -0.754 0.000 -0.001 0.000 0.000 1.000]]
		[0.9 [0.682 -0.337 0.650 0.000 -0.367 -0.925 -0.095 0.000 0.633 -0.174 -0.754 0.000 -0.001 0.000 0.000 1.000]]
		[0.9333333 [0.682 -0.337 0.650 0.000 -0.367 -0.925 -0.095 0.000 0.633 -0.174 -0.754 0.000 -0.001 0.000 0.000 1.000]]
		[0.9666666 [0.682 -0.337 0.650 0.000 -0.367 -0.925 -0.095 0.000 0.633 -0.174 -0.754 0.000 -0.001 0.000 0.000 1.000]]
	]
	"Koleno_P" [
		[0 [-0.906 0.423 0.000 0.000 0.423 0.906 0.000 0.000 0.000 0.000 -1.000 0.000 0.000 0.005 0.000 1.000]]
	]
	"Koleno_P_end" [
		[0 [1.000 0.000 0.000 0.000 0.000 1.000 0.000 0.000 0.000 0.000 1.000 0.000 0.000 0.006 0.000 1.000]]
	]
	"Koleno_P_end_end" [
		[0 [1.000 0.000 0.000 0.000 0.000 1.000 0.000 0.000 0.000 0.000 1.000 0.000 0.000 0.006 0.000 1.000]]
	]
	"Tors" [
		[0 [1.000 0.000 0.000 0.000 0.000 0.940 -0.342 0.000 0.000 0.342 0.940 0.000 0.000 0.001 0.000 1.000]]
		[0.03333334 [0.991 0.000 -0.134 0.000 -0.046 0.940 -0.339 0.000 0.125 0.342 0.931 0.000 0.000 0.001 0.000 1.000]]
		[0.06666667 [0.956 0.000 -0.293 0.000 -0.100 0.940 -0.327 0.000 0.275 0.342 0.899 0.000 0.000 0.001 0.000 1.000]]
		[0.1 [0.902 0.000 -0.431 0.000 -0.147 0.940 -0.309 0.000 0.405 0.342 0.848 0.000 0.000 0.001 0.000 1.000]]
		[0.1333333 [0.860 0.000 -0.510 0.000 -0.175 0.940 -0.294 0.000 0.480 0.342 0.808 0.000 0.000 0.001 0.000 1.000]]
		[0.1666667 [0.866 0.000 -0.500 0.000 -0.171 0.940 -0.296 0.000 0.470 0.342 0.814 0.000 0.000 0.001 0.000 1.000]]
		[0.2 [0.950 0.000 -0.311 0.000 -0.106 0.940 -0.325 0.000 0.293 0.342 0.893 0.000 0.000 0.001 0.000 1.000]]
		[0.2333333 [1.000 0.000 -0.001 0.000 0.000 0.940 -0.342 0.000 0.001 0.342 0.940 0.000 0.000 0.001 0.000 1.000]]
		[0.2666667 [0.973 0.000 0.230 0.000 0.079 0.940 -0.333 0.000 -0.216 0.342 0.915 0.000 0.000 0.001 0.000 1.000]]
		[0.3 [0.914 0.000 0.405 0.000 0.139 0.940 -0.313 0.000 -0.381 0.342 0.859 0.000 0.000 0.001 0.000 1.000]]
		[0.3333333 [0.867 0.000 0.499 0.000 0.171 0.940 -0.296 0.000 -0.469 0.342 0.814 0.000 0.000 0.001 0.000 1.000]]
		[0.3666667 [0.874 0.000 0.485 0.000 0.166 0.940 -0.299 0.000 -0.456 0.342 0.822 0.000 0.000 0.001 0.000 1.000]]
		[0.4 [0.916 0.000 0.402 0.000 0.137 0.940 -0.313 0.000 -0.378 0.342 0.861 0.000 0.000 0.001 0.000 1.000]]
		[0.4333333 [0.955 0.000 0.296 0.000 0.101 0.940 -0.327 0.000 -0.278 0.342 0.898 0.000 0.000 0.001 0.000 1.000]]
		[0.4666667 [0.988 0.000 0.153 0.000 0.052 0.940 -0.338 0.000 -0.143 0.342 0.929 0.000 0.000 0.001 0.000 1.000]]
		[0.5 [1.000 0.000 0.000 0.000 0.000 0.940 -0.342 0.000 0.000 0.342 0.940 0.000 0.000 0.001 0.000 1.000]]
		[0.5333334 [1.000 0.000 0.000 0.000 0.000 0.940 -0.342 0.000 0.000 0.342 0.940 0.000 0.000 0.001 0.000 1.000]]
		[0.5666667 [1.000 0.000 0.000 0.000 0.000 0.940 -0.342 0.000 0.000 0.342 0.940 0.000 0.000 0.001 0.000 1.000]]
		[0.6 [1.000 0.000 0.000 0.000 0.000 0.940 -0.342 0.000 0.000 0.342 0.940 0.000 0.000 0.001 0.000 1.000]]
		[0.6333333 [1.000 0.000 0.000 0.000 0.000 0.940 -0.342 0.000 0.000 0.342 0.940 0.000 0.000 0.001 0.000 1.000]]
		[0.6666667 [1.000 0.000 0.000 0.000 0.000 0.940 -0.342 0.000 0.000 0.342 0.940 0.000 0.000 0.001 0.000 1.000]]
		[0.7 [1.000 0.000 0.000 0.000 0.000 0.940 -0.342 0.000 0.000 0.342 0.940 0.000 0.000 0.001 0.000 1.000]]
		[0.7333333 [1.000 0.000 0.000 0.000 0.000 0.940 -0.342 0.000 0.000 0.342 0.940 0.000 0.000 0.001 0.000 1.000]]
		[0.7666667 [1.000 0.000 0.000 0.000 0.000 0.940 -0.342 0.000 0.000 0.342 0.940 0.000 0.000 0.001 0.000 1.000]]
		[0.8 [1.000 0.000 0.000 0.000 0.000 0.940 -0.342 0.000 0.000 0.342 0.940 0.000 0.000 0.001 0.000 1.000]]
		[0.8333333 [1.000 0.000 0.000 0.000 0.000 0.940 -0.342 0.000 0.000 0.342 0.940 0.000 0.000 0.001 0.000 1.000]]
		[0.8666667 [1.000 0.000 0.000 0.000 0.000 0.940 -0.342 0.000 0.000 0.342 0.940 0.000 0.000 0.001 0.000 1.000]]
		[0.9 [1.000 0.000 0.000 0.000 0.000 0.940 -0.342 0.000 0.000 0.342 0.940 0.000 0.000 0.001 0.000 1.000]]
		[0.9333333 [1.000 0.000 0.000 0.000 0.000 0.940 -0.342 0.000 0.000 0.342 0.940 0.000 0.000 0.001 0.000 1.000]]
		[0.9666666 [1.000 0.000 0.000 0.000 0.000 0.940 -0.342 0.000 0.000 0.342 0.940 0.000 0.000 0.001 0.000 1.000]]
	]
	"Golova" [
		[0 [1.000 0.000 0.000 0.000 0.000 0.940 0.342 0.000 0.000 -0.342 0.940 0.000 0.000 0.006 0.000 1.000]]
		[0.03333334 [0.992 -0.042 0.118 0.000 -0.001 0.939 0.345 0.000 -0.125 -0.342 0.931 0.000 0.000 0.006 0.000 1.000]]
		[0.06666667 [0.962 -0.092 0.257 0.000 -0.005 0.935 0.354 0.000 -0.273 -0.342 0.899 0.000 0.000 0.006 0.000 1.000]]
		[0.1 [0.915 -0.138 0.378 0.000 -0.012 0.929 0.369 0.000 -0.402 -0.342 0.849 0.000 0.000 0.006 0.000 1.000]]
		[0.1333333 [0.879 -0.166 0.448 0.000 -0.019 0.925 0.380 0.000 -0.477 -0.342 0.809 0.000 0.000 0.006 0.000 1.000]]
		[0.1666667 [0.883 -0.163 0.441 0.000 -0.018 0.925 0.379 0.000 -0.470 -0.342 0.814 0.000 0.000 0.006 0.000 1.000]]
		[0.2 [0.954 -0.102 0.283 0.000 -0.006 0.934 0.357 0.000 -0.301 -0.342 0.890 0.000 0.000 0.006 0.000 1.000]]
		[0.2333333 [1.000 -0.007 0.019 0.000 0.000 0.940 0.342 0.000 -0.020 -0.342 0.939 0.000 0.000 0.006 0.000 1.000]]
		[0.2666667 [0.981 0.065 -0.183 0.000 0.003 0.937 0.348 0.000 0.195 -0.342 0.919 0.000 0.000 0.006 0.000 1.000]]
		[0.3 [0.932 0.124 -0.341 0.000 0.009 0.932 0.364 0.000 0.363 -0.342 0.867 0.000 0.000 0.006 0.000 1.000]]
		[0.3333333 [0.883 0.163 -0.441 0.000 0.018 0.925 0.379 0.000 0.470 -0.342 0.814 0.000 0.000 0.006 0.000 1.000]]
		[0.3666667 [0.857 0.180 -0.482 0.000 0.023 0.922 0.386 0.000 0.514 -0.342 0.787 0.000 0.000 0.006 0.000 1.000]]
		[0.4 [0.864 0.176 -0.471 0.000 0.022 0.923 0.384 0.000 0.502 -0.342 0.794 0.000 0.000 0.006 0.000 1.000]]
		[0.4333333 [0.912 0.141 -0.386 0.000 0.013 0.929 0.370 0.000 0.411 -0.342 0.845 0.000 0.000 0.006 0.000 1.000]]
		[0.4666667 [0.976 0.073 -0.206 0.000 0.003 0.937 0.350 0.000 0.218 -0.342 0.914 0.000 0.000 0.006 0.000 1.000]]
		[0.5 [1.000 0.000 0.000 0.000 0.000 0.940 0.342 0.000 0.000 -0.342 0.940 0.000 0.000 0.006 0.000 1.000]]
		[0.5333334 [1.000 0.000 0.000 0.000 0.000 0.940 0.342 0.000 0.000 -0.342 0.940 0.000 0.000 0.006 0.000 1.000]]
		[0.5666667 [1.000 0.000 0.000 0.000 0.000 0.940 0.342 0.000 0.000 -0.342 0.940 0.000 0.000 0.006 0.000 1.000]]
		[0.6 [1.000 0.000 0.000 0.000 0.000 0.940 0.342 0.000 0.000 -0.342 0.940 0.000 0.000 0.006 0.000 1.000]]
		[0.6333333 [1.000 0.000 0.000 0.000 0.000 0.940 0.342 0.000 0.000 -0.342 0.940 0.000 0.000 0.006 0.000 1.000]]
		[0.6666667 [1.000 0.000 0.000 0.000 0.000 0.940 0.342 0.000 0.000 -0.342 0.940 0.000 0.000 0.006 0.000 1.000]]
		[0.7 [1.000 0.000 0.000 0.000 0.000 0.940 0.342 0.000 0.000 -0.342 0.940 0.000 0.000 0.006 0.000 1.000]]
		[0.7333333 [1.000 0.000 0.000 0.000 0.000 0.940 0.342 0.000 0.000 -0.342 0.940 0.000 0.000 0.006 0.000 1.000]]
		[0.7666667 [1.000 0.000 0.000 0.000 0.000 0.940 0.342 0.000 0.000 -0.342 0.940 0.000 0.000 0.006 0.000 1.000]]
		[0.8 [1.000 0.000 0.000 0.000 0.000 0.940 0.342 0.000 0.000 -0.342 0.940 0.000 0.000 0.006 0.000 1.000]]
		[0.8333333 [1.000 0.000 0.000 0.000 0.000 0.940 0.342 0.000 0.000 -0.342 0.940 0.000 0.000 0.006 0.000 1.000]]
		[0.8666667 [1.000 0.000 0.000 0.000 0.000 0.940 0.342 0.000 0.000 -0.342 0.940 0.000 0.000 0.006 0.000 1.000]]
		[0.9 [1.000 0.000 0.000 0.000 0.000 0.940 0.342 0.000 0.000 -0.342 0.940 0.000 0.000 0.006 0.000 1.000]]
		[0.9333333 [1.000 0.000 0.000 0.000 0.000 0.940 0.342 0.000 0.000 -0.342 0.940 0.000 0.000 0.006 0.000 1.000]]
		[0.9666666 [1.000 0.000 0.000 0.000 0.000 0.940 0.342 0.000 0.000 -0.342 0.940 0.000 0.000 0.006 0.000 1.000]]
	]
	"Golova_end" [
		[0 [1.000 0.000 0.000 0.000 0.000 1.000 0.000 0.000 0.000 0.000 1.000 0.000 0.000 0.003 0.000 1.000]]
	]
	"Golova_end_end" [
		[0 [1.000 0.000 0.000 0.000 0.000 1.000 0.000 0.000 0.000 0.000 1.000 0.000 0.000 0.003 0.000 1.000]]
	]
	"Kluchitsa_L" [
		[0 [0.000 0.000 1.000 0.000 1.000 0.000 0.000 0.000 0.000 1.000 0.000 0.000 0.000 0.005 0.000 1.000]]
	]
	"Kluchitsa_L_end" [
		[0 [1.000 0.000 0.000 0.000 0.000 1.000 0.000 0.000 0.000 0.000 1.000 0.000 0.000 0.003 0.000 1.000]]
	]
	"Kluchitsa_L_end_end" [
		[0 [1.000 0.000 0.000 0.000 0.000 1.000 0.000 0.000 0.000 0.000 1.000 0.000 0.000 0.003 0.000 1.000]]
	]
	"Kluchitsa_P" [
		[0 [0.000 0.000 -1.000 0.000 -1.000 0.000 0.000 0.000 0.000 1.000 0.000 0.000 0.000 0.005 0.000 1.000]]
	]
	"Kluchitsa_P_end" [
		[0 [1.000 0.000 0.000 0.000 0.000 1.000 0.000 0.000 0.000 0.000 1.000 0.000 0.000 0.003 0.000 1.000]]
	]
	"Kluchitsa_P_end_end" [
		[0 [1.000 0.000 0.000 0.000 0.000 1.000 0.000 0.000 0.000 0.000 1.000 0.000 0.000 0.003 0.000 1.000]]
	]
	"Ruka_L" [
		[0 [-0.040 0.557 0.830 0.000 0.580 -0.663 0.473 0.000 0.814 0.500 -0.296 0.000 0.003 0.004 0.000 1.000]]
		[0.03333334 [0.069 0.424 0.903 0.000 0.577 -0.755 0.310 0.000 0.814 0.500 -0.296 0.000 0.003 0.004 0.000 1.000]]
		[0.06666667 [0.182 0.265 0.947 0.000 0.552 -0.824 0.125 0.000 0.814 0.500 -0.296 0.000 0.003 0.004 0.000 1.000]]
		[0.1 [0.284 0.102 0.953 0.000 0.507 -0.860 -0.059 0.000 0.814 0.500 -0.296 0.000 0.003 0.004 0.000 1.000]]
		[0.1333333 [0.365 -0.044 0.930 0.000 0.452 -0.865 -0.218 0.000 0.814 0.500 -0.296 0.000 0.003 0.004 0.000 1.000]]
		[0.1666667 [0.418 -0.150 0.896 0.000 0.403 -0.853 -0.332 0.000 0.814 0.500 -0.296 0.000 0.003 0.004 0.000 1.000]]
		[0.2 [0.438 -0.192 0.878 0.000 0.382 -0.844 -0.375 0.000 0.814 0.500 -0.296 0.000 0.003 0.004 0.000 1.000]]
		[0.2333333 [0.436 -0.189 0.880 0.000 0.384 -0.845 -0.372 0.000 0.814 0.500 -0.296 0.000 0.003 0.004 0.000 1.000]]
		[0.2666667 [0.434 -0.183 0.882 0.000 0.387 -0.847 -0.366 0.000 0.814 0.500 -0.296 0.000 0.003 0.004 0.000 1.000]]
		[0.3 [0.426 -0.166 0.890 0.000 0.396 -0.850 -0.347 0.000 0.814 0.500 -0.296 0.000 0.003 0.004 0.000 1.000]]
		[0.3333333 [0.418 -0.150 0.896 0.000 0.403 -0.853 -0.332 0.000 0.814 0.500 -0.296 0.000 0.003 0.004 0.000 1.000]]
		[0.3666667 [0.434 -0.183 0.882 0.000 0.387 -0.846 -0.366 0.000 0.814 0.500 -0.296 0.000 0.003 0.004 0.000 1.000]]
		[0.4 [0.440 -0.197 0.876 0.000 0.380 -0.843 -0.380 0.000 0.814 0.500 -0.296 0.000 0.003 0.004 0.000 1.000]]
		[0.4333333 [0.368 -0.048 0.929 0.000 0.450 -0.865 -0.223 0.000 0.814 0.500 -0.296 0.000 0.003 0.004 0.000 1.000]]
		[0.4666667 [0.184 0.262 0.947 0.000 0.551 -0.825 0.121 0.000 0.814 0.500 -0.296 0.000 0.003 0.004 0.000 1.000]]
		[0.5 [-0.040 0.557 0.830 0.000 0.580 -0.663 0.473 0.000 0.814 0.500 -0.296 0.000 0.003 0.004 0.000 1.000]]
		[0.5333334 [-0.040 0.557 0.830 0.000 0.580 -0.663 0.473 0.000 0.814 0.500 -0.296 0.000 0.003 0.004 0.000 1.000]]
		[0.5666667 [-0.040 0.557 0.830 0.000 0.580 -0.663 0.473 0.000 0.814 0.500 -0.296 0.000 0.003 0.004 0.000 1.000]]
		[0.6 [-0.040 0.557 0.830 0.000 0.580 -0.663 0.473 0.000 0.814 0.500 -0.296 0.000 0.003 0.004 0.000 1.000]]
		[0.6333333 [-0.040 0.557 0.830 0.000 0.580 -0.663 0.473 0.000 0.814 0.500 -0.296 0.000 0.003 0.004 0.000 1.000]]
		[0.6666667 [-0.040 0.557 0.830 0.000 0.580 -0.663 0.473 0.000 0.814 0.500 -0.296 0.000 0.003 0.004 0.000 1.000]]
		[0.7 [-0.040 0.557 0.830 0.000 0.580 -0.663 0.473 0.000 0.814 0.500 -0.296 0.000 0.003 0.004 0.000 1.000]]
		[0.7333333 [-0.040 0.557 0.830 0.000 0.580 -0.663 0.473 0.000 0.814 0.500 -0.296 0.000 0.003 0.004 0.000 1.000]]
		[0.7666667 [-0.040 0.557 0.830 0.000 0.580 -0.663 0.473 0.000 0.814 0.500 -0.296 0.000 0.003 0.004 0.000 1.000]]
		[0.8 [-0.040 0.557 0.830 0.000 0.580 -0.663 0.473 0.000 0.814 0.500 -0.296 0.000 0.003 0.004 0.000 1.000]]
		[0.8333333 [-0.040 0.557 0.830 0.000 0.580 -0.663 0.473 0.000 0.814 0.500 -0.296 0.000 0.003 0.004 0.000 1.000]]
		[0.8666667 [-0.040 0.557 0.830 0.000 0.580 -0.663 0.473 0.000 0.814 0.500 -0.296 0.000 0.003 0.004 0.000 1.000]]
		[0.9 [-0.040 0.557 0.830 0.000 0.580 -0.663 0.473 0.000 0.814 0.500 -0.296 0.000 0.003 0.004 0.000 1.000]]
		[0.9333333 [-0.040 0.557 0.830 0.000 0.580 -0.663 0.473 0.000 0.814 0.500 -0.296 0.000 0.003 0.004 0.000 1.000]]
		[0.9666666 [-0.040 0.557 0.830 0.000 0.580 -0.663 0.473 0.000 0.814 0.500 -0.296 0.000 0.003 0.004 0.000 1.000]]
	]
	"Lokot_L" [
		[0 [0.000 1.000 0.000 0.000 -1.000 0.000 0.000 0.000 0.000 0.000 1.000 0.000 0.000 0.003 0.000 1.000]]
		[0.03333334 [-0.112 0.994 0.000 0.000 -0.994 -0.112 0.000 0.000 0.000 0.000 1.000 0.000 0.000 0.003 0.000 1.000]]
		[0.06666667 [-0.230 0.973 0.000 0.000 -0.973 -0.230 0.000 0.000 0.000 0.000 1.000 0.000 0.000 0.003 0.000 1.000]]
		[0.1 [-0.341 0.940 0.000 0.000 -0.940 -0.341 0.000 0.000 0.000 0.000 1.000 0.000 0.000 0.003 0.000 1.000]]
		[0.1333333 [-0.434 0.901 0.000 0.000 -0.901 -0.434 0.000 0.000 0.000 0.000 1.000 0.000 0.000 0.003 0.000 1.000]]
		[0.1666667 [-0.500 0.866 0.000 0.000 -0.866 -0.500 0.000 0.000 0.000 0.000 1.000 0.000 0.000 0.003 0.000 1.000]]
		[0.2 [-0.525 0.851 0.000 0.000 -0.851 -0.525 0.000 0.000 0.000 0.000 1.000 0.000 0.000 0.003 0.000 1.000]]
		[0.2333333 [-0.523 0.852 0.000 0.000 -0.852 -0.523 0.000 0.000 0.000 0.000 1.000 0.000 0.000 0.003 0.000 1.000]]
		[0.2666667 [-0.520 0.854 0.000 0.000 -0.854 -0.520 0.000 0.000 0.000 0.000 1.000 0.000 0.000 0.003 0.000 1.000]]
		[0.3 [-0.509 0.861 0.000 0.000 -0.861 -0.509 0.000 0.000 0.000 0.000 1.000 0.000 0.000 0.003 0.000 1.000]]
		[0.3333333 [-0.500 0.866 0.000 0.000 -0.866 -0.500 0.000 0.000 0.000 0.000 1.000 0.000 0.000 0.003 0.000 1.000]]
		[0.3666667 [-0.520 0.854 0.000 0.000 -0.854 -0.520 0.000 0.000 0.000 0.000 1.000 0.000 0.000 0.003 0.000 1.000]]
		[0.4 [-0.528 0.849 0.000 0.000 -0.849 -0.528 0.000 0.000 0.000 0.000 1.000 0.000 0.000 0.003 0.000 1.000]]
		[0.4333333 [-0.437 0.899 0.000 0.000 -0.899 -0.437 0.000 0.000 0.000 0.000 1.000 0.000 0.000 0.003 0.000 1.000]]
		[0.4666667 [-0.232 0.973 0.000 0.000 -0.973 -0.232 0.000 0.000 0.000 0.000 1.000 0.000 0.000 0.003 0.000 1.000]]
		[0.5 [0.000 1.000 0.000 0.000 -1.000 0.000 0.000 0.000 0.000 0.000 1.000 0.000 0.000 0.003 0.000 1.000]]
		[0.5333334 [0.000 1.000 0.000 0.000 -1.000 0.000 0.000 0.000 0.000 0.000 1.000 0.000 0.000 0.003 0.000 1.000]]
		[0.5666667 [0.000 1.000 0.000 0.000 -1.000 0.000 0.000 0.000 0.000 0.000 1.000 0.000 0.000 0.003 0.000 1.000]]
		[0.6 [0.000 1.000 0.000 0.000 -1.000 0.000 0.000 0.000 0.000 0.000 1.000 0.000 0.000 0.003 0.000 1.000]]
		[0.6333333 [0.000 1.000 0.000 0.000 -1.000 0.000 0.000 0.000 0.000 0.000 1.000 0.000 0.000 0.003 0.000 1.000]]
		[0.6666667 [0.000 1.000 0.000 0.000 -1.000 0.000 0.000 0.000 0.000 0.000 1.000 0.000 0.000 0.003 0.000 1.000]]
		[0.7 [0.000 1.000 0.000 0.000 -1.000 0.000 0.000 0.000 0.000 0.000 1.000 0.000 0.000 0.003 0.000 1.000]]
		[0.7333333 [0.000 1.000 0.000 0.000 -1.000 0.000 0.000 0.000 0.000 0.000 1.000 0.000 0.000 0.003 0.000 1.000]]
		[0.7666667 [0.000 1.000 0.000 0.000 -1.000 0.000 0.000 0.000 0.000 0.000 1.000 0.000 0.000 0.003 0.000 1.000]]
		[0.8 [0.000 1.000 0.000 0.000 -1.000 0.000 0.000 0.000 0.000 0.000 1.000 0.000 0.000 0.003 0.000 1.000]]
		[0.8333333 [0.000 1.000 0.000 0.000 -1.000 0.000 0.000 0.000 0.000 0.000 1.000 0.000 0.000 0.003 0.000 1.000]]
		[0.8666667 [0.000 1.000 0.000 0.000 -1.000 0.000 0.000 0.000 0.000 0.000 1.000 0.000 0.000 0.003 0.000 1.000]]
		[0.9 [0.000 1.000 0.000 0.000 -1.000 0.000 0.000 0.000 0.000 0.000 1.000 0.000 0.000 0.003 0.000 1.000]]
		[0.9333333 [0.000 1.000 0.000 0.000 -1.000 0.000 0.000 0.000 0.000 0.000 1.000 0.000 0.000 0.003 0.000 1.000]]
		[0.9666666 [0.000 1.000 0.000 0.000 -1.000 0.000 0.000 0.000 0.000 0.000 1.000 0.000 0.000 0.003 0.000 1.000]]
	]
	"Lokot_L_end" [
		[0 [1.000 0.000 0.000 0.000 0.000 1.000 0.000 0.000 0.000 0.000 1.000 0.000 0.000 0.005 0.000 1.000]]
	]
	"Lokot_L_end_end" [
		[0 [1.000 0.000 0.000 0.000 0.000 1.000 0.000 0.000 0.000 0.000 1.000 0.000 0.000 0.005 0.000 1.000]]
	]
	"Shit" [
		[0 [0.305 -0.254 -0.047 0.000 0.189 0.269 -0.227 0.000 0.018 0.015 0.033 0.000 0.000 0.003 0.002 1.000]]
	]
	"Ruka_P" [
		[0 [-0.342 0.000 0.940 0.000 -0.470 -0.866 -0.171 0.000 0.814 -0.500 0.296 0.000 -0.003 0.004 0.000 1.000]]
		[0.03333334 [-0.103 -0.227 0.968 0.000 -0.375 -0.893 -0.249 0.000 0.921 -0.388 0.007 0.000 -0.003 0.004 0.000 1.000]]
		[0.06666667 [0.183 -0.494 0.850 0.000 -0.383 -0.832 -0.402 0.000 0.906 -0.252 -0.341 0.000 -0.003 0.004 0.000 1.000]]
		[0.1 [0.390 -0.715 0.580 0.000 -0.535 -0.689 -0.490 0.000 0.750 -0.120 -0.651 0.000 -0.003 0.004 0.000 1.000]]
		[0.1333333 [0.452 -0.838 0.305 0.000 -0.720 -0.545 -0.430 0.000 0.527 -0.025 -0.850 0.000 -0.003 0.004 0.000 1.000]]
		[0.1666667 [0.470 -0.866 0.171 0.000 -0.814 -0.500 -0.296 0.000 0.342 0.000 -0.940 0.000 -0.003 0.004 0.000 1.000]]
		[0.2 [0.633 -0.729 0.261 0.000 -0.723 -0.677 -0.140 0.000 0.279 -0.100 -0.955 0.000 -0.003 0.004 0.000 1.000]]
		[0.2333333 [0.800 -0.430 0.419 0.000 -0.504 -0.860 0.081 0.000 0.325 -0.276 -0.904 0.000 -0.003 0.004 0.000 1.000]]
		[0.2666667 [0.786 -0.282 0.550 0.000 -0.457 -0.864 0.210 0.000 0.416 -0.416 -0.809 0.000 -0.003 0.004 0.000 1.000]]
		[0.3 [0.622 -0.302 0.723 0.000 -0.588 -0.790 0.175 0.000 0.518 -0.534 -0.669 0.000 -0.003 0.004 0.000 1.000]]
		[0.3333333 [0.279 -0.262 0.924 0.000 -0.694 -0.720 0.006 0.000 0.663 -0.643 -0.383 0.000 -0.003 0.004 0.000 1.000]]
		[0.3666667 [-0.410 -0.045 0.911 0.000 -0.691 -0.636 -0.342 0.000 0.595 -0.770 0.230 0.000 -0.003 0.004 0.000 1.000]]
		[0.4 [-0.888 0.134 0.439 0.000 -0.444 -0.494 -0.747 0.000 0.117 -0.859 0.499 0.000 -0.003 0.004 0.000 1.000]]
		[0.4333333 [-0.931 0.184 0.315 0.000 -0.365 -0.510 -0.779 0.000 0.017 -0.841 0.541 0.000 -0.003 0.004 0.000 1.000]]
		[0.4666667 [-0.753 0.135 0.644 0.000 -0.532 -0.702 -0.475 0.000 0.388 -0.700 0.600 0.000 -0.003 0.004 0.000 1.000]]
		[0.5 [-0.342 0.000 0.940 0.000 -0.470 -0.866 -0.171 0.000 0.814 -0.500 0.296 0.000 -0.003 0.004 0.000 1.000]]
		[0.5333334 [-0.342 0.000 0.940 0.000 -0.470 -0.866 -0.171 0.000 0.814 -0.500 0.296 0.000 -0.003 0.004 0.000 1.000]]
		[0.5666667 [-0.342 0.000 0.940 0.000 -0.470 -0.866 -0.171 0.000 0.814 -0.500 0.296 0.000 -0.003 0.004 0.000 1.000]]
		[0.6 [-0.342 0.000 0.940 0.000 -0.470 -0.866 -0.171 0.000 0.814 -0.500 0.296 0.000 -0.003 0.004 0.000 1.000]]
		[0.6333333 [-0.342 0.000 0.940 0.000 -0.470 -0.866 -0.171 0.000 0.814 -0.500 0.296 0.000 -0.003 0.004 0.000 1.000]]
		[0.6666667 [-0.342 0.000 0.940 0.000 -0.470 -0.866 -0.171 0.000 0.814 -0.500 0.296 0.000 -0.003 0.004 0.000 1.000]]
		[0.7 [-0.342 0.000 0.940 0.000 -0.470 -0.866 -0.171 0.000 0.814 -0.500 0.296 0.000 -0.003 0.004 0.000 1.000]]
		[0.7333333 [-0.342 0.000 0.940 0.000 -0.470 -0.866 -0.171 0.000 0.814 -0.500 0.296 0.000 -0.003 0.004 0.000 1.000]]
		[0.7666667 [-0.342 0.000 0.940 0.000 -0.470 -0.866 -0.171 0.000 0.814 -0.500 0.296 0.000 -0.003 0.004 0.000 1.000]]
		[0.8 [-0.342 0.000 0.940 0.000 -0.470 -0.866 -0.171 0.000 0.814 -0.500 0.296 0.000 -0.003 0.004 0.000 1.000]]
		[0.8333333 [-0.342 0.000 0.940 0.000 -0.470 -0.866 -0.171 0.000 0.814 -0.500 0.296 0.000 -0.003 0.004 0.000 1.000]]
		[0.8666667 [-0.342 0.000 0.940 0.000 -0.470 -0.866 -0.171 0.000 0.814 -0.500 0.296 0.000 -0.003 0.004 0.000 1.000]]
		[0.9 [-0.342 0.000 0.940 0.000 -0.470 -0.866 -0.171 0.000 0.814 -0.500 0.296 0.000 -0.003 0.004 0.000 1.000]]
		[0.9333333 [-0.342 0.000 0.940 0.000 -0.470 -0.866 -0.171 0.000 0.814 -0.500 0.296 0.000 -0.003 0.004 0.000 1.000]]
		[0.9666666 [-0.342 0.000 0.940 0.000 -0.470 -0.866 -0.171 0.000 0.814 -0.500 0.296 0.000 -0.003 0.004 0.000 1.000]]
	]
	"Lokot_P" [
		[0 [0.000 1.000 0.000 0.000 -1.000 0.000 0.000 0.000 0.000 0.000 1.000 0.000 0.000 0.003 0.000 1.000]]
		[0.03333334 [-0.028 0.978 0.208 0.000 -1.000 -0.027 -0.006 0.000 0.000 -0.208 0.978 0.000 0.000 0.003 0.000 1.000]]
		[0.06666667 [-0.084 0.910 0.405 0.000 -0.996 -0.076 -0.034 0.000 0.000 -0.407 0.914 0.000 0.000 0.003 0.000 1.000]]
		[0.1 [-0.125 0.803 0.583 0.000 -0.992 -0.101 -0.074 0.000 0.000 -0.588 0.809 0.000 0.000 0.003 0.000 1.000]]
		[0.1333333 [-0.111 0.665 0.739 0.000 -0.994 -0.075 -0.083 0.000 0.000 -0.743 0.669 0.000 0.000 0.003 0.000 1.000]]
		[0.1666667 [0.000 0.500 0.866 0.000 -1.000 0.000 0.000 0.000 0.000 -0.866 0.500 0.000 0.000 0.003 0.000 1.000]]
		[0.2 [0.314 0.271 0.910 0.000 -0.949 0.090 0.301 0.000 0.000 -0.959 0.285 0.000 0.000 0.003 0.000 1.000]]
		[0.2333333 [0.666 0.053 0.744 0.000 -0.746 0.047 0.664 0.000 0.000 -0.997 0.071 0.000 0.000 0.003 0.000 1.000]]
		[0.2666667 [0.826 -0.027 0.563 0.000 -0.564 -0.039 0.825 0.000 -0.001 -0.999 -0.047 0.000 0.000 0.003 0.000 1.000]]
		[0.3 [0.891 -0.044 0.453 0.000 -0.455 -0.076 0.887 0.000 -0.004 -0.996 -0.088 0.000 0.000 0.003 0.000 1.000]]
		[0.3333333 [0.866 0.000 0.500 0.000 -0.500 0.000 0.866 0.000 0.000 -1.000 0.000 0.000 0.000 0.003 0.000 1.000]]
		[0.3666667 [0.625 0.166 0.763 0.000 -0.776 0.238 0.584 0.000 -0.085 -0.957 0.278 0.000 0.000 0.003 0.000 1.000]]
		[0.4 [0.258 0.447 0.857 0.000 -0.888 0.459 0.028 0.000 -0.381 -0.768 0.515 0.000 0.000 0.003 0.000 1.000]]
		[0.4333333 [0.175 0.714 0.678 0.000 -0.839 0.469 -0.277 0.000 -0.515 -0.520 0.681 0.000 0.000 0.003 0.000 1.000]]
		[0.4666667 [0.188 0.922 0.340 0.000 -0.926 0.281 -0.251 0.000 -0.327 -0.268 0.906 0.000 0.000 0.003 0.000 1.000]]
		[0.5 [0.000 1.000 0.000 0.000 -1.000 0.000 0.000 0.000 0.000 0.000 1.000 0.000 0.000 0.003 0.000 1.000]]
		[0.5333334 [0.000 1.000 0.000 0.000 -1.000 0.000 0.000 0.000 0.000 0.000 1.000 0.000 0.000 0.003 0.000 1.000]]
		[0.5666667 [0.000 1.000 0.000 0.000 -1.000 0.000 0.000 0.000 0.000 0.000 1.000 0.000 0.000 0.003 0.000 1.000]]
		[0.6 [0.000 1.000 0.000 0.000 -1.000 0.000 0.000 0.000 0.000 0.000 1.000 0.000 0.000 0.003 0.000 1.000]]
		[0.6333333 [0.000 1.000 0.000 0.000 -1.000 0.000 0.000 0.000 0.000 0.000 1.000 0.000 0.000 0.003 0.000 1.000]]
		[0.6666667 [0.000 1.000 0.000 0.000 -1.000 0.000 0.000 0.000 0.000 0.000 1.000 0.000 0.000 0.003 0.000 1.000]]
		[0.7 [0.000 1.000 0.000 0.000 -1.000 0.000 0.000 0.000 0.000 0.000 1.000 0.000 0.000 0.003 0.000 1.000]]
		[0.7333333 [0.000 1.000 0.000 0.000 -1.000 0.000 0.000 0.000 0.000 0.000 1.000 0.000 0.000 0.003 0.000 1.000]]
		[0.7666667 [0.000 1.000 0.000 0.000 -1.000 0.000 0.000 0.000 0.000 0.000 1.000 0.000 0.000 0.003 0.000 1.000]]
		[0.8 [0.000 1.000 0.000 0.000 -1.000 0.000 0.000 0.000 0.000 0.000 1.000 0.000 0.000 0.003 0.000 1.000]]
		[0.8333333 [0.000 1.000 0.000 0.000 -1.000 0.000 0.000 0.000 0.000 0.000 1.000 0.000 0.000 0.003 0.000 1.000]]
		[0.8666667 [0.000 1.000 0.000 0.000 -1.000 0.000 0.000 0.000 0.000 0.000 1.000 0.000 0.000 0.003 0.000 1.000]]
		[0.9 [0.000 1.000 0.000 0.000 -1.000 0.000 0.000 0.000 0.000 0.000 1.000 0.000 0.000 0.003 0.000 1.000]]
		[0.9333333 [0.000 1.000 0.000 0.000 -1.000 0.000 0.000 0.000 0.000 0.000 1.000 0.000 0.000 0.003 0.000 1.000]]
		[0.9666666 [0.000 1.000 0.000 0.000 -1.000 0.000 0.000 0.000 0.000 0.000 1.000 0.000 0.000 0.003 0.000 1.000]]
	]
	"Lokot_P_end" [
		[0 [1.000 0.000 0.000 0.000 0.000 1.000 0.000 0.000 0.000 0.000 1.000 0.000 0.000 0.005 0.000 1.000]]
	]
	"Lokot_P_end_end" [
		[0 [1.000 0.000 0.000 0.000 0.000 1.000 0.000 0.000 0.000 0.000 1.000 0.000 0.000 0.005 0.000 1.000]]
	]
	"Sword" [
		[0 [-0.052 0.033 0.126 0.000 -0.128 0.010 -0.056 0.000 -0.022 -0.136 0.026 0.000 -0.001 0.005 0.000 1.000]]
	]
	"Woin" [
		[0 [100.000 0.000 0.000 0.000 0.000 0.000 -100.000 0.000 0.000 100.000 0.000 0.000 0.000 1.000 0.000 1.000]]
	]
} }