{ :name "Block" :length 0.75 :bones { 
	"Skelet" [
		[ 0 [ 0 1 2 3 ] ]
	]
	"Bedro_L" [
		[ 0 [ 4 5 6 7 ] ]
	]
	"Koleno_L" [
		[ 0 [ 8 9 10 11 ] ]
	]
	"Koleno_L_end" [
		[ 0 [ 0 12 1 13 ] ]
	]
	"Koleno_L_end_end" [
		[ 0 [ 0 12 1 13 ] ]
	]
	"Bedro_P" [
		[ 0 [ 14 15 16 17 ] ]
	]
	"Koleno_P" [
		[ 0 [ 8 9 10 11 ] ]
	]
	"Koleno_P_end" [
		[ 0 [ 0 12 1 13 ] ]
	]
	"Koleno_P_end_end" [
		[ 0 [ 0 12 1 13 ] ]
	]
	"Tors" [
		[ 0 [ 0 18 19 20 ] ]
		[ 0.03333334 [ 21 22 23 20 ] ]
		[ 0.06666667 [ 24 25 26 20 ] ]
		[ 0.1 [ 27 28 29 20 ] ]
		[ 0.1333333 [ 30 31 32 20 ] ]
		[ 0.1666667 [ 33 34 35 20 ] ]
		[ 0.2 [ 36 37 38 20 ] ]
		[ 0.2333333 [ 39 40 41 20 ] ]
		[ 0.2666667 [ 42 43 44 20 ] ]
		[ 0.3 [ 45 46 47 20 ] ]
		[ 0.3333333 [ 48 49 50 20 ] ]
		[ 0.3666667 [ 51 52 53 20 ] ]
		[ 0.4 [ 54 55 56 20 ] ]
		[ 0.4333333 [ 57 58 59 20 ] ]
		[ 0.4666667 [ 60 61 62 20 ] ]
		[ 0.5 [ 63 64 65 20 ] ]
		[ 0.5333334 [ 66 67 68 20 ] ]
		[ 0.5666667 [ 69 70 71 20 ] ]
		[ 0.6 [ 30 31 32 20 ] ]
		[ 0.6333333 [ 72 73 74 20 ] ]
		[ 0.6666667 [ 75 76 77 20 ] ]
		[ 0.7 [ 78 79 80 20 ] ]
		[ 0.7333333 [ 81 82 83 20 ] ]
		[ 0.7666667 [ 0 18 19 20 ] ]
		[ 0.8 [ 0 18 19 20 ] ]
		[ 0.8333333 [ 0 18 19 20 ] ]
		[ 0.8666667 [ 0 18 19 20 ] ]
		[ 0.9 [ 0 18 19 20 ] ]
		[ 0.9333333 [ 0 18 19 20 ] ]
		[ 0.9666666 [ 0 18 19 20 ] ]
	]
	"Golova" [
		[ 0 [ 0 84 85 86 ] ]
		[ 0.03333334 [ 87 88 89 86 ] ]
		[ 0.06666667 [ 90 91 92 86 ] ]
		[ 0.1 [ 93 94 95 86 ] ]
		[ 0.1333333 [ 96 97 98 86 ] ]
		[ 0.1666667 [ 99 100 101 86 ] ]
		[ 0.2 [ 102 103 104 86 ] ]
		[ 0.2333333 [ 105 106 107 86 ] ]
		[ 0.2666667 [ 108 109 110 86 ] ]
		[ 0.3 [ 111 112 113 86 ] ]
		[ 0.3333333 [ 114 115 116 86 ] ]
		[ 0.3666667 [ 117 118 119 86 ] ]
		[ 0.4 [ 120 121 122 86 ] ]
		[ 0.4333333 [ 123 124 125 86 ] ]
		[ 0.4666667 [ 126 127 128 86 ] ]
		[ 0.5 [ 129 130 131 86 ] ]
		[ 0.5333334 [ 132 133 134 86 ] ]
		[ 0.5666667 [ 135 136 137 86 ] ]
		[ 0.6 [ 96 97 98 86 ] ]
		[ 0.6333333 [ 138 139 140 86 ] ]
		[ 0.6666667 [ 141 142 143 86 ] ]
		[ 0.7 [ 144 145 146 86 ] ]
		[ 0.7333333 [ 147 84 148 86 ] ]
		[ 0.7666667 [ 0 84 85 86 ] ]
		[ 0.8 [ 0 84 85 86 ] ]
		[ 0.8333333 [ 0 84 85 86 ] ]
		[ 0.8666667 [ 0 84 85 86 ] ]
		[ 0.9 [ 0 84 85 86 ] ]
		[ 0.9333333 [ 0 84 85 86 ] ]
		[ 0.9666666 [ 0 84 85 86 ] ]
	]
	"Golova_end" [
		[ 0 [ 0 12 1 149 ] ]
	]
	"Golova_end_end" [
		[ 0 [ 0 12 1 149 ] ]
	]
	"Kluchitsa_L" [
		[ 0 [ 1 0 12 150 ] ]
	]
	"Kluchitsa_L_end" [
		[ 0 [ 0 12 1 151 ] ]
	]
	"Kluchitsa_L_end_end" [
		[ 0 [ 0 12 1 151 ] ]
	]
	"Kluchitsa_P" [
		[ 0 [ 10 152 12 150 ] ]
	]
	"Kluchitsa_P_end" [
		[ 0 [ 0 12 1 151 ] ]
	]
	"Kluchitsa_P_end_end" [
		[ 0 [ 0 12 1 151 ] ]
	]
	"Ruka_L" [
		[ 0 [ 153 154 155 156 ] ]
		[ 0.03333334 [ 157 158 159 156 ] ]
		[ 0.06666667 [ 160 161 162 156 ] ]
		[ 0.1 [ 163 164 165 156 ] ]
		[ 0.1333333 [ 166 167 168 156 ] ]
		[ 0.1666667 [ 169 170 171 156 ] ]
		[ 0.2 [ 172 173 174 156 ] ]
		[ 0.2333333 [ 175 176 177 156 ] ]
		[ 0.2666667 [ 178 179 180 156 ] ]
		[ 0.3 [ 181 182 183 156 ] ]
		[ 0.3333333 [ 184 185 186 156 ] ]
		[ 0.3666667 [ 187 188 189 156 ] ]
		[ 0.4 [ 190 191 192 156 ] ]
		[ 0.4333333 [ 193 194 195 156 ] ]
		[ 0.4666667 [ 196 197 198 156 ] ]
		[ 0.5 [ 199 200 201 156 ] ]
		[ 0.5333334 [ 202 203 204 156 ] ]
		[ 0.5666667 [ 205 206 207 156 ] ]
		[ 0.6 [ 208 167 168 156 ] ]
		[ 0.6333333 [ 209 210 211 156 ] ]
		[ 0.6666667 [ 212 213 214 156 ] ]
		[ 0.7 [ 215 216 217 156 ] ]
		[ 0.7333333 [ 218 219 220 156 ] ]
		[ 0.7666667 [ 153 154 155 156 ] ]
		[ 0.8 [ 153 154 155 156 ] ]
		[ 0.8333333 [ 153 154 155 156 ] ]
		[ 0.8666667 [ 153 154 155 156 ] ]
		[ 0.9 [ 153 154 155 156 ] ]
		[ 0.9333333 [ 153 154 155 156 ] ]
		[ 0.9666666 [ 153 154 155 156 ] ]
	]
	"Lokot_L" [
		[ 0 [ 12 152 1 221 ] ]
		[ 0.03333334 [ 222 223 1 221 ] ]
		[ 0.06666667 [ 224 225 1 221 ] ]
		[ 0.1 [ 226 227 1 221 ] ]
		[ 0.1333333 [ 228 229 1 221 ] ]
		[ 0.1666667 [ 230 231 1 221 ] ]
		[ 0.2 [ 232 233 1 221 ] ]
		[ 0.2333333 [ 234 235 1 221 ] ]
		[ 0.2666667 [ 236 237 1 221 ] ]
		[ 0.3 [ 238 239 1 221 ] ]
		[ 0.3333333 [ 240 241 1 221 ] ]
		[ 0.3666667 [ 242 243 1 221 ] ]
		[ 0.4 [ 244 245 1 221 ] ]
		[ 0.4333333 [ 246 247 1 221 ] ]
		[ 0.4666667 [ 248 249 1 221 ] ]
		[ 0.5 [ 250 251 1 221 ] ]
		[ 0.5333334 [ 252 253 1 221 ] ]
		[ 0.5666667 [ 254 255 1 221 ] ]
		[ 0.6 [ 228 229 1 221 ] ]
		[ 0.6333333 [ 256 257 1 221 ] ]
		[ 0.6666667 [ 258 259 1 221 ] ]
		[ 0.7 [ 260 261 1 221 ] ]
		[ 0.7333333 [ 262 263 1 221 ] ]
		[ 0.7666667 [ 12 152 1 221 ] ]
		[ 0.8 [ 12 152 1 221 ] ]
		[ 0.8333333 [ 12 152 1 221 ] ]
		[ 0.8666667 [ 12 152 1 221 ] ]
		[ 0.9 [ 12 152 1 221 ] ]
		[ 0.9333333 [ 12 152 1 221 ] ]
		[ 0.9666666 [ 12 152 1 221 ] ]
	]
	"Lokot_L_end" [
		[ 0 [ 0 12 1 264 ] ]
	]
	"Lokot_L_end_end" [
		[ 0 [ 0 12 1 264 ] ]
	]
	"Ruka_P" [
		[ 0 [ 265 266 267 268 ] ]
		[ 0.03333334 [ 269 270 271 268 ] ]
		[ 0.06666667 [ 272 273 274 268 ] ]
		[ 0.1 [ 275 276 277 268 ] ]
		[ 0.1333333 [ 278 279 280 268 ] ]
		[ 0.1666667 [ 281 282 283 268 ] ]
		[ 0.2 [ 284 285 286 268 ] ]
		[ 0.2333333 [ 287 288 289 268 ] ]
		[ 0.2666667 [ 290 291 292 268 ] ]
		[ 0.3 [ 293 294 295 268 ] ]
		[ 0.3333333 [ 296 297 298 268 ] ]
		[ 0.3666667 [ 299 300 301 268 ] ]
		[ 0.4 [ 302 303 304 268 ] ]
		[ 0.4333333 [ 305 306 307 268 ] ]
		[ 0.4666667 [ 308 309 310 268 ] ]
		[ 0.5 [ 311 312 313 268 ] ]
		[ 0.5333334 [ 314 315 316 268 ] ]
		[ 0.5666667 [ 317 318 319 268 ] ]
		[ 0.6 [ 320 279 280 268 ] ]
		[ 0.6333333 [ 321 322 323 268 ] ]
		[ 0.6666667 [ 324 325 326 268 ] ]
		[ 0.7 [ 327 328 329 268 ] ]
		[ 0.7333333 [ 330 331 332 268 ] ]
		[ 0.7666667 [ 265 266 267 268 ] ]
		[ 0.8 [ 265 266 267 268 ] ]
		[ 0.8333333 [ 265 266 267 268 ] ]
		[ 0.8666667 [ 265 266 267 268 ] ]
		[ 0.9 [ 265 266 267 268 ] ]
		[ 0.9333333 [ 265 266 267 268 ] ]
		[ 0.9666666 [ 265 266 267 268 ] ]
	]
	"Lokot_P" [
		[ 0 [ 333 334 1 221 ] ]
		[ 0.03333334 [ 335 336 1 221 ] ]
		[ 0.06666667 [ 337 338 1 221 ] ]
		[ 0.1 [ 339 340 1 221 ] ]
		[ 0.1333333 [ 341 342 1 221 ] ]
		[ 0.1666667 [ 343 344 1 221 ] ]
		[ 0.2 [ 12 152 1 221 ] ]
		[ 0.2333333 [ 345 346 1 221 ] ]
		[ 0.2666667 [ 347 348 1 221 ] ]
		[ 0.3 [ 349 350 1 221 ] ]
		[ 0.3333333 [ 351 352 1 221 ] ]
		[ 0.3666667 [ 353 354 1 221 ] ]
		[ 0.4 [ 355 356 1 221 ] ]
		[ 0.4333333 [ 357 358 1 221 ] ]
		[ 0.4666667 [ 359 360 1 221 ] ]
		[ 0.5 [ 361 362 1 221 ] ]
		[ 0.5333334 [ 363 364 1 221 ] ]
		[ 0.5666667 [ 365 366 1 221 ] ]
		[ 0.6 [ 341 342 1 221 ] ]
		[ 0.6333333 [ 367 368 1 221 ] ]
		[ 0.6666667 [ 369 370 1 221 ] ]
		[ 0.7 [ 371 372 1 221 ] ]
		[ 0.7333333 [ 373 374 1 221 ] ]
		[ 0.7666667 [ 333 334 1 221 ] ]
		[ 0.8 [ 333 334 1 221 ] ]
		[ 0.8333333 [ 333 334 1 221 ] ]
		[ 0.8666667 [ 333 334 1 221 ] ]
		[ 0.9 [ 333 334 1 221 ] ]
		[ 0.9333333 [ 333 334 1 221 ] ]
		[ 0.9666666 [ 333 334 1 221 ] ]
	]
	"Lokot_P_end" [
		[ 0 [ 0 12 1 264 ] ]
	]
	"Lokot_P_end_end" [
		[ 0 [ 0 12 1 264 ] ]
	]
	"Woin" [
		[ 0 [ 375 376 377 377 ] ]
	]
	"Shit" [
		[ 0 [ 378 379 380 381 ] ]
		[ 0.03333334 [ 382 383 384 385 ] ]
		[ 0.06666667 [ 386 387 388 389 ] ]
		[ 0.1 [ 390 391 392 393 ] ]
		[ 0.1333333 [ 394 395 396 397 ] ]
		[ 0.1666667 [ 398 399 400 401 ] ]
		[ 0.2 [ 402 403 404 405 ] ]
		[ 0.2333333 [ 406 407 408 409 ] ]
		[ 0.2666667 [ 410 411 412 413 ] ]
		[ 0.3 [ 414 415 416 417 ] ]
		[ 0.3333333 [ 418 419 420 421 ] ]
		[ 0.3666667 [ 422 423 420 424 ] ]
		[ 0.4 [ 425 426 427 428 ] ]
		[ 0.4333333 [ 429 430 431 432 ] ]
		[ 0.4666667 [ 433 434 435 436 ] ]
		[ 0.5 [ 437 438 439 440 ] ]
		[ 0.5333334 [ 441 442 443 444 ] ]
		[ 0.5666667 [ 445 446 447 448 ] ]
		[ 0.6 [ 394 395 396 397 ] ]
		[ 0.6333333 [ 449 450 451 452 ] ]
		[ 0.6666667 [ 453 454 455 456 ] ]
		[ 0.7 [ 457 458 459 460 ] ]
		[ 0.7333333 [ 461 462 463 464 ] ]
		[ 0.7666667 [ 378 379 380 381 ] ]
		[ 0.8 [ 378 379 380 381 ] ]
		[ 0.8333333 [ 378 379 380 381 ] ]
		[ 0.8666667 [ 378 379 380 381 ] ]
		[ 0.9 [ 378 379 380 381 ] ]
		[ 0.9333333 [ 378 379 380 381 ] ]
		[ 0.9666666 [ 378 379 380 381 ] ]
	]
	"Sword" [
		[ 0 [ 465 466 467 468 ] ]
		[ 0.03333334 [ 469 470 471 472 ] ]
		[ 0.06666667 [ 473 474 475 476 ] ]
		[ 0.1 [ 477 478 479 480 ] ]
		[ 0.1333333 [ 481 482 483 484 ] ]
		[ 0.1666667 [ 485 486 487 488 ] ]
		[ 0.2 [ 489 490 491 492 ] ]
		[ 0.2333333 [ 493 494 495 496 ] ]
		[ 0.2666667 [ 497 498 499 500 ] ]
		[ 0.3 [ 501 502 503 504 ] ]
		[ 0.3333333 [ 505 506 507 508 ] ]
		[ 0.3666667 [ 509 510 507 511 ] ]
		[ 0.4 [ 505 506 512 513 ] ]
		[ 0.4333333 [ 514 515 516 517 ] ]
		[ 0.4666667 [ 518 519 520 521 ] ]
		[ 0.5 [ 522 523 524 525 ] ]
		[ 0.5333334 [ 526 527 528 529 ] ]
		[ 0.5666667 [ 530 531 532 533 ] ]
		[ 0.6 [ 481 482 483 484 ] ]
		[ 0.6333333 [ 534 535 536 537 ] ]
		[ 0.6666667 [ 538 539 540 541 ] ]
		[ 0.7 [ 542 543 544 545 ] ]
		[ 0.7333333 [ 546 547 548 549 ] ]
		[ 0.7666667 [ 465 466 467 468 ] ]
		[ 0.8 [ 465 466 467 468 ] ]
		[ 0.8333333 [ 465 466 467 468 ] ]
		[ 0.8666667 [ 465 466 467 468 ] ]
		[ 0.9 [ 465 466 467 468 ] ]
		[ 0.9333333 [ 465 466 467 468 ] ]
		[ 0.9666666 [ 465 466 467 468 ] ]
	]
	}
	:resources [
		[1.000 0.000 0.000]
		[0.000 0.000 1.000]
		[0.000 -1.000 0.000]
		[0.000 0.000 -0.040]
		[0.059 -0.337 0.940]
		[0.163 -0.925 -0.342]
		[0.985 0.174 0.000]
		[0.123 -0.038 0.000]
		[-0.906 0.423 0.000]
		[0.423 0.906 0.000]
		[0.000 0.000 -1.000]
		[0.000 0.532 0.000]
		[0.000 1.000 0.000]
		[0.000 0.578 0.000]
		[0.682 -0.337 0.650]
		[-0.367 -0.925 -0.095]
		[0.633 -0.174 -0.754]
		[-0.123 -0.038 0.000]
		[0.000 0.940 -0.342]
		[0.000 0.342 0.940]
		[0.000 0.130 0.000]
		[0.996 0.000 -0.093]
		[-0.032 0.940 -0.341]
		[0.088 0.342 0.936]
		[0.981 0.000 -0.193]
		[-0.066 0.940 -0.336]
		[0.181 0.342 0.922]
		[0.957 0.000 -0.290]
		[-0.099 0.940 -0.327]
		[0.273 0.342 0.899]
		[0.926 0.000 -0.378]
		[-0.129 0.940 -0.317]
		[0.355 0.342 0.870]
		[0.893 0.000 -0.450]
		[-0.154 0.940 -0.305]
		[0.423 0.342 0.839]
		[0.866 0.000 -0.500]
		[-0.171 0.940 -0.296]
		[0.470 0.342 0.814]
		[0.846 0.000 -0.533]
		[-0.182 0.940 -0.289]
		[0.501 0.342 0.795]
		[0.830 0.000 -0.558]
		[-0.191 0.940 -0.284]
		[0.524 0.342 0.780]
		[0.819 0.000 -0.574]
		[-0.196 0.940 -0.280]
		[0.539 0.342 0.770]
		[0.813 0.000 -0.583]
		[-0.199 0.940 -0.278]
		[0.547 0.342 0.764]
		[0.812 0.000 -0.584]
		[-0.200 0.940 -0.278]
		[0.549 0.342 0.763]
		[0.815 0.000 -0.579]
		[-0.198 0.940 -0.279]
		[0.544 0.342 0.766]
		[0.824 0.000 -0.567]
		[-0.194 0.940 -0.282]
		[0.533 0.342 0.774]
		[0.836 0.000 -0.548]
		[-0.188 0.940 -0.286]
		[0.515 0.342 0.786]
		[0.852 0.000 -0.523]
		[-0.179 0.940 -0.291]
		[0.492 0.342 0.801]
		[0.871 0.000 -0.491]
		[-0.168 0.940 -0.298]
		[0.461 0.342 0.819]
		[0.897 0.000 -0.443]
		[-0.151 0.940 -0.307]
		[0.416 0.342 0.843]
		[0.954 0.000 -0.301]
		[-0.103 0.940 -0.326]
		[0.283 0.342 0.896]
		[0.977 0.000 -0.215]
		[-0.073 0.940 -0.334]
		[0.202 0.342 0.918]
		[0.992 0.000 -0.126]
		[-0.043 0.940 -0.339]
		[0.118 0.342 0.932]
		[0.999 0.000 -0.040]
		[-0.014 0.940 -0.342]
		[0.038 0.342 0.939]
		[0.000 0.940 0.342]
		[0.000 -0.342 0.940]
		[0.000 0.596 0.000]
		[0.996 -0.029 0.083]
		[-0.001 0.939 0.343]
		[-0.088 -0.342 0.936]
		[0.983 -0.061 0.171]
		[-0.002 0.938 0.347]
		[-0.181 -0.342 0.922]
		[0.962 -0.092 0.257]
		[-0.005 0.935 0.354]
		[-0.273 -0.342 0.899]
		[0.935 -0.121 0.334]
		[-0.009 0.932 0.363]
		[-0.355 -0.342 0.870]
		[0.906 -0.146 0.397]
		[-0.014 0.928 0.371]
		[-0.423 -0.342 0.839]
		[0.883 -0.163 0.441]
		[-0.018 0.925 0.379]
		[-0.470 -0.342 0.814]
		[0.865 -0.175 0.470]
		[-0.022 0.923 0.384]
		[-0.501 -0.342 0.795]
		[0.851 -0.184 0.491]
		[-0.024 0.921 0.388]
		[-0.524 -0.342 0.780]
		[0.842 -0.190 0.505]
		[-0.027 0.920 0.390]
		[-0.539 -0.342 0.770]
		[0.836 -0.193 0.513]
		[-0.028 0.920 0.392]
		[-0.547 -0.342 0.764]
		[0.835 -0.194 0.514]
		[-0.028 0.919 0.392]
		[-0.549 -0.342 0.763]
		[0.839 -0.192 0.510]
		[-0.027 0.920 0.391]
		[-0.544 -0.342 0.766]
		[0.846 -0.188 0.499]
		[-0.026 0.921 0.389]
		[-0.533 -0.342 0.774]
		[0.857 -0.181 0.483]
		[-0.023 0.922 0.386]
		[-0.515 -0.342 0.786]
		[0.871 -0.172 0.461]
		[-0.020 0.924 0.382]
		[-0.492 -0.342 0.801]
		[0.887 -0.160 0.433]
		[-0.017 0.926 0.377]
		[-0.461 -0.342 0.819]
		[0.909 -0.143 0.391]
		[-0.013 0.929 0.371]
		[-0.416 -0.342 0.843]
		[0.959 -0.095 0.266]
		[-0.005 0.935 0.355]
		[-0.283 -0.342 0.896]
		[0.979 -0.068 0.190]
		[-0.003 0.937 0.349]
		[-0.202 -0.342 0.918]
		[0.993 -0.040 0.112]
		[-0.001 0.939 0.344]
		[-0.118 -0.342 0.932]
		[0.999 -0.013 0.036]
		[-0.038 -0.342 0.939]
		[0.000 0.315 0.000]
		[0.000 0.470 0.000]
		[0.000 0.300 0.000]
		[-1.000 0.000 0.000]
		[-0.040 0.557 0.830]
		[0.580 -0.663 0.473]
		[0.814 0.500 -0.296]
		[0.279 0.394 -0.035]
		[0.056 0.416 0.908]
		[0.599 -0.741 0.303]
		[0.799 0.527 -0.291]
		[0.167 0.254 0.953]
		[0.601 -0.792 0.106]
		[0.782 0.555 -0.285]
		[0.280 0.088 0.956]
		[0.581 -0.808 -0.096]
		[0.764 0.582 -0.278]
		[0.385 -0.061 0.921]
		[0.543 -0.792 -0.280]
		[0.746 0.607 -0.272]
		[0.470 -0.181 0.864]
		[0.494 -0.757 -0.428]
		[0.731 0.628 -0.266]
		[0.528 -0.262 0.808]
		[0.451 -0.720 -0.528]
		[0.720 0.643 -0.262]
		[0.565 -0.313 0.763]
		[0.417 -0.690 -0.592]
		[0.712 0.653 -0.259]
		[0.592 -0.350 0.726]
		[0.389 -0.665 -0.638]
		[0.706 0.660 -0.257]
		[0.609 -0.374 0.700]
		[0.370 -0.647 -0.667]
		[0.702 0.665 -0.255]
		[0.618 -0.386 0.685]
		[0.359 -0.637 -0.683]
		[0.700 0.668 -0.255]
		[0.620 -0.389 0.682]
		[0.357 -0.635 -0.686]
		[0.699 0.668 -0.255]
		[0.614 -0.381 0.691]
		[0.363 -0.641 -0.676]
		[0.701 0.666 -0.255]
		[0.602 -0.364 0.711]
		[0.378 -0.654 -0.655]
		[0.704 0.663 -0.256]
		[0.582 -0.337 0.740]
		[0.400 -0.674 -0.621]
		[0.708 0.657 -0.258]
		[0.554 -0.298 0.777]
		[0.427 -0.699 -0.573]
		[0.714 0.650 -0.260]
		[0.517 -0.247 0.819]
		[0.459 -0.727 -0.510]
		[0.722 0.640 -0.263]
		[0.462 -0.170 0.871]
		[0.500 -0.761 -0.414]
		[0.733 0.626 -0.267]
		[0.385 -0.062 0.921]
		[0.293 0.071 0.954]
		[0.578 -0.808 -0.118]
		[0.762 0.585 -0.277]
		[0.192 0.217 0.957]
		[0.598 -0.799 0.061]
		[0.778 0.561 -0.283]
		[0.092 0.364 0.927]
		[0.602 -0.762 0.239]
		[0.793 0.536 -0.289]
		[0.001 0.497 0.868]
		[0.590 -0.701 0.401]
		[0.807 0.512 -0.294]
		[0.000 0.316 0.000]
		[-0.093 0.996 0.000]
		[-0.996 -0.093 0.000]
		[-0.193 0.981 0.000]
		[-0.981 -0.193 0.000]
		[-0.290 0.957 0.000]
		[-0.957 -0.290 0.000]
		[-0.378 0.926 0.000]
		[-0.926 -0.378 0.000]
		[-0.450 0.893 0.000]
		[-0.893 -0.450 0.000]
		[-0.500 0.866 0.000]
		[-0.866 -0.500 0.000]
		[-0.533 0.846 0.000]
		[-0.846 -0.533 0.000]
		[-0.558 0.830 0.000]
		[-0.830 -0.558 0.000]
		[-0.574 0.819 0.000]
		[-0.819 -0.574 0.000]
		[-0.583 0.813 0.000]
		[-0.813 -0.583 0.000]
		[-0.584 0.812 0.000]
		[-0.812 -0.584 0.000]
		[-0.579 0.815 0.000]
		[-0.815 -0.579 0.000]
		[-0.567 0.824 0.000]
		[-0.824 -0.567 0.000]
		[-0.548 0.836 0.000]
		[-0.836 -0.548 0.000]
		[-0.523 0.852 0.000]
		[-0.852 -0.523 0.000]
		[-0.491 0.871 0.000]
		[-0.871 -0.491 0.000]
		[-0.443 0.897 0.000]
		[-0.897 -0.443 0.000]
		[-0.301 0.954 0.000]
		[-0.954 -0.301 0.000]
		[-0.215 0.977 0.000]
		[-0.977 -0.215 0.000]
		[-0.126 0.992 0.000]
		[-0.992 -0.126 0.000]
		[-0.040 0.999 0.000]
		[-0.999 -0.040 0.000]
		[0.000 0.469 0.000]
		[-0.106 0.621 0.777]
		[-0.406 -0.740 0.536]
		[0.908 -0.259 0.330]
		[-0.279 0.394 -0.035]
		[-0.030 0.612 0.790]
		[-0.405 -0.730 0.551]
		[0.914 -0.304 0.270]
		[0.053 0.602 0.797]
		[-0.403 -0.717 0.569]
		[0.914 -0.351 0.204]
		[0.136 0.590 0.796]
		[-0.399 -0.703 0.589]
		[0.907 -0.398 0.140]
		[0.212 0.577 0.788]
		[-0.394 -0.688 0.610]
		[0.894 -0.440 0.081]
		[0.276 0.566 0.777]
		[-0.388 -0.674 0.629]
		[0.879 -0.475 0.033]
		[0.321 0.557 0.766]
		[-0.383 -0.663 0.643]
		[0.866 -0.500 0.000]
		[0.352 0.550 0.757]
		[-0.379 -0.656 0.653]
		[0.856 -0.517 -0.022]
		[0.374 0.545 0.750]
		[-0.376 -0.650 0.660]
		[0.848 -0.529 -0.038]
		[0.390 0.542 0.745]
		[-0.373 -0.646 0.666]
		[0.842 -0.537 -0.049]
		[0.398 0.540 0.742]
		[-0.372 -0.644 0.669]
		[0.839 -0.542 -0.055]
		[0.399 0.540 0.741]
		[-0.372 -0.643 0.669]
		[0.838 -0.543 -0.056]
		[0.394 0.541 0.743]
		[-0.373 -0.645 0.667]
		[0.840 -0.540 -0.053]
		[0.383 0.543 0.747]
		[-0.374 -0.648 0.663]
		[0.844 -0.534 -0.045]
		[0.366 0.547 0.753]
		[-0.377 -0.652 0.658]
		[0.851 -0.524 -0.032]
		[0.343 0.552 0.760]
		[-0.380 -0.658 0.650]
		[0.859 -0.512 -0.016]
		[0.313 0.558 0.768]
		[-0.384 -0.665 0.640]
		[0.869 -0.495 0.006]
		[0.270 0.567 0.778]
		[-0.389 -0.675 0.627]
		[0.881 -0.472 0.038]
		[0.213 0.577 0.788]
		[0.145 0.588 0.795]
		[-0.398 -0.701 0.591]
		[0.906 -0.403 0.133]
		[0.072 0.599 0.797]
		[-0.402 -0.714 0.573]
		[0.913 -0.362 0.190]
		[-0.002 0.609 0.793]
		[-0.404 -0.726 0.556]
		[0.915 -0.319 0.248]
		[-0.073 0.617 0.783]
		[-0.406 -0.736 0.542]
		[0.911 -0.278 0.304]
		[0.500 0.866 0.000]
		[-0.866 0.500 0.000]
		[0.417 0.909 0.000]
		[-0.909 0.417 0.000]
		[0.324 0.946 0.000]
		[-0.946 0.324 0.000]
		[0.227 0.974 0.000]
		[-0.974 0.227 0.000]
		[0.135 0.991 0.000]
		[-0.991 0.135 0.000]
		[0.057 0.998 0.000]
		[-0.998 0.057 0.000]
		[-0.039 0.999 0.000]
		[-0.999 -0.039 0.000]
		[-0.068 0.998 0.000]
		[-0.998 -0.068 0.000]
		[-0.087 0.996 0.000]
		[-0.996 -0.087 0.000]
		[-0.098 0.995 0.000]
		[-0.995 -0.098 0.000]
		[-0.100 0.995 0.000]
		[-0.995 -0.100 0.000]
		[-0.094 0.996 0.000]
		[-0.996 -0.094 0.000]
		[-0.079 0.997 0.000]
		[-0.997 -0.079 0.000]
		[-0.057 0.998 0.000]
		[-0.998 -0.057 0.000]
		[-0.027 1.000 0.000]
		[-1.000 -0.027 0.000]
		[0.011 1.000 0.000]
		[-1.000 0.011 0.000]
		[0.065 0.998 0.000]
		[-0.998 0.065 0.000]
		[0.216 0.976 0.000]
		[-0.976 0.216 0.000]
		[0.302 0.953 0.000]
		[-0.953 0.302 0.000]
		[0.387 0.922 0.000]
		[-0.922 0.387 0.000]
		[0.465 0.886 0.000]
		[-0.886 0.465 0.000]
		[100.000 0.000 0.000]
		[0.000 0.000 -100.000]
		[0.000 100.000 0.000]
		[0.129 -0.376 0.047]
		[-0.065 -0.070 -0.388]
		[0.037 0.012 -0.008]
		[0.588 0.224 1.305]
		[0.204 -0.340 -0.055]
		[-0.101 0.003 -0.387]
		[0.033 0.021 -0.008]
		[0.511 0.367 1.324]
		[0.259 -0.260 -0.159]
		[-0.162 0.060 -0.361]
		[0.026 0.030 -0.007]
		[0.401 0.488 1.367]
		[0.276 -0.150 -0.248]
		[-0.236 0.083 -0.312]
		[0.017 0.036 -0.003]
		[0.276 0.566 1.428]
		[0.250 -0.039 -0.310]
		[-0.302 0.069 -0.253]
		[0.008 0.039 0.001]
		[0.161 0.600 1.494]
		[0.198 0.050 -0.344]
		[-0.348 0.033 -0.195]
		[0.000 0.040 0.006]
		[0.071 0.601 1.554]
		[0.145 0.105 -0.358]
		[-0.370 -0.006 -0.152]
		[-0.005 0.039 0.010]
		[0.015 0.589 1.596]
		[0.103 0.137 -0.361]
		[-0.379 -0.038 -0.122]
		[-0.008 0.037 0.012]
		[-0.019 0.576 1.625]
		[0.069 0.157 -0.361]
		[-0.382 -0.063 -0.100]
		[-0.010 0.036 0.014]
		[-0.041 0.564 1.645]
		[0.045 0.169 -0.360]
		[-0.382 -0.082 -0.086]
		[-0.011 0.035 0.015]
		[-0.055 0.554 1.659]
		[0.031 0.174 -0.359]
		[-0.381 -0.092 -0.078]
		[-0.012 0.035 0.016]
		[-0.062 0.549 1.666]
		[0.029 0.175 -0.358]
		[-0.381 -0.094 -0.076]
		[-0.063 0.548 1.667]
		[0.037 0.172 -0.359]
		[-0.382 -0.088 -0.081]
		[-0.011 0.035 0.016]
		[-0.059 0.551 1.663]
		[0.055 0.164 -0.361]
		[-0.382 -0.074 -0.092]
		[-0.010 0.036 0.015]
		[-0.050 0.558 1.653]
		[0.082 0.150 -0.362]
		[-0.381 -0.054 -0.108]
		[-0.009 0.037 0.013]
		[-0.033 0.568 1.638]
		[0.116 0.128 -0.361]
		[-0.377 -0.028 -0.131]
		[-0.007 0.038 0.011]
		[-0.009 0.580 1.616]
		[0.156 0.096 -0.356]
		[-0.367 0.002 -0.160]
		[-0.004 0.039 0.009]
		[0.025 0.592 1.588]
		[0.204 0.041 -0.341]
		[-0.344 0.037 -0.201]
		[0.001 0.040 0.005]
		[0.080 0.602 1.548]
		[0.275 -0.138 -0.256]
		[-0.244 0.083 -0.306]
		[0.016 0.037 -0.003]
		[0.263 0.572 1.435]
		[0.267 -0.237 -0.181]
		[-0.178 0.068 -0.352]
		[0.024 0.031 -0.006]
		[0.374 0.509 1.379]
		[0.226 -0.318 -0.091]
		[-0.119 0.025 -0.381]
		[0.031 0.024 -0.008]
		[0.477 0.411 1.335]
		[0.163 -0.365 0.002]
		[-0.077 -0.037 -0.391]
		[0.036 0.016 -0.009]
		[0.558 0.289 1.310]
		[0.132 0.000 -0.048]
		[0.000 0.140 0.000]
		[0.048 0.000 0.132]
		[-0.441 0.050 1.019]
		[0.129 0.021 -0.051]
		[-0.017 0.138 0.014]
		[0.053 -0.007 0.130]
		[-0.464 0.048 1.039]
		[0.122 0.042 -0.054]
		[-0.033 0.133 0.029]
		[0.060 -0.012 0.126]
		[-0.493 0.038 1.067]
		[0.113 0.060 -0.057]
		[-0.045 0.125 0.043]
		[0.070 -0.016 0.120]
		[-0.524 0.017 1.100]
		[0.102 0.075 -0.060]
		[-0.054 0.117 0.055]
		[0.079 -0.016 0.114]
		[-0.550 -0.011 1.135]
		[0.091 0.086 -0.062]
		[-0.060 0.109 0.064]
		[0.088 -0.015 0.108]
		[-0.569 -0.040 1.167]
		[0.083 0.093 -0.064]
		[-0.063 0.104 0.070]
		[0.094 -0.013 0.103]
		[-0.580 -0.065 1.191]
		[0.077 0.097 -0.065]
		[-0.064 0.100 0.074]
		[0.098 -0.011 0.099]
		[-0.586 -0.083 1.209]
		[0.072 0.100 -0.066]
		[-0.065 0.097 0.077]
		[0.101 -0.010 0.097]
		[-0.589 -0.097 1.222]
		[0.069 0.102 -0.066]
		[-0.065 0.096 0.079]
		[0.103 -0.008 0.095]
		[-0.591 -0.106 1.231]
		[0.068 0.103 -0.066]
		[-0.065 0.095 0.080]
		[0.104 -0.008 0.094]
		[-0.592 -0.111 1.236]
		[0.067 0.103 -0.067]
		[-0.065 0.094 0.080]
		[-0.593 -0.112 1.237]
		[0.103 -0.008 0.094]
		[-0.592 -0.109 1.234]
		[0.071 0.101 -0.066]
		[-0.065 0.096 0.078]
		[0.102 -0.009 0.096]
		[-0.591 -0.102 1.227]
		[0.074 0.099 -0.065]
		[-0.064 0.098 0.076]
		[0.100 -0.010 0.098]
		[-0.588 -0.091 1.217]
		[0.079 0.096 -0.064]
		[-0.064 0.101 0.073]
		[0.097 -0.012 0.101]
		[-0.584 -0.077 1.203]
		[0.084 0.092 -0.063]
		[-0.062 0.105 0.069]
		[0.093 -0.013 0.104]
		[-0.578 -0.060 1.187]
		[0.092 0.085 -0.062]
		[-0.059 0.110 0.063]
		[0.087 -0.015 0.109]
		[-0.567 -0.037 1.164]
		[0.112 0.062 -0.058]
		[-0.047 0.124 0.044]
		[0.071 -0.016 0.120]
		[-0.527 0.015 1.103]
		[0.120 0.046 -0.055]
		[-0.036 0.132 0.032]
		[0.062 -0.013 0.125]
		[-0.500 0.034 1.074]
		[0.127 0.028 -0.052]
		[-0.022 0.137 0.019]
		[0.055 -0.009 0.129]
		[-0.473 0.046 1.047]
		[0.131 0.009 -0.049]
		[-0.007 0.140 0.006]
		[0.050 -0.003 0.131]
		[-0.450 0.050 1.027]]
}