{ :name "Block" :length 0.75 :bones { 
	"Skelet" [
		[ 0 [ 0 1 2 3 ] ]
	]
	"Bedro_L" [
		[ 0 [ 4 5 6 7 ] ]
	]
	"Koleno_L" [
		[ 0 [ 8 9 10 11 ] ]
	]
	"Koleno_L_end" [
		[ 0 [ 0 12 1 13 ] ]
	]
	"Koleno_L_end_end" [
		[ 0 [ 0 12 1 13 ] ]
	]
	"Bedro_P" [
		[ 0 [ 14 15 16 17 ] ]
	]
	"Koleno_P" [
		[ 0 [ 8 9 10 11 ] ]
	]
	"Koleno_P_end" [
		[ 0 [ 0 12 1 13 ] ]
	]
	"Koleno_P_end_end" [
		[ 0 [ 0 12 1 13 ] ]
	]
	"Tors" [
		[ 0 [ 0 18 19 20 ] ]
		[ 0.025 [ 21 22 23 20 ] ]
		[ 0.05 [ 24 25 26 20 ] ]
		[ 0.075 [ 27 28 29 20 ] ]
		[ 0.1 [ 30 31 32 20 ] ]
		[ 0.125 [ 33 34 35 20 ] ]
		[ 0.15 [ 36 37 38 20 ] ]
		[ 0.175 [ 39 40 41 20 ] ]
		[ 0.2 [ 42 43 44 20 ] ]
		[ 0.225 [ 45 46 47 20 ] ]
		[ 0.25 [ 48 49 50 20 ] ]
		[ 0.275 [ 51 52 53 20 ] ]
		[ 0.3 [ 54 55 56 20 ] ]
		[ 0.325 [ 57 58 59 20 ] ]
		[ 0.35 [ 60 61 62 20 ] ]
		[ 0.375 [ 63 61 64 20 ] ]
		[ 0.4 [ 65 66 67 20 ] ]
		[ 0.425 [ 68 69 70 20 ] ]
		[ 0.45 [ 71 72 73 20 ] ]
		[ 0.475 [ 74 75 76 20 ] ]
		[ 0.5 [ 77 78 79 20 ] ]
		[ 0.525 [ 42 43 44 20 ] ]
		[ 0.55 [ 80 81 82 20 ] ]
		[ 0.575 [ 83 84 85 20 ] ]
		[ 0.6 [ 86 87 88 20 ] ]
		[ 0.625 [ 89 90 91 20 ] ]
		[ 0.65 [ 92 93 94 20 ] ]
		[ 0.675 [ 95 96 97 20 ] ]
		[ 0.7 [ 98 99 100 20 ] ]
		[ 0.725 [ 101 102 103 20 ] ]
	]
	"Golova" [
		[ 0 [ 0 104 105 106 ] ]
		[ 0.025 [ 107 108 109 106 ] ]
		[ 0.05 [ 110 111 112 106 ] ]
		[ 0.075 [ 113 114 115 106 ] ]
		[ 0.1 [ 116 117 118 106 ] ]
		[ 0.125 [ 119 120 121 106 ] ]
		[ 0.15 [ 122 123 124 106 ] ]
		[ 0.175 [ 125 126 127 106 ] ]
		[ 0.2 [ 128 129 130 106 ] ]
		[ 0.225 [ 131 132 133 106 ] ]
		[ 0.25 [ 134 135 136 106 ] ]
		[ 0.275 [ 137 138 139 106 ] ]
		[ 0.3 [ 140 141 142 106 ] ]
		[ 0.325 [ 143 144 145 106 ] ]
		[ 0.35 [ 146 147 148 106 ] ]
		[ 0.375 [ 149 150 151 106 ] ]
		[ 0.4 [ 152 153 154 106 ] ]
		[ 0.425 [ 155 156 157 106 ] ]
		[ 0.45 [ 158 138 159 106 ] ]
		[ 0.475 [ 160 161 162 106 ] ]
		[ 0.5 [ 163 164 165 106 ] ]
		[ 0.525 [ 128 129 130 106 ] ]
		[ 0.55 [ 166 167 168 106 ] ]
		[ 0.575 [ 169 170 171 106 ] ]
		[ 0.6 [ 172 173 174 106 ] ]
		[ 0.625 [ 175 176 177 106 ] ]
		[ 0.65 [ 178 179 180 106 ] ]
		[ 0.675 [ 181 182 183 106 ] ]
		[ 0.7 [ 184 185 186 106 ] ]
		[ 0.725 [ 187 108 188 106 ] ]
	]
	"Golova_end" [
		[ 0 [ 0 12 1 189 ] ]
	]
	"Golova_end_end" [
		[ 0 [ 0 12 1 189 ] ]
	]
	"Kluchitsa_L" [
		[ 0 [ 1 0 12 190 ] ]
	]
	"Kluchitsa_L_end" [
		[ 0 [ 0 12 1 191 ] ]
	]
	"Kluchitsa_L_end_end" [
		[ 0 [ 0 12 1 191 ] ]
	]
	"Kluchitsa_P" [
		[ 0 [ 10 192 12 190 ] ]
	]
	"Kluchitsa_P_end" [
		[ 0 [ 0 12 1 191 ] ]
	]
	"Kluchitsa_P_end_end" [
		[ 0 [ 0 12 1 191 ] ]
	]
	"Ruka_L" [
		[ 0 [ 193 194 195 196 ] ]
		[ 0.025 [ 197 198 199 196 ] ]
		[ 0.05 [ 200 201 202 196 ] ]
		[ 0.075 [ 203 204 205 196 ] ]
		[ 0.1 [ 206 207 208 196 ] ]
		[ 0.125 [ 209 210 211 196 ] ]
		[ 0.15 [ 212 213 214 196 ] ]
		[ 0.175 [ 215 216 217 196 ] ]
		[ 0.2 [ 218 219 220 196 ] ]
		[ 0.225 [ 221 222 223 196 ] ]
		[ 0.25 [ 224 225 226 196 ] ]
		[ 0.275 [ 227 228 229 196 ] ]
		[ 0.3 [ 230 231 232 196 ] ]
		[ 0.325 [ 233 234 235 196 ] ]
		[ 0.35 [ 236 237 238 196 ] ]
		[ 0.375 [ 239 240 238 196 ] ]
		[ 0.4 [ 241 242 243 196 ] ]
		[ 0.425 [ 244 245 246 196 ] ]
		[ 0.45 [ 247 248 249 196 ] ]
		[ 0.475 [ 250 251 252 196 ] ]
		[ 0.5 [ 253 254 223 196 ] ]
		[ 0.525 [ 218 219 220 196 ] ]
		[ 0.55 [ 255 256 257 196 ] ]
		[ 0.575 [ 258 259 260 196 ] ]
		[ 0.6 [ 261 262 263 196 ] ]
		[ 0.625 [ 264 265 266 196 ] ]
		[ 0.65 [ 267 268 269 196 ] ]
		[ 0.675 [ 270 271 272 196 ] ]
		[ 0.7 [ 273 274 275 196 ] ]
		[ 0.725 [ 276 277 278 196 ] ]
	]
	"Lokot_L" [
		[ 0 [ 12 192 1 279 ] ]
		[ 0.025 [ 280 281 1 279 ] ]
		[ 0.05 [ 282 283 1 279 ] ]
		[ 0.075 [ 284 285 1 279 ] ]
		[ 0.1 [ 286 287 1 279 ] ]
		[ 0.125 [ 288 289 1 279 ] ]
		[ 0.15 [ 290 291 1 279 ] ]
		[ 0.175 [ 292 293 1 279 ] ]
		[ 0.2 [ 294 295 1 279 ] ]
		[ 0.225 [ 296 297 1 279 ] ]
		[ 0.25 [ 298 299 1 279 ] ]
		[ 0.275 [ 300 301 1 279 ] ]
		[ 0.3 [ 302 303 1 279 ] ]
		[ 0.325 [ 304 305 1 279 ] ]
		[ 0.35 [ 306 307 1 279 ] ]
		[ 0.375 [ 308 309 1 279 ] ]
		[ 0.4 [ 310 311 1 279 ] ]
		[ 0.425 [ 312 313 1 279 ] ]
		[ 0.45 [ 314 315 1 279 ] ]
		[ 0.475 [ 316 317 1 279 ] ]
		[ 0.5 [ 318 319 1 279 ] ]
		[ 0.525 [ 294 295 1 279 ] ]
		[ 0.55 [ 320 321 1 279 ] ]
		[ 0.575 [ 322 323 1 279 ] ]
		[ 0.6 [ 324 325 1 279 ] ]
		[ 0.625 [ 326 327 1 279 ] ]
		[ 0.65 [ 328 329 1 279 ] ]
		[ 0.675 [ 330 331 1 279 ] ]
		[ 0.7 [ 332 333 1 279 ] ]
		[ 0.725 [ 334 335 1 279 ] ]
	]
	"Lokot_L_end" [
		[ 0 [ 0 12 1 336 ] ]
	]
	"Lokot_L_end_end" [
		[ 0 [ 0 12 1 336 ] ]
	]
	"Ruka_P" [
		[ 0 [ 337 338 339 340 ] ]
		[ 0.025 [ 341 342 343 340 ] ]
		[ 0.05 [ 344 345 346 340 ] ]
		[ 0.075 [ 347 348 349 340 ] ]
		[ 0.1 [ 350 351 352 340 ] ]
		[ 0.125 [ 353 354 355 340 ] ]
		[ 0.15 [ 356 357 358 340 ] ]
		[ 0.175 [ 359 360 361 340 ] ]
		[ 0.2 [ 362 363 364 340 ] ]
		[ 0.225 [ 365 366 367 340 ] ]
		[ 0.25 [ 368 369 370 340 ] ]
		[ 0.275 [ 371 372 373 340 ] ]
		[ 0.3 [ 374 375 376 340 ] ]
		[ 0.325 [ 377 378 379 340 ] ]
		[ 0.35 [ 380 381 382 340 ] ]
		[ 0.375 [ 380 383 384 340 ] ]
		[ 0.4 [ 385 386 387 340 ] ]
		[ 0.425 [ 388 389 390 340 ] ]
		[ 0.45 [ 391 392 393 340 ] ]
		[ 0.475 [ 394 395 396 340 ] ]
		[ 0.5 [ 397 398 399 340 ] ]
		[ 0.525 [ 362 363 364 340 ] ]
		[ 0.55 [ 400 401 402 340 ] ]
		[ 0.575 [ 403 404 405 340 ] ]
		[ 0.6 [ 406 407 408 340 ] ]
		[ 0.625 [ 409 410 411 340 ] ]
		[ 0.65 [ 412 413 414 340 ] ]
		[ 0.675 [ 415 416 417 340 ] ]
		[ 0.7 [ 418 419 420 340 ] ]
		[ 0.725 [ 421 422 423 340 ] ]
	]
	"Lokot_P" [
		[ 0 [ 424 425 1 279 ] ]
		[ 0.025 [ 426 427 1 279 ] ]
		[ 0.05 [ 428 429 1 279 ] ]
		[ 0.075 [ 430 431 1 279 ] ]
		[ 0.1 [ 432 433 1 279 ] ]
		[ 0.125 [ 434 435 1 279 ] ]
		[ 0.15 [ 436 437 1 279 ] ]
		[ 0.175 [ 438 439 1 279 ] ]
		[ 0.2 [ 12 192 1 279 ] ]
		[ 0.225 [ 440 441 1 279 ] ]
		[ 0.25 [ 442 443 1 279 ] ]
		[ 0.275 [ 444 445 1 279 ] ]
		[ 0.3 [ 446 447 1 279 ] ]
		[ 0.325 [ 448 449 1 279 ] ]
		[ 0.35 [ 450 451 1 279 ] ]
		[ 0.375 [ 452 453 1 279 ] ]
		[ 0.4 [ 454 455 1 279 ] ]
		[ 0.425 [ 456 457 1 279 ] ]
		[ 0.45 [ 280 281 1 279 ] ]
		[ 0.475 [ 458 459 1 279 ] ]
		[ 0.5 [ 460 461 1 279 ] ]
		[ 0.525 [ 12 192 1 279 ] ]
		[ 0.55 [ 462 463 1 279 ] ]
		[ 0.575 [ 464 465 1 279 ] ]
		[ 0.6 [ 466 467 1 279 ] ]
		[ 0.625 [ 468 469 1 279 ] ]
		[ 0.65 [ 470 471 1 279 ] ]
		[ 0.675 [ 472 473 1 279 ] ]
		[ 0.7 [ 474 475 1 279 ] ]
		[ 0.725 [ 476 477 1 279 ] ]
	]
	"Lokot_P_end" [
		[ 0 [ 0 12 1 336 ] ]
	]
	"Lokot_P_end_end" [
		[ 0 [ 0 12 1 336 ] ]
	]
	"Woin" [
		[ 0 [ 478 479 480 480 ] ]
	]
	"Shit" [
		[ 0 [ 481 482 483 484 ] ]
		[ 0.025 [ 485 486 487 488 ] ]
		[ 0.05 [ 489 490 491 492 ] ]
		[ 0.075 [ 493 494 495 496 ] ]
		[ 0.1 [ 497 498 499 500 ] ]
		[ 0.125 [ 501 502 503 504 ] ]
		[ 0.15 [ 505 506 507 508 ] ]
		[ 0.175 [ 509 510 511 512 ] ]
		[ 0.2 [ 513 514 515 516 ] ]
		[ 0.225 [ 517 518 519 520 ] ]
		[ 0.25 [ 521 522 523 524 ] ]
		[ 0.275 [ 525 526 527 528 ] ]
		[ 0.3 [ 529 530 531 532 ] ]
		[ 0.325 [ 533 534 535 536 ] ]
		[ 0.35 [ 537 538 535 539 ] ]
		[ 0.375 [ 540 541 535 542 ] ]
		[ 0.4 [ 543 544 545 546 ] ]
		[ 0.425 [ 547 548 549 550 ] ]
		[ 0.45 [ 551 552 527 553 ] ]
		[ 0.475 [ 554 555 556 557 ] ]
		[ 0.5 [ 558 559 519 560 ] ]
		[ 0.525 [ 513 514 515 516 ] ]
		[ 0.55 [ 561 562 563 564 ] ]
		[ 0.575 [ 565 566 567 568 ] ]
		[ 0.6 [ 569 570 571 572 ] ]
		[ 0.625 [ 573 574 575 576 ] ]
		[ 0.65 [ 577 578 579 580 ] ]
		[ 0.675 [ 581 582 583 584 ] ]
		[ 0.7 [ 585 586 587 588 ] ]
		[ 0.725 [ 589 590 591 592 ] ]
	]
	"Sword" [
		[ 0 [ 593 594 595 596 ] ]
		[ 0.025 [ 597 598 599 600 ] ]
		[ 0.05 [ 601 602 603 604 ] ]
		[ 0.075 [ 605 606 607 608 ] ]
		[ 0.1 [ 609 610 611 612 ] ]
		[ 0.125 [ 613 614 615 616 ] ]
		[ 0.15 [ 617 618 619 620 ] ]
		[ 0.175 [ 621 622 623 624 ] ]
		[ 0.2 [ 625 626 627 628 ] ]
		[ 0.225 [ 629 630 631 632 ] ]
		[ 0.25 [ 633 634 635 636 ] ]
		[ 0.275 [ 637 638 639 640 ] ]
		[ 0.3 [ 641 642 643 644 ] ]
		[ 0.325 [ 645 646 647 648 ] ]
		[ 0.35 [ 649 650 647 651 ] ]
		[ 0.375 [ 652 650 647 653 ] ]
		[ 0.4 [ 645 646 654 655 ] ]
		[ 0.425 [ 656 642 657 658 ] ]
		[ 0.45 [ 659 660 661 662 ] ]
		[ 0.475 [ 633 663 664 665 ] ]
		[ 0.5 [ 666 630 667 668 ] ]
		[ 0.525 [ 625 626 627 628 ] ]
		[ 0.55 [ 669 670 671 672 ] ]
		[ 0.575 [ 673 674 675 676 ] ]
		[ 0.6 [ 677 678 679 680 ] ]
		[ 0.625 [ 681 682 683 684 ] ]
		[ 0.65 [ 685 686 687 688 ] ]
		[ 0.675 [ 689 690 691 692 ] ]
		[ 0.7 [ 693 694 695 696 ] ]
		[ 0.725 [ 697 698 599 699 ] ]
	]
	}
	:resources [
		[1.000 0.000 0.000]
		[0.000 0.000 1.000]
		[0.000 -1.000 0.000]
		[0.000 0.000 -0.040]
		[0.059 -0.337 0.940]
		[0.163 -0.925 -0.342]
		[0.985 0.174 0.000]
		[0.123 -0.038 0.000]
		[-0.906 0.423 0.000]
		[0.423 0.906 0.000]
		[0.000 0.000 -1.000]
		[0.000 0.532 0.000]
		[0.000 1.000 0.000]
		[0.000 0.578 0.000]
		[0.682 -0.337 0.650]
		[-0.367 -0.925 -0.095]
		[0.633 -0.174 -0.754]
		[-0.123 -0.038 0.000]
		[0.000 0.940 -0.342]
		[0.000 0.342 0.940]
		[0.000 0.130 0.000]
		[0.998 0.000 -0.069]
		[-0.024 0.940 -0.341]
		[0.065 0.342 0.937]
		[0.990 0.000 -0.143]
		[-0.049 0.940 -0.339]
		[0.134 0.342 0.930]
		[0.976 0.000 -0.218]
		[-0.074 0.940 -0.334]
		[0.204 0.342 0.917]
		[0.957 0.000 -0.290]
		[-0.099 0.940 -0.327]
		[0.273 0.342 0.899]
		[0.934 0.000 -0.358]
		[-0.122 0.940 -0.319]
		[0.336 0.342 0.878]
		[0.909 0.000 -0.416]
		[-0.142 0.940 -0.311]
		[0.391 0.342 0.854]
		[0.886 0.000 -0.465]
		[-0.159 0.940 -0.303]
		[0.437 0.342 0.832]
		[0.866 0.000 -0.500]
		[-0.171 0.940 -0.296]
		[0.470 0.342 0.814]
		[0.851 0.000 -0.526]
		[-0.180 0.940 -0.291]
		[0.494 0.342 0.799]
		[0.838 0.000 -0.546]
		[-0.187 0.940 -0.286]
		[0.513 0.342 0.787]
		[0.827 0.000 -0.562]
		[-0.192 0.940 -0.283]
		[0.528 0.342 0.777]
		[0.819 0.000 -0.574]
		[-0.196 0.940 -0.280]
		[0.539 0.342 0.770]
		[0.814 0.000 -0.581]
		[-0.199 0.940 -0.278]
		[0.546 0.342 0.765]
		[0.812 0.000 -0.584]
		[-0.200 0.940 -0.278]
		[0.549 0.342 0.763]
		[0.812 0.000 -0.583]
		[0.548 0.342 0.763]
		[0.815 0.000 -0.579]
		[-0.198 0.940 -0.279]
		[0.544 0.342 0.766]
		[0.821 0.000 -0.571]
		[-0.195 0.940 -0.281]
		[0.536 0.342 0.772]
		[0.829 0.000 -0.559]
		[-0.191 0.940 -0.284]
		[0.525 0.342 0.779]
		[0.840 0.000 -0.543]
		[-0.186 0.940 -0.287]
		[0.510 0.342 0.789]
		[0.852 0.000 -0.523]
		[-0.179 0.940 -0.291]
		[0.492 0.342 0.801]
		[0.883 0.000 -0.469]
		[-0.160 0.940 -0.302]
		[0.441 0.342 0.830]
		[0.904 0.000 -0.428]
		[-0.146 0.940 -0.309]
		[0.402 0.342 0.849]
		[0.926 0.000 -0.378]
		[-0.129 0.940 -0.317]
		[0.355 0.342 0.870]
		[0.947 0.000 -0.321]
		[-0.110 0.940 -0.324]
		[0.302 0.342 0.890]
		[0.966 0.000 -0.258]
		[-0.088 0.940 -0.330]
		[0.243 0.342 0.908]
		[0.981 0.000 -0.193]
		[-0.066 0.940 -0.336]
		[0.181 0.342 0.922]
		[0.992 0.000 -0.126]
		[-0.043 0.940 -0.339]
		[0.118 0.342 0.932]
		[0.998 0.000 -0.061]
		[-0.021 0.940 -0.341]
		[0.057 0.342 0.938]
		[0.000 0.940 0.342]
		[0.000 -0.342 0.940]
		[0.000 0.596 0.000]
		[0.998 -0.022 0.061]
		[-0.001 0.939 0.343]
		[-0.065 -0.342 0.937]
		[0.991 -0.045 0.126]
		[-0.002 0.939 0.345]
		[-0.134 -0.342 0.930]
		[0.979 -0.069 0.193]
		[-0.003 0.937 0.349]
		[-0.204 -0.342 0.917]
		[0.962 -0.092 0.257]
		[-0.005 0.935 0.354]
		[-0.273 -0.342 0.899]
		[0.942 -0.114 0.316]
		[-0.008 0.933 0.361]
		[-0.336 -0.342 0.878]
		[0.920 -0.134 0.368]
		[-0.011 0.930 0.367]
		[-0.391 -0.342 0.854]
		[0.900 -0.151 0.410]
		[-0.015 0.928 0.373]
		[-0.437 -0.342 0.832]
		[0.883 -0.163 0.441]
		[-0.018 0.925 0.379]
		[-0.470 -0.342 0.814]
		[0.869 -0.172 0.463]
		[-0.021 0.924 0.382]
		[-0.494 -0.342 0.799]
		[0.858 -0.180 0.481]
		[-0.023 0.922 0.386]
		[-0.513 -0.342 0.787]
		[0.849 -0.186 0.495]
		[-0.025 0.921 0.388]
		[-0.528 -0.342 0.777]
		[0.842 -0.190 0.505]
		[-0.027 0.920 0.390]
		[-0.539 -0.342 0.770]
		[0.837 -0.193 0.512]
		[-0.027 0.920 0.392]
		[-0.546 -0.342 0.765]
		[0.835 -0.194 0.514]
		[-0.028 0.919 0.392]
		[-0.549 -0.342 0.763]
		[0.836 -0.194 0.514]
		[-0.028 0.920 0.392]
		[-0.548 -0.342 0.763]
		[0.839 -0.192 0.510]
		[-0.027 0.920 0.391]
		[-0.544 -0.342 0.766]
		[0.844 -0.189 0.502]
		[-0.026 0.921 0.390]
		[-0.536 -0.342 0.772]
		[0.851 -0.184 0.492]
		[-0.525 -0.342 0.779]
		[0.860 -0.179 0.478]
		[-0.023 0.923 0.385]
		[-0.510 -0.342 0.789]
		[0.871 -0.172 0.461]
		[-0.020 0.924 0.382]
		[-0.492 -0.342 0.801]
		[0.897 -0.152 0.414]
		[-0.015 0.927 0.374]
		[-0.441 -0.342 0.830]
		[0.915 -0.138 0.378]
		[-0.012 0.929 0.369]
		[-0.402 -0.342 0.849]
		[0.935 -0.121 0.334]
		[-0.009 0.932 0.363]
		[-0.355 -0.342 0.870]
		[0.953 -0.102 0.284]
		[-0.006 0.934 0.357]
		[-0.302 -0.342 0.890]
		[0.970 -0.082 0.229]
		[-0.004 0.936 0.352]
		[-0.243 -0.342 0.908]
		[0.983 -0.061 0.171]
		[-0.002 0.938 0.347]
		[-0.181 -0.342 0.922]
		[0.993 -0.040 0.112]
		[-0.001 0.939 0.344]
		[-0.118 -0.342 0.932]
		[0.998 -0.019 0.054]
		[-0.057 -0.342 0.938]
		[0.000 0.315 0.000]
		[0.000 0.470 0.000]
		[0.000 0.300 0.000]
		[-1.000 0.000 0.000]
		[-0.040 0.557 0.830]
		[0.580 -0.663 0.473]
		[0.814 0.500 -0.296]
		[0.279 0.394 -0.035]
		[0.030 0.454 0.891]
		[0.596 -0.724 0.349]
		[0.803 0.520 -0.292]
		[0.110 0.337 0.935]
		[0.603 -0.771 0.207]
		[0.790 0.541 -0.288]
		[0.195 0.212 0.958]
		[0.598 -0.800 0.055]
		[0.777 0.562 -0.283]
		[0.280 0.088 0.956]
		[0.581 -0.808 -0.096]
		[0.764 0.582 -0.278]
		[0.361 -0.026 0.932]
		[0.554 -0.798 -0.237]
		[0.751 0.602 -0.273]
		[0.431 -0.126 0.894]
		[0.519 -0.776 -0.359]
		[0.738 0.618 -0.269]
		[0.487 -0.205 0.849]
		[0.482 -0.747 -0.458]
		[0.728 0.632 -0.265]
		[0.528 -0.262 0.808]
		[0.451 -0.720 -0.528]
		[0.720 0.643 -0.262]
		[0.557 -0.302 0.774]
		[0.425 -0.697 -0.578]
		[0.714 0.650 -0.260]
		[0.580 -0.333 0.744]
		[0.402 -0.677 -0.617]
		[0.709 0.657 -0.258]
		[0.597 -0.357 0.719]
		[0.384 -0.660 -0.646]
		[0.705 0.661 -0.257]
		[0.609 -0.374 0.700]
		[0.370 -0.647 -0.667]
		[0.702 0.665 -0.255]
		[0.616 -0.384 0.687]
		[0.361 -0.638 -0.680]
		[0.700 0.667 -0.255]
		[0.620 -0.389 0.682]
		[0.357 -0.635 -0.686]
		[0.699 0.668 -0.255]
		[0.619 -0.388 0.683]
		[0.358 -0.635 -0.684]
		[0.614 -0.381 0.691]
		[0.363 -0.641 -0.676]
		[0.701 0.666 -0.255]
		[0.605 -0.369 0.705]
		[0.374 -0.650 -0.661]
		[0.703 0.664 -0.256]
		[0.593 -0.352 0.725]
		[0.388 -0.664 -0.639]
		[0.706 0.660 -0.257]
		[0.576 -0.328 0.749]
		[0.406 -0.680 -0.610]
		[0.710 0.656 -0.258]
		[0.554 -0.298 0.777]
		[0.427 -0.699 -0.573]
		[0.493 -0.213 0.844]
		[0.478 -0.744 -0.467]
		[0.727 0.634 -0.265]
		[0.445 -0.145 0.884]
		[0.511 -0.770 -0.383]
		[0.736 0.622 -0.268]
		[0.385 -0.062 0.921]
		[0.543 -0.792 -0.280]
		[0.746 0.607 -0.272]
		[0.317 0.036 0.948]
		[0.570 -0.806 -0.160]
		[0.758 0.591 -0.276]
		[0.243 0.143 0.959]
		[0.590 -0.807 -0.029]
		[0.770 0.573 -0.280]
		[0.166 0.254 0.953]
		[0.601 -0.792 0.106]
		[0.782 0.555 -0.285]
		[0.092 0.364 0.927]
		[0.602 -0.762 0.239]
		[0.793 0.536 -0.289]
		[0.022 0.466 0.884]
		[0.594 -0.718 0.363]
		[0.804 0.518 -0.293]
		[0.000 0.316 0.000]
		[-0.069 0.998 0.000]
		[-0.998 -0.069 0.000]
		[-0.143 0.990 0.000]
		[-0.990 -0.143 0.000]
		[-0.218 0.976 0.000]
		[-0.976 -0.218 0.000]
		[-0.290 0.957 0.000]
		[-0.957 -0.290 0.000]
		[-0.358 0.934 0.000]
		[-0.934 -0.358 0.000]
		[-0.416 0.909 0.000]
		[-0.909 -0.416 0.000]
		[-0.465 0.886 0.000]
		[-0.886 -0.465 0.000]
		[-0.500 0.866 0.000]
		[-0.866 -0.500 0.000]
		[-0.526 0.851 0.000]
		[-0.851 -0.526 0.000]
		[-0.546 0.838 0.000]
		[-0.838 -0.546 0.000]
		[-0.562 0.827 0.000]
		[-0.827 -0.562 0.000]
		[-0.574 0.819 0.000]
		[-0.819 -0.574 0.000]
		[-0.581 0.814 0.000]
		[-0.814 -0.581 0.000]
		[-0.584 0.812 0.000]
		[-0.812 -0.584 0.000]
		[-0.583 0.812 0.000]
		[-0.812 -0.583 0.000]
		[-0.579 0.815 0.000]
		[-0.815 -0.579 0.000]
		[-0.571 0.821 0.000]
		[-0.821 -0.571 0.000]
		[-0.559 0.829 0.000]
		[-0.829 -0.559 0.000]
		[-0.543 0.840 0.000]
		[-0.840 -0.543 0.000]
		[-0.523 0.852 0.000]
		[-0.852 -0.523 0.000]
		[-0.469 0.883 0.000]
		[-0.883 -0.469 0.000]
		[-0.428 0.904 0.000]
		[-0.904 -0.428 0.000]
		[-0.378 0.926 0.000]
		[-0.926 -0.378 0.000]
		[-0.321 0.947 0.000]
		[-0.947 -0.321 0.000]
		[-0.258 0.966 0.000]
		[-0.966 -0.258 0.000]
		[-0.193 0.981 0.000]
		[-0.981 -0.193 0.000]
		[-0.126 0.992 0.000]
		[-0.992 -0.126 0.000]
		[-0.061 0.998 0.000]
		[-0.998 -0.061 0.000]
		[0.000 0.469 0.000]
		[-0.106 0.621 0.777]
		[-0.406 -0.740 0.536]
		[0.908 -0.259 0.330]
		[-0.279 0.394 -0.035]
		[-0.049 0.615 0.787]
		[-0.405 -0.733 0.547]
		[0.913 -0.292 0.285]
		[0.011 0.607 0.794]
		[-0.404 -0.724 0.559]
		[0.915 -0.327 0.237]
		[0.074 0.599 0.797]
		[-0.402 -0.714 0.574]
		[0.913 -0.363 0.188]
		[0.136 0.590 0.796]
		[-0.399 -0.703 0.589]
		[0.907 -0.398 0.140]
		[0.194 0.580 0.791]
		[-0.395 -0.692 0.605]
		[0.898 -0.430 0.095]
		[0.246 0.571 0.783]
		[-0.391 -0.681 0.619]
		[0.887 -0.459 0.056]
		[0.289 0.563 0.774]
		[-0.387 -0.671 0.633]
		[0.876 -0.482 0.024]
		[0.321 0.557 0.766]
		[-0.383 -0.663 0.643]
		[0.866 -0.500 0.000]
		[0.345 0.552 0.759]
		[-0.380 -0.658 0.651]
		[0.858 -0.513 -0.017]
		[0.364 0.548 0.753]
		[-0.377 -0.653 0.657]
		[0.852 -0.523 -0.031]
		[0.379 0.544 0.748]
		[-0.375 -0.649 0.662]
		[0.846 -0.532 -0.042]
		[0.390 0.542 0.745]
		[-0.373 -0.646 0.666]
		[0.842 -0.537 -0.049]
		[0.396 0.541 0.742]
		[-0.372 -0.644 0.668]
		[0.839 -0.541 -0.054]
		[0.399 0.540 0.741]
		[-0.372 -0.643 0.669]
		[0.838 -0.543 -0.056]
		[-0.372 -0.644 0.669]
		[0.838 -0.542 -0.056]
		[0.394 0.541 0.743]
		[-0.373 -0.645 0.667]
		[0.840 -0.540 -0.053]
		[0.387 0.543 0.746]
		[-0.374 -0.647 0.665]
		[0.843 -0.536 -0.047]
		[0.375 0.545 0.750]
		[-0.376 -0.650 0.661]
		[0.847 -0.530 -0.039]
		[0.361 0.548 0.754]
		[-0.378 -0.654 0.656]
		[0.853 -0.522 -0.029]
		[0.343 0.552 0.760]
		[-0.380 -0.658 0.650]
		[0.859 -0.512 -0.016]
		[0.293 0.562 0.773]
		[-0.386 -0.670 0.634]
		[0.874 -0.485 0.021]
		[0.257 0.569 0.781]
		[-0.390 -0.678 0.623]
		[0.884 -0.464 0.048]
		[0.213 0.577 0.788]
		[-0.394 -0.688 0.610]
		[0.894 -0.440 0.081]
		[0.163 0.586 0.794]
		[-0.397 -0.698 0.596]
		[0.903 -0.413 0.119]
		[0.109 0.594 0.797]
		[-0.400 -0.708 0.582]
		[0.910 -0.383 0.161]
		[0.053 0.602 0.797]
		[-0.403 -0.717 0.569]
		[0.914 -0.351 0.204]
		[-0.002 0.609 0.793]
		[-0.404 -0.726 0.556]
		[0.915 -0.319 0.248]
		[-0.056 0.616 0.786]
		[-0.405 -0.734 0.545]
		[0.912 -0.288 0.291]
		[0.500 0.866 0.000]
		[-0.866 0.500 0.000]
		[0.439 0.898 0.000]
		[-0.898 0.439 0.000]
		[0.371 0.929 0.000]
		[-0.929 0.371 0.000]
		[0.300 0.954 0.000]
		[-0.954 0.300 0.000]
		[0.227 0.974 0.000]
		[-0.974 0.227 0.000]
		[0.157 0.988 0.000]
		[-0.988 0.157 0.000]
		[0.094 0.996 0.000]
		[-0.996 0.094 0.000]
		[0.040 0.999 0.000]
		[-0.999 0.040 0.000]
		[-0.030 1.000 0.000]
		[-1.000 -0.030 0.000]
		[-0.054 0.999 0.000]
		[-0.999 -0.054 0.000]
		[-0.074 0.997 0.000]
		[-0.997 -0.074 0.000]
		[-0.087 0.996 0.000]
		[-0.996 -0.087 0.000]
		[-0.096 0.995 0.000]
		[-0.995 -0.096 0.000]
		[-0.100 0.995 0.000]
		[-0.995 -0.100 0.000]
		[-0.099 0.995 0.000]
		[-0.995 -0.099 0.000]
		[-0.094 0.996 0.000]
		[-0.996 -0.094 0.000]
		[-0.084 0.997 0.000]
		[-0.997 -0.084 0.000]
		[-0.050 0.999 0.000]
		[-0.999 -0.050 0.000]
		[-0.027 1.000 0.000]
		[-1.000 -0.027 0.000]
		[0.035 0.999 0.000]
		[-0.999 0.035 0.000]
		[0.081 0.997 0.000]
		[-0.997 0.081 0.000]
		[0.135 0.991 0.000]
		[-0.991 0.135 0.000]
		[0.196 0.981 0.000]
		[-0.981 0.196 0.000]
		[0.259 0.966 0.000]
		[-0.966 0.259 0.000]
		[0.324 0.946 0.000]
		[-0.946 0.324 0.000]
		[0.387 0.922 0.000]
		[-0.922 0.387 0.000]
		[0.446 0.895 0.000]
		[-0.895 0.446 0.000]
		[100.000 0.000 0.000]
		[0.000 0.000 -100.000]
		[0.000 100.000 0.000]
		[0.129 -0.376 0.047]
		[-0.065 -0.070 -0.388]
		[0.037 0.012 -0.008]
		[0.588 0.224 1.305]
		[0.186 -0.353 -0.029]
		[-0.089 -0.015 -0.390]
		[0.034 0.019 -0.009]
		[0.533 0.332 1.317]
		[0.236 -0.305 -0.108]
		[-0.129 0.035 -0.377]
		[0.030 0.026 -0.008]
		[0.459 0.431 1.342]
		[0.268 -0.234 -0.183]
		[-0.180 0.069 -0.351]
		[0.024 0.032 -0.006]
		[0.370 0.512 1.381]
		[0.276 -0.150 -0.248]
		[-0.236 0.083 -0.312]
		[0.017 0.036 -0.003]
		[0.276 0.566 1.428]
		[0.260 -0.066 -0.297]
		[-0.287 0.076 -0.268]
		[0.010 0.039 0.000]
		[0.188 0.595 1.478]
		[0.226 0.009 -0.330]
		[-0.328 0.053 -0.223]
		[0.004 0.040 0.004]
		[0.112 0.604 1.526]
		[0.184 0.067 -0.349]
		[-0.355 0.022 -0.183]
		[-0.001 0.039 0.007]
		[0.054 0.599 1.566]
		[0.145 0.105 -0.358]
		[-0.370 -0.006 -0.152]
		[-0.005 0.039 0.010]
		[0.015 0.589 1.596]
		[0.113 0.130 -0.361]
		[-0.377 -0.030 -0.129]
		[-0.007 0.038 0.011]
		[-0.012 0.579 1.618]
		[0.085 0.148 -0.362]
		[-0.381 -0.051 -0.110]
		[-0.009 0.037 0.013]
		[-0.031 0.569 1.636]
		[0.062 0.161 -0.361]
		[-0.382 -0.069 -0.096]
		[-0.010 0.036 0.014]
		[-0.046 0.561 1.649]
		[0.045 0.169 -0.360]
		[-0.382 -0.082 -0.086]
		[-0.011 0.035 0.015]
		[-0.055 0.554 1.659]
		[0.033 0.174 -0.359]
		[-0.382 -0.090 -0.079]
		[-0.012 0.035 0.016]
		[-0.061 0.550 1.665]
		[0.029 0.175 -0.358]
		[-0.381 -0.094 -0.076]
		[-0.064 0.548 1.667]
		[0.030 0.175 -0.358]
		[-0.381 -0.093 -0.077]
		[-0.063 0.549 1.667]
		[0.037 0.172 -0.359]
		[-0.382 -0.088 -0.081]
		[-0.011 0.035 0.016]
		[-0.059 0.551 1.663]
		[0.049 0.167 -0.360]
		[-0.382 -0.078 -0.089]
		[-0.011 0.036 0.015]
		[-0.053 0.556 1.656]
		[0.067 0.158 -0.361]
		[-0.382 -0.065 -0.099]
		[-0.042 0.563 1.646]
		[0.090 0.145 -0.362]
		[-0.381 -0.048 -0.114]
		[-0.008 0.037 0.013]
		[-0.028 0.571 1.633]
		[0.116 0.128 -0.361]
		[-0.377 -0.028 -0.131]
		[-0.009 0.580 1.616]
		[0.179 0.072 -0.350]
		[-0.357 0.019 -0.179]
		[-0.002 0.039 0.007]
		[0.049 0.598 1.570]
		[0.217 0.023 -0.335]
		[-0.335 0.046 -0.213]
		[0.003 0.040 0.004]
		[0.098 0.603 1.535]
		[0.250 -0.039 -0.310]
		[-0.302 0.069 -0.253]
		[0.008 0.039 0.001]
		[0.161 0.600 1.494]
		[0.271 -0.112 -0.272]
		[-0.260 0.082 -0.293]
		[0.014 0.038 -0.002]
		[0.236 0.582 1.450]
		[0.275 -0.189 -0.221]
		[-0.211 0.079 -0.331]
		[0.020 0.034 -0.004]
		[0.318 0.545 1.406]
		[0.259 -0.260 -0.159]
		[-0.162 0.059 -0.361]
		[0.026 0.030 -0.007]
		[0.401 0.487 1.367]
		[0.226 -0.318 -0.091]
		[-0.119 0.025 -0.381]
		[0.031 0.024 -0.008]
		[0.477 0.411 1.335]
		[0.180 -0.357 -0.020]
		[-0.085 -0.021 -0.390]
		[0.035 0.018 -0.009]
		[0.540 0.320 1.315]
		[0.132 0.000 -0.048]
		[0.000 0.140 0.000]
		[0.048 0.000 0.132]
		[-0.441 0.050 1.019]
		[0.130 0.015 -0.050]
		[-0.013 0.139 0.010]
		[0.051 -0.005 0.130]
		[-0.457 0.050 1.033]
		[0.126 0.031 -0.053]
		[-0.025 0.136 0.021]
		[0.056 -0.010 0.128]
		[-0.478 0.044 1.052]
		[0.120 0.046 -0.055]
		[-0.036 0.131 0.032]
		[0.062 -0.013 0.125]
		[-0.501 0.034 1.074]
		[0.113 0.060 -0.057]
		[-0.045 0.125 0.043]
		[0.070 -0.016 0.120]
		[-0.524 0.017 1.100]
		[0.104 0.072 -0.059]
		[-0.053 0.119 0.052]
		[0.077 -0.016 0.116]
		[-0.544 -0.003 1.126]
		[0.096 0.081 -0.061]
		[-0.058 0.113 0.060]
		[0.084 -0.016 0.111]
		[-0.560 -0.026 1.151]
		[0.089 0.088 -0.063]
		[-0.061 0.108 0.066]
		[0.090 -0.015 0.107]
		[-0.572 -0.047 1.174]
		[0.083 0.093 -0.064]
		[-0.063 0.104 0.070]
		[0.094 -0.013 0.103]
		[-0.580 -0.065 1.191]
		[0.078 0.096 -0.065]
		[-0.064 0.101 0.073]
		[0.097 -0.012 0.100]
		[-0.585 -0.079 1.205]
		[0.075 0.099 -0.065]
		[-0.064 0.099 0.076]
		[0.099 -0.010 0.098]
		[-0.588 -0.090 1.216]
		[0.072 0.101 -0.066]
		[-0.065 0.097 0.078]
		[0.101 -0.009 0.096]
		[-0.590 -0.099 1.224]
		[0.069 0.102 -0.066]
		[-0.065 0.096 0.079]
		[0.103 -0.008 0.095]
		[-0.591 -0.106 1.231]
		[0.068 0.103 -0.066]
		[-0.065 0.095 0.080]
		[0.104 -0.008 0.094]
		[-0.592 -0.111 1.235]
		[0.067 0.103 -0.067]
		[-0.065 0.094 0.080]
		[-0.593 -0.112 1.237]
		[0.068 0.103 -0.067]
		[-0.592 -0.112 1.236]
		[0.103 -0.008 0.094]
		[-0.592 -0.109 1.234]
		[0.070 0.102 -0.066]
		[0.102 -0.009 0.095]
		[-0.591 -0.104 1.229]
		[0.072 0.100 -0.066]
		[-0.065 0.097 0.077]
		[0.101 -0.010 0.097]
		[-0.590 -0.097 1.222]
		[-0.064 0.099 0.075]
		[0.099 -0.011 0.098]
		[-0.587 -0.088 1.214]
		[0.079 0.096 -0.064]
		[0.097 -0.012 0.101]
		[-0.584 -0.077 1.203]
		[0.088 0.089 -0.063]
		[-0.061 0.107 0.066]
		[0.090 -0.014 0.106]
		[-0.573 -0.049 1.176]
		[0.094 0.083 -0.061]
		[-0.058 0.112 0.061]
		[0.085 -0.016 0.110]
		[-0.563 -0.031 1.157]
		[0.102 0.075 -0.060]
		[-0.054 0.117 0.055]
		[0.079 -0.016 0.114]
		[-0.550 -0.011 1.135]
		[0.109 0.066 -0.058]
		[-0.049 0.123 0.047]
		[0.073 -0.016 0.118]
		[-0.533 0.009 1.111]
		[0.116 0.054 -0.056]
		[-0.042 0.128 0.038]
		[0.066 -0.015 0.122]
		[-0.514 0.025 1.088]
		[0.122 0.042 -0.054]
		[-0.033 0.133 0.029]
		[0.060 -0.012 0.126]
		[-0.493 0.038 1.067]
		[0.127 0.028 -0.052]
		[-0.022 0.137 0.019]
		[0.055 -0.009 0.129]
		[-0.473 0.046 1.047]
		[0.130 0.014 -0.050]
		[-0.011 0.139 0.009]
		[-0.455 0.050 1.031]]
}