{ :name "Block" :length 0.75 :bones { 
	"Armature" [
		[0 [100.000 0.000 0.000 0.000 0.000 0.000 -100.000 0.000 0.000 100.000 0.000 0.000 0.000 120.000 0.000 1.000]]
	]
	"Skelet" [
		[0 [1.000 0.000 0.000 0.000 0.000 0.000 1.000 0.000 0.000 -1.000 0.000 0.000 0.000 0.000 -0.040 1.000]]
	]
	"Bedro_L" [
		[0 [0.059 -0.337 0.940 0.000 0.163 -0.925 -0.342 0.000 0.985 0.174 0.000 0.000 0.123 -0.038 0.000 1.000]]
	]
	"Koleno_L" [
		[0 [-0.906 0.423 0.000 0.000 0.423 0.906 0.000 0.000 0.000 0.000 -1.000 0.000 0.000 0.532 0.000 1.000]]
	]
	"Koleno_L_end" [
		[0 [1.000 0.000 0.000 0.000 0.000 1.000 0.000 0.000 0.000 0.000 1.000 0.000 0.000 0.578 0.000 1.000]]
	]
	"Koleno_L_end_end" [
		[0 [1.000 0.000 0.000 0.000 0.000 1.000 0.000 0.000 0.000 0.000 1.000 0.000 0.000 0.578 0.000 1.000]]
	]
	"Bedro_P" [
		[0 [0.682 -0.337 0.650 0.000 -0.367 -0.925 -0.095 0.000 0.633 -0.174 -0.754 0.000 -0.123 -0.038 0.000 1.000]]
	]
	"Koleno_P" [
		[0 [-0.906 0.423 0.000 0.000 0.423 0.906 0.000 0.000 0.000 0.000 -1.000 0.000 0.000 0.532 0.000 1.000]]
	]
	"Koleno_P_end" [
		[0 [1.000 0.000 0.000 0.000 0.000 1.000 0.000 0.000 0.000 0.000 1.000 0.000 0.000 0.578 0.000 1.000]]
	]
	"Koleno_P_end_end" [
		[0 [1.000 0.000 0.000 0.000 0.000 1.000 0.000 0.000 0.000 0.000 1.000 0.000 0.000 0.578 0.000 1.000]]
	]
	"Tors" [
		[0 [1.000 0.000 0.000 0.000 0.000 0.940 -0.342 0.000 0.000 0.342 0.940 0.000 0.000 0.130 0.000 1.000]]
		[0.03333334 [0.996 0.000 -0.093 0.000 -0.032 0.940 -0.341 0.000 0.088 0.342 0.936 0.000 0.000 0.130 0.000 1.000]]
		[0.06666667 [0.981 0.000 -0.193 0.000 -0.066 0.940 -0.336 0.000 0.181 0.342 0.922 0.000 0.000 0.130 0.000 1.000]]
		[0.1 [0.957 0.000 -0.290 0.000 -0.099 0.940 -0.327 0.000 0.273 0.342 0.899 0.000 0.000 0.130 0.000 1.000]]
		[0.1333333 [0.926 0.000 -0.378 0.000 -0.129 0.940 -0.317 0.000 0.355 0.342 0.870 0.000 0.000 0.130 0.000 1.000]]
		[0.1666667 [0.893 0.000 -0.450 0.000 -0.154 0.940 -0.305 0.000 0.423 0.342 0.839 0.000 0.000 0.130 0.000 1.000]]
		[0.2 [0.866 0.000 -0.500 0.000 -0.171 0.940 -0.296 0.000 0.470 0.342 0.814 0.000 0.000 0.130 0.000 1.000]]
		[0.2333333 [0.846 0.000 -0.533 0.000 -0.182 0.940 -0.289 0.000 0.501 0.342 0.795 0.000 0.000 0.130 0.000 1.000]]
		[0.2666667 [0.830 0.000 -0.558 0.000 -0.191 0.940 -0.284 0.000 0.524 0.342 0.780 0.000 0.000 0.130 0.000 1.000]]
		[0.3 [0.819 0.000 -0.574 0.000 -0.196 0.940 -0.280 0.000 0.539 0.342 0.770 0.000 0.000 0.130 0.000 1.000]]
		[0.3333333 [0.813 0.000 -0.583 0.000 -0.199 0.940 -0.278 0.000 0.547 0.342 0.764 0.000 0.000 0.130 0.000 1.000]]
		[0.3666667 [0.812 0.000 -0.584 0.000 -0.200 0.940 -0.278 0.000 0.549 0.342 0.763 0.000 0.000 0.130 0.000 1.000]]
		[0.4 [0.815 0.000 -0.579 0.000 -0.198 0.940 -0.279 0.000 0.544 0.342 0.766 0.000 0.000 0.130 0.000 1.000]]
		[0.4333333 [0.824 0.000 -0.567 0.000 -0.194 0.940 -0.282 0.000 0.533 0.342 0.774 0.000 0.000 0.130 0.000 1.000]]
		[0.4666667 [0.836 0.000 -0.548 0.000 -0.188 0.940 -0.286 0.000 0.515 0.342 0.786 0.000 0.000 0.130 0.000 1.000]]
		[0.5 [0.852 0.000 -0.523 0.000 -0.179 0.940 -0.291 0.000 0.492 0.342 0.801 0.000 0.000 0.130 0.000 1.000]]
		[0.5333334 [0.871 0.000 -0.491 0.000 -0.168 0.940 -0.298 0.000 0.461 0.342 0.819 0.000 0.000 0.130 0.000 1.000]]
		[0.5666667 [0.897 0.000 -0.443 0.000 -0.151 0.940 -0.307 0.000 0.416 0.342 0.843 0.000 0.000 0.130 0.000 1.000]]
		[0.6 [0.926 0.000 -0.378 0.000 -0.129 0.940 -0.317 0.000 0.355 0.342 0.870 0.000 0.000 0.130 0.000 1.000]]
		[0.6333333 [0.954 0.000 -0.301 0.000 -0.103 0.940 -0.326 0.000 0.283 0.342 0.896 0.000 0.000 0.130 0.000 1.000]]
		[0.6666667 [0.977 0.000 -0.215 0.000 -0.073 0.940 -0.334 0.000 0.202 0.342 0.918 0.000 0.000 0.130 0.000 1.000]]
		[0.7 [0.992 0.000 -0.126 0.000 -0.043 0.940 -0.339 0.000 0.118 0.342 0.932 0.000 0.000 0.130 0.000 1.000]]
		[0.7333333 [0.999 0.000 -0.040 0.000 -0.014 0.940 -0.342 0.000 0.038 0.342 0.939 0.000 0.000 0.130 0.000 1.000]]
		[0.7666667 [1.000 0.000 0.000 0.000 0.000 0.940 -0.342 0.000 0.000 0.342 0.940 0.000 0.000 0.130 0.000 1.000]]
		[0.8 [1.000 0.000 0.000 0.000 0.000 0.940 -0.342 0.000 0.000 0.342 0.940 0.000 0.000 0.130 0.000 1.000]]
		[0.8333333 [1.000 0.000 0.000 0.000 0.000 0.940 -0.342 0.000 0.000 0.342 0.940 0.000 0.000 0.130 0.000 1.000]]
		[0.8666667 [1.000 0.000 0.000 0.000 0.000 0.940 -0.342 0.000 0.000 0.342 0.940 0.000 0.000 0.130 0.000 1.000]]
		[0.9 [1.000 0.000 0.000 0.000 0.000 0.940 -0.342 0.000 0.000 0.342 0.940 0.000 0.000 0.130 0.000 1.000]]
		[0.9333333 [1.000 0.000 0.000 0.000 0.000 0.940 -0.342 0.000 0.000 0.342 0.940 0.000 0.000 0.130 0.000 1.000]]
		[0.9666666 [1.000 0.000 0.000 0.000 0.000 0.940 -0.342 0.000 0.000 0.342 0.940 0.000 0.000 0.130 0.000 1.000]]
	]
	"Golova" [
		[0 [1.000 0.000 0.000 0.000 0.000 0.940 0.342 0.000 0.000 -0.342 0.940 0.000 0.000 0.596 0.000 1.000]]
		[0.03333334 [0.996 -0.029 0.083 0.000 -0.001 0.939 0.343 0.000 -0.088 -0.342 0.936 0.000 0.000 0.596 0.000 1.000]]
		[0.06666667 [0.983 -0.061 0.171 0.000 -0.002 0.938 0.347 0.000 -0.181 -0.342 0.922 0.000 0.000 0.596 0.000 1.000]]
		[0.1 [0.962 -0.092 0.257 0.000 -0.005 0.935 0.354 0.000 -0.273 -0.342 0.899 0.000 0.000 0.596 0.000 1.000]]
		[0.1333333 [0.935 -0.121 0.334 0.000 -0.009 0.932 0.363 0.000 -0.355 -0.342 0.870 0.000 0.000 0.596 0.000 1.000]]
		[0.1666667 [0.906 -0.146 0.397 0.000 -0.014 0.928 0.371 0.000 -0.423 -0.342 0.839 0.000 0.000 0.596 0.000 1.000]]
		[0.2 [0.883 -0.163 0.441 0.000 -0.018 0.925 0.379 0.000 -0.470 -0.342 0.814 0.000 0.000 0.596 0.000 1.000]]
		[0.2333333 [0.865 -0.175 0.470 0.000 -0.022 0.923 0.384 0.000 -0.501 -0.342 0.795 0.000 0.000 0.596 0.000 1.000]]
		[0.2666667 [0.851 -0.184 0.491 0.000 -0.024 0.921 0.388 0.000 -0.524 -0.342 0.780 0.000 0.000 0.596 0.000 1.000]]
		[0.3 [0.842 -0.190 0.505 0.000 -0.027 0.920 0.390 0.000 -0.539 -0.342 0.770 0.000 0.000 0.596 0.000 1.000]]
		[0.3333333 [0.836 -0.193 0.513 0.000 -0.028 0.920 0.392 0.000 -0.547 -0.342 0.764 0.000 0.000 0.596 0.000 1.000]]
		[0.3666667 [0.835 -0.194 0.514 0.000 -0.028 0.919 0.392 0.000 -0.549 -0.342 0.763 0.000 0.000 0.596 0.000 1.000]]
		[0.4 [0.839 -0.192 0.510 0.000 -0.027 0.920 0.391 0.000 -0.544 -0.342 0.766 0.000 0.000 0.596 0.000 1.000]]
		[0.4333333 [0.846 -0.188 0.499 0.000 -0.026 0.921 0.389 0.000 -0.533 -0.342 0.774 0.000 0.000 0.596 0.000 1.000]]
		[0.4666667 [0.857 -0.181 0.483 0.000 -0.023 0.922 0.386 0.000 -0.515 -0.342 0.786 0.000 0.000 0.596 0.000 1.000]]
		[0.5 [0.871 -0.172 0.461 0.000 -0.020 0.924 0.382 0.000 -0.492 -0.342 0.801 0.000 0.000 0.596 0.000 1.000]]
		[0.5333334 [0.887 -0.160 0.433 0.000 -0.017 0.926 0.377 0.000 -0.461 -0.342 0.819 0.000 0.000 0.596 0.000 1.000]]
		[0.5666667 [0.909 -0.143 0.391 0.000 -0.013 0.929 0.371 0.000 -0.416 -0.342 0.843 0.000 0.000 0.596 0.000 1.000]]
		[0.6 [0.935 -0.121 0.334 0.000 -0.009 0.932 0.363 0.000 -0.355 -0.342 0.870 0.000 0.000 0.596 0.000 1.000]]
		[0.6333333 [0.959 -0.095 0.266 0.000 -0.005 0.935 0.355 0.000 -0.283 -0.342 0.896 0.000 0.000 0.596 0.000 1.000]]
		[0.6666667 [0.979 -0.068 0.190 0.000 -0.003 0.937 0.349 0.000 -0.202 -0.342 0.918 0.000 0.000 0.596 0.000 1.000]]
		[0.7 [0.993 -0.040 0.112 0.000 -0.001 0.939 0.344 0.000 -0.118 -0.342 0.932 0.000 0.000 0.596 0.000 1.000]]
		[0.7333333 [0.999 -0.013 0.036 0.000 0.000 0.940 0.342 0.000 -0.038 -0.342 0.939 0.000 0.000 0.596 0.000 1.000]]
		[0.7666667 [1.000 0.000 0.000 0.000 0.000 0.940 0.342 0.000 0.000 -0.342 0.940 0.000 0.000 0.596 0.000 1.000]]
		[0.8 [1.000 0.000 0.000 0.000 0.000 0.940 0.342 0.000 0.000 -0.342 0.940 0.000 0.000 0.596 0.000 1.000]]
		[0.8333333 [1.000 0.000 0.000 0.000 0.000 0.940 0.342 0.000 0.000 -0.342 0.940 0.000 0.000 0.596 0.000 1.000]]
		[0.8666667 [1.000 0.000 0.000 0.000 0.000 0.940 0.342 0.000 0.000 -0.342 0.940 0.000 0.000 0.596 0.000 1.000]]
		[0.9 [1.000 0.000 0.000 0.000 0.000 0.940 0.342 0.000 0.000 -0.342 0.940 0.000 0.000 0.596 0.000 1.000]]
		[0.9333333 [1.000 0.000 0.000 0.000 0.000 0.940 0.342 0.000 0.000 -0.342 0.940 0.000 0.000 0.596 0.000 1.000]]
		[0.9666666 [1.000 0.000 0.000 0.000 0.000 0.940 0.342 0.000 0.000 -0.342 0.940 0.000 0.000 0.596 0.000 1.000]]
	]
	"Golova_end" [
		[0 [1.000 0.000 0.000 0.000 0.000 1.000 0.000 0.000 0.000 0.000 1.000 0.000 0.000 0.315 0.000 1.000]]
	]
	"Golova_end_end" [
		[0 [1.000 0.000 0.000 0.000 0.000 1.000 0.000 0.000 0.000 0.000 1.000 0.000 0.000 0.315 0.000 1.000]]
	]
	"Kluchitsa_L" [
		[0 [0.000 0.000 1.000 0.000 1.000 0.000 0.000 0.000 0.000 1.000 0.000 0.000 0.000 0.470 0.000 1.000]]
	]
	"Kluchitsa_L_end" [
		[0 [1.000 0.000 0.000 0.000 0.000 1.000 0.000 0.000 0.000 0.000 1.000 0.000 0.000 0.300 0.000 1.000]]
	]
	"Kluchitsa_L_end_end" [
		[0 [1.000 0.000 0.000 0.000 0.000 1.000 0.000 0.000 0.000 0.000 1.000 0.000 0.000 0.300 0.000 1.000]]
	]
	"Kluchitsa_P" [
		[0 [0.000 0.000 -1.000 0.000 -1.000 0.000 0.000 0.000 0.000 1.000 0.000 0.000 0.000 0.470 0.000 1.000]]
	]
	"Kluchitsa_P_end" [
		[0 [1.000 0.000 0.000 0.000 0.000 1.000 0.000 0.000 0.000 0.000 1.000 0.000 0.000 0.300 0.000 1.000]]
	]
	"Kluchitsa_P_end_end" [
		[0 [1.000 0.000 0.000 0.000 0.000 1.000 0.000 0.000 0.000 0.000 1.000 0.000 0.000 0.300 0.000 1.000]]
	]
	"Ruka_L" [
		[0 [-0.040 0.557 0.830 0.000 0.580 -0.663 0.473 0.000 0.814 0.500 -0.296 0.000 0.279 0.394 -0.035 1.000]]
		[0.03333334 [0.056 0.416 0.908 0.000 0.599 -0.741 0.303 0.000 0.799 0.527 -0.291 0.000 0.279 0.394 -0.035 1.000]]
		[0.06666667 [0.167 0.254 0.953 0.000 0.601 -0.792 0.106 0.000 0.782 0.555 -0.285 0.000 0.279 0.394 -0.035 1.000]]
		[0.1 [0.280 0.088 0.956 0.000 0.581 -0.808 -0.096 0.000 0.764 0.582 -0.278 0.000 0.279 0.394 -0.035 1.000]]
		[0.1333333 [0.385 -0.061 0.921 0.000 0.543 -0.792 -0.280 0.000 0.746 0.607 -0.272 0.000 0.279 0.394 -0.035 1.000]]
		[0.1666667 [0.470 -0.181 0.864 0.000 0.494 -0.757 -0.428 0.000 0.731 0.628 -0.266 0.000 0.279 0.394 -0.035 1.000]]
		[0.2 [0.528 -0.262 0.808 0.000 0.451 -0.720 -0.528 0.000 0.720 0.643 -0.262 0.000 0.279 0.394 -0.035 1.000]]
		[0.2333333 [0.565 -0.313 0.763 0.000 0.417 -0.690 -0.592 0.000 0.712 0.653 -0.259 0.000 0.279 0.394 -0.035 1.000]]
		[0.2666667 [0.592 -0.350 0.726 0.000 0.389 -0.665 -0.638 0.000 0.706 0.660 -0.257 0.000 0.279 0.394 -0.035 1.000]]
		[0.3 [0.609 -0.374 0.700 0.000 0.370 -0.647 -0.667 0.000 0.702 0.665 -0.255 0.000 0.279 0.394 -0.035 1.000]]
		[0.3333333 [0.618 -0.386 0.685 0.000 0.359 -0.637 -0.683 0.000 0.700 0.668 -0.255 0.000 0.279 0.394 -0.035 1.000]]
		[0.3666667 [0.620 -0.389 0.682 0.000 0.357 -0.635 -0.686 0.000 0.699 0.668 -0.255 0.000 0.279 0.394 -0.035 1.000]]
		[0.4 [0.614 -0.381 0.691 0.000 0.363 -0.641 -0.676 0.000 0.701 0.666 -0.255 0.000 0.279 0.394 -0.035 1.000]]
		[0.4333333 [0.602 -0.364 0.711 0.000 0.378 -0.654 -0.655 0.000 0.704 0.663 -0.256 0.000 0.279 0.394 -0.035 1.000]]
		[0.4666667 [0.582 -0.337 0.740 0.000 0.400 -0.674 -0.621 0.000 0.708 0.657 -0.258 0.000 0.279 0.394 -0.035 1.000]]
		[0.5 [0.554 -0.298 0.777 0.000 0.427 -0.699 -0.573 0.000 0.714 0.650 -0.260 0.000 0.279 0.394 -0.035 1.000]]
		[0.5333334 [0.517 -0.247 0.819 0.000 0.459 -0.727 -0.510 0.000 0.722 0.640 -0.263 0.000 0.279 0.394 -0.035 1.000]]
		[0.5666667 [0.462 -0.170 0.871 0.000 0.500 -0.761 -0.414 0.000 0.733 0.626 -0.267 0.000 0.279 0.394 -0.035 1.000]]
		[0.6 [0.385 -0.062 0.921 0.000 0.543 -0.792 -0.280 0.000 0.746 0.607 -0.272 0.000 0.279 0.394 -0.035 1.000]]
		[0.6333333 [0.293 0.071 0.954 0.000 0.578 -0.808 -0.118 0.000 0.762 0.585 -0.277 0.000 0.279 0.394 -0.035 1.000]]
		[0.6666667 [0.192 0.217 0.957 0.000 0.598 -0.799 0.061 0.000 0.778 0.561 -0.283 0.000 0.279 0.394 -0.035 1.000]]
		[0.7 [0.092 0.364 0.927 0.000 0.602 -0.762 0.239 0.000 0.793 0.536 -0.289 0.000 0.279 0.394 -0.035 1.000]]
		[0.7333333 [0.001 0.497 0.868 0.000 0.590 -0.701 0.401 0.000 0.807 0.512 -0.294 0.000 0.279 0.394 -0.035 1.000]]
		[0.7666667 [-0.040 0.557 0.830 0.000 0.580 -0.663 0.473 0.000 0.814 0.500 -0.296 0.000 0.279 0.394 -0.035 1.000]]
		[0.8 [-0.040 0.557 0.830 0.000 0.580 -0.663 0.473 0.000 0.814 0.500 -0.296 0.000 0.279 0.394 -0.035 1.000]]
		[0.8333333 [-0.040 0.557 0.830 0.000 0.580 -0.663 0.473 0.000 0.814 0.500 -0.296 0.000 0.279 0.394 -0.035 1.000]]
		[0.8666667 [-0.040 0.557 0.830 0.000 0.580 -0.663 0.473 0.000 0.814 0.500 -0.296 0.000 0.279 0.394 -0.035 1.000]]
		[0.9 [-0.040 0.557 0.830 0.000 0.580 -0.663 0.473 0.000 0.814 0.500 -0.296 0.000 0.279 0.394 -0.035 1.000]]
		[0.9333333 [-0.040 0.557 0.830 0.000 0.580 -0.663 0.473 0.000 0.814 0.500 -0.296 0.000 0.279 0.394 -0.035 1.000]]
		[0.9666666 [-0.040 0.557 0.830 0.000 0.580 -0.663 0.473 0.000 0.814 0.500 -0.296 0.000 0.279 0.394 -0.035 1.000]]
	]
	"Lokot_L" [
		[0 [0.000 1.000 0.000 0.000 -1.000 0.000 0.000 0.000 0.000 0.000 1.000 0.000 0.000 0.316 0.000 1.000]]
		[0.03333334 [-0.093 0.996 0.000 0.000 -0.996 -0.093 0.000 0.000 0.000 0.000 1.000 0.000 0.000 0.316 0.000 1.000]]
		[0.06666667 [-0.193 0.981 0.000 0.000 -0.981 -0.193 0.000 0.000 0.000 0.000 1.000 0.000 0.000 0.316 0.000 1.000]]
		[0.1 [-0.290 0.957 0.000 0.000 -0.957 -0.290 0.000 0.000 0.000 0.000 1.000 0.000 0.000 0.316 0.000 1.000]]
		[0.1333333 [-0.378 0.926 0.000 0.000 -0.926 -0.378 0.000 0.000 0.000 0.000 1.000 0.000 0.000 0.316 0.000 1.000]]
		[0.1666667 [-0.450 0.893 0.000 0.000 -0.893 -0.450 0.000 0.000 0.000 0.000 1.000 0.000 0.000 0.316 0.000 1.000]]
		[0.2 [-0.500 0.866 0.000 0.000 -0.866 -0.500 0.000 0.000 0.000 0.000 1.000 0.000 0.000 0.316 0.000 1.000]]
		[0.2333333 [-0.533 0.846 0.000 0.000 -0.846 -0.533 0.000 0.000 0.000 0.000 1.000 0.000 0.000 0.316 0.000 1.000]]
		[0.2666667 [-0.558 0.830 0.000 0.000 -0.830 -0.558 0.000 0.000 0.000 0.000 1.000 0.000 0.000 0.316 0.000 1.000]]
		[0.3 [-0.574 0.819 0.000 0.000 -0.819 -0.574 0.000 0.000 0.000 0.000 1.000 0.000 0.000 0.316 0.000 1.000]]
		[0.3333333 [-0.583 0.813 0.000 0.000 -0.813 -0.583 0.000 0.000 0.000 0.000 1.000 0.000 0.000 0.316 0.000 1.000]]
		[0.3666667 [-0.584 0.812 0.000 0.000 -0.812 -0.584 0.000 0.000 0.000 0.000 1.000 0.000 0.000 0.316 0.000 1.000]]
		[0.4 [-0.579 0.815 0.000 0.000 -0.815 -0.579 0.000 0.000 0.000 0.000 1.000 0.000 0.000 0.316 0.000 1.000]]
		[0.4333333 [-0.567 0.824 0.000 0.000 -0.824 -0.567 0.000 0.000 0.000 0.000 1.000 0.000 0.000 0.316 0.000 1.000]]
		[0.4666667 [-0.548 0.836 0.000 0.000 -0.836 -0.548 0.000 0.000 0.000 0.000 1.000 0.000 0.000 0.316 0.000 1.000]]
		[0.5 [-0.523 0.852 0.000 0.000 -0.852 -0.523 0.000 0.000 0.000 0.000 1.000 0.000 0.000 0.316 0.000 1.000]]
		[0.5333334 [-0.491 0.871 0.000 0.000 -0.871 -0.491 0.000 0.000 0.000 0.000 1.000 0.000 0.000 0.316 0.000 1.000]]
		[0.5666667 [-0.443 0.897 0.000 0.000 -0.897 -0.443 0.000 0.000 0.000 0.000 1.000 0.000 0.000 0.316 0.000 1.000]]
		[0.6 [-0.378 0.926 0.000 0.000 -0.926 -0.378 0.000 0.000 0.000 0.000 1.000 0.000 0.000 0.316 0.000 1.000]]
		[0.6333333 [-0.301 0.954 0.000 0.000 -0.954 -0.301 0.000 0.000 0.000 0.000 1.000 0.000 0.000 0.316 0.000 1.000]]
		[0.6666667 [-0.215 0.977 0.000 0.000 -0.977 -0.215 0.000 0.000 0.000 0.000 1.000 0.000 0.000 0.316 0.000 1.000]]
		[0.7 [-0.126 0.992 0.000 0.000 -0.992 -0.126 0.000 0.000 0.000 0.000 1.000 0.000 0.000 0.316 0.000 1.000]]
		[0.7333333 [-0.040 0.999 0.000 0.000 -0.999 -0.040 0.000 0.000 0.000 0.000 1.000 0.000 0.000 0.316 0.000 1.000]]
		[0.7666667 [0.000 1.000 0.000 0.000 -1.000 0.000 0.000 0.000 0.000 0.000 1.000 0.000 0.000 0.316 0.000 1.000]]
		[0.8 [0.000 1.000 0.000 0.000 -1.000 0.000 0.000 0.000 0.000 0.000 1.000 0.000 0.000 0.316 0.000 1.000]]
		[0.8333333 [0.000 1.000 0.000 0.000 -1.000 0.000 0.000 0.000 0.000 0.000 1.000 0.000 0.000 0.316 0.000 1.000]]
		[0.8666667 [0.000 1.000 0.000 0.000 -1.000 0.000 0.000 0.000 0.000 0.000 1.000 0.000 0.000 0.316 0.000 1.000]]
		[0.9 [0.000 1.000 0.000 0.000 -1.000 0.000 0.000 0.000 0.000 0.000 1.000 0.000 0.000 0.316 0.000 1.000]]
		[0.9333333 [0.000 1.000 0.000 0.000 -1.000 0.000 0.000 0.000 0.000 0.000 1.000 0.000 0.000 0.316 0.000 1.000]]
		[0.9666666 [0.000 1.000 0.000 0.000 -1.000 0.000 0.000 0.000 0.000 0.000 1.000 0.000 0.000 0.316 0.000 1.000]]
	]
	"Lokot_L_end" [
		[0 [1.000 0.000 0.000 0.000 0.000 1.000 0.000 0.000 0.000 0.000 1.000 0.000 0.000 0.469 0.000 1.000]]
	]
	"Lokot_L_end_end" [
		[0 [1.000 0.000 0.000 0.000 0.000 1.000 0.000 0.000 0.000 0.000 1.000 0.000 0.000 0.469 0.000 1.000]]
	]
	"Shit" [
		[0 [0.305 -0.254 -0.047 0.000 0.189 0.269 -0.227 0.000 0.018 0.015 0.033 0.000 -0.016 0.322 0.150 1.000]]
	]
	"Ruka_P" [
		[0 [-0.106 0.621 0.777 0.000 -0.406 -0.740 0.536 0.000 0.908 -0.259 0.330 0.000 -0.279 0.394 -0.035 1.000]]
		[0.03333334 [-0.030 0.612 0.790 0.000 -0.405 -0.730 0.551 0.000 0.914 -0.304 0.270 0.000 -0.279 0.394 -0.035 1.000]]
		[0.06666667 [0.053 0.602 0.797 0.000 -0.403 -0.717 0.569 0.000 0.914 -0.351 0.204 0.000 -0.279 0.394 -0.035 1.000]]
		[0.1 [0.136 0.590 0.796 0.000 -0.399 -0.703 0.589 0.000 0.907 -0.398 0.140 0.000 -0.279 0.394 -0.035 1.000]]
		[0.1333333 [0.212 0.577 0.788 0.000 -0.394 -0.688 0.610 0.000 0.894 -0.440 0.081 0.000 -0.279 0.394 -0.035 1.000]]
		[0.1666667 [0.276 0.566 0.777 0.000 -0.388 -0.674 0.629 0.000 0.879 -0.475 0.033 0.000 -0.279 0.394 -0.035 1.000]]
		[0.2 [0.321 0.557 0.766 0.000 -0.383 -0.663 0.643 0.000 0.866 -0.500 0.000 0.000 -0.279 0.394 -0.035 1.000]]
		[0.2333333 [0.352 0.550 0.757 0.000 -0.379 -0.656 0.653 0.000 0.856 -0.517 -0.022 0.000 -0.279 0.394 -0.035 1.000]]
		[0.2666667 [0.374 0.545 0.750 0.000 -0.376 -0.650 0.660 0.000 0.848 -0.529 -0.038 0.000 -0.279 0.394 -0.035 1.000]]
		[0.3 [0.390 0.542 0.745 0.000 -0.373 -0.646 0.666 0.000 0.842 -0.537 -0.049 0.000 -0.279 0.394 -0.035 1.000]]
		[0.3333333 [0.398 0.540 0.742 0.000 -0.372 -0.644 0.669 0.000 0.839 -0.542 -0.055 0.000 -0.279 0.394 -0.035 1.000]]
		[0.3666667 [0.399 0.540 0.741 0.000 -0.372 -0.643 0.669 0.000 0.838 -0.543 -0.056 0.000 -0.279 0.394 -0.035 1.000]]
		[0.4 [0.394 0.541 0.743 0.000 -0.373 -0.645 0.667 0.000 0.840 -0.540 -0.053 0.000 -0.279 0.394 -0.035 1.000]]
		[0.4333333 [0.383 0.543 0.747 0.000 -0.374 -0.648 0.663 0.000 0.844 -0.534 -0.045 0.000 -0.279 0.394 -0.035 1.000]]
		[0.4666667 [0.366 0.547 0.753 0.000 -0.377 -0.652 0.658 0.000 0.851 -0.524 -0.032 0.000 -0.279 0.394 -0.035 1.000]]
		[0.5 [0.343 0.552 0.760 0.000 -0.380 -0.658 0.650 0.000 0.859 -0.512 -0.016 0.000 -0.279 0.394 -0.035 1.000]]
		[0.5333334 [0.313 0.558 0.768 0.000 -0.384 -0.665 0.640 0.000 0.869 -0.495 0.006 0.000 -0.279 0.394 -0.035 1.000]]
		[0.5666667 [0.270 0.567 0.778 0.000 -0.389 -0.675 0.627 0.000 0.881 -0.472 0.038 0.000 -0.279 0.394 -0.035 1.000]]
		[0.6 [0.213 0.577 0.788 0.000 -0.394 -0.688 0.610 0.000 0.894 -0.440 0.081 0.000 -0.279 0.394 -0.035 1.000]]
		[0.6333333 [0.145 0.588 0.795 0.000 -0.398 -0.701 0.591 0.000 0.906 -0.403 0.133 0.000 -0.279 0.394 -0.035 1.000]]
		[0.6666667 [0.072 0.599 0.797 0.000 -0.402 -0.714 0.573 0.000 0.913 -0.362 0.190 0.000 -0.279 0.394 -0.035 1.000]]
		[0.7 [-0.002 0.609 0.793 0.000 -0.404 -0.726 0.556 0.000 0.915 -0.319 0.248 0.000 -0.279 0.394 -0.035 1.000]]
		[0.7333333 [-0.073 0.617 0.783 0.000 -0.406 -0.736 0.542 0.000 0.911 -0.278 0.304 0.000 -0.279 0.394 -0.035 1.000]]
		[0.7666667 [-0.106 0.621 0.777 0.000 -0.406 -0.740 0.536 0.000 0.908 -0.259 0.330 0.000 -0.279 0.394 -0.035 1.000]]
		[0.8 [-0.106 0.621 0.777 0.000 -0.406 -0.740 0.536 0.000 0.908 -0.259 0.330 0.000 -0.279 0.394 -0.035 1.000]]
		[0.8333333 [-0.106 0.621 0.777 0.000 -0.406 -0.740 0.536 0.000 0.908 -0.259 0.330 0.000 -0.279 0.394 -0.035 1.000]]
		[0.8666667 [-0.106 0.621 0.777 0.000 -0.406 -0.740 0.536 0.000 0.908 -0.259 0.330 0.000 -0.279 0.394 -0.035 1.000]]
		[0.9 [-0.106 0.621 0.777 0.000 -0.406 -0.740 0.536 0.000 0.908 -0.259 0.330 0.000 -0.279 0.394 -0.035 1.000]]
		[0.9333333 [-0.106 0.621 0.777 0.000 -0.406 -0.740 0.536 0.000 0.908 -0.259 0.330 0.000 -0.279 0.394 -0.035 1.000]]
		[0.9666666 [-0.106 0.621 0.777 0.000 -0.406 -0.740 0.536 0.000 0.908 -0.259 0.330 0.000 -0.279 0.394 -0.035 1.000]]
	]
	"Lokot_P" [
		[0 [0.500 0.866 0.000 0.000 -0.866 0.500 0.000 0.000 0.000 0.000 1.000 0.000 0.000 0.316 0.000 1.000]]
		[0.03333334 [0.417 0.909 0.000 0.000 -0.909 0.417 0.000 0.000 0.000 0.000 1.000 0.000 0.000 0.316 0.000 1.000]]
		[0.06666667 [0.324 0.946 0.000 0.000 -0.946 0.324 0.000 0.000 0.000 0.000 1.000 0.000 0.000 0.316 0.000 1.000]]
		[0.1 [0.227 0.974 0.000 0.000 -0.974 0.227 0.000 0.000 0.000 0.000 1.000 0.000 0.000 0.316 0.000 1.000]]
		[0.1333333 [0.135 0.991 0.000 0.000 -0.991 0.135 0.000 0.000 0.000 0.000 1.000 0.000 0.000 0.316 0.000 1.000]]
		[0.1666667 [0.057 0.998 0.000 0.000 -0.998 0.057 0.000 0.000 0.000 0.000 1.000 0.000 0.000 0.316 0.000 1.000]]
		[0.2 [0.000 1.000 0.000 0.000 -1.000 0.000 0.000 0.000 0.000 0.000 1.000 0.000 0.000 0.316 0.000 1.000]]
		[0.2333333 [-0.039 0.999 0.000 0.000 -0.999 -0.039 0.000 0.000 0.000 0.000 1.000 0.000 0.000 0.316 0.000 1.000]]
		[0.2666667 [-0.068 0.998 0.000 0.000 -0.998 -0.068 0.000 0.000 0.000 0.000 1.000 0.000 0.000 0.316 0.000 1.000]]
		[0.3 [-0.087 0.996 0.000 0.000 -0.996 -0.087 0.000 0.000 0.000 0.000 1.000 0.000 0.000 0.316 0.000 1.000]]
		[0.3333333 [-0.098 0.995 0.000 0.000 -0.995 -0.098 0.000 0.000 0.000 0.000 1.000 0.000 0.000 0.316 0.000 1.000]]
		[0.3666667 [-0.100 0.995 0.000 0.000 -0.995 -0.100 0.000 0.000 0.000 0.000 1.000 0.000 0.000 0.316 0.000 1.000]]
		[0.4 [-0.094 0.996 0.000 0.000 -0.996 -0.094 0.000 0.000 0.000 0.000 1.000 0.000 0.000 0.316 0.000 1.000]]
		[0.4333333 [-0.079 0.997 0.000 0.000 -0.997 -0.079 0.000 0.000 0.000 0.000 1.000 0.000 0.000 0.316 0.000 1.000]]
		[0.4666667 [-0.057 0.998 0.000 0.000 -0.998 -0.057 0.000 0.000 0.000 0.000 1.000 0.000 0.000 0.316 0.000 1.000]]
		[0.5 [-0.027 1.000 0.000 0.000 -1.000 -0.027 0.000 0.000 0.000 0.000 1.000 0.000 0.000 0.316 0.000 1.000]]
		[0.5333334 [0.011 1.000 0.000 0.000 -1.000 0.011 0.000 0.000 0.000 0.000 1.000 0.000 0.000 0.316 0.000 1.000]]
		[0.5666667 [0.065 0.998 0.000 0.000 -0.998 0.065 0.000 0.000 0.000 0.000 1.000 0.000 0.000 0.316 0.000 1.000]]
		[0.6 [0.135 0.991 0.000 0.000 -0.991 0.135 0.000 0.000 0.000 0.000 1.000 0.000 0.000 0.316 0.000 1.000]]
		[0.6333333 [0.216 0.976 0.000 0.000 -0.976 0.216 0.000 0.000 0.000 0.000 1.000 0.000 0.000 0.316 0.000 1.000]]
		[0.6666667 [0.302 0.953 0.000 0.000 -0.953 0.302 0.000 0.000 0.000 0.000 1.000 0.000 0.000 0.316 0.000 1.000]]
		[0.7 [0.387 0.922 0.000 0.000 -0.922 0.387 0.000 0.000 0.000 0.000 1.000 0.000 0.000 0.316 0.000 1.000]]
		[0.7333333 [0.465 0.886 0.000 0.000 -0.886 0.465 0.000 0.000 0.000 0.000 1.000 0.000 0.000 0.316 0.000 1.000]]
		[0.7666667 [0.500 0.866 0.000 0.000 -0.866 0.500 0.000 0.000 0.000 0.000 1.000 0.000 0.000 0.316 0.000 1.000]]
		[0.8 [0.500 0.866 0.000 0.000 -0.866 0.500 0.000 0.000 0.000 0.000 1.000 0.000 0.000 0.316 0.000 1.000]]
		[0.8333333 [0.500 0.866 0.000 0.000 -0.866 0.500 0.000 0.000 0.000 0.000 1.000 0.000 0.000 0.316 0.000 1.000]]
		[0.8666667 [0.500 0.866 0.000 0.000 -0.866 0.500 0.000 0.000 0.000 0.000 1.000 0.000 0.000 0.316 0.000 1.000]]
		[0.9 [0.500 0.866 0.000 0.000 -0.866 0.500 0.000 0.000 0.000 0.000 1.000 0.000 0.000 0.316 0.000 1.000]]
		[0.9333333 [0.500 0.866 0.000 0.000 -0.866 0.500 0.000 0.000 0.000 0.000 1.000 0.000 0.000 0.316 0.000 1.000]]
		[0.9666666 [0.500 0.866 0.000 0.000 -0.866 0.500 0.000 0.000 0.000 0.000 1.000 0.000 0.000 0.316 0.000 1.000]]
	]
	"Lokot_P_end" [
		[0 [1.000 0.000 0.000 0.000 0.000 1.000 0.000 0.000 0.000 0.000 1.000 0.000 0.000 0.469 0.000 1.000]]
	]
	"Lokot_P_end_end" [
		[0 [1.000 0.000 0.000 0.000 0.000 1.000 0.000 0.000 0.000 0.000 1.000 0.000 0.000 0.469 0.000 1.000]]
	]
	"Sword" [
		[0 [-0.052 0.033 0.126 0.000 -0.128 0.010 -0.056 0.000 -0.022 -0.136 0.026 0.000 -0.088 0.476 -0.018 1.000]]
	]
	"Woin" [
		[0 [100.000 0.000 0.000 0.000 0.000 0.000 -100.000 0.000 0.000 100.000 0.000 0.000 0.000 100.000 0.000 1.000]]
	]
} }