{ :name "Death" :length 0.4833333 :bones { 
	"Skelet" [
		[ 0 [ 0 1 2 3 ] ]
		[ 0.03571429 [ 0 4 5 6 ] ]
		[ 0.07142857 [ 0 7 8 9 ] ]
		[ 0.1071429 [ 0 10 11 12 ] ]
		[ 0.1428571 [ 0 13 14 15 ] ]
		[ 0.1785714 [ 0 16 17 18 ] ]
		[ 0.2142857 [ 0 19 20 21 ] ]
		[ 0.25 [ 0 22 23 24 ] ]
		[ 0.2857143 [ 0 25 26 27 ] ]
		[ 0.3214286 [ 0 28 29 30 ] ]
		[ 0.3571429 [ 0 31 32 33 ] ]
		[ 0.3928571 [ 0 34 35 36 ] ]
		[ 0.4285714 [ 0 2 37 38 ] ]
		[ 0.4642857 [ 0 2 37 39 ] ]
		[ 0.5 [ 0 2 37 40 ] ]
		[ 0.5357143 [ 0 2 37 40 ] ]
		[ 0.5714286 [ 0 2 37 40 ] ]
		[ 0.6071429 [ 0 2 37 40 ] ]
		[ 0.6428571 [ 0 2 37 40 ] ]
		[ 0.6785714 [ 0 2 37 40 ] ]
		[ 0.7142857 [ 0 2 37 40 ] ]
		[ 0.75 [ 0 2 37 40 ] ]
		[ 0.7857143 [ 0 2 37 40 ] ]
		[ 0.8214286 [ 0 2 37 40 ] ]
		[ 0.8571429 [ 0 2 37 40 ] ]
		[ 0.8928571 [ 0 2 37 40 ] ]
		[ 0.9285714 [ 0 2 37 40 ] ]
		[ 0.9642857 [ 0 2 37 40 ] ]
	]
	"Bedro_L" [
		[ 0 [ 41 42 43 44 ] ]
		[ 0.03571429 [ 45 46 47 44 ] ]
		[ 0.07142857 [ 48 49 50 44 ] ]
		[ 0.1071429 [ 51 52 53 44 ] ]
		[ 0.1428571 [ 54 55 56 44 ] ]
		[ 0.1785714 [ 57 58 59 44 ] ]
		[ 0.2142857 [ 60 61 62 44 ] ]
		[ 0.25 [ 63 64 65 44 ] ]
		[ 0.2857143 [ 66 67 68 44 ] ]
		[ 0.3214286 [ 69 70 71 44 ] ]
		[ 0.3571429 [ 72 73 71 44 ] ]
		[ 0.3928571 [ 74 75 71 44 ] ]
		[ 0.4285714 [ 76 77 71 44 ] ]
		[ 0.4642857 [ 78 79 71 44 ] ]
		[ 0.5 [ 80 81 71 44 ] ]
		[ 0.5357143 [ 80 81 71 44 ] ]
		[ 0.5714286 [ 80 81 71 44 ] ]
		[ 0.6071429 [ 80 81 71 44 ] ]
		[ 0.6428571 [ 80 81 71 44 ] ]
		[ 0.6785714 [ 80 81 71 44 ] ]
		[ 0.7142857 [ 80 81 71 44 ] ]
		[ 0.75 [ 80 81 71 44 ] ]
		[ 0.7857143 [ 80 81 71 44 ] ]
		[ 0.8214286 [ 80 81 71 44 ] ]
		[ 0.8571429 [ 80 81 71 44 ] ]
		[ 0.8928571 [ 80 81 71 44 ] ]
		[ 0.9285714 [ 80 81 71 44 ] ]
		[ 0.9642857 [ 80 81 71 44 ] ]
	]
	"Koleno_L" [
		[ 0 [ 82 83 37 84 ] ]
		[ 0.03571429 [ 85 86 87 84 ] ]
		[ 0.07142857 [ 88 89 90 84 ] ]
		[ 0.1071429 [ 91 92 93 84 ] ]
		[ 0.1428571 [ 94 95 96 84 ] ]
		[ 0.1785714 [ 97 98 99 84 ] ]
		[ 0.2142857 [ 100 101 99 84 ] ]
		[ 0.25 [ 102 103 99 84 ] ]
		[ 0.2857143 [ 104 105 96 84 ] ]
		[ 0.3214286 [ 106 107 96 84 ] ]
		[ 0.3571429 [ 108 109 96 84 ] ]
		[ 0.3928571 [ 110 111 96 84 ] ]
		[ 0.4285714 [ 112 113 96 84 ] ]
		[ 0.4642857 [ 114 115 96 84 ] ]
		[ 0.5 [ 116 117 96 84 ] ]
		[ 0.5357143 [ 116 117 96 84 ] ]
		[ 0.5714286 [ 116 117 96 84 ] ]
		[ 0.6071429 [ 116 117 96 84 ] ]
		[ 0.6428571 [ 116 117 96 84 ] ]
		[ 0.6785714 [ 116 117 96 84 ] ]
		[ 0.7142857 [ 116 117 96 84 ] ]
		[ 0.75 [ 116 117 96 84 ] ]
		[ 0.7857143 [ 116 117 96 84 ] ]
		[ 0.8214286 [ 116 117 96 84 ] ]
		[ 0.8571429 [ 116 117 96 84 ] ]
		[ 0.8928571 [ 116 117 96 84 ] ]
		[ 0.9285714 [ 116 117 96 84 ] ]
		[ 0.9642857 [ 116 117 96 84 ] ]
	]
	"Koleno_L_end" [
		[ 0 [ 0 118 1 119 ] ]
	]
	"Koleno_L_end_end" [
		[ 0 [ 0 118 1 119 ] ]
	]
	"Bedro_P" [
		[ 0 [ 120 121 122 123 ] ]
		[ 0.03571429 [ 124 125 126 123 ] ]
		[ 0.07142857 [ 127 128 129 123 ] ]
		[ 0.1071429 [ 130 131 132 123 ] ]
		[ 0.1428571 [ 133 134 135 123 ] ]
		[ 0.1785714 [ 136 137 138 123 ] ]
		[ 0.2142857 [ 139 140 141 123 ] ]
		[ 0.25 [ 142 143 144 123 ] ]
		[ 0.2857143 [ 145 146 147 123 ] ]
		[ 0.3214286 [ 148 149 150 123 ] ]
		[ 0.3571429 [ 151 152 150 123 ] ]
		[ 0.3928571 [ 153 154 150 123 ] ]
		[ 0.4285714 [ 155 156 150 123 ] ]
		[ 0.4642857 [ 157 158 150 123 ] ]
		[ 0.5 [ 159 160 150 123 ] ]
		[ 0.5357143 [ 159 160 150 123 ] ]
		[ 0.5714286 [ 159 160 150 123 ] ]
		[ 0.6071429 [ 159 160 150 123 ] ]
		[ 0.6428571 [ 159 160 150 123 ] ]
		[ 0.6785714 [ 159 160 150 123 ] ]
		[ 0.7142857 [ 159 160 150 123 ] ]
		[ 0.75 [ 159 160 150 123 ] ]
		[ 0.7857143 [ 159 160 150 123 ] ]
		[ 0.8214286 [ 159 160 150 123 ] ]
		[ 0.8571429 [ 159 160 150 123 ] ]
		[ 0.8928571 [ 159 160 150 123 ] ]
		[ 0.9285714 [ 159 160 150 123 ] ]
		[ 0.9642857 [ 159 160 150 123 ] ]
	]
	"Koleno_P" [
		[ 0 [ 82 83 37 84 ] ]
		[ 0.03571429 [ 161 162 37 84 ] ]
		[ 0.07142857 [ 163 164 37 84 ] ]
		[ 0.1071429 [ 165 166 37 84 ] ]
		[ 0.1428571 [ 167 168 37 84 ] ]
		[ 0.1785714 [ 169 170 37 84 ] ]
		[ 0.2142857 [ 171 172 37 84 ] ]
		[ 0.25 [ 173 174 37 84 ] ]
		[ 0.2857143 [ 175 176 37 84 ] ]
		[ 0.3214286 [ 177 178 37 84 ] ]
		[ 0.3571429 [ 171 172 37 84 ] ]
		[ 0.3928571 [ 179 180 37 84 ] ]
		[ 0.4285714 [ 181 182 37 84 ] ]
		[ 0.4642857 [ 183 184 37 84 ] ]
		[ 0.5 [ 185 186 37 84 ] ]
		[ 0.5357143 [ 185 186 37 84 ] ]
		[ 0.5714286 [ 185 186 37 84 ] ]
		[ 0.6071429 [ 185 186 37 84 ] ]
		[ 0.6428571 [ 185 186 37 84 ] ]
		[ 0.6785714 [ 185 186 37 84 ] ]
		[ 0.7142857 [ 185 186 37 84 ] ]
		[ 0.75 [ 185 186 37 84 ] ]
		[ 0.7857143 [ 185 186 37 84 ] ]
		[ 0.8214286 [ 185 186 37 84 ] ]
		[ 0.8571429 [ 185 186 37 84 ] ]
		[ 0.8928571 [ 185 186 37 84 ] ]
		[ 0.9285714 [ 185 186 37 84 ] ]
		[ 0.9642857 [ 185 186 37 84 ] ]
	]
	"Koleno_P_end" [
		[ 0 [ 0 118 1 119 ] ]
	]
	"Koleno_P_end_end" [
		[ 0 [ 0 118 1 119 ] ]
	]
	"Tors" [
		[ 0 [ 0 187 188 189 ] ]
		[ 0.03571429 [ 0 190 191 189 ] ]
		[ 0.07142857 [ 0 192 193 189 ] ]
		[ 0.1071429 [ 0 194 195 189 ] ]
		[ 0.1428571 [ 0 196 197 189 ] ]
		[ 0.1785714 [ 0 198 199 189 ] ]
		[ 0.2142857 [ 0 200 201 189 ] ]
		[ 0.25 [ 0 202 203 189 ] ]
		[ 0.2857143 [ 0 204 205 189 ] ]
		[ 0.3214286 [ 0 206 207 189 ] ]
		[ 0.3571429 [ 0 208 209 189 ] ]
		[ 0.3928571 [ 0 210 211 189 ] ]
		[ 0.4285714 [ 0 118 1 189 ] ]
		[ 0.4642857 [ 0 118 1 189 ] ]
		[ 0.5 [ 0 118 1 189 ] ]
		[ 0.5357143 [ 0 118 1 189 ] ]
		[ 0.5714286 [ 0 118 1 189 ] ]
		[ 0.6071429 [ 0 118 1 189 ] ]
		[ 0.6428571 [ 0 118 1 189 ] ]
		[ 0.6785714 [ 0 118 1 189 ] ]
		[ 0.7142857 [ 0 118 1 189 ] ]
		[ 0.75 [ 0 118 1 189 ] ]
		[ 0.7857143 [ 0 118 1 189 ] ]
		[ 0.8214286 [ 0 118 1 189 ] ]
		[ 0.8571429 [ 0 118 1 189 ] ]
		[ 0.8928571 [ 0 118 1 189 ] ]
		[ 0.9285714 [ 0 118 1 189 ] ]
		[ 0.9642857 [ 0 118 1 189 ] ]
	]
	"Golova" [
		[ 0 [ 0 212 213 214 ] ]
		[ 0.03571429 [ 0 215 216 214 ] ]
		[ 0.07142857 [ 0 217 218 214 ] ]
		[ 0.1071429 [ 0 219 220 214 ] ]
		[ 0.1428571 [ 0 221 222 214 ] ]
		[ 0.1785714 [ 0 223 224 214 ] ]
		[ 0.2142857 [ 0 225 226 214 ] ]
		[ 0.25 [ 0 227 228 214 ] ]
		[ 0.2857143 [ 0 229 230 214 ] ]
		[ 0.3214286 [ 231 232 233 214 ] ]
		[ 0.3571429 [ 234 235 236 214 ] ]
		[ 0.3928571 [ 237 238 239 214 ] ]
		[ 0.4285714 [ 240 241 242 214 ] ]
		[ 0.4642857 [ 243 244 245 214 ] ]
		[ 0.5 [ 246 118 247 214 ] ]
		[ 0.5357143 [ 246 118 247 214 ] ]
		[ 0.5714286 [ 246 118 247 214 ] ]
		[ 0.6071429 [ 246 118 247 214 ] ]
		[ 0.6428571 [ 246 118 247 214 ] ]
		[ 0.6785714 [ 246 118 247 214 ] ]
		[ 0.7142857 [ 246 118 247 214 ] ]
		[ 0.75 [ 246 118 247 214 ] ]
		[ 0.7857143 [ 246 118 247 214 ] ]
		[ 0.8214286 [ 246 118 247 214 ] ]
		[ 0.8571429 [ 246 118 247 214 ] ]
		[ 0.8928571 [ 246 118 247 214 ] ]
		[ 0.9285714 [ 246 118 247 214 ] ]
		[ 0.9642857 [ 246 118 247 214 ] ]
	]
	"Golova_end" [
		[ 0 [ 0 118 1 248 ] ]
	]
	"Golova_end_end" [
		[ 0 [ 0 118 1 248 ] ]
	]
	"Kluchitsa_L" [
		[ 0 [ 1 0 118 249 ] ]
	]
	"Kluchitsa_L_end" [
		[ 0 [ 0 118 1 250 ] ]
	]
	"Kluchitsa_L_end_end" [
		[ 0 [ 0 118 1 250 ] ]
	]
	"Kluchitsa_P" [
		[ 0 [ 37 251 118 249 ] ]
	]
	"Kluchitsa_P_end" [
		[ 0 [ 0 118 1 250 ] ]
	]
	"Kluchitsa_P_end_end" [
		[ 0 [ 0 118 1 250 ] ]
	]
	"Ruka_L" [
		[ 0 [ 252 253 254 255 ] ]
		[ 0.03571429 [ 256 257 258 255 ] ]
		[ 0.07142857 [ 259 260 261 255 ] ]
		[ 0.1071429 [ 262 263 264 255 ] ]
		[ 0.1428571 [ 265 266 267 255 ] ]
		[ 0.1785714 [ 268 269 270 255 ] ]
		[ 0.2142857 [ 271 272 273 255 ] ]
		[ 0.25 [ 274 275 276 255 ] ]
		[ 0.2857143 [ 277 269 278 255 ] ]
		[ 0.3214286 [ 279 280 281 255 ] ]
		[ 0.3571429 [ 282 283 284 255 ] ]
		[ 0.3928571 [ 285 286 287 255 ] ]
		[ 0.4285714 [ 288 289 290 255 ] ]
		[ 0.4642857 [ 291 292 293 255 ] ]
		[ 0.5 [ 1 294 295 255 ] ]
		[ 0.5357143 [ 1 294 295 255 ] ]
		[ 0.5714286 [ 1 294 295 255 ] ]
		[ 0.6071429 [ 1 294 295 255 ] ]
		[ 0.6428571 [ 1 294 295 255 ] ]
		[ 0.6785714 [ 1 294 295 255 ] ]
		[ 0.7142857 [ 1 294 295 255 ] ]
		[ 0.75 [ 1 294 295 255 ] ]
		[ 0.7857143 [ 1 294 295 255 ] ]
		[ 0.8214286 [ 1 294 295 255 ] ]
		[ 0.8571429 [ 1 294 295 255 ] ]
		[ 0.8928571 [ 1 294 295 255 ] ]
		[ 0.9285714 [ 1 294 295 255 ] ]
		[ 0.9642857 [ 1 294 295 255 ] ]
	]
	"Lokot_L" [
		[ 0 [ 118 251 1 296 ] ]
		[ 0.03571429 [ 297 298 1 296 ] ]
		[ 0.07142857 [ 299 300 1 296 ] ]
		[ 0.1071429 [ 301 302 1 296 ] ]
		[ 0.1428571 [ 303 304 1 296 ] ]
		[ 0.1785714 [ 305 306 1 296 ] ]
		[ 0.2142857 [ 307 308 1 296 ] ]
		[ 0.25 [ 309 310 1 296 ] ]
		[ 0.2857143 [ 311 312 1 296 ] ]
		[ 0.3214286 [ 313 314 1 296 ] ]
		[ 0.3571429 [ 315 316 1 296 ] ]
		[ 0.3928571 [ 317 318 1 296 ] ]
		[ 0.4285714 [ 319 320 1 296 ] ]
		[ 0.4642857 [ 321 322 1 296 ] ]
		[ 0.5 [ 0 118 1 296 ] ]
		[ 0.5357143 [ 0 118 1 296 ] ]
		[ 0.5714286 [ 0 118 1 296 ] ]
		[ 0.6071429 [ 0 118 1 296 ] ]
		[ 0.6428571 [ 0 118 1 296 ] ]
		[ 0.6785714 [ 0 118 1 296 ] ]
		[ 0.7142857 [ 0 118 1 296 ] ]
		[ 0.75 [ 0 118 1 296 ] ]
		[ 0.7857143 [ 0 118 1 296 ] ]
		[ 0.8214286 [ 0 118 1 296 ] ]
		[ 0.8571429 [ 0 118 1 296 ] ]
		[ 0.8928571 [ 0 118 1 296 ] ]
		[ 0.9285714 [ 0 118 1 296 ] ]
		[ 0.9642857 [ 0 118 1 296 ] ]
	]
	"Lokot_L_end" [
		[ 0 [ 0 118 1 323 ] ]
	]
	"Lokot_L_end_end" [
		[ 0 [ 0 118 1 323 ] ]
	]
	"Ruka_P" [
		[ 0 [ 324 325 326 327 ] ]
		[ 0.03571429 [ 328 329 330 327 ] ]
		[ 0.07142857 [ 331 332 333 327 ] ]
		[ 0.1071429 [ 334 335 336 327 ] ]
		[ 0.1428571 [ 337 338 339 327 ] ]
		[ 0.1785714 [ 340 341 342 327 ] ]
		[ 0.2142857 [ 343 344 345 327 ] ]
		[ 0.25 [ 346 347 348 327 ] ]
		[ 0.2857143 [ 349 350 351 327 ] ]
		[ 0.3214286 [ 352 353 354 327 ] ]
		[ 0.3571429 [ 355 356 357 327 ] ]
		[ 0.3928571 [ 358 359 360 327 ] ]
		[ 0.4285714 [ 361 362 363 327 ] ]
		[ 0.4642857 [ 364 365 366 327 ] ]
		[ 0.5 [ 1 367 368 327 ] ]
		[ 0.5357143 [ 1 367 368 327 ] ]
		[ 0.5714286 [ 1 367 368 327 ] ]
		[ 0.6071429 [ 1 367 368 327 ] ]
		[ 0.6428571 [ 1 367 368 327 ] ]
		[ 0.6785714 [ 1 367 368 327 ] ]
		[ 0.7142857 [ 1 367 368 327 ] ]
		[ 0.75 [ 1 367 368 327 ] ]
		[ 0.7857143 [ 1 367 368 327 ] ]
		[ 0.8214286 [ 1 367 368 327 ] ]
		[ 0.8571429 [ 1 367 368 327 ] ]
		[ 0.8928571 [ 1 367 368 327 ] ]
		[ 0.9285714 [ 1 367 368 327 ] ]
		[ 0.9642857 [ 1 367 368 327 ] ]
	]
	"Lokot_P" [
		[ 0 [ 295 369 1 296 ] ]
		[ 0.03571429 [ 295 369 1 296 ] ]
		[ 0.07142857 [ 295 369 1 296 ] ]
		[ 0.1071429 [ 295 369 1 296 ] ]
		[ 0.1428571 [ 370 371 1 296 ] ]
		[ 0.1785714 [ 372 373 1 296 ] ]
		[ 0.2142857 [ 374 375 1 296 ] ]
		[ 0.25 [ 376 377 1 296 ] ]
		[ 0.2857143 [ 378 379 1 296 ] ]
		[ 0.3214286 [ 380 381 1 296 ] ]
		[ 0.3571429 [ 315 316 1 296 ] ]
		[ 0.3928571 [ 317 318 1 296 ] ]
		[ 0.4285714 [ 319 320 1 296 ] ]
		[ 0.4642857 [ 321 322 1 296 ] ]
		[ 0.5 [ 0 118 1 296 ] ]
		[ 0.5357143 [ 0 118 1 296 ] ]
		[ 0.5714286 [ 0 118 1 296 ] ]
		[ 0.6071429 [ 0 118 1 296 ] ]
		[ 0.6428571 [ 0 118 1 296 ] ]
		[ 0.6785714 [ 0 118 1 296 ] ]
		[ 0.7142857 [ 0 118 1 296 ] ]
		[ 0.75 [ 0 118 1 296 ] ]
		[ 0.7857143 [ 0 118 1 296 ] ]
		[ 0.8214286 [ 0 118 1 296 ] ]
		[ 0.8571429 [ 0 118 1 296 ] ]
		[ 0.8928571 [ 0 118 1 296 ] ]
		[ 0.9285714 [ 0 118 1 296 ] ]
		[ 0.9642857 [ 0 118 1 296 ] ]
	]
	"Lokot_P_end" [
		[ 0 [ 0 118 1 323 ] ]
	]
	"Lokot_P_end_end" [
		[ 0 [ 0 118 1 323 ] ]
	]
	"Woin" [
		[ 0 [ 382 383 384 384 ] ]
	]
	"Shit" [
		[ 0 [ 385 386 387 388 ] ]
		[ 0.03571429 [ 389 390 391 392 ] ]
		[ 0.07142857 [ 393 394 395 396 ] ]
		[ 0.1071429 [ 397 398 399 400 ] ]
		[ 0.1428571 [ 401 402 403 404 ] ]
		[ 0.1785714 [ 405 406 407 408 ] ]
		[ 0.2142857 [ 409 410 411 412 ] ]
		[ 0.25 [ 413 414 415 416 ] ]
		[ 0.2857143 [ 417 418 419 420 ] ]
		[ 0.3214286 [ 421 422 423 424 ] ]
		[ 0.3571429 [ 425 426 427 428 ] ]
		[ 0.3928571 [ 429 430 431 432 ] ]
		[ 0.4285714 [ 433 434 435 436 ] ]
		[ 0.4642857 [ 437 438 439 440 ] ]
		[ 0.5 [ 441 442 443 444 ] ]
		[ 0.5357143 [ 441 442 443 444 ] ]
		[ 0.5714286 [ 441 442 443 444 ] ]
		[ 0.6071429 [ 441 442 443 444 ] ]
		[ 0.6428571 [ 441 442 443 444 ] ]
		[ 0.6785714 [ 441 442 443 444 ] ]
		[ 0.7142857 [ 441 442 443 444 ] ]
		[ 0.75 [ 441 442 443 444 ] ]
		[ 0.7857143 [ 441 442 443 444 ] ]
		[ 0.8214286 [ 441 442 443 444 ] ]
		[ 0.8571429 [ 441 442 443 444 ] ]
		[ 0.8928571 [ 441 442 443 444 ] ]
		[ 0.9285714 [ 441 442 443 444 ] ]
		[ 0.9642857 [ 441 442 443 444 ] ]
	]
	"Sword" [
		[ 0 [ 445 446 447 448 ] ]
		[ 0.03571429 [ 449 450 451 452 ] ]
		[ 0.07142857 [ 453 454 455 456 ] ]
		[ 0.1071429 [ 457 458 459 460 ] ]
		[ 0.1428571 [ 461 462 463 464 ] ]
		[ 0.1785714 [ 465 466 467 468 ] ]
		[ 0.2142857 [ 469 470 471 472 ] ]
		[ 0.25 [ 473 474 475 476 ] ]
		[ 0.2857143 [ 477 478 479 480 ] ]
		[ 0.3214286 [ 481 482 483 484 ] ]
		[ 0.3571429 [ 485 486 487 488 ] ]
		[ 0.3928571 [ 489 490 491 492 ] ]
		[ 0.4285714 [ 493 494 495 496 ] ]
		[ 0.4642857 [ 497 498 499 500 ] ]
		[ 0.5 [ 501 502 503 504 ] ]
		[ 0.5357143 [ 501 502 503 504 ] ]
		[ 0.5714286 [ 501 502 503 504 ] ]
		[ 0.6071429 [ 501 502 503 504 ] ]
		[ 0.6428571 [ 501 502 503 504 ] ]
		[ 0.6785714 [ 501 502 503 504 ] ]
		[ 0.7142857 [ 501 502 503 504 ] ]
		[ 0.75 [ 501 502 503 504 ] ]
		[ 0.7857143 [ 501 502 503 504 ] ]
		[ 0.8214286 [ 501 502 503 504 ] ]
		[ 0.8571429 [ 501 502 503 504 ] ]
		[ 0.8928571 [ 501 502 503 504 ] ]
		[ 0.9285714 [ 501 502 503 504 ] ]
		[ 0.9642857 [ 501 502 503 504 ] ]
	]
	}
	:resources [
		[1.000 0.000 0.000]
		[0.000 0.000 1.000]
		[0.000 -1.000 0.000]
		[0.000 0.000 -0.040]
		[0.000 -0.164 0.987]
		[0.000 -0.987 -0.164]
		[0.000 0.000 -0.009]
		[0.000 -0.321 0.947]
		[0.000 -0.947 -0.321]
		[0.000 0.000 0.038]
		[0.000 -0.473 0.881]
		[0.000 -0.881 -0.473]
		[0.000 0.000 0.060]
		[0.000 -0.615 0.788]
		[0.000 -0.788 -0.615]
		[0.000 0.000 0.019]
		[0.000 -0.753 0.658]
		[0.000 -0.658 -0.753]
		[0.000 0.000 -0.130]
		[0.000 -0.876 0.482]
		[0.000 -0.482 -0.876]
		[0.000 0.000 -0.378]
		[0.000 -0.958 0.287]
		[0.000 -0.287 -0.958]
		[0.000 0.000 -0.660]
		[0.000 -0.994 0.110]
		[0.000 -0.110 -0.994]
		[0.000 0.000 -0.910]
		[0.000 -1.000 -0.010]
		[0.000 0.010 -1.000]
		[0.000 0.000 -1.062]
		[0.000 -1.000 -0.028]
		[0.000 0.028 -1.000]
		[0.000 0.000 -1.057]
		[0.000 -1.000 -0.002]
		[0.000 0.002 -1.000]
		[0.000 0.000 -1.003]
		[0.000 0.000 -1.000]
		[0.000 0.000 -1.010]
		[0.000 0.000 -1.037]
		[0.000 0.000 -1.050]
		[0.059 -0.337 0.940]
		[0.163 -0.925 -0.342]
		[0.985 0.174 0.000]
		[0.123 -0.038 0.000]
		[-0.011 -0.407 0.913]
		[0.195 -0.897 -0.397]
		[0.981 0.174 0.089]
		[-0.082 -0.471 0.878]
		[0.239 -0.865 -0.442]
		[0.968 0.174 0.183]
		[-0.136 -0.538 0.832]
		[0.288 -0.825 -0.486]
		[0.948 0.174 0.267]
		[-0.158 -0.615 0.772]
		[0.336 -0.769 -0.544]
		[0.928 0.174 0.328]
		[-0.128 -0.722 0.680]
		[0.376 -0.670 -0.640]
		[0.917 0.174 0.358]
		[-0.050 -0.846 0.531]
		[0.399 -0.505 -0.765]
		[0.916 0.174 0.363]
		[0.037 -0.932 0.362]
		[0.393 -0.320 -0.862]
		[0.919 0.174 0.354]
		[0.094 -0.967 0.237]
		[0.372 -0.186 -0.909]
		[0.924 0.174 0.342]
		[0.098 -0.968 0.230]
		[0.366 -0.180 -0.913]
		[0.925 0.174 0.337]
		[0.041 -0.929 0.367]
		[0.377 -0.326 -0.867]
		[-0.060 -0.811 0.582]
		[0.374 -0.559 -0.740]
		[-0.175 -0.592 0.786]
		[0.336 -0.787 -0.518]
		[-0.272 -0.315 0.909]
		[0.264 -0.933 -0.244]
		[-0.308 -0.171 0.936]
		[0.220 -0.970 -0.105]
		[-0.906 0.423 0.000]
		[0.423 0.906 0.000]
		[0.000 0.532 0.000]
		[-0.876 0.483 -0.001]
		[0.483 0.876 -0.003]
		[0.000 -0.003 -1.000]
		[-0.838 0.545 -0.003]
		[0.545 0.838 -0.005]
		[0.000 -0.006 -1.000]
		[-0.801 0.599 -0.005]
		[0.599 0.801 -0.007]
		[0.000 -0.009 -1.000]
		[-0.770 0.637 -0.007]
		[0.638 0.770 -0.008]
		[0.000 -0.011 -1.000]
		[-0.755 0.656 -0.008]
		[0.656 0.755 -0.009]
		[0.000 -0.012 -1.000]
		[-0.752 0.659 -0.008]
		[0.659 0.752 -0.009]
		[-0.757 0.653 -0.008]
		[0.653 0.757 -0.009]
		[-0.763 0.646 -0.007]
		[0.646 0.763 -0.009]
		[-0.765 0.643 -0.007]
		[0.643 0.765 -0.009]
		[-0.752 0.659 -0.007]
		[0.659 0.752 -0.008]
		[-0.758 0.652 -0.007]
		[0.652 0.758 -0.009]
		[-0.823 0.568 -0.006]
		[0.568 0.823 -0.009]
		[-0.907 0.422 -0.005]
		[0.422 0.906 -0.010]
		[-0.940 0.342 -0.004]
		[0.342 0.940 -0.011]
		[0.000 1.000 0.000]
		[0.000 0.578 0.000]
		[0.682 -0.337 0.650]
		[-0.367 -0.925 -0.095]
		[0.633 -0.174 -0.754]
		[-0.123 -0.038 0.000]
		[0.559 -0.407 0.723]
		[-0.395 -0.897 -0.200]
		[0.729 -0.174 -0.662]
		[0.421 -0.471 0.775]
		[-0.394 -0.865 -0.312]
		[0.817 -0.174 -0.550]
		[0.287 -0.538 0.792]
		[-0.373 -0.825 -0.425]
		[0.882 -0.174 -0.438]
		[0.176 -0.615 0.768]
		[-0.348 -0.769 -0.536]
		[0.921 -0.174 -0.349]
		[0.090 -0.722 0.686]
		[-0.339 -0.670 -0.661]
		[0.936 -0.174 -0.305]
		[0.013 -0.846 0.534]
		[-0.344 -0.505 -0.792]
		[0.939 -0.174 -0.297]
		[-0.053 -0.932 0.360]
		[-0.352 -0.320 -0.880]
		[0.934 -0.174 -0.311]
		[-0.097 -0.967 0.235]
		[-0.359 -0.186 -0.914]
		[0.928 -0.174 -0.329]
		[-0.098 -0.968 0.230]
		[-0.366 -0.180 -0.913]
		[0.925 -0.174 -0.337]
		[-0.041 -0.929 0.367]
		[-0.377 -0.326 -0.867]
		[0.060 -0.811 0.582]
		[-0.374 -0.559 -0.740]
		[0.175 -0.592 0.786]
		[-0.336 -0.787 -0.518]
		[0.272 -0.315 0.909]
		[-0.264 -0.933 -0.244]
		[0.308 -0.171 0.936]
		[-0.220 -0.970 -0.105]
		[-0.876 0.483 0.000]
		[0.483 0.876 0.000]
		[-0.838 0.545 0.000]
		[0.545 0.838 0.000]
		[-0.801 0.599 0.000]
		[0.599 0.801 0.000]
		[-0.770 0.638 0.000]
		[0.638 0.770 0.000]
		[-0.755 0.656 0.000]
		[0.656 0.755 0.000]
		[-0.752 0.659 0.000]
		[0.659 0.752 0.000]
		[-0.757 0.653 0.000]
		[0.653 0.757 0.000]
		[-0.763 0.646 0.000]
		[0.646 0.763 0.000]
		[-0.765 0.644 0.000]
		[0.644 0.765 0.000]
		[-0.758 0.652 0.000]
		[0.652 0.758 0.000]
		[-0.823 0.568 0.000]
		[0.568 0.823 0.000]
		[-0.907 0.422 0.000]
		[0.422 0.907 0.000]
		[-0.940 0.342 0.000]
		[0.342 0.940 0.000]
		[0.000 0.940 -0.342]
		[0.000 0.342 0.940]
		[0.000 0.130 0.000]
		[0.000 0.919 -0.394]
		[0.000 0.394 0.919]
		[0.000 0.891 -0.453]
		[0.000 0.453 0.891]
		[0.000 0.867 -0.498]
		[0.000 0.498 0.867]
		[0.000 0.863 -0.505]
		[0.000 0.505 0.863]
		[0.000 0.892 -0.453]
		[0.000 0.453 0.892]
		[0.000 0.939 -0.343]
		[0.000 0.343 0.939]
		[0.000 0.979 -0.205]
		[0.000 0.205 0.979]
		[0.000 0.997 -0.075]
		[0.000 0.075 0.997]
		[0.000 1.000 0.006]
		[0.000 -0.006 1.000]
		[0.000 1.000 0.017]
		[0.000 -0.017 1.000]
		[0.000 1.000 0.001]
		[0.000 -0.001 1.000]
		[0.000 0.940 0.342]
		[0.000 -0.342 0.940]
		[0.000 0.596 0.000]
		[0.000 0.977 0.212]
		[0.000 -0.212 0.977]
		[0.000 0.998 0.069]
		[0.000 -0.069 0.998]
		[0.000 0.998 -0.063]
		[0.000 0.063 0.998]
		[0.000 0.987 -0.160]
		[0.000 0.160 0.987]
		[0.000 0.976 -0.216]
		[0.000 0.216 0.976]
		[0.000 0.969 -0.246]
		[0.000 0.246 0.969]
		[0.000 0.968 -0.250]
		[0.000 0.250 0.968]
		[0.000 0.975 -0.224]
		[0.000 0.224 0.975]
		[1.000 0.000 -0.003]
		[0.000 0.987 -0.158]
		[0.003 0.158 0.987]
		[0.998 0.000 -0.063]
		[0.003 0.999 0.046]
		[0.063 -0.046 0.997]
		[0.999 0.001 -0.037]
		[0.006 0.982 0.190]
		[0.037 -0.190 0.981]
		[0.961 -0.002 0.278]
		[0.040 0.991 -0.131]
		[-0.275 0.137 0.952]
		[0.706 0.000 0.708]
		[0.068 0.995 -0.068]
		[-0.705 0.096 0.703]
		[0.500 0.000 0.866]
		[-0.866 0.000 0.500]
		[0.000 0.315 0.000]
		[0.000 0.470 0.000]
		[0.000 0.300 0.000]
		[-1.000 0.000 0.000]
		[-0.040 0.557 0.830]
		[0.580 -0.663 0.473]
		[0.814 0.500 -0.296]
		[0.279 0.394 -0.035]
		[-0.119 0.346 0.931]
		[0.727 -0.608 0.319]
		[0.677 0.714 -0.179]
		[-0.125 0.149 0.981]
		[0.878 -0.443 0.179]
		[0.461 0.884 -0.075]
		[-0.071 0.033 0.997]
		[0.973 -0.219 0.076]
		[0.220 0.975 -0.016]
		[-0.009 0.001 1.000]
		[1.000 -0.028 0.009]
		[0.028 1.000 0.000]
		[0.027 0.004 1.000]
		[0.996 0.081 -0.027]
		[-0.081 0.997 -0.002]
		[0.044 0.007 0.999]
		[0.990 0.132 -0.044]
		[-0.132 0.991 -0.002]
		[0.043 0.005 0.999]
		[0.990 0.131 -0.044]
		[-0.131 0.991 0.001]
		[0.027 0.001 1.000]
		[-0.081 0.997 0.001]
		[-0.007 0.000 1.000]
		[1.000 -0.019 0.007]
		[0.019 1.000 0.000]
		[-0.095 0.000 0.996]
		[0.964 -0.250 0.091]
		[0.249 0.968 0.024]
		[-0.170 0.000 0.985]
		[0.867 -0.475 0.150]
		[0.468 0.880 0.081]
		[-0.140 0.000 0.990]
		[0.838 -0.533 0.118]
		[0.528 0.846 0.075]
		[-0.047 0.000 0.999]
		[0.860 -0.509 0.040]
		[0.508 0.861 0.024]
		[0.866 -0.500 0.000]
		[0.500 0.866 0.000]
		[0.000 0.316 0.000]
		[0.136 0.991 0.000]
		[-0.991 0.136 0.000]
		[0.277 0.961 0.000]
		[-0.961 0.277 0.000]
		[0.401 0.916 0.000]
		[-0.916 0.401 0.000]
		[0.489 0.872 0.000]
		[-0.872 0.489 0.000]
		[0.507 0.862 0.000]
		[-0.862 0.507 0.000]
		[0.453 0.892 0.000]
		[-0.892 0.453 0.000]
		[0.390 0.921 0.000]
		[-0.921 0.390 0.000]
		[0.392 0.920 0.000]
		[-0.920 0.392 0.000]
		[0.532 0.847 0.000]
		[-0.847 0.532 0.000]
		[0.856 0.516 0.000]
		[-0.516 0.856 0.000]
		[0.998 0.058 0.000]
		[-0.058 0.998 0.000]
		[0.997 -0.077 0.000]
		[0.077 0.997 0.000]
		[1.000 -0.021 0.000]
		[0.021 1.000 0.000]
		[0.000 0.469 0.000]
		[-0.106 0.621 0.777]
		[-0.406 -0.740 0.536]
		[0.908 -0.259 0.330]
		[-0.279 0.394 -0.035]
		[0.048 0.407 0.912]
		[-0.602 -0.717 0.352]
		[0.797 -0.566 0.211]
		[0.105 0.182 0.978]
		[-0.819 -0.541 0.189]
		[0.564 -0.821 0.092]
		[0.069 0.041 0.997]
		[-0.959 -0.272 0.077]
		[0.274 -0.961 0.020]
		[0.009 0.001 1.000]
		[-0.999 -0.035 0.009]
		[0.035 -0.999 0.000]
		[-0.027 0.004 1.000]
		[-0.995 0.098 -0.027]
		[-0.098 -0.995 0.002]
		[-0.043 0.009 0.999]
		[-0.987 0.153 -0.044]
		[-0.153 -0.988 0.002]
		[-0.043 0.005 0.999]
		[-0.989 0.145 -0.044]
		[-0.145 -0.989 -0.001]
		[-0.027 0.001 1.000]
		[-0.996 0.085 -0.027]
		[-0.085 -0.996 -0.001]
		[0.007 0.000 1.000]
		[-1.000 -0.019 0.007]
		[0.019 -1.000 0.000]
		[0.095 0.000 0.996]
		[-0.964 -0.250 0.091]
		[0.249 -0.968 -0.024]
		[0.170 0.000 0.985]
		[-0.867 -0.475 0.150]
		[0.468 -0.880 -0.081]
		[0.140 0.000 0.990]
		[-0.838 -0.533 0.118]
		[0.528 -0.846 -0.075]
		[0.047 0.000 0.999]
		[-0.860 -0.509 0.040]
		[0.508 -0.861 -0.024]
		[-0.866 -0.500 0.000]
		[0.500 -0.866 0.000]
		[-0.866 0.500 0.000]
		[0.501 0.866 0.000]
		[-0.866 0.501 0.000]
		[0.478 0.879 0.000]
		[-0.879 0.478 0.000]
		[0.415 0.910 0.000]
		[-0.910 0.415 0.000]
		[0.364 0.931 0.000]
		[-0.931 0.364 0.000]
		[0.385 0.923 0.000]
		[-0.923 0.385 0.000]
		[0.532 0.846 0.000]
		[-0.846 0.532 0.000]
		[100.000 0.000 0.000]
		[0.000 0.000 -100.000]
		[0.000 100.000 0.000]
		[0.129 -0.376 0.047]
		[-0.065 -0.070 -0.388]
		[0.037 0.012 -0.008]
		[0.588 0.224 1.305]
		[0.128 -0.379 -0.005]
		[0.038 0.018 -0.398]
		[0.038 0.013 0.004]
		[0.668 0.266 1.435]
		[0.133 -0.375 -0.038]
		[0.146 0.089 -0.362]
		[0.035 0.011 0.017]
		[0.730 0.284 1.624]
		[0.138 -0.370 -0.063]
		[0.235 0.137 -0.293]
		[0.029 0.006 0.027]
		[0.752 0.256 1.802]
		[0.137 -0.362 -0.100]
		[0.291 0.170 -0.215]
		[0.024 0.000 0.032]
		[0.745 0.166 1.891]
		[0.148 -0.330 -0.170]
		[0.313 0.209 -0.134]
		[0.020 -0.008 0.034]
		[0.723 -0.005 1.819]
		[0.178 -0.254 -0.253]
		[0.311 0.249 -0.032]
		[0.018 -0.018 0.031]
		[0.689 -0.245 1.566]
		[0.202 -0.146 -0.313]
		[0.299 0.256 0.073]
		[0.017 -0.027 0.024]
		[0.669 -0.479 1.175]
		[0.194 -0.033 -0.348]
		[0.292 0.234 0.141]
		[0.019 -0.032 0.014]
		[0.684 -0.633 0.753]
		[0.120 0.056 -0.378]
		[0.300 0.231 0.129]
		[0.024 -0.032 0.003]
		[0.757 -0.670 0.441]
		[-0.107 0.048 -0.383]
		[0.258 0.304 -0.034]
		[0.029 -0.026 -0.011]
		[0.896 -0.530 0.279]
		[-0.281 -0.070 -0.276]
		[0.107 0.334 -0.193]
		[0.026 -0.021 -0.022]
		[0.907 -0.354 0.158]
		[-0.297 -0.108 -0.246]
		[0.063 0.328 -0.220]
		[0.026 -0.020 -0.023]
		[0.891 -0.311 0.130]
		[-0.262 -0.092 -0.288]
		[0.103 0.331 -0.200]
		[0.028 -0.021 -0.019]
		[0.904 -0.328 0.179]
		[-0.244 -0.086 -0.305]
		[0.120 0.332 -0.189]
		[0.029 -0.021 -0.018]
		[0.906 -0.335 0.201]
		[0.132 0.000 -0.048]
		[0.000 0.140 0.000]
		[0.048 0.000 0.132]
		[-0.441 0.050 1.019]
		[0.115 0.015 -0.078]
		[0.016 0.130 0.048]
		[0.078 -0.049 0.105]
		[-0.603 0.228 1.131]
		[0.089 0.033 -0.103]
		[0.048 0.108 0.075]
		[0.097 -0.083 0.057]
		[-0.728 0.357 1.371]
		[0.058 0.051 -0.117]
		[0.081 0.084 0.077]
		[0.098 -0.100 0.005]
		[-0.773 0.399 1.625]
		[0.033 0.071 -0.116]
		[0.103 0.065 0.069]
		[0.089 -0.102 -0.037]
		[-0.761 0.350 1.778]
		[0.019 0.097 -0.099]
		[0.115 0.045 0.066]
		[0.078 -0.090 -0.073]
		[-0.728 0.203 1.768]
		[0.017 0.123 -0.065]
		[0.122 0.018 0.066]
		[0.066 -0.065 -0.105]
		[-0.683 -0.031 1.586]
		[0.020 0.137 -0.020]
		[0.125 -0.010 0.063]
		[0.060 -0.027 -0.124]
		[-0.658 -0.284 1.264]
		[0.026 0.135 0.025]
		[0.120 -0.035 0.063]
		[0.067 0.010 -0.123]
		[-0.680 -0.473 0.896]
		[0.029 0.124 0.058]
		[0.102 -0.059 0.076]
		[0.092 0.026 -0.102]
		[-0.777 -0.541 0.612]
		[0.024 0.119 0.070]
		[0.031 -0.074 0.115]
		[0.134 -0.005 -0.039]
		[-0.967 -0.385 0.421]
		[0.024 0.124 0.059]
		[-0.050 -0.048 0.121]
		[0.129 -0.042 0.036]
		[-0.988 -0.167 0.227]
		[0.029 0.126 0.054]
		[-0.064 -0.037 0.119]
		[0.121 -0.049 0.050]
		[-0.963 -0.115 0.181]
		[0.032 0.125 0.053]
		[-0.045 -0.042 0.126]
		[0.129 -0.046 0.031]
		[-0.974 -0.136 0.245]
		[0.034 0.125 0.052]
		[-0.036 -0.043 0.128]
		[0.131 -0.045 0.022]
		[-0.973 -0.144 0.274]]
}