{ :name "walk_crowd" :length 1.666667 :bones { 
	"Skelet" [
		[ 0 [ 0 1 2 3 ] ]
		[ 0.04166667 [ 0 1 2 4 ] ]
		[ 0.08333334 [ 0 1 2 5 ] ]
		[ 0.125 [ 0 1 2 6 ] ]
		[ 0.1666667 [ 0 1 2 7 ] ]
		[ 0.2083333 [ 0 1 2 8 ] ]
		[ 0.25 [ 0 1 2 9 ] ]
		[ 0.2916667 [ 0 1 2 10 ] ]
		[ 0.3333333 [ 0 1 2 11 ] ]
		[ 0.375 [ 0 1 2 12 ] ]
		[ 0.4166667 [ 0 1 2 13 ] ]
		[ 0.4583333 [ 0 1 2 12 ] ]
		[ 0.5 [ 0 1 2 11 ] ]
		[ 0.5416667 [ 0 1 2 10 ] ]
		[ 0.5833334 [ 0 1 2 14 ] ]
		[ 0.625 [ 0 1 2 8 ] ]
		[ 0.6666667 [ 0 1 2 7 ] ]
		[ 0.7083334 [ 0 1 2 6 ] ]
		[ 0.7500001 [ 0 1 2 5 ] ]
		[ 0.7916667 [ 0 1 2 4 ] ]
		[ 0.8333334 [ 0 1 2 3 ] ]
		[ 0.8750001 [ 0 1 2 15 ] ]
		[ 0.9166667 [ 0 1 2 16 ] ]
		[ 0.9583334 [ 0 1 2 17 ] ]
		[ 1 [ 0 1 2 18 ] ]
		[ 1.041667 [ 0 1 2 19 ] ]
		[ 1.083333 [ 0 1 2 20 ] ]
		[ 1.125 [ 0 1 2 21 ] ]
		[ 1.166667 [ 0 1 2 22 ] ]
		[ 1.208333 [ 0 1 2 23 ] ]
		[ 1.25 [ 0 1 2 24 ] ]
		[ 1.291667 [ 0 1 2 23 ] ]
		[ 1.333333 [ 0 1 2 22 ] ]
		[ 1.375 [ 0 1 2 21 ] ]
		[ 1.416667 [ 0 1 2 25 ] ]
		[ 1.458333 [ 0 1 2 19 ] ]
		[ 1.5 [ 0 1 2 18 ] ]
		[ 1.541667 [ 0 1 2 17 ] ]
		[ 1.583333 [ 0 1 2 16 ] ]
		[ 1.625 [ 0 1 2 15 ] ]
	]
	"Bedro_L" [
		[ 0 [ 26 27 28 29 ] ]
		[ 0.04166667 [ 30 31 28 29 ] ]
		[ 0.08333334 [ 32 33 34 29 ] ]
		[ 0.125 [ 35 36 37 29 ] ]
		[ 0.1666667 [ 38 39 40 29 ] ]
		[ 0.2083333 [ 41 42 43 29 ] ]
		[ 0.25 [ 44 45 46 29 ] ]
		[ 0.2916667 [ 47 48 49 29 ] ]
		[ 0.3333333 [ 50 51 52 29 ] ]
		[ 0.375 [ 53 54 55 29 ] ]
		[ 0.4166667 [ 56 57 55 29 ] ]
		[ 0.4583333 [ 53 54 55 29 ] ]
		[ 0.5 [ 58 59 60 29 ] ]
		[ 0.5416667 [ 61 62 49 29 ] ]
		[ 0.5833334 [ 63 64 43 29 ] ]
		[ 0.625 [ 65 66 67 29 ] ]
		[ 0.6666667 [ 68 69 28 29 ] ]
		[ 0.7083334 [ 70 71 72 29 ] ]
		[ 0.7500001 [ 73 74 75 29 ] ]
		[ 0.7916667 [ 76 77 78 29 ] ]
		[ 0.8333334 [ 79 80 81 29 ] ]
		[ 0.8750001 [ 82 83 84 29 ] ]
		[ 0.9166667 [ 85 86 87 29 ] ]
		[ 0.9583334 [ 88 89 90 29 ] ]
		[ 1 [ 91 92 93 29 ] ]
		[ 1.041667 [ 94 95 93 29 ] ]
		[ 1.083333 [ 96 97 93 29 ] ]
		[ 1.125 [ 98 99 100 29 ] ]
		[ 1.166667 [ 101 102 100 29 ] ]
		[ 1.208333 [ 103 104 100 29 ] ]
		[ 1.25 [ 105 106 107 29 ] ]
		[ 1.291667 [ 108 109 90 29 ] ]
		[ 1.333333 [ 110 111 112 29 ] ]
		[ 1.375 [ 113 114 84 29 ] ]
		[ 1.416667 [ 115 116 117 29 ] ]
		[ 1.458333 [ 118 119 78 29 ] ]
		[ 1.5 [ 120 121 75 29 ] ]
		[ 1.541667 [ 122 123 124 29 ] ]
		[ 1.583333 [ 125 126 127 29 ] ]
		[ 1.625 [ 128 129 28 29 ] ]
	]
	"Koleno_L" [
		[ 0 [ 130 131 132 133 ] ]
		[ 0.04166667 [ 130 131 134 133 ] ]
		[ 0.08333334 [ 135 131 134 133 ] ]
		[ 0.125 [ 135 131 136 133 ] ]
		[ 0.1666667 [ 137 131 138 133 ] ]
		[ 0.2083333 [ 137 131 139 133 ] ]
		[ 0.25 [ 140 131 139 133 ] ]
		[ 0.2916667 [ 140 131 141 133 ] ]
		[ 0.3333333 [ 142 131 141 133 ] ]
		[ 0.375 [ 142 131 143 133 ] ]
		[ 0.4166667 [ 144 145 143 133 ] ]
		[ 0.4583333 [ 146 147 143 133 ] ]
		[ 0.5 [ 148 149 143 133 ] ]
		[ 0.5416667 [ 150 151 143 133 ] ]
		[ 0.5833334 [ 152 153 154 133 ] ]
		[ 0.625 [ 155 156 157 133 ] ]
		[ 0.6666667 [ 158 159 160 133 ] ]
		[ 0.7083334 [ 161 162 163 133 ] ]
		[ 0.7500001 [ 164 165 163 133 ] ]
		[ 0.7916667 [ 166 167 168 133 ] ]
		[ 0.8333334 [ 169 170 168 133 ] ]
		[ 0.8750001 [ 171 172 168 133 ] ]
		[ 0.9166667 [ 173 174 175 133 ] ]
		[ 0.9583334 [ 176 177 175 133 ] ]
		[ 1 [ 178 179 175 133 ] ]
		[ 1.041667 [ 180 181 182 133 ] ]
		[ 1.083333 [ 183 184 182 133 ] ]
		[ 1.125 [ 185 186 182 133 ] ]
		[ 1.166667 [ 187 188 143 133 ] ]
		[ 1.208333 [ 189 190 143 133 ] ]
		[ 1.25 [ 191 192 143 133 ] ]
		[ 1.291667 [ 193 194 143 133 ] ]
		[ 1.333333 [ 195 196 141 133 ] ]
		[ 1.375 [ 197 198 141 133 ] ]
		[ 1.416667 [ 199 200 139 133 ] ]
		[ 1.458333 [ 201 202 139 133 ] ]
		[ 1.5 [ 203 204 138 133 ] ]
		[ 1.541667 [ 205 206 134 133 ] ]
		[ 1.583333 [ 207 208 134 133 ] ]
		[ 1.625 [ 209 210 134 133 ] ]
	]
	"Koleno_L_end" [
		[ 0 [ 0 211 1 212 ] ]
	]
	"Koleno_L_end_end" [
		[ 0 [ 0 211 1 212 ] ]
	]
	"Bedro_P" [
		[ 0 [ 213 214 215 216 ] ]
		[ 0.04166667 [ 217 218 215 216 ] ]
		[ 0.08333334 [ 219 220 221 216 ] ]
		[ 0.125 [ 222 223 224 216 ] ]
		[ 0.1666667 [ 225 226 227 216 ] ]
		[ 0.2083333 [ 228 229 230 216 ] ]
		[ 0.25 [ 231 232 233 216 ] ]
		[ 0.2916667 [ 234 235 236 216 ] ]
		[ 0.3333333 [ 237 238 239 216 ] ]
		[ 0.375 [ 240 241 242 216 ] ]
		[ 0.4166667 [ 243 244 242 216 ] ]
		[ 0.4583333 [ 245 246 242 216 ] ]
		[ 0.5 [ 247 248 249 216 ] ]
		[ 0.5416667 [ 250 251 236 216 ] ]
		[ 0.5833334 [ 252 253 233 216 ] ]
		[ 0.625 [ 254 255 256 216 ] ]
		[ 0.6666667 [ 257 258 259 216 ] ]
		[ 0.7083334 [ 260 261 262 216 ] ]
		[ 0.7500001 [ 263 264 265 216 ] ]
		[ 0.7916667 [ 266 267 268 216 ] ]
		[ 0.8333334 [ 68 269 270 216 ] ]
		[ 0.8750001 [ 271 272 273 216 ] ]
		[ 0.9166667 [ 274 275 276 216 ] ]
		[ 0.9583334 [ 277 278 279 216 ] ]
		[ 1 [ 280 281 282 216 ] ]
		[ 1.041667 [ 283 284 285 216 ] ]
		[ 1.083333 [ 286 287 288 216 ] ]
		[ 1.125 [ 289 290 291 216 ] ]
		[ 1.166667 [ 292 293 294 216 ] ]
		[ 1.208333 [ 295 296 294 216 ] ]
		[ 1.25 [ 297 298 299 216 ] ]
		[ 1.291667 [ 300 301 302 216 ] ]
		[ 1.333333 [ 303 304 305 216 ] ]
		[ 1.375 [ 306 307 308 216 ] ]
		[ 1.416667 [ 309 310 276 216 ] ]
		[ 1.458333 [ 311 312 313 216 ] ]
		[ 1.5 [ 314 315 268 216 ] ]
		[ 1.541667 [ 316 317 318 216 ] ]
		[ 1.583333 [ 319 320 321 216 ] ]
		[ 1.625 [ 322 323 259 216 ] ]
	]
	"Koleno_P" [
		[ 0 [ 324 325 326 133 ] ]
		[ 0.04166667 [ 327 328 329 133 ] ]
		[ 0.08333334 [ 330 331 329 133 ] ]
		[ 0.125 [ 332 333 334 133 ] ]
		[ 0.1666667 [ 335 336 337 133 ] ]
		[ 0.2083333 [ 338 339 340 133 ] ]
		[ 0.25 [ 341 342 343 133 ] ]
		[ 0.2916667 [ 344 345 346 133 ] ]
		[ 0.3333333 [ 347 348 349 133 ] ]
		[ 0.375 [ 350 351 352 133 ] ]
		[ 0.4166667 [ 353 354 355 133 ] ]
		[ 0.4583333 [ 356 357 355 133 ] ]
		[ 0.5 [ 358 359 360 133 ] ]
		[ 0.5416667 [ 361 362 363 133 ] ]
		[ 0.5833334 [ 364 365 363 133 ] ]
		[ 0.625 [ 366 367 363 133 ] ]
		[ 0.6666667 [ 368 369 363 133 ] ]
		[ 0.7083334 [ 370 371 360 133 ] ]
		[ 0.7500001 [ 372 373 360 133 ] ]
		[ 0.7916667 [ 374 375 376 133 ] ]
		[ 0.8333334 [ 377 378 379 133 ] ]
		[ 0.8750001 [ 380 381 379 133 ] ]
		[ 0.9166667 [ 382 383 384 133 ] ]
		[ 0.9583334 [ 385 383 384 133 ] ]
		[ 1 [ 385 383 384 133 ] ]
		[ 1.041667 [ 385 383 386 133 ] ]
		[ 1.083333 [ 387 383 388 133 ] ]
		[ 1.125 [ 387 383 388 133 ] ]
		[ 1.166667 [ 387 383 389 133 ] ]
		[ 1.208333 [ 390 383 389 133 ] ]
		[ 1.25 [ 391 392 389 133 ] ]
		[ 1.291667 [ 393 394 389 133 ] ]
		[ 1.333333 [ 395 396 389 133 ] ]
		[ 1.375 [ 397 398 399 133 ] ]
		[ 1.416667 [ 400 401 346 133 ] ]
		[ 1.458333 [ 402 348 346 133 ] ]
		[ 1.5 [ 403 404 340 133 ] ]
		[ 1.541667 [ 405 406 334 133 ] ]
		[ 1.583333 [ 407 408 329 133 ] ]
		[ 1.625 [ 409 410 326 133 ] ]
	]
	"Koleno_P_end" [
		[ 0 [ 0 211 1 212 ] ]
	]
	"Koleno_P_end_end" [
		[ 0 [ 0 211 1 212 ] ]
	]
	"Tors" [
		[ 0 [ 0 211 1 411 ] ]
		[ 0.04166667 [ 412 413 414 411 ] ]
		[ 0.08333334 [ 415 416 417 411 ] ]
		[ 0.125 [ 418 419 420 411 ] ]
		[ 0.1666667 [ 421 422 423 411 ] ]
		[ 0.2083333 [ 424 425 426 411 ] ]
		[ 0.25 [ 427 428 429 411 ] ]
		[ 0.2916667 [ 430 431 432 411 ] ]
		[ 0.3333333 [ 433 434 435 411 ] ]
		[ 0.375 [ 436 437 438 411 ] ]
		[ 0.4166667 [ 439 440 441 411 ] ]
		[ 0.4583333 [ 442 443 444 411 ] ]
		[ 0.5 [ 445 446 447 411 ] ]
		[ 0.5416667 [ 448 449 450 411 ] ]
		[ 0.5833334 [ 451 452 453 411 ] ]
		[ 0.625 [ 454 455 456 411 ] ]
		[ 0.6666667 [ 457 458 459 411 ] ]
		[ 0.7083334 [ 460 461 462 411 ] ]
		[ 0.7500001 [ 463 464 465 411 ] ]
		[ 0.7916667 [ 466 467 468 411 ] ]
		[ 0.8333334 [ 0 211 1 411 ] ]
		[ 0.8750001 [ 469 470 471 411 ] ]
		[ 0.9166667 [ 472 473 474 411 ] ]
		[ 0.9583334 [ 475 476 477 411 ] ]
		[ 1 [ 478 479 480 411 ] ]
		[ 1.041667 [ 481 482 483 411 ] ]
		[ 1.083333 [ 484 485 486 411 ] ]
		[ 1.125 [ 487 488 489 411 ] ]
		[ 1.166667 [ 490 491 492 411 ] ]
		[ 1.208333 [ 493 494 495 411 ] ]
		[ 1.25 [ 496 497 498 411 ] ]
		[ 1.291667 [ 499 500 501 411 ] ]
		[ 1.333333 [ 502 503 504 411 ] ]
		[ 1.375 [ 505 506 507 411 ] ]
		[ 1.416667 [ 508 509 510 411 ] ]
		[ 1.458333 [ 511 512 513 411 ] ]
		[ 1.5 [ 514 515 516 411 ] ]
		[ 1.541667 [ 517 518 519 411 ] ]
		[ 1.583333 [ 520 521 522 411 ] ]
		[ 1.625 [ 523 524 525 411 ] ]
	]
	"Golova" [
		[ 0 [ 0 211 1 526 ] ]
		[ 0.04166667 [ 527 528 529 526 ] ]
		[ 0.08333334 [ 530 531 532 526 ] ]
		[ 0.125 [ 533 534 535 526 ] ]
		[ 0.1666667 [ 536 537 538 526 ] ]
		[ 0.2083333 [ 539 540 541 526 ] ]
		[ 0.25 [ 542 543 544 526 ] ]
		[ 0.2916667 [ 545 546 547 526 ] ]
		[ 0.3333333 [ 548 549 550 526 ] ]
		[ 0.375 [ 551 552 553 526 ] ]
		[ 0.4166667 [ 554 555 556 526 ] ]
		[ 0.4583333 [ 557 558 559 526 ] ]
		[ 0.5 [ 560 561 562 526 ] ]
		[ 0.5416667 [ 563 564 565 526 ] ]
		[ 0.5833334 [ 566 567 568 526 ] ]
		[ 0.625 [ 569 570 571 526 ] ]
		[ 0.6666667 [ 572 573 574 526 ] ]
		[ 0.7083334 [ 575 576 577 526 ] ]
		[ 0.7500001 [ 578 579 580 526 ] ]
		[ 0.7916667 [ 581 582 583 526 ] ]
		[ 0.8333334 [ 584 585 586 526 ] ]
		[ 0.8750001 [ 587 588 589 526 ] ]
		[ 0.9166667 [ 590 591 592 526 ] ]
		[ 0.9583334 [ 593 594 595 526 ] ]
		[ 1 [ 596 597 598 526 ] ]
		[ 1.041667 [ 599 600 601 526 ] ]
		[ 1.083333 [ 602 603 604 526 ] ]
		[ 1.125 [ 605 606 607 526 ] ]
		[ 1.166667 [ 608 609 610 526 ] ]
		[ 1.208333 [ 611 612 613 526 ] ]
		[ 1.25 [ 614 615 616 526 ] ]
		[ 1.291667 [ 617 618 619 526 ] ]
		[ 1.333333 [ 620 621 622 526 ] ]
		[ 1.375 [ 623 624 625 526 ] ]
		[ 1.416667 [ 626 627 628 526 ] ]
		[ 1.458333 [ 629 630 631 526 ] ]
		[ 1.5 [ 632 633 634 526 ] ]
		[ 1.541667 [ 635 636 637 526 ] ]
		[ 1.583333 [ 638 639 640 526 ] ]
		[ 1.625 [ 641 642 643 526 ] ]
	]
	"Golova_end" [
		[ 0 [ 0 211 1 644 ] ]
	]
	"Golova_end_end" [
		[ 0 [ 0 211 1 644 ] ]
	]
	"Kluchitsa_L" [
		[ 0 [ 1 0 211 645 ] ]
	]
	"Kluchitsa_L_end" [
		[ 0 [ 0 211 1 646 ] ]
	]
	"Kluchitsa_L_end_end" [
		[ 0 [ 0 211 1 646 ] ]
	]
	"Kluchitsa_P" [
		[ 0 [ 647 648 211 645 ] ]
	]
	"Kluchitsa_P_end" [
		[ 0 [ 0 211 1 646 ] ]
	]
	"Kluchitsa_P_end_end" [
		[ 0 [ 0 211 1 646 ] ]
	]
	"Ruka_L" [
		[ 0 [ 649 650 651 652 ] ]
		[ 0.04166667 [ 653 654 655 652 ] ]
		[ 0.08333334 [ 656 657 658 652 ] ]
		[ 0.125 [ 659 660 661 652 ] ]
		[ 0.1666667 [ 662 663 664 652 ] ]
		[ 0.2083333 [ 665 666 667 652 ] ]
		[ 0.25 [ 668 669 670 652 ] ]
		[ 0.2916667 [ 671 672 673 652 ] ]
		[ 0.3333333 [ 674 675 676 652 ] ]
		[ 0.375 [ 677 678 679 652 ] ]
		[ 0.4166667 [ 680 681 682 652 ] ]
		[ 0.4583333 [ 683 684 685 652 ] ]
		[ 0.5 [ 686 687 688 652 ] ]
		[ 0.5416667 [ 689 690 691 652 ] ]
		[ 0.5833334 [ 692 693 694 652 ] ]
		[ 0.625 [ 695 696 697 652 ] ]
		[ 0.6666667 [ 698 699 700 652 ] ]
		[ 0.7083334 [ 701 702 703 652 ] ]
		[ 0.7500001 [ 704 705 706 652 ] ]
		[ 0.7916667 [ 707 708 709 652 ] ]
		[ 0.8333334 [ 649 710 651 652 ] ]
		[ 0.8750001 [ 711 712 713 652 ] ]
		[ 0.9166667 [ 714 715 716 652 ] ]
		[ 0.9583334 [ 717 718 719 652 ] ]
		[ 1 [ 720 721 722 652 ] ]
		[ 1.041667 [ 723 724 725 652 ] ]
		[ 1.083333 [ 726 727 728 652 ] ]
		[ 1.125 [ 729 730 731 652 ] ]
		[ 1.166667 [ 732 733 734 652 ] ]
		[ 1.208333 [ 735 736 737 652 ] ]
		[ 1.25 [ 738 733 739 652 ] ]
		[ 1.291667 [ 740 741 742 652 ] ]
		[ 1.333333 [ 743 744 745 652 ] ]
		[ 1.375 [ 746 747 748 652 ] ]
		[ 1.416667 [ 749 750 751 652 ] ]
		[ 1.458333 [ 752 753 754 652 ] ]
		[ 1.5 [ 755 756 757 652 ] ]
		[ 1.541667 [ 758 759 760 652 ] ]
		[ 1.583333 [ 761 762 763 652 ] ]
		[ 1.625 [ 764 765 766 652 ] ]
	]
	"Lokot_L" [
		[ 0 [ 767 768 769 770 ] ]
		[ 0.04166667 [ 771 772 773 770 ] ]
		[ 0.08333334 [ 774 775 776 770 ] ]
		[ 0.125 [ 777 778 779 770 ] ]
		[ 0.1666667 [ 780 781 782 770 ] ]
		[ 0.2083333 [ 783 784 785 770 ] ]
		[ 0.25 [ 786 787 788 770 ] ]
		[ 0.2916667 [ 789 790 791 770 ] ]
		[ 0.3333333 [ 792 793 794 770 ] ]
		[ 0.375 [ 795 796 797 770 ] ]
		[ 0.4166667 [ 798 799 800 770 ] ]
		[ 0.4583333 [ 801 802 803 770 ] ]
		[ 0.5 [ 804 805 806 770 ] ]
		[ 0.5416667 [ 807 808 809 770 ] ]
		[ 0.5833334 [ 810 811 812 770 ] ]
		[ 0.625 [ 813 814 815 770 ] ]
		[ 0.6666667 [ 816 817 818 770 ] ]
		[ 0.7083334 [ 819 820 821 770 ] ]
		[ 0.7500001 [ 822 823 824 770 ] ]
		[ 0.7916667 [ 825 826 827 770 ] ]
		[ 0.8333334 [ 767 768 769 770 ] ]
		[ 0.8750001 [ 828 829 830 770 ] ]
		[ 0.9166667 [ 831 832 833 770 ] ]
		[ 0.9583334 [ 834 835 836 770 ] ]
		[ 1 [ 837 838 839 770 ] ]
		[ 1.041667 [ 840 841 842 770 ] ]
		[ 1.083333 [ 843 844 845 770 ] ]
		[ 1.125 [ 846 847 848 770 ] ]
		[ 1.166667 [ 849 850 851 770 ] ]
		[ 1.208333 [ 852 853 854 770 ] ]
		[ 1.25 [ 855 856 857 770 ] ]
		[ 1.291667 [ 858 859 860 770 ] ]
		[ 1.333333 [ 861 862 863 770 ] ]
		[ 1.375 [ 864 865 866 770 ] ]
		[ 1.416667 [ 867 868 869 770 ] ]
		[ 1.458333 [ 870 871 872 770 ] ]
		[ 1.5 [ 873 874 875 770 ] ]
		[ 1.541667 [ 876 877 878 770 ] ]
		[ 1.583333 [ 879 880 881 770 ] ]
		[ 1.625 [ 882 883 884 770 ] ]
	]
	"Lokot_L_end" [
		[ 0 [ 0 211 1 885 ] ]
	]
	"Lokot_L_end_end" [
		[ 0 [ 0 211 1 885 ] ]
	]
	"Ruka_P" [
		[ 0 [ 886 887 888 889 ] ]
		[ 0.04166667 [ 890 891 892 889 ] ]
		[ 0.08333334 [ 893 894 895 889 ] ]
		[ 0.125 [ 896 897 898 889 ] ]
		[ 0.1666667 [ 899 900 901 889 ] ]
		[ 0.2083333 [ 902 903 904 889 ] ]
		[ 0.25 [ 905 906 907 889 ] ]
		[ 0.2916667 [ 908 909 910 889 ] ]
		[ 0.3333333 [ 911 912 913 889 ] ]
		[ 0.375 [ 914 915 916 889 ] ]
		[ 0.4166667 [ 917 918 919 889 ] ]
		[ 0.4583333 [ 920 921 922 889 ] ]
		[ 0.5 [ 923 924 925 889 ] ]
		[ 0.5416667 [ 926 927 928 889 ] ]
		[ 0.5833334 [ 929 930 931 889 ] ]
		[ 0.625 [ 932 933 934 889 ] ]
		[ 0.6666667 [ 935 936 937 889 ] ]
		[ 0.7083334 [ 938 939 940 889 ] ]
		[ 0.7500001 [ 941 942 943 889 ] ]
		[ 0.7916667 [ 944 945 946 889 ] ]
		[ 0.8333334 [ 947 948 949 889 ] ]
		[ 0.8750001 [ 950 951 952 889 ] ]
		[ 0.9166667 [ 953 954 955 889 ] ]
		[ 0.9583334 [ 956 957 958 889 ] ]
		[ 1 [ 959 960 961 889 ] ]
		[ 1.041667 [ 962 963 964 889 ] ]
		[ 1.083333 [ 965 966 967 889 ] ]
		[ 1.125 [ 968 969 970 889 ] ]
		[ 1.166667 [ 971 972 973 889 ] ]
		[ 1.208333 [ 974 975 976 889 ] ]
		[ 1.25 [ 977 978 979 889 ] ]
		[ 1.291667 [ 980 981 982 889 ] ]
		[ 1.333333 [ 983 984 985 889 ] ]
		[ 1.375 [ 986 987 988 889 ] ]
		[ 1.416667 [ 989 990 991 889 ] ]
		[ 1.458333 [ 992 993 994 889 ] ]
		[ 1.5 [ 995 996 997 889 ] ]
		[ 1.541667 [ 998 999 1000 889 ] ]
		[ 1.583333 [ 1001 1002 1003 889 ] ]
		[ 1.625 [ 1004 1005 1006 889 ] ]
	]
	"Lokot_P" [
		[ 0 [ 1007 1008 1009 770 ] ]
		[ 0.04166667 [ 1010 1011 1012 770 ] ]
		[ 0.08333334 [ 1013 1014 1015 770 ] ]
		[ 0.125 [ 1016 1017 1018 770 ] ]
		[ 0.1666667 [ 1019 1020 1021 770 ] ]
		[ 0.2083333 [ 1022 1023 1024 770 ] ]
		[ 0.25 [ 1025 1026 1027 770 ] ]
		[ 0.2916667 [ 1028 1029 1030 770 ] ]
		[ 0.3333333 [ 1031 1032 1033 770 ] ]
		[ 0.375 [ 1034 1035 1036 770 ] ]
		[ 0.4166667 [ 1037 1038 1039 770 ] ]
		[ 0.4583333 [ 1037 1040 1041 770 ] ]
		[ 0.5 [ 1042 1043 1044 770 ] ]
		[ 0.5416667 [ 1045 1046 1047 770 ] ]
		[ 0.5833334 [ 1048 1049 1050 770 ] ]
		[ 0.625 [ 1051 1052 1053 770 ] ]
		[ 0.6666667 [ 1054 1055 1056 770 ] ]
		[ 0.7083334 [ 1057 1058 1059 770 ] ]
		[ 0.7500001 [ 1060 1061 1062 770 ] ]
		[ 0.7916667 [ 1063 1064 1065 770 ] ]
		[ 0.8333334 [ 1007 1008 1009 770 ] ]
		[ 0.8750001 [ 1066 1067 1068 770 ] ]
		[ 0.9166667 [ 1069 1070 1071 770 ] ]
		[ 0.9583334 [ 1072 1073 1074 770 ] ]
		[ 1 [ 1075 1076 1077 770 ] ]
		[ 1.041667 [ 1078 1079 1080 770 ] ]
		[ 1.083333 [ 1081 1082 1083 770 ] ]
		[ 1.125 [ 1084 1085 1086 770 ] ]
		[ 1.166667 [ 1087 1088 1089 770 ] ]
		[ 1.208333 [ 1090 1091 1092 770 ] ]
		[ 1.25 [ 1093 1094 1095 770 ] ]
		[ 1.291667 [ 1096 1097 1098 770 ] ]
		[ 1.333333 [ 1099 1100 1101 770 ] ]
		[ 1.375 [ 1102 1103 1104 770 ] ]
		[ 1.416667 [ 1105 1106 1107 770 ] ]
		[ 1.458333 [ 1108 1109 1110 770 ] ]
		[ 1.5 [ 1111 1112 1113 770 ] ]
		[ 1.541667 [ 1114 1115 1116 770 ] ]
		[ 1.583333 [ 1117 1118 1119 770 ] ]
		[ 1.625 [ 1120 1121 1122 770 ] ]
	]
	"Lokot_P_end" [
		[ 0 [ 0 211 1 885 ] ]
	]
	"Lokot_P_end_end" [
		[ 0 [ 0 211 1 885 ] ]
	]
	"Woin" [
		[ 0 [ 1123 1124 1125 1125 ] ]
	]
	"Shit" [
		[ 0 [ 1126 1127 1128 1129 ] ]
		[ 0.04166667 [ 1130 1131 1132 1133 ] ]
		[ 0.08333334 [ 1134 1135 1136 1137 ] ]
		[ 0.125 [ 1138 1139 1140 1141 ] ]
		[ 0.1666667 [ 1142 1143 1144 1145 ] ]
		[ 0.2083333 [ 1146 1147 1148 1149 ] ]
		[ 0.25 [ 1150 1151 1152 1153 ] ]
		[ 0.2916667 [ 1154 1155 1156 1157 ] ]
		[ 0.3333333 [ 1158 1159 1160 1161 ] ]
		[ 0.375 [ 1162 1163 1164 1165 ] ]
		[ 0.4166667 [ 1166 1167 1168 1169 ] ]
		[ 0.4583333 [ 1170 1171 1168 1172 ] ]
		[ 0.5 [ 1173 1174 1164 1175 ] ]
		[ 0.5416667 [ 1176 1177 1178 1179 ] ]
		[ 0.5833334 [ 1180 1181 1156 1182 ] ]
		[ 0.625 [ 1183 1184 1185 1186 ] ]
		[ 0.6666667 [ 1187 1188 1189 1190 ] ]
		[ 0.7083334 [ 1191 1192 1193 1194 ] ]
		[ 0.7500001 [ 1195 1196 1197 1198 ] ]
		[ 0.7916667 [ 1199 1200 1201 1202 ] ]
		[ 0.8333334 [ 1203 1127 1128 1129 ] ]
		[ 0.8750001 [ 1204 1205 1206 1207 ] ]
		[ 0.9166667 [ 1208 1209 1210 1211 ] ]
		[ 0.9583334 [ 1212 1213 1214 1215 ] ]
		[ 1 [ 1216 1217 1218 1219 ] ]
		[ 1.041667 [ 1220 1221 1222 1223 ] ]
		[ 1.083333 [ 1224 1225 1226 1227 ] ]
		[ 1.125 [ 1228 1229 1230 1231 ] ]
		[ 1.166667 [ 1232 1233 1234 1235 ] ]
		[ 1.208333 [ 1236 1237 1238 1239 ] ]
		[ 1.25 [ 1240 1241 1238 1242 ] ]
		[ 1.291667 [ 1243 1244 1245 1246 ] ]
		[ 1.333333 [ 1247 1248 1249 1250 ] ]
		[ 1.375 [ 1251 1252 1253 1254 ] ]
		[ 1.416667 [ 1255 1256 1257 1258 ] ]
		[ 1.458333 [ 1259 1260 1261 1262 ] ]
		[ 1.5 [ 1263 1264 1265 1266 ] ]
		[ 1.541667 [ 1267 1268 1269 1270 ] ]
		[ 1.583333 [ 1271 1272 1273 1274 ] ]
		[ 1.625 [ 1275 1276 1128 1277 ] ]
	]
	"Sword" [
		[ 0 [ 1278 1279 1280 1281 ] ]
		[ 0.04166667 [ 1282 1283 1284 1285 ] ]
		[ 0.08333334 [ 1286 1287 1288 1289 ] ]
		[ 0.125 [ 1290 1291 1292 1293 ] ]
		[ 0.1666667 [ 1294 1295 1296 1297 ] ]
		[ 0.2083333 [ 1298 1299 1300 1301 ] ]
		[ 0.25 [ 1302 1303 1304 1305 ] ]
		[ 0.2916667 [ 1306 1307 1308 1309 ] ]
		[ 0.3333333 [ 1310 1311 1312 1313 ] ]
		[ 0.375 [ 1314 1315 1316 1317 ] ]
		[ 0.4166667 [ 1318 1319 1320 1321 ] ]
		[ 0.4583333 [ 1322 1319 1323 1324 ] ]
		[ 0.5 [ 1325 1326 1327 1328 ] ]
		[ 0.5416667 [ 1329 1311 1330 1331 ] ]
		[ 0.5833334 [ 1332 1333 1334 1335 ] ]
		[ 0.625 [ 1336 1337 1338 1339 ] ]
		[ 0.6666667 [ 1340 1341 1342 1343 ] ]
		[ 0.7083334 [ 1344 1345 1346 1347 ] ]
		[ 0.7500001 [ 1348 1349 1350 1351 ] ]
		[ 0.7916667 [ 1352 1353 1354 1355 ] ]
		[ 0.8333334 [ 1278 1279 1280 1281 ] ]
		[ 0.8750001 [ 1356 1357 1358 1359 ] ]
		[ 0.9166667 [ 1360 1361 1362 1363 ] ]
		[ 0.9583334 [ 1364 1365 1366 1367 ] ]
		[ 1 [ 1368 1369 1370 1371 ] ]
		[ 1.041667 [ 1372 1373 1374 1375 ] ]
		[ 1.083333 [ 1376 1377 1378 1379 ] ]
		[ 1.125 [ 1380 1381 1382 1383 ] ]
		[ 1.166667 [ 1384 1385 1386 1387 ] ]
		[ 1.208333 [ 1388 1389 1390 1391 ] ]
		[ 1.25 [ 1392 1393 1390 1394 ] ]
		[ 1.291667 [ 1395 1389 1396 1397 ] ]
		[ 1.333333 [ 1398 1399 1400 1401 ] ]
		[ 1.375 [ 1402 1403 1404 1405 ] ]
		[ 1.416667 [ 1406 1407 1408 1409 ] ]
		[ 1.458333 [ 1410 1411 1412 1413 ] ]
		[ 1.5 [ 1414 1415 1416 1417 ] ]
		[ 1.541667 [ 1418 1419 1420 1421 ] ]
		[ 1.583333 [ 1422 1423 1424 1425 ] ]
		[ 1.625 [ 1426 1427 1428 1429 ] ]
	]
	}
	:resources [
		[1.000 0.000 0.000]
		[0.000 0.000 1.000]
		[0.000 -1.000 0.000]
		[0.000 0.000 0.000]
		[0.000 0.000 -0.002]
		[0.000 0.000 -0.007]
		[0.000 0.000 -0.015]
		[0.000 0.000 -0.025]
		[0.000 0.000 -0.035]
		[0.000 0.000 -0.046]
		[0.000 0.000 -0.055]
		[0.000 0.000 -0.063]
		[0.000 0.000 -0.068]
		[0.000 0.000 -0.070]
		[0.000 0.000 -0.045]
		[0.000 0.000 -0.003]
		[0.000 0.000 -0.010]
		[0.000 0.000 -0.020]
		[0.000 0.000 -0.033]
		[0.000 0.000 -0.047]
		[0.000 0.000 -0.061]
		[0.000 0.000 -0.074]
		[0.000 0.000 -0.084]
		[0.000 0.000 -0.091]
		[0.000 0.000 -0.094]
		[0.000 0.000 -0.060]
		[0.002 -0.074 0.997]
		[0.027 -0.997 -0.074]
		[1.000 0.027 0.000]
		[0.123 -0.038 0.000]
		[0.002 -0.058 0.998]
		[0.027 -0.998 -0.058]
		[0.002 -0.031 1.000]
		[0.027 -0.999 -0.031]
		[1.000 0.027 -0.001]
		[0.002 0.006 1.000]
		[0.027 -1.000 0.006]
		[1.000 0.027 -0.002]
		[0.002 0.051 0.999]
		[0.027 -0.998 0.051]
		[1.000 0.026 -0.003]
		[0.002 0.100 0.995]
		[0.027 -0.995 0.100]
		[1.000 0.026 -0.005]
		[0.002 0.150 0.989]
		[0.027 -0.988 0.150]
		[1.000 0.026 -0.006]
		[0.002 0.195 0.981]
		[0.027 -0.980 0.195]
		[1.000 0.026 -0.007]
		[0.002 0.232 0.973]
		[0.027 -0.972 0.232]
		[1.000 0.026 -0.009]
		[0.003 0.256 0.967]
		[0.027 -0.966 0.256]
		[1.000 0.026 -0.010]
		[0.003 0.266 0.964]
		[0.027 -0.964 0.265]
		[0.002 0.224 0.975]
		[0.027 -0.974 0.224]
		[1.000 0.026 -0.008]
		[0.002 0.170 0.986]
		[0.027 -0.985 0.170]
		[0.002 0.099 0.995]
		[0.027 -0.995 0.098]
		[0.002 0.015 1.000]
		[0.027 -1.000 0.015]
		[1.000 0.026 -0.002]
		[0.002 -0.075 0.997]
		[0.027 -0.997 -0.075]
		[0.002 -0.167 0.986]
		[0.027 -0.986 -0.167]
		[1.000 0.027 0.003]
		[0.002 -0.255 0.967]
		[0.027 -0.967 -0.255]
		[1.000 0.026 0.005]
		[0.002 -0.334 0.942]
		[0.027 -0.942 -0.334]
		[1.000 0.026 0.007]
		[0.002 -0.404 0.915]
		[0.027 -0.914 -0.404]
		[1.000 0.025 0.009]
		[0.002 -0.463 0.886]
		[0.026 -0.886 -0.463]
		[1.000 0.024 0.010]
		[0.002 -0.512 0.859]
		[0.026 -0.859 -0.512]
		[1.000 0.024 0.011]
		[0.003 -0.549 0.836]
		[0.026 -0.835 -0.549]
		[1.000 0.023 0.012]
		[0.003 -0.577 0.816]
		[0.026 -0.816 -0.577]
		[1.000 0.023 0.013]
		[0.003 -0.600 0.800]
		[0.026 -0.800 -0.600]
		[0.004 -0.617 0.787]
		[0.026 -0.787 -0.617]
		[0.004 -0.628 0.778]
		[0.026 -0.778 -0.628]
		[1.000 0.022 0.013]
		[0.004 -0.635 0.773]
		[0.025 -0.772 -0.635]
		[0.004 -0.636 0.771]
		[0.025 -0.771 -0.636]
		[0.005 -0.633 0.774]
		[0.025 -0.774 -0.633]
		[1.000 0.022 0.012]
		[0.005 -0.615 0.788]
		[0.025 -0.788 -0.615]
		[0.005 -0.577 0.816]
		[0.025 -0.816 -0.577]
		[1.000 0.023 0.011]
		[0.004 -0.522 0.853]
		[0.026 -0.853 -0.522]
		[0.004 -0.451 0.892]
		[0.026 -0.892 -0.451]
		[1.000 0.025 0.008]
		[0.003 -0.371 0.929]
		[0.026 -0.928 -0.371]
		[0.003 -0.285 0.958]
		[0.026 -0.958 -0.285]
		[0.002 -0.204 0.979]
		[0.027 -0.979 -0.204]
		[1.000 0.026 0.003]
		[0.002 -0.136 0.991]
		[0.027 -0.990 -0.136]
		[1.000 0.027 0.002]
		[0.002 -0.091 0.996]
		[0.027 -0.995 -0.091]
		[-0.990 0.142 -0.001]
		[0.142 0.990 -0.011]
		[-0.001 -0.011 -1.000]
		[0.000 0.532 0.000]
		[0.000 -0.011 -1.000]
		[-0.990 0.142 -0.002]
		[0.001 -0.011 -1.000]
		[-0.990 0.142 -0.003]
		[0.001 -0.012 -1.000]
		[0.002 -0.012 -1.000]
		[-0.990 0.142 -0.004]
		[0.003 -0.012 -1.000]
		[-0.990 0.142 -0.005]
		[0.004 -0.012 -1.000]
		[-0.989 0.147 -0.006]
		[0.147 0.989 -0.011]
		[-0.986 0.169 -0.006]
		[0.169 0.986 -0.011]
		[-0.975 0.221 -0.007]
		[0.221 0.975 -0.011]
		[-0.952 0.305 -0.008]
		[0.305 0.952 -0.011]
		[-0.914 0.406 -0.009]
		[0.406 0.914 -0.010]
		[0.004 -0.013 -1.000]
		[-0.860 0.511 -0.011]
		[0.511 0.860 -0.008]
		[0.005 -0.013 -1.000]
		[-0.794 0.607 -0.013]
		[0.607 0.794 -0.007]
		[0.006 -0.014 -1.000]
		[-0.727 0.687 -0.015]
		[0.687 0.727 -0.005]
		[0.007 -0.014 -1.000]
		[-0.666 0.746 -0.015]
		[0.746 0.666 -0.004]
		[-0.621 0.784 -0.015]
		[0.784 0.621 -0.003]
		[0.007 -0.013 -1.000]
		[-0.600 0.800 -0.014]
		[0.800 0.600 -0.002]
		[-0.598 0.801 -0.014]
		[0.801 0.598 -0.002]
		[-0.607 0.795 -0.014]
		[0.795 0.607 -0.002]
		[0.006 -0.012 -1.000]
		[-0.624 0.782 -0.013]
		[0.782 0.624 -0.003]
		[-0.647 0.762 -0.013]
		[0.762 0.647 -0.003]
		[-0.675 0.737 -0.012]
		[0.738 0.675 -0.004]
		[0.005 -0.012 -1.000]
		[-0.706 0.708 -0.012]
		[0.708 0.706 -0.005]
		[-0.739 0.674 -0.011]
		[0.674 0.739 -0.006]
		[-0.772 0.636 -0.011]
		[0.636 0.772 -0.006]
		[-0.805 0.593 -0.010]
		[0.593 0.805 -0.007]
		[-0.838 0.545 -0.010]
		[0.545 0.838 -0.008]
		[-0.870 0.494 -0.009]
		[0.494 0.870 -0.009]
		[-0.898 0.441 -0.008]
		[0.441 0.898 -0.009]
		[-0.922 0.387 -0.007]
		[0.387 0.922 -0.010]
		[-0.943 0.334 -0.006]
		[0.334 0.943 -0.010]
		[-0.959 0.284 -0.005]
		[0.284 0.959 -0.011]
		[-0.971 0.239 -0.004]
		[0.239 0.971 -0.011]
		[-0.979 0.202 -0.003]
		[0.202 0.979 -0.011]
		[-0.985 0.174 -0.002]
		[0.174 0.985 -0.011]
		[-0.988 0.153 -0.001]
		[0.153 0.988 -0.011]
		[0.000 1.000 0.000]
		[0.000 0.578 0.000]
		[0.002 -0.411 0.912]
		[-0.027 -0.911 -0.411]
		[1.000 -0.023 -0.013]
		[-0.123 -0.038 0.000]
		[0.002 -0.422 0.906]
		[-0.027 -0.906 -0.422]
		[0.002 -0.442 0.897]
		[-0.027 -0.897 -0.442]
		[1.000 -0.023 -0.014]
		[0.003 -0.468 0.883]
		[-0.027 -0.883 -0.468]
		[1.000 -0.022 -0.015]
		[0.003 -0.498 0.867]
		[-0.027 -0.867 -0.498]
		[1.000 -0.022 -0.016]
		[0.003 -0.529 0.848]
		[-0.027 -0.848 -0.529]
		[1.000 -0.021 -0.017]
		[0.003 -0.560 0.828]
		[-0.027 -0.828 -0.560]
		[1.000 -0.021 -0.018]
		[0.004 -0.588 0.809]
		[-0.027 -0.809 -0.588]
		[1.000 -0.020 -0.019]
		[0.004 -0.610 0.792]
		[-0.028 -0.792 -0.610]
		[1.000 -0.019 -0.020]
		[0.004 -0.624 0.782]
		[-0.028 -0.782 -0.623]
		[1.000 -0.019 -0.021]
		[0.004 -0.627 0.779]
		[-0.028 -0.779 -0.627]
		[0.004 -0.620 0.785]
		[-0.028 -0.784 -0.620]
		[0.004 -0.600 0.800]
		[-0.028 -0.800 -0.600]
		[1.000 -0.020 -0.020]
		[0.004 -0.566 0.824]
		[-0.028 -0.824 -0.566]
		[0.004 -0.518 0.855]
		[-0.027 -0.855 -0.518]
		[0.003 -0.458 0.889]
		[-0.027 -0.888 -0.458]
		[1.000 -0.023 -0.016]
		[0.003 -0.390 0.921]
		[-0.027 -0.921 -0.389]
		[1.000 -0.024 -0.013]
		[0.002 -0.314 0.949]
		[-0.027 -0.949 -0.314]
		[1.000 -0.025 -0.011]
		[0.002 -0.234 0.972]
		[-0.027 -0.972 -0.234]
		[1.000 -0.025 -0.008]
		[0.002 -0.153 0.988]
		[-0.027 -0.988 -0.153]
		[1.000 -0.026 -0.006]
		[-0.027 -0.997 -0.075]
		[1.000 -0.026 -0.004]
		[0.002 -0.001 1.000]
		[-0.027 -1.000 -0.001]
		[1.000 -0.027 -0.002]
		[0.002 0.068 0.998]
		[-0.027 -0.997 0.068]
		[1.000 -0.027 0.000]
		[0.002 0.131 0.991]
		[-0.027 -0.991 0.132]
		[1.000 -0.027 0.001]
		[0.002 0.188 0.982]
		[-0.027 -0.982 0.188]
		[1.000 -0.027 0.003]
		[0.002 0.237 0.972]
		[-0.027 -0.971 0.237]
		[1.000 -0.027 0.004]
		[0.002 0.278 0.961]
		[-0.027 -0.960 0.278]
		[1.000 -0.026 0.005]
		[0.003 0.311 0.950]
		[-0.027 -0.950 0.311]
		[1.000 -0.027 0.006]
		[0.003 0.335 0.942]
		[-0.027 -0.942 0.335]
		[1.000 -0.027 0.007]
		[0.003 0.349 0.937]
		[-0.028 -0.937 0.349]
		[0.003 0.351 0.937]
		[-0.028 -0.936 0.350]
		[1.000 -0.028 0.007]
		[0.003 0.330 0.944]
		[-0.029 -0.944 0.330]
		[1.000 -0.029 0.007]
		[0.003 0.278 0.961]
		[-0.029 -0.960 0.278]
		[1.000 -0.029 0.005]
		[0.002 0.193 0.981]
		[-0.028 -0.981 0.193]
		[1.000 -0.028 0.003]
		[0.002 0.086 0.996]
		[-0.027 -0.996 0.086]
		[0.002 -0.032 0.999]
		[-0.027 -0.999 -0.032]
		[1.000 -0.027 -0.003]
		[0.002 -0.148 0.989]
		[-0.027 -0.989 -0.148]
		[0.002 -0.252 0.968]
		[-0.027 -0.967 -0.252]
		[1.000 -0.025 -0.009]
		[0.002 -0.337 0.942]
		[-0.027 -0.941 -0.336]
		[1.000 -0.024 -0.011]
		[0.002 -0.391 0.920]
		[-0.027 -0.920 -0.391]
		[-0.599 0.800 0.023]
		[0.800 0.600 -0.001]
		[-0.015 0.018 -1.000]
		[-0.612 0.791 0.023]
		[0.791 0.612 -0.001]
		[-0.014 0.017 -1.000]
		[-0.634 0.773 0.022]
		[0.774 0.634 0.000]
		[-0.663 0.748 0.021]
		[0.748 0.663 0.001]
		[-0.013 0.016 -1.000]
		[-0.699 0.715 0.020]
		[0.715 0.699 0.002]
		[-0.013 0.015 -1.000]
		[-0.740 0.672 0.019]
		[0.672 0.740 0.003]
		[-0.012 0.015 -1.000]
		[-0.783 0.622 0.018]
		[0.622 0.783 0.004]
		[-0.011 0.015 -1.000]
		[-0.823 0.568 0.017]
		[0.568 0.823 0.005]
		[-0.011 0.014 -1.000]
		[-0.860 0.511 0.016]
		[0.511 0.860 0.006]
		[-0.010 0.014 -1.000]
		[-0.891 0.453 0.015]
		[0.453 0.891 0.007]
		[-0.010 0.013 -1.000]
		[-0.918 0.397 0.014]
		[0.397 0.918 0.008]
		[-0.009 0.013 -1.000]
		[-0.939 0.344 0.012]
		[0.344 0.939 0.009]
		[-0.954 0.299 0.011]
		[0.299 0.954 0.009]
		[-0.008 0.012 -1.000]
		[-0.965 0.260 0.010]
		[0.261 0.965 0.010]
		[-0.007 0.012 -1.000]
		[-0.973 0.229 0.009]
		[0.229 0.973 0.010]
		[-0.979 0.203 0.009]
		[0.203 0.979 0.010]
		[-0.983 0.183 0.009]
		[0.183 0.983 0.010]
		[-0.986 0.168 0.010]
		[0.168 0.986 0.010]
		[-0.987 0.157 0.010]
		[0.157 0.987 0.011]
		[-0.989 0.150 0.011]
		[0.150 0.989 0.011]
		[-0.009 0.012 -1.000]
		[-0.989 0.145 0.011]
		[0.146 0.989 0.011]
		[-0.010 0.012 -1.000]
		[-0.990 0.143 0.012]
		[0.143 0.990 0.011]
		[-0.990 0.142 0.012]
		[0.142 0.990 0.011]
		[-0.011 0.012 -1.000]
		[-0.990 0.142 0.013]
		[-0.012 0.012 -1.000]
		[-0.990 0.142 0.014]
		[-0.012 0.013 -1.000]
		[-0.013 0.013 -1.000]
		[-0.990 0.142 0.015]
		[-0.989 0.147 0.015]
		[0.147 0.989 0.011]
		[-0.986 0.169 0.015]
		[0.169 0.986 0.011]
		[-0.975 0.221 0.015]
		[0.221 0.975 0.010]
		[-0.952 0.305 0.016]
		[0.305 0.952 0.009]
		[-0.012 0.014 -1.000]
		[-0.914 0.406 0.016]
		[0.406 0.914 0.008]
		[-0.860 0.511 0.017]
		[-0.794 0.607 0.018]
		[0.607 0.794 0.005]
		[-0.725 0.688 0.020]
		[0.689 0.725 0.003]
		[-0.661 0.750 0.022]
		[0.750 0.662 0.001]
		[-0.616 0.787 0.023]
		[0.787 0.617 -0.001]
		[0.000 0.130 0.000]
		[1.000 0.005 -0.024]
		[-0.005 1.000 -0.002]
		[0.024 0.002 1.000]
		[0.998 0.015 -0.065]
		[-0.015 1.000 -0.004]
		[0.065 0.005 0.998]
		[0.992 0.028 -0.126]
		[-0.029 1.000 -0.007]
		[0.126 0.011 0.992]
		[0.978 0.045 -0.205]
		[-0.048 0.999 -0.009]
		[0.204 0.019 0.979]
		[0.955 0.063 -0.290]
		[-0.069 0.998 -0.010]
		[0.289 0.030 0.957]
		[0.924 0.080 -0.374]
		[-0.090 0.996 -0.009]
		[0.371 0.042 0.927]
		[0.890 0.095 -0.447]
		[-0.109 0.994 -0.007]
		[0.443 0.055 0.895]
		[0.859 0.105 -0.502]
		[-0.124 0.992 -0.004]
		[0.498 0.066 0.865]
		[0.836 0.112 -0.537]
		[-0.133 0.991 -0.002]
		[0.532 0.073 0.844]
		[0.826 0.114 -0.553]
		[-0.138 0.990 0.000]
		[0.547 0.076 0.833]
		[0.828 0.114 -0.549]
		[-0.137 0.991 0.000]
		[0.543 0.075 0.836]
		[0.842 0.112 -0.528]
		[-0.131 0.991 0.000]
		[0.523 0.069 0.849]
		[0.863 0.107 -0.494]
		[-0.123 0.992 0.000]
		[0.490 0.061 0.870]
		[0.888 0.099 -0.448]
		[-0.112 0.994 -0.001]
		[0.445 0.050 0.894]
		[0.916 0.090 -0.391]
		[-0.098 0.995 -0.001]
		[0.389 0.039 0.920]
		[0.942 0.077 -0.325]
		[-0.082 0.997 -0.001]
		[0.324 0.027 0.946]
		[0.966 0.061 -0.251]
		[-0.064 0.998 -0.001]
		[0.251 0.017 0.968]
		[0.984 0.043 -0.171]
		[-0.044 0.999 0.000]
		[0.171 0.008 0.985]
		[0.996 0.023 -0.087]
		[-0.023 1.000 0.000]
		[0.087 0.002 0.996]
		[0.996 -0.024 0.087]
		[0.024 1.000 -0.001]
		[-0.087 0.003 0.996]
		[0.984 -0.048 0.172]
		[0.049 0.999 -0.002]
		[-0.171 0.011 0.985]
		[0.965 -0.071 0.252]
		[0.074 0.997 -0.003]
		[-0.251 0.021 0.968]
		[0.941 -0.092 0.326]
		[0.098 0.995 -0.003]
		[-0.324 0.035 0.945]
		[0.913 -0.110 0.392]
		[0.121 0.993 -0.003]
		[-0.389 0.050 0.920]
		[0.884 -0.126 0.449]
		[0.142 0.990 -0.002]
		[-0.445 0.066 0.893]
		[0.857 -0.138 0.497]
		[0.160 0.987 -0.001]
		[-0.490 0.080 0.868]
		[0.834 -0.147 0.532]
		[0.174 0.985 0.000]
		[-0.524 0.092 0.847]
		[0.819 -0.153 0.553]
		[0.183 0.983 0.001]
		[-0.544 0.100 0.833]
		[0.815 -0.154 0.558]
		[0.185 0.983 0.001]
		[-0.549 0.103 0.830]
		[0.826 -0.150 0.543]
		[0.180 0.984 -0.001]
		[-0.534 0.099 0.839]
		[0.851 -0.141 0.506]
		[0.167 0.986 -0.005]
		[-0.498 0.089 0.863]
		[0.885 -0.126 0.447]
		[0.146 0.989 -0.009]
		[-0.441 0.074 0.894]
		[0.921 -0.107 0.373]
		[0.121 0.993 -0.013]
		[-0.369 0.057 0.928]
		[0.953 -0.085 0.290]
		[0.093 0.996 -0.014]
		[-0.288 0.040 0.957]
		[0.977 -0.061 0.206]
		[0.065 0.998 -0.013]
		[-0.204 0.026 0.979]
		[0.991 -0.038 0.127]
		[0.039 0.999 -0.009]
		[-0.126 0.014 0.992]
		[0.998 -0.018 0.060]
		[0.019 1.000 -0.005]
		[-0.060 0.006 0.998]
		[1.000 -0.005 0.016]
		[0.005 1.000 -0.001]
		[-0.016 0.002 1.000]
		[0.000 0.596 0.000]
		[1.000 -0.005 0.023]
		[0.005 1.000 0.002]
		[-0.024 -0.002 1.000]
		[0.998 -0.014 0.064]
		[0.014 1.000 0.005]
		[-0.064 -0.004 0.998]
		[0.992 -0.028 0.124]
		[0.026 1.000 0.010]
		[-0.125 -0.007 0.992]
		[0.978 -0.045 0.202]
		[0.042 0.999 0.018]
		[-0.203 -0.009 0.979]
		[0.956 -0.065 0.286]
		[0.059 0.998 0.028]
		[-0.287 -0.010 0.958]
		[0.926 -0.085 0.368]
		[0.075 0.996 0.040]
		[-0.370 -0.009 0.929]
		[0.893 -0.102 0.439]
		[0.089 0.995 0.052]
		[-0.442 -0.007 0.897]
		[0.862 -0.116 0.493]
		[0.098 0.993 0.062]
		[-0.497 -0.005 0.868]
		[0.840 -0.125 0.528]
		[0.104 0.992 0.068]
		[-0.532 -0.002 0.847]
		[0.830 -0.129 0.543]
		[0.107 0.992 0.072]
		[-0.547 -0.001 0.837]
		[0.833 -0.128 0.538]
		[0.107 0.992 0.070]
		[-0.543 -0.001 0.840]
		[0.847 -0.122 0.517]
		[0.104 0.992 0.065]
		[-0.521 -0.001 0.854]
		[0.869 -0.114 0.482]
		[0.099 0.994 0.056]
		[-0.485 -0.002 0.874]
		[0.894 -0.102 0.436]
		[0.091 0.995 0.046]
		[-0.438 -0.002 0.899]
		[0.921 -0.088 0.379]
		[0.081 0.996 0.035]
		[-0.380 -0.002 0.925]
		[0.947 -0.073 0.312]
		[0.069 0.997 0.025]
		[-0.313 -0.002 0.950]
		[0.969 -0.056 0.239]
		[0.054 0.998 0.015]
		[-0.240 -0.001 0.971]
		[0.986 -0.038 0.161]
		[0.037 0.999 0.007]
		[-0.161 -0.001 0.987]
		[0.997 -0.019 0.081]
		[0.019 1.000 0.002]
		[-0.081 -0.001 0.997]
		[1.000 0.000 0.001]
		[0.000 1.000 0.002]
		[-0.001 -0.002 1.000]
		[0.997 0.020 -0.077]
		[-0.019 1.000 0.004]
		[0.077 -0.003 0.997]
		[0.988 0.039 -0.151]
		[-0.038 0.999 0.010]
		[0.152 -0.004 0.988]
		[0.974 0.059 -0.221]
		[-0.056 0.998 0.018]
		[0.221 -0.005 0.975]
		[0.956 0.077 -0.283]
		[-0.072 0.997 0.028]
		[0.285 -0.007 0.959]
		[0.936 0.094 -0.338]
		[-0.085 0.996 0.040]
		[0.340 -0.008 0.940]
		[0.917 0.109 -0.384]
		[-0.097 0.994 0.051]
		[0.387 -0.010 0.922]
		[0.899 0.122 -0.421]
		[-0.106 0.992 0.062]
		[0.426 -0.011 0.905]
		[0.884 0.132 -0.449]
		[-0.112 0.991 0.070]
		[0.454 -0.011 0.891]
		[0.874 0.138 -0.466]
		[-0.116 0.990 0.076]
		[0.472 -0.012 0.882]
		[0.872 0.140 -0.469]
		[-0.117 0.990 0.078]
		[0.475 -0.013 0.880]
		[0.879 0.136 -0.457]
		[-0.114 0.991 0.075]
		[0.462 -0.014 0.887]
		[0.896 0.126 -0.426]
		[-0.107 0.992 0.068]
		[0.431 -0.015 0.902]
		[0.920 0.111 -0.377]
		[-0.096 0.994 0.057]
		[0.381 -0.016 0.925]
		[0.945 0.091 -0.314]
		[-0.081 0.996 0.045]
		[0.317 -0.017 0.948]
		[0.967 0.070 -0.244]
		[-0.064 0.997 0.032]
		[0.245 -0.016 0.969]
		[0.984 0.049 -0.172]
		[-0.046 0.999 0.021]
		[0.173 -0.013 0.985]
		[0.994 0.030 -0.106]
		[-0.028 1.000 0.012]
		[0.106 -0.009 0.994]
		[0.998 0.015 -0.055]
		[-0.015 1.000 0.006]
		[0.055 -0.005 0.998]
		[1.000 0.005 -0.020]
		[-0.005 1.000 0.002]
		[0.020 -0.002 1.000]
		[0.000 0.315 0.000]
		[0.000 0.470 0.000]
		[0.000 0.300 0.000]
		[0.000 0.000 -1.000]
		[-1.000 0.000 0.000]
		[-0.049 0.099 0.994]
		[0.444 -0.889 0.110]
		[0.894 0.447 0.000]
		[0.279 0.394 -0.035]
		[-0.014 0.099 0.995]
		[0.448 -0.889 0.094]
		[0.894 0.447 -0.032]
		[0.055 0.099 0.994]
		[0.454 -0.889 0.063]
		[0.889 0.447 -0.094]
		[0.170 0.099 0.980]
		[0.458 -0.889 0.010]
		[0.873 0.447 -0.197]
		[0.310 0.099 0.946]
		[0.454 -0.889 -0.056]
		[0.835 0.447 -0.321]
		[0.454 0.099 0.885]
		[0.440 -0.889 -0.127]
		[0.775 0.447 -0.447]
		[0.585 0.099 0.805]
		[0.415 -0.889 -0.193]
		[0.696 0.447 -0.561]
		[0.693 0.099 0.715]
		[0.384 -0.889 -0.249]
		[0.610 0.447 -0.654]
		[0.771 0.100 0.629]
		[0.353 -0.889 -0.292]
		[0.530 0.448 -0.720]
		[0.818 0.101 0.566]
		[0.330 -0.888 -0.320]
		[0.470 0.448 -0.760]
		[0.836 0.102 0.540]
		[0.321 -0.888 -0.330]
		[0.446 0.449 -0.775]
		[0.825 0.102 0.556]
		[0.328 -0.888 -0.323]
		[0.461 0.449 -0.766]
		[0.790 0.102 0.605]
		[0.347 -0.888 -0.303]
		[0.506 0.449 -0.736]
		[0.731 0.100 0.675]
		[0.372 -0.888 -0.270]
		[0.573 0.448 -0.686]
		[0.648 0.099 0.755]
		[0.399 -0.889 -0.226]
		[0.649 0.448 -0.615]
		[0.544 0.099 0.833]
		[0.425 -0.889 -0.172]
		[0.724 0.447 -0.525]
		[0.423 0.099 0.901]
		[0.444 -0.889 -0.111]
		[0.790 0.447 -0.420]
		[0.292 0.099 0.951]
		[0.455 -0.889 -0.048]
		[0.841 0.447 -0.305]
		[0.163 0.099 0.982]
		[0.458 -0.889 0.013]
		[0.874 0.447 -0.190]
		[0.047 0.099 0.994]
		[0.453 -0.889 0.067]
		[0.890 0.447 -0.086]
		[0.445 -0.889 0.110]
		[-0.126 0.099 0.987]
		[0.435 -0.889 0.144]
		[0.892 0.447 0.069]
		[-0.186 0.099 0.978]
		[0.425 -0.889 0.170]
		[0.886 0.447 0.123]
		[-0.231 0.099 0.968]
		[0.417 -0.889 0.190]
		[0.879 0.447 0.165]
		[-0.266 0.099 0.959]
		[0.410 -0.889 0.205]
		[0.873 0.447 0.196]
		[-0.291 0.099 0.952]
		[0.404 -0.889 0.216]
		[0.867 0.447 0.219]
		[-0.308 0.099 0.946]
		[0.400 -0.889 0.223]
		[0.863 0.447 0.235]
		[-0.319 0.099 0.942]
		[0.398 -0.889 0.228]
		[0.860 0.447 0.245]
		[-0.325 0.099 0.941]
		[0.396 -0.889 0.230]
		[0.859 0.447 0.250]
		[-0.326 0.099 0.940]
		[0.396 -0.889 0.231]
		[0.858 0.447 0.251]
		[-0.324 0.099 0.941]
		[0.859 0.447 0.249]
		[-0.315 0.099 0.944]
		[0.398 -0.889 0.226]
		[0.862 0.447 0.240]
		[-0.293 0.099 0.951]
		[0.403 -0.889 0.217]
		[0.867 0.447 0.221]
		[-0.263 0.099 0.960]
		[0.410 -0.889 0.204]
		[0.873 0.447 0.193]
		[-0.226 0.099 0.969]
		[0.417 -0.889 0.188]
		[0.880 0.447 0.160]
		[-0.187 0.099 0.977]
		[0.425 -0.889 0.171]
		[0.886 0.447 0.124]
		[-0.147 0.099 0.984]
		[0.431 -0.889 0.154]
		[0.890 0.447 0.088]
		[-0.110 0.099 0.989]
		[0.437 -0.889 0.137]
		[0.893 0.447 0.054]
		[-0.080 0.099 0.992]
		[0.441 -0.889 0.124]
		[0.894 0.447 0.028]
		[-0.061 0.099 0.993]
		[0.443 -0.889 0.115]
		[0.894 0.447 0.010]
		[0.983 0.184 -0.001]
		[-0.184 0.983 -0.011]
		[-0.001 0.011 1.000]
		[0.000 0.316 0.000]
		[0.980 0.199 -0.009]
		[-0.200 0.980 -0.009]
		[0.007 0.011 1.000]
		[0.974 0.226 -0.022]
		[-0.226 0.974 -0.006]
		[0.020 0.011 1.000]
		[0.964 0.262 -0.040]
		[-0.262 0.965 -0.001]
		[0.038 0.011 0.999]
		[0.951 0.304 -0.061]
		[-0.304 0.953 0.006]
		[0.060 0.013 0.998]
		[0.933 0.350 -0.084]
		[-0.350 0.936 0.015]
		[0.084 0.015 0.996]
		[0.912 0.396 -0.107]
		[-0.396 0.918 0.025]
		[0.108 0.019 0.994]
		[0.891 0.436 -0.127]
		[-0.435 0.900 0.035]
		[0.129 0.024 0.991]
		[0.872 0.468 -0.143]
		[-0.467 0.883 0.044]
		[0.147 0.028 0.989]
		[0.858 0.491 -0.154]
		[-0.489 0.871 0.051]
		[0.159 0.032 0.987]
		[0.850 0.502 -0.159]
		[-0.501 0.864 0.054]
		[0.165 0.034 0.986]
		[0.851 0.501 -0.159]
		[-0.499 0.865 0.055]
		[0.164 0.033 0.986]
		[0.859 0.489 -0.152]
		[-0.487 0.872 0.052]
		[0.158 0.029 0.987]
		[0.872 0.469 -0.141]
		[-0.467 0.883 0.049]
		[0.147 0.023 0.989]
		[0.888 0.442 -0.127]
		[-0.440 0.897 0.044]
		[0.133 0.017 0.991]
		[0.906 0.409 -0.110]
		[-0.407 0.912 0.038]
		[0.116 0.010 0.993]
		[0.924 0.371 -0.091]
		[-0.369 0.929 0.031]
		[0.096 0.005 0.995]
		[0.942 0.328 -0.069]
		[-0.327 0.945 0.023]
		[0.073 0.001 0.997]
		[0.958 0.282 -0.047]
		[-0.281 0.959 0.013]
		[0.049 0.001 0.999]
		[0.972 0.233 -0.024]
		[-0.233 0.972 0.002]
		[0.024 0.004 1.000]
		[0.991 0.134 0.023]
		[-0.134 0.991 -0.031]
		[-0.026 0.028 0.999]
		[0.995 0.087 0.046]
		[-0.084 0.995 -0.060]
		[-0.051 0.056 0.997]
		[0.997 0.041 0.070]
		[-0.035 0.995 -0.095]
		[-0.074 0.093 0.993]
		[0.996 0.000 0.095]
		[0.012 0.991 -0.134]
		[-0.094 0.135 0.986]
		[0.992 -0.036 0.118]
		[0.056 0.983 -0.174]
		[-0.110 0.179 0.978]
		[0.988 -0.066 0.140]
		[0.095 0.973 -0.212]
		[-0.123 0.223 0.967]
		[0.983 -0.089 0.160]
		[0.127 0.961 -0.246]
		[-0.132 0.262 0.956]
		[0.979 -0.107 0.175]
		[0.152 0.950 -0.272]
		[-0.138 0.293 0.946]
		[0.976 -0.117 0.185]
		[0.168 0.943 -0.288]
		[-0.141 0.312 0.940]
		[0.975 -0.119 0.188]
		[0.171 0.940 -0.294]
		[-0.141 0.319 0.937]
		[0.977 -0.111 0.181]
		[0.161 0.944 -0.289]
		[-0.139 0.312 0.940]
		[0.982 -0.092 0.166]
		[0.135 0.953 -0.273]
		[-0.133 0.290 0.948]
		[0.988 -0.061 0.141]
		[0.094 0.965 -0.244]
		[-0.122 0.255 0.959]
		[0.993 -0.021 0.113]
		[0.044 0.977 -0.207]
		[-0.106 0.211 0.972]
		[0.996 0.025 0.083]
		[-0.011 0.986 -0.165]
		[-0.086 0.163 0.983]
		[0.996 0.071 0.055]
		[-0.064 0.991 -0.121]
		[-0.064 0.117 0.991]
		[0.993 0.114 0.032]
		[-0.111 0.991 -0.080]
		[-0.041 0.075 0.996]
		[0.989 0.148 0.016]
		[-0.147 0.988 -0.047]
		[-0.022 0.044 0.999]
		[0.985 0.171 0.005]
		[-0.170 0.985 -0.024]
		[-0.009 0.023 1.000]
		[0.000 0.469 0.000]
		[-0.049 0.147 0.988]
		[-0.444 -0.889 0.110]
		[0.894 -0.434 0.109]
		[-0.279 0.394 -0.035]
		[-0.022 0.147 0.989]
		[-0.441 -0.889 0.122]
		[0.897 -0.434 0.085]
		[0.030 0.147 0.989]
		[-0.434 -0.889 0.146]
		[0.900 -0.434 0.037]
		[0.116 0.147 0.982]
		[-0.420 -0.889 0.183]
		[0.900 -0.434 -0.041]
		[0.221 0.147 0.964]
		[-0.398 -0.889 0.227]
		[0.890 -0.434 -0.138]
		[0.333 0.147 0.931]
		[-0.368 -0.889 0.272]
		[0.868 -0.434 -0.242]
		[0.439 0.147 0.886]
		[-0.334 -0.889 0.313]
		[0.834 -0.434 -0.341]
		[0.530 0.147 0.835]
		[-0.299 -0.889 0.347]
		[0.793 -0.434 -0.427]
		[0.600 0.147 0.786]
		[-0.268 -0.889 0.371]
		[0.754 -0.434 -0.494]
		[0.646 0.147 0.749]
