{ :name "Walk" :length 0.6666667 :bones { 
	"Skelet" [
		[ 0 [ 0 1 2 3 ] ]
		[ 0.01666667 [ 0 1 2 4 ] ]
		[ 0.03333334 [ 0 1 2 5 ] ]
		[ 0.05 [ 0 1 2 6 ] ]
		[ 0.06666667 [ 0 1 2 7 ] ]
		[ 0.08333334 [ 0 1 2 8 ] ]
		[ 0.1 [ 0 1 2 9 ] ]
		[ 0.1166667 [ 0 1 2 10 ] ]
		[ 0.1333333 [ 0 1 2 11 ] ]
		[ 0.15 [ 0 1 2 12 ] ]
		[ 0.1666667 [ 0 1 2 13 ] ]
		[ 0.1833333 [ 0 1 2 14 ] ]
		[ 0.2 [ 0 1 2 15 ] ]
		[ 0.2166667 [ 0 1 2 16 ] ]
		[ 0.2333333 [ 0 1 2 17 ] ]
		[ 0.25 [ 0 1 2 7 ] ]
		[ 0.2666667 [ 0 1 2 18 ] ]
		[ 0.2833333 [ 0 1 2 19 ] ]
		[ 0.3 [ 0 1 2 20 ] ]
		[ 0.3166667 [ 0 1 2 21 ] ]
		[ 0.3333333 [ 0 1 2 3 ] ]
		[ 0.35 [ 0 1 2 21 ] ]
		[ 0.3666667 [ 0 1 2 20 ] ]
		[ 0.3833334 [ 0 1 2 19 ] ]
		[ 0.4 [ 0 1 2 18 ] ]
		[ 0.4166667 [ 0 1 2 7 ] ]
		[ 0.4333333 [ 0 1 2 17 ] ]
		[ 0.45 [ 0 1 2 16 ] ]
		[ 0.4666667 [ 0 1 2 15 ] ]
		[ 0.4833333 [ 0 1 2 14 ] ]
		[ 0.5 [ 0 1 2 13 ] ]
		[ 0.5166667 [ 0 1 2 12 ] ]
		[ 0.5333334 [ 0 1 2 11 ] ]
		[ 0.55 [ 0 1 2 10 ] ]
		[ 0.5666667 [ 0 1 2 9 ] ]
		[ 0.5833334 [ 0 1 2 22 ] ]
		[ 0.6 [ 0 1 2 7 ] ]
		[ 0.6166667 [ 0 1 2 6 ] ]
		[ 0.6333333 [ 0 1 2 5 ] ]
		[ 0.65 [ 0 1 2 4 ] ]
	]
	"Bedro_L" [
		[ 0 [ 23 24 0 25 ] ]
		[ 0.01666667 [ 26 27 0 25 ] ]
		[ 0.03333334 [ 28 29 0 25 ] ]
		[ 0.05 [ 30 31 0 25 ] ]
		[ 0.06666667 [ 32 33 0 25 ] ]
		[ 0.08333334 [ 34 35 0 25 ] ]
		[ 0.1 [ 36 37 0 25 ] ]
		[ 0.1166667 [ 38 39 0 25 ] ]
		[ 0.1333333 [ 40 41 0 25 ] ]
		[ 0.15 [ 42 43 0 25 ] ]
		[ 0.1666667 [ 44 45 0 25 ] ]
		[ 0.1833333 [ 46 47 0 25 ] ]
		[ 0.2 [ 48 49 0 25 ] ]
		[ 0.2166667 [ 50 51 0 25 ] ]
		[ 0.2333333 [ 36 37 0 25 ] ]
		[ 0.25 [ 52 53 0 25 ] ]
		[ 0.2666667 [ 54 55 0 25 ] ]
		[ 0.2833333 [ 56 57 0 25 ] ]
		[ 0.3 [ 58 59 0 25 ] ]
		[ 0.3166667 [ 60 61 0 25 ] ]
		[ 0.3333333 [ 62 63 0 25 ] ]
		[ 0.35 [ 64 65 0 25 ] ]
		[ 0.3666667 [ 66 67 0 25 ] ]
		[ 0.3833334 [ 68 69 0 25 ] ]
		[ 0.4 [ 70 71 0 25 ] ]
		[ 0.4166667 [ 72 73 0 25 ] ]
		[ 0.4333333 [ 74 75 0 25 ] ]
		[ 0.45 [ 76 77 0 25 ] ]
		[ 0.4666667 [ 76 77 0 25 ] ]
		[ 0.4833333 [ 74 75 0 25 ] ]
		[ 0.5 [ 72 73 0 25 ] ]
		[ 0.5166667 [ 78 79 0 25 ] ]
		[ 0.5333334 [ 80 81 0 25 ] ]
		[ 0.55 [ 82 83 0 25 ] ]
		[ 0.5666667 [ 84 85 0 25 ] ]
		[ 0.5833334 [ 86 87 0 25 ] ]
		[ 0.6 [ 88 89 0 25 ] ]
		[ 0.6166667 [ 90 91 0 25 ] ]
		[ 0.6333333 [ 92 93 0 25 ] ]
		[ 0.65 [ 94 95 0 25 ] ]
	]
	"Koleno_L" [
		[ 0 [ 96 97 98 99 ] ]
		[ 0.01666667 [ 100 101 98 99 ] ]
		[ 0.03333334 [ 102 103 98 99 ] ]
		[ 0.05 [ 104 105 98 99 ] ]
		[ 0.06666667 [ 106 107 98 99 ] ]
		[ 0.08333334 [ 108 109 98 99 ] ]
		[ 0.1 [ 110 111 98 99 ] ]
		[ 0.1166667 [ 112 113 98 99 ] ]
		[ 0.1333333 [ 114 115 98 99 ] ]
		[ 0.15 [ 116 117 98 99 ] ]
		[ 0.1666667 [ 118 119 98 99 ] ]
		[ 0.1833333 [ 120 121 98 99 ] ]
		[ 0.2 [ 122 123 98 99 ] ]
		[ 0.2166667 [ 124 125 98 99 ] ]
		[ 0.2333333 [ 126 127 98 99 ] ]
		[ 0.25 [ 128 96 98 99 ] ]
		[ 0.2666667 [ 129 130 98 99 ] ]
		[ 0.2833333 [ 131 132 98 99 ] ]
		[ 0.3 [ 133 134 98 99 ] ]
		[ 0.3166667 [ 135 136 98 99 ] ]
		[ 0.3333333 [ 137 138 98 99 ] ]
		[ 0.35 [ 135 136 98 99 ] ]
		[ 0.3666667 [ 133 134 98 99 ] ]
		[ 0.3833334 [ 131 132 98 99 ] ]
		[ 0.4 [ 129 130 98 99 ] ]
		[ 0.4166667 [ 128 96 98 99 ] ]
		[ 0.4333333 [ 139 140 98 99 ] ]
		[ 0.45 [ 141 142 98 99 ] ]
		[ 0.4666667 [ 143 144 98 99 ] ]
		[ 0.4833333 [ 145 146 98 99 ] ]
		[ 0.5 [ 118 119 98 99 ] ]
		[ 0.5166667 [ 147 148 98 99 ] ]
		[ 0.5333334 [ 149 150 98 99 ] ]
		[ 0.55 [ 151 152 98 99 ] ]
		[ 0.5666667 [ 153 154 98 99 ] ]
		[ 0.5833334 [ 138 0 98 99 ] ]
		[ 0.6 [ 155 156 98 99 ] ]
		[ 0.6166667 [ 157 158 98 99 ] ]
		[ 0.6333333 [ 159 160 98 99 ] ]
		[ 0.65 [ 161 162 98 99 ] ]
	]
	"Koleno_L_end" [
		[ 0 [ 0 138 1 163 ] ]
	]
	"Koleno_L_end_end" [
		[ 0 [ 0 138 1 163 ] ]
	]
	"Bedro_P" [
		[ 0 [ 62 63 0 164 ] ]
		[ 0.01666667 [ 165 166 0 164 ] ]
		[ 0.03333334 [ 167 168 0 164 ] ]
		[ 0.05 [ 169 170 0 164 ] ]
		[ 0.06666667 [ 171 172 0 164 ] ]
		[ 0.08333334 [ 173 174 0 164 ] ]
		[ 0.1 [ 175 176 0 164 ] ]
		[ 0.1166667 [ 177 178 0 164 ] ]
		[ 0.1333333 [ 179 180 0 164 ] ]
		[ 0.15 [ 181 182 0 164 ] ]
		[ 0.1666667 [ 72 73 0 164 ] ]
		[ 0.1833333 [ 183 184 0 164 ] ]
		[ 0.2 [ 185 186 0 164 ] ]
		[ 0.2166667 [ 187 188 0 164 ] ]
		[ 0.2333333 [ 189 190 0 164 ] ]
		[ 0.25 [ 191 192 0 164 ] ]
		[ 0.2666667 [ 193 194 0 164 ] ]
		[ 0.2833333 [ 195 196 0 164 ] ]
		[ 0.3 [ 197 198 0 164 ] ]
		[ 0.3166667 [ 199 200 0 164 ] ]
		[ 0.3333333 [ 23 24 0 164 ] ]
		[ 0.35 [ 201 202 0 164 ] ]
		[ 0.3666667 [ 203 204 0 164 ] ]
		[ 0.3833334 [ 205 206 0 164 ] ]
		[ 0.4 [ 207 208 0 164 ] ]
		[ 0.4166667 [ 209 210 0 164 ] ]
		[ 0.4333333 [ 211 212 0 164 ] ]
		[ 0.45 [ 213 214 0 164 ] ]
		[ 0.4666667 [ 215 216 0 164 ] ]
		[ 0.4833333 [ 217 218 0 164 ] ]
		[ 0.5 [ 44 45 0 164 ] ]
		[ 0.5166667 [ 46 47 0 164 ] ]
		[ 0.5333334 [ 48 49 0 164 ] ]
		[ 0.55 [ 50 51 0 164 ] ]
		[ 0.5666667 [ 36 37 0 164 ] ]
		[ 0.5833334 [ 52 53 0 164 ] ]
		[ 0.6 [ 219 220 0 164 ] ]
		[ 0.6166667 [ 221 222 0 164 ] ]
		[ 0.6333333 [ 223 224 0 164 ] ]
		[ 0.65 [ 225 226 0 164 ] ]
	]
	"Koleno_P" [
		[ 0 [ 137 138 98 99 ] ]
		[ 0.01666667 [ 227 228 98 99 ] ]
		[ 0.03333334 [ 229 230 98 99 ] ]
		[ 0.05 [ 231 232 98 99 ] ]
		[ 0.06666667 [ 233 234 98 99 ] ]
		[ 0.08333334 [ 128 96 98 99 ] ]
		[ 0.1 [ 139 140 98 99 ] ]
		[ 0.1166667 [ 141 142 98 99 ] ]
		[ 0.1333333 [ 143 144 98 99 ] ]
		[ 0.15 [ 145 146 98 99 ] ]
		[ 0.1666667 [ 118 119 98 99 ] ]
		[ 0.1833333 [ 235 236 98 99 ] ]
		[ 0.2 [ 237 238 98 99 ] ]
		[ 0.2166667 [ 239 240 98 99 ] ]
		[ 0.2333333 [ 241 242 98 99 ] ]
		[ 0.25 [ 138 0 98 99 ] ]
		[ 0.2666667 [ 232 243 98 99 ] ]
		[ 0.2833333 [ 244 245 98 99 ] ]
		[ 0.3 [ 246 247 98 99 ] ]
		[ 0.3166667 [ 248 249 98 99 ] ]
		[ 0.3333333 [ 96 97 98 99 ] ]
		[ 0.35 [ 250 251 98 99 ] ]
		[ 0.3666667 [ 252 253 98 99 ] ]
		[ 0.3833334 [ 254 255 98 99 ] ]
		[ 0.4 [ 256 257 98 99 ] ]
		[ 0.4166667 [ 108 109 98 99 ] ]
		[ 0.4333333 [ 110 111 98 99 ] ]
		[ 0.45 [ 112 113 98 99 ] ]
		[ 0.4666667 [ 114 115 98 99 ] ]
		[ 0.4833333 [ 116 117 98 99 ] ]
		[ 0.5 [ 118 119 98 99 ] ]
		[ 0.5166667 [ 120 121 98 99 ] ]
		[ 0.5333334 [ 122 123 98 99 ] ]
		[ 0.55 [ 124 125 98 99 ] ]
		[ 0.5666667 [ 126 127 98 99 ] ]
		[ 0.5833334 [ 128 96 98 99 ] ]
		[ 0.6 [ 233 234 98 99 ] ]
		[ 0.6166667 [ 231 232 98 99 ] ]
		[ 0.6333333 [ 229 230 98 99 ] ]
		[ 0.65 [ 227 228 98 99 ] ]
	]
	"Koleno_P_end" [
		[ 0 [ 0 138 1 163 ] ]
	]
	"Koleno_P_end_end" [
		[ 0 [ 0 138 1 163 ] ]
	]
	"Tors" [
		[ 0 [ 0 258 62 259 ] ]
		[ 0.01666667 [ 260 261 262 259 ] ]
		[ 0.03333334 [ 263 264 265 259 ] ]
		[ 0.05 [ 266 267 268 259 ] ]
		[ 0.06666667 [ 269 270 271 259 ] ]
		[ 0.08333334 [ 272 273 274 259 ] ]
		[ 0.1 [ 275 276 277 259 ] ]
		[ 0.1166667 [ 278 279 280 259 ] ]
		[ 0.1333333 [ 281 282 283 259 ] ]
		[ 0.15 [ 284 285 286 259 ] ]
		[ 0.1666667 [ 287 288 289 259 ] ]
		[ 0.1833333 [ 284 285 286 259 ] ]
		[ 0.2 [ 281 282 283 259 ] ]
		[ 0.2166667 [ 278 279 280 259 ] ]
		[ 0.2333333 [ 275 276 277 259 ] ]
		[ 0.25 [ 272 273 274 259 ] ]
		[ 0.2666667 [ 269 270 271 259 ] ]
		[ 0.2833333 [ 266 267 268 259 ] ]
		[ 0.3 [ 263 264 265 259 ] ]
		[ 0.3166667 [ 260 261 262 259 ] ]
		[ 0.3333333 [ 0 258 62 259 ] ]
		[ 0.35 [ 290 291 292 259 ] ]
		[ 0.3666667 [ 293 294 295 259 ] ]
		[ 0.3833334 [ 296 297 298 259 ] ]
		[ 0.4 [ 299 300 301 259 ] ]
		[ 0.4166667 [ 302 303 304 259 ] ]
		[ 0.4333333 [ 305 306 307 259 ] ]
		[ 0.45 [ 308 309 310 259 ] ]
		[ 0.4666667 [ 311 312 313 259 ] ]
		[ 0.4833333 [ 314 315 316 259 ] ]
		[ 0.5 [ 317 318 319 259 ] ]
		[ 0.5166667 [ 314 315 316 259 ] ]
		[ 0.5333334 [ 311 312 313 259 ] ]
		[ 0.55 [ 308 309 310 259 ] ]
		[ 0.5666667 [ 305 306 307 259 ] ]
		[ 0.5833334 [ 302 303 304 259 ] ]
		[ 0.6 [ 299 300 301 259 ] ]
		[ 0.6166667 [ 296 297 298 259 ] ]
		[ 0.6333333 [ 293 294 295 259 ] ]
		[ 0.65 [ 290 291 292 259 ] ]
	]
	"Golova" [
		[ 0 [ 0 320 23 321 ] ]
		[ 0.01666667 [ 322 323 324 321 ] ]
		[ 0.03333334 [ 325 326 327 321 ] ]
		[ 0.05 [ 328 329 330 321 ] ]
		[ 0.06666667 [ 331 332 333 321 ] ]
		[ 0.08333334 [ 334 335 336 321 ] ]
		[ 0.1 [ 337 338 339 321 ] ]
		[ 0.1166667 [ 340 341 342 321 ] ]
		[ 0.1333333 [ 343 344 345 321 ] ]
		[ 0.15 [ 346 347 348 321 ] ]
		[ 0.1666667 [ 349 350 351 321 ] ]
		[ 0.1833333 [ 346 347 348 321 ] ]
		[ 0.2 [ 343 344 345 321 ] ]
		[ 0.2166667 [ 340 341 342 321 ] ]
		[ 0.2333333 [ 337 338 339 321 ] ]
		[ 0.25 [ 334 335 336 321 ] ]
		[ 0.2666667 [ 331 332 333 321 ] ]
		[ 0.2833333 [ 328 329 330 321 ] ]
		[ 0.3 [ 325 326 327 321 ] ]
		[ 0.3166667 [ 322 323 324 321 ] ]
		[ 0.3333333 [ 0 320 23 321 ] ]
		[ 0.35 [ 352 353 354 321 ] ]
		[ 0.3666667 [ 355 356 357 321 ] ]
		[ 0.3833334 [ 358 359 360 321 ] ]
		[ 0.4 [ 361 362 363 321 ] ]
		[ 0.4166667 [ 364 365 366 321 ] ]
		[ 0.4333333 [ 367 368 369 321 ] ]
		[ 0.45 [ 370 371 372 321 ] ]
		[ 0.4666667 [ 373 374 375 321 ] ]
		[ 0.4833333 [ 376 377 378 321 ] ]
		[ 0.5 [ 379 380 381 321 ] ]
		[ 0.5166667 [ 376 377 378 321 ] ]
		[ 0.5333334 [ 373 374 375 321 ] ]
		[ 0.55 [ 370 371 372 321 ] ]
		[ 0.5666667 [ 367 368 369 321 ] ]
		[ 0.5833334 [ 364 365 366 321 ] ]
		[ 0.6 [ 361 362 363 321 ] ]
		[ 0.6166667 [ 358 359 360 321 ] ]
		[ 0.6333333 [ 355 356 357 321 ] ]
		[ 0.65 [ 352 353 354 321 ] ]
	]
	"Golova_end" [
		[ 0 [ 0 138 1 382 ] ]
	]
	"Golova_end_end" [
		[ 0 [ 0 138 1 382 ] ]
	]
	"Kluchitsa_L" [
		[ 0 [ 1 0 138 383 ] ]
	]
	"Kluchitsa_L_end" [
		[ 0 [ 0 138 1 384 ] ]
	]
	"Kluchitsa_L_end_end" [
		[ 0 [ 0 138 1 384 ] ]
	]
	"Kluchitsa_P" [
		[ 0 [ 98 137 138 383 ] ]
	]
	"Kluchitsa_P_end" [
		[ 0 [ 0 138 1 384 ] ]
	]
	"Kluchitsa_P_end_end" [
		[ 0 [ 0 138 1 384 ] ]
	]
	"Ruka_L" [
		[ 0 [ 385 386 387 388 ] ]
	]
	"Lokot_L" [
		[ 0 [ 138 137 1 389 ] ]
	]
	"Lokot_L_end" [
		[ 0 [ 0 138 1 390 ] ]
	]
	"Lokot_L_end_end" [
		[ 0 [ 0 138 1 390 ] ]
	]
	"Ruka_P" [
		[ 0 [ 391 392 393 394 ] ]
		[ 0.01666667 [ 395 396 397 394 ] ]
		[ 0.03333334 [ 398 399 400 394 ] ]
		[ 0.05 [ 401 402 403 394 ] ]
		[ 0.06666667 [ 404 405 406 394 ] ]
		[ 0.08333334 [ 407 408 409 394 ] ]
		[ 0.1 [ 410 411 412 394 ] ]
		[ 0.1166667 [ 413 414 415 394 ] ]
		[ 0.1333333 [ 416 417 418 394 ] ]
		[ 0.15 [ 419 420 421 394 ] ]
		[ 0.1666667 [ 422 423 424 394 ] ]
		[ 0.1833333 [ 425 426 427 394 ] ]
		[ 0.2 [ 428 429 430 394 ] ]
		[ 0.2166667 [ 431 432 433 394 ] ]
		[ 0.2333333 [ 434 435 436 394 ] ]
		[ 0.25 [ 437 438 439 394 ] ]
		[ 0.2666667 [ 440 441 442 394 ] ]
		[ 0.2833333 [ 443 444 445 394 ] ]
		[ 0.3 [ 446 447 448 394 ] ]
		[ 0.3166667 [ 449 450 451 394 ] ]
		[ 0.3333333 [ 452 453 109 394 ] ]
		[ 0.35 [ 454 455 456 394 ] ]
		[ 0.3666667 [ 457 458 459 394 ] ]
		[ 0.3833334 [ 460 461 462 394 ] ]
		[ 0.4 [ 463 464 465 394 ] ]
		[ 0.4166667 [ 466 467 459 394 ] ]
		[ 0.4333333 [ 468 469 470 394 ] ]
		[ 0.45 [ 471 472 473 394 ] ]
		[ 0.4666667 [ 474 475 476 394 ] ]
		[ 0.4833333 [ 477 478 479 394 ] ]
		[ 0.5 [ 452 453 109 394 ] ]
		[ 0.5166667 [ 480 481 109 394 ] ]
		[ 0.5333334 [ 482 483 109 394 ] ]
		[ 0.55 [ 484 485 109 394 ] ]
		[ 0.5666667 [ 486 487 109 394 ] ]
		[ 0.5833334 [ 488 489 109 394 ] ]
		[ 0.6 [ 490 491 109 394 ] ]
		[ 0.6166667 [ 492 493 109 394 ] ]
		[ 0.6333333 [ 494 495 109 394 ] ]
		[ 0.65 [ 496 497 109 394 ] ]
	]
	"Lokot_P" [
		[ 0 [ 138 137 1 389 ] ]
	]
	"Lokot_P_end" [
		[ 0 [ 0 138 1 390 ] ]
	]
	"Lokot_P_end_end" [
		[ 0 [ 0 138 1 390 ] ]
	]
	"Woin" [
		[ 0 [ 498 499 500 500 ] ]
	]
	"Shit" [
		[ 0 [ 501 502 503 504 ] ]
		[ 0.01666667 [ 505 506 507 508 ] ]
		[ 0.03333334 [ 509 510 511 512 ] ]
		[ 0.05 [ 513 514 515 516 ] ]
		[ 0.06666667 [ 517 518 519 520 ] ]
		[ 0.08333334 [ 521 522 523 524 ] ]
		[ 0.1 [ 525 526 527 528 ] ]
		[ 0.1166667 [ 529 530 531 532 ] ]
		[ 0.1333333 [ 533 534 535 536 ] ]
		[ 0.15 [ 537 538 539 540 ] ]
		[ 0.1666667 [ 541 542 539 543 ] ]
		[ 0.1833333 [ 537 538 539 544 ] ]
		[ 0.2 [ 533 534 535 545 ] ]
		[ 0.2166667 [ 529 530 531 546 ] ]
		[ 0.2333333 [ 525 526 527 547 ] ]
		[ 0.25 [ 521 522 523 548 ] ]
		[ 0.2666667 [ 517 518 519 549 ] ]
		[ 0.2833333 [ 513 514 515 550 ] ]
		[ 0.3 [ 509 510 511 551 ] ]
		[ 0.3166667 [ 505 506 507 552 ] ]
		[ 0.3333333 [ 501 502 503 504 ] ]
		[ 0.35 [ 553 554 555 556 ] ]
		[ 0.3666667 [ 557 558 559 560 ] ]
		[ 0.3833334 [ 561 562 563 564 ] ]
		[ 0.4 [ 565 566 567 568 ] ]
		[ 0.4166667 [ 569 570 571 572 ] ]
		[ 0.4333333 [ 573 574 575 576 ] ]
		[ 0.45 [ 577 578 579 580 ] ]
		[ 0.4666667 [ 581 582 583 584 ] ]
		[ 0.4833333 [ 585 586 583 587 ] ]
		[ 0.5 [ 588 589 590 591 ] ]
		[ 0.5166667 [ 585 586 583 592 ] ]
		[ 0.5333334 [ 581 582 583 593 ] ]
		[ 0.55 [ 577 578 579 594 ] ]
		[ 0.5666667 [ 573 574 575 595 ] ]
		[ 0.5833334 [ 569 570 571 596 ] ]
		[ 0.6 [ 565 566 567 597 ] ]
		[ 0.6166667 [ 561 562 563 598 ] ]
		[ 0.6333333 [ 557 558 559 599 ] ]
		[ 0.65 [ 553 554 555 600 ] ]
	]
	"Sword" [
		[ 0 [ 601 602 603 604 ] ]
		[ 0.01666667 [ 605 606 607 608 ] ]
		[ 0.03333334 [ 609 610 611 612 ] ]
		[ 0.05 [ 613 614 615 616 ] ]
		[ 0.06666667 [ 617 618 619 620 ] ]
		[ 0.08333334 [ 621 622 623 624 ] ]
		[ 0.1 [ 625 626 627 628 ] ]
		[ 0.1166667 [ 629 630 631 632 ] ]
		[ 0.1333333 [ 633 634 635 636 ] ]
		[ 0.15 [ 637 638 639 640 ] ]
		[ 0.1666667 [ 641 642 643 644 ] ]
		[ 0.1833333 [ 645 646 647 648 ] ]
		[ 0.2 [ 649 650 651 652 ] ]
		[ 0.2166667 [ 653 654 655 656 ] ]
		[ 0.2333333 [ 657 658 659 660 ] ]
		[ 0.25 [ 661 662 663 664 ] ]
		[ 0.2666667 [ 665 666 667 668 ] ]
		[ 0.2833333 [ 669 670 671 672 ] ]
		[ 0.3 [ 673 674 675 676 ] ]
		[ 0.3166667 [ 677 678 679 680 ] ]
		[ 0.3333333 [ 681 682 683 684 ] ]
		[ 0.35 [ 685 686 687 688 ] ]
		[ 0.3666667 [ 689 690 691 692 ] ]
		[ 0.3833334 [ 693 694 695 696 ] ]
		[ 0.4 [ 697 698 699 700 ] ]
		[ 0.4166667 [ 701 702 703 704 ] ]
		[ 0.4333333 [ 705 706 707 708 ] ]
		[ 0.45 [ 709 710 711 712 ] ]
		[ 0.4666667 [ 713 714 715 716 ] ]
		[ 0.4833333 [ 717 718 719 720 ] ]
		[ 0.5 [ 721 722 723 724 ] ]
		[ 0.5166667 [ 725 726 727 728 ] ]
		[ 0.5333334 [ 729 730 731 732 ] ]
		[ 0.55 [ 733 734 735 736 ] ]
		[ 0.5666667 [ 737 738 739 740 ] ]
		[ 0.5833334 [ 741 742 743 744 ] ]
		[ 0.6 [ 745 746 747 748 ] ]
		[ 0.6166667 [ 749 750 751 752 ] ]
		[ 0.6333333 [ 753 754 755 756 ] ]
		[ 0.65 [ 757 758 759 760 ] ]
	]
	}
	:resources [
		[1.000 0.000 0.000]
		[0.000 0.000 1.000]
		[0.000 -1.000 0.000]
		[0.000 0.000 0.000]
		[0.000 0.000 0.011]
		[0.000 0.000 0.023]
		[0.000 0.000 0.036]
		[0.000 0.000 0.050]
		[0.000 0.000 0.063]
		[0.000 0.000 0.074]
		[0.000 0.000 0.085]
		[0.000 0.000 0.093]
		[0.000 0.000 0.098]
		[0.000 0.000 0.100]
		[0.000 0.000 0.097]
		[0.000 0.000 0.090]
		[0.000 0.000 0.078]
		[0.000 0.000 0.065]
		[0.000 0.000 0.035]
		[0.000 0.000 0.022]
		[0.000 0.000 0.010]
		[0.000 0.000 0.003]
		[0.000 0.000 0.062]
		[0.000 -0.342 0.940]
		[0.000 -0.940 -0.342]
		[0.123 -0.038 0.000]
		[0.000 -0.378 0.926]
		[0.000 -0.926 -0.378]
		[0.000 -0.417 0.909]
		[0.000 -0.909 -0.417]
		[0.000 -0.458 0.889]
		[0.000 -0.889 -0.458]
		[0.000 -0.499 0.867]
		[0.000 -0.867 -0.499]
		[0.000 -0.537 0.843]
		[0.000 -0.843 -0.537]
		[0.000 -0.572 0.820]
		[0.000 -0.820 -0.572]
		[0.000 -0.601 0.799]
		[0.000 -0.799 -0.601]
		[0.000 -0.623 0.782]
		[0.000 -0.782 -0.623]
		[0.000 -0.638 0.770]
		[0.000 -0.770 -0.638]
		[0.000 -0.643 0.766]
		[0.000 -0.766 -0.643]
		[0.000 -0.642 0.767]
		[0.000 -0.767 -0.642]
		[0.000 -0.634 0.773]
		[0.000 -0.773 -0.634]
		[0.000 -0.613 0.790]
		[0.000 -0.790 -0.613]
		[0.000 -0.500 0.866]
		[0.000 -0.866 -0.500]
		[0.000 -0.373 0.928]
		[0.000 -0.928 -0.373]
		[0.000 -0.190 0.982]
		[0.000 -0.982 -0.190]
		[0.000 0.017 1.000]
		[0.000 -1.000 0.017]
		[0.000 0.207 0.978]
		[0.000 -0.978 0.207]
		[0.000 0.342 0.940]
		[0.000 -0.940 0.342]
		[0.000 0.432 0.902]
		[0.000 -0.902 0.432]
		[0.000 0.506 0.863]
		[0.000 -0.863 0.506]
		[0.000 0.565 0.825]
		[0.000 -0.825 0.565]
		[0.000 0.610 0.792]
		[0.000 -0.792 0.610]
		[0.000 0.643 0.766]
		[0.000 -0.766 0.643]
		[0.000 0.664 0.748]
		[0.000 -0.748 0.664]
		[0.000 0.674 0.738]
		[0.000 -0.738 0.674]
		[0.000 0.605 0.796]
		[0.000 -0.796 0.605]
		[0.000 0.546 0.838]
		[0.000 -0.838 0.546]
		[0.000 0.468 0.884]
		[0.000 -0.884 0.468]
		[0.000 0.371 0.929]
		[0.000 -0.929 0.371]
		[0.000 0.259 0.966]
		[0.000 -0.966 0.259]
		[0.000 0.136 0.991]
		[0.000 -0.991 0.136]
		[0.000 0.009 1.000]
		[0.000 -1.000 0.009]
		[0.000 -0.117 0.993]
		[0.000 -0.993 -0.117]
		[0.000 -0.236 0.972]
		[0.000 -0.972 -0.236]
		[0.174 0.985 0.000]
		[0.985 -0.174 0.000]
		[0.000 0.000 -1.000]
		[0.000 0.532 0.000]
		[0.264 0.965 0.000]
		[0.965 -0.264 0.000]
		[0.372 0.928 0.000]
		[0.928 -0.372 0.000]
		[0.466 0.885 0.000]
		[0.885 -0.466 0.000]
		[0.517 0.856 0.000]
		[0.856 -0.517 0.000]
		[0.500 0.866 0.000]
		[0.866 -0.500 0.000]
		[0.390 0.921 0.000]
		[0.921 -0.390 0.000]
		[0.196 0.981 0.000]
		[0.981 -0.196 0.000]
		[-0.050 0.999 0.000]
		[0.999 0.050 0.000]
		[-0.298 0.954 0.000]
		[0.954 0.298 0.000]
		[-0.500 0.866 0.000]
		[0.866 0.500 0.000]
		[-0.660 0.751 0.000]
		[0.751 0.660 0.000]
		[-0.795 0.607 0.000]
		[0.607 0.795 0.000]
		[-0.894 0.448 0.000]
		[0.448 0.894 0.000]
		[-0.955 0.297 0.000]
		[0.297 0.955 0.000]
		[-0.985 0.174 0.000]
		[-0.996 0.089 0.000]
		[0.089 0.996 0.000]
		[-0.999 0.038 0.000]
		[0.038 0.999 0.000]
		[-1.000 0.011 0.000]
		[0.011 1.000 0.000]
		[-1.000 0.001 0.000]
		[0.001 1.000 0.000]
		[-1.000 0.000 0.000]
		[0.000 1.000 0.000]
		[-0.952 0.305 0.000]
		[0.305 0.952 0.000]
		[-0.882 0.471 0.000]
		[0.471 0.882 0.000]
		[-0.771 0.636 0.000]
		[0.636 0.771 0.000]
		[-0.634 0.773 0.000]
		[0.773 0.634 0.000]
		[-0.371 0.929 0.000]
		[0.929 0.371 0.000]
		[-0.236 0.972 0.000]
		[0.972 0.236 0.000]
		[-0.117 0.993 0.000]
		[0.993 0.117 0.000]
		[-0.032 0.999 0.000]
		[0.999 0.032 0.000]
		[-0.038 0.999 0.000]
		[0.999 0.038 0.000]
		[-0.134 0.991 0.000]
		[0.991 0.134 0.000]
		[-0.261 0.965 0.000]
		[0.965 0.261 0.000]
		[-0.391 0.920 0.000]
		[0.920 0.391 0.000]
		[0.000 0.578 0.000]
		[-0.123 -0.038 0.000]
		[0.000 0.380 0.925]
		[0.000 -0.925 0.380]
		[0.000 0.427 0.904]
		[0.000 -0.904 0.427]
		[0.000 0.477 0.879]
		[0.000 -0.879 0.477]
		[0.000 0.528 0.850]
		[0.000 -0.850 0.528]
		[0.000 0.574 0.819]
		[0.000 -0.819 0.574]
		[0.000 0.612 0.791]
		[0.000 -0.791 0.612]
		[0.000 0.641 0.767]
		[0.000 -0.767 0.641]
		[0.000 0.658 0.753]
		[0.000 -0.753 0.658]
		[0.000 0.659 0.752]
		[0.000 -0.752 0.659]
		[0.000 0.603 0.798]
		[0.000 -0.798 0.603]
		[0.000 0.537 0.844]
		[0.000 -0.844 0.537]
		[0.000 0.448 0.894]
		[0.000 -0.894 0.448]
		[0.000 0.339 0.941]
		[0.000 -0.941 0.339]
		[0.000 0.216 0.976]
		[0.000 -0.976 0.216]
		[0.000 0.086 0.996]
		[0.000 -0.996 0.086]
		[0.000 -0.042 0.999]
		[0.000 -0.999 -0.042]
		[0.000 -0.161 0.987]
		[0.000 -0.987 -0.161]
		[0.000 -0.263 0.965]
		[0.000 -0.965 -0.263]
		[0.000 -0.404 0.915]
		[0.000 -0.915 -0.404]
		[0.000 -0.457 0.889]
		[0.000 -0.889 -0.457]
		[0.000 -0.503 0.864]
		[0.000 -0.864 -0.503]
		[0.000 -0.542 0.841]
		[0.000 -0.841 -0.542]
		[0.000 -0.574 0.819]
		[0.000 -0.819 -0.574]
		[0.000 -0.599 0.801]
		[0.000 -0.801 -0.599]
		[0.000 -0.618 0.786]
		[0.000 -0.786 -0.618]
		[0.000 -0.632 0.775]
		[0.000 -0.775 -0.632]
		[0.000 -0.640 0.768]
		[0.000 -0.768 -0.640]
		[0.000 -0.384 0.923]
		[0.000 -0.923 -0.384]
		[0.000 -0.223 0.975]
		[0.000 -0.975 -0.223]
		[0.000 -0.034 0.999]
		[0.000 -0.999 -0.034]
		[0.000 0.163 0.987]
		[0.000 -0.987 0.163]
		[-1.000 0.024 0.000]
		[0.024 1.000 0.000]
		[-0.999 0.036 0.000]
		[0.036 0.999 0.000]
		[-0.999 0.054 0.000]
		[0.054 0.999 0.000]
		[-0.995 0.095 0.000]
		[0.095 0.995 0.000]
		[-0.381 0.925 0.000]
		[0.925 0.381 0.000]
		[-0.269 0.963 0.000]
		[0.963 0.269 0.000]
		[-0.167 0.986 0.000]
		[0.986 0.167 0.000]
		[-0.077 0.997 0.000]
		[0.997 0.077 0.000]
		[0.999 -0.054 0.000]
		[0.086 0.996 0.000]
		[0.996 -0.086 0.000]
		[0.109 0.994 0.000]
		[0.994 -0.109 0.000]
		[0.134 0.991 0.000]
		[0.991 -0.134 0.000]
		[0.253 0.968 0.000]
		[0.968 -0.253 0.000]
		[0.360 0.933 0.000]
		[0.933 -0.360 0.000]
		[0.458 0.889 0.000]
		[0.889 -0.458 0.000]
		[0.514 0.858 0.000]
		[0.858 -0.514 0.000]
		[0.000 0.940 -0.342]
		[0.000 0.130 0.000]
		[0.999 0.009 0.035]
		[0.004 0.940 -0.342]
		[-0.036 0.342 0.939]
		[0.997 0.019 0.074]
		[0.007 0.940 -0.342]
		[-0.076 0.342 0.937]
		[0.993 0.030 0.116]
		[0.012 0.939 -0.343]
		[-0.119 0.342 0.932]
		[0.987 0.041 0.158]
		[0.016 0.939 -0.344]
		[-0.162 0.342 0.926]
		[0.979 0.051 0.198]
		[0.021 0.938 -0.345]
		[-0.203 0.342 0.917]
		[0.970 0.061 0.235]
		[0.025 0.938 -0.347]
		[-0.241 0.342 0.908]
		[0.961 0.069 0.266]
		[0.029 0.937 -0.348]
		[-0.274 0.342 0.899]
		[0.954 0.076 0.291]
		[0.032 0.937 -0.349]
		[-0.299 0.342 0.891]
		[0.948 0.080 0.307]
		[0.034 0.936 -0.350]
		[-0.316 0.342 0.885]
		[0.946 0.082 0.313]
		[0.035 0.936 -0.350]
		[-0.321 0.342 0.883]
		[0.999 -0.009 -0.035]
		[-0.004 0.940 -0.342]
		[0.036 0.342 0.939]
		[0.997 -0.019 -0.074]
		[-0.007 0.940 -0.342]
		[0.076 0.342 0.937]
		[0.993 -0.030 -0.116]
		[-0.012 0.939 -0.343]
		[0.119 0.342 0.932]
		[0.987 -0.041 -0.158]
		[-0.016 0.939 -0.344]
		[0.162 0.342 0.926]
		[0.979 -0.051 -0.198]
		[-0.021 0.938 -0.345]
		[0.203 0.342 0.917]
		[0.970 -0.061 -0.235]
		[-0.025 0.938 -0.347]
		[0.241 0.342 0.908]
		[0.961 -0.069 -0.266]
		[-0.029 0.937 -0.348]
		[0.274 0.342 0.899]
		[0.954 -0.076 -0.291]
		[-0.032 0.937 -0.349]
		[0.299 0.342 0.891]
		[0.948 -0.080 -0.307]
		[-0.034 0.936 -0.350]
		[0.316 0.342 0.885]
		[0.946 -0.082 -0.313]
		[-0.035 0.936 -0.350]
		[0.321 0.342 0.883]
		[0.000 0.940 0.342]
		[0.000 0.596 0.000]
		[0.999 0.000 -0.038]
		[0.013 0.940 0.342]
		[0.036 -0.342 0.939]
		[0.997 0.000 -0.081]
		[0.028 0.940 0.341]
		[0.076 -0.342 0.937]
		[0.992 0.000 -0.126]
		[0.043 0.940 0.339]
		[0.119 -0.342 0.932]
		[0.985 0.000 -0.172]
		[0.059 0.940 0.337]
		[0.162 -0.342 0.926]
		[0.976 0.000 -0.216]
		[0.074 0.940 0.334]
		[0.203 -0.342 0.917]
		[0.966 0.000 -0.257]
		[0.088 0.940 0.331]
		[0.241 -0.342 0.908]
		[0.957 0.000 -0.291]
		[0.100 0.940 0.327]
		[0.274 -0.342 0.899]
		[0.948 0.000 -0.318]
		[0.109 0.940 0.324]
		[0.299 -0.342 0.891]
		[0.942 0.000 -0.336]
		[0.115 0.940 0.322]
		[0.316 -0.342 0.885]
		[0.940 0.000 -0.342]
		[0.117 0.940 0.321]
		[0.321 -0.342 0.883]
		[0.999 0.000 0.038]
		[-0.013 0.940 0.342]
		[-0.036 -0.342 0.939]
		[0.997 0.000 0.081]
		[-0.028 0.940 0.341]
		[-0.076 -0.342 0.937]
		[0.992 0.000 0.126]
		[-0.043 0.940 0.339]
		[-0.119 -0.342 0.932]
		[0.985 0.000 0.172]
		[-0.059 0.940 0.337]
		[-0.162 -0.342 0.926]
		[0.976 0.000 0.216]
		[-0.074 0.940 0.334]
		[-0.203 -0.342 0.917]
		[0.966 0.000 0.257]
		[-0.088 0.940 0.331]
		[-0.241 -0.342 0.908]
		[0.957 0.000 0.291]
		[-0.100 0.940 0.327]
		[-0.274 -0.342 0.899]
		[0.948 0.000 0.318]
		[-0.109 0.940 0.324]
		[-0.299 -0.342 0.891]
		[0.942 0.000 0.336]
		[-0.115 0.940 0.322]
		[-0.316 -0.342 0.885]
		[0.940 0.000 0.342]
		[-0.117 0.940 0.321]
		[-0.321 -0.342 0.883]
		[0.000 0.315 0.000]
		[0.000 0.470 0.000]
		[0.000 0.300 0.000]
		[0.766 0.000 0.643]
		[0.321 -0.866 -0.383]
		[0.557 0.500 -0.663]
		[0.279 0.394 -0.035]
		[0.000 0.316 0.000]
		[0.000 0.469 0.000]
		[-0.342 0.000 0.940]
		[-0.470 -0.866 -0.171]
		[0.814 -0.500 0.296]
		[-0.279 0.394 -0.035]
		[-0.366 -0.099 0.925]
		[-0.467 -0.841 -0.275]
		[0.805 -0.533 0.262]
		[-0.404 -0.207 0.891]
		[-0.460 -0.796 -0.393]
		[0.791 -0.568 0.227]
		[-0.453 -0.311 0.836]
		[-0.446 -0.732 -0.515]
		[0.772 -0.605 0.193]
		[-0.507 -0.403 0.762]
		[-0.425 -0.653 -0.627]
		[0.750 -0.642 0.159]
		[-0.561 -0.474 0.679]
		[-0.398 -0.565 -0.723]
		[0.726 -0.676 0.128]
		[-0.609 -0.523 0.596]
		[-0.369 -0.479 -0.797]
		[0.702 -0.706 0.099]
		[-0.648 -0.551 0.526]
		[-0.345 -0.404 -0.847]
		[0.679 -0.731 0.071]
		[-0.673 -0.563 0.481]
		[-0.334 -0.348 -0.876]
		[0.660 -0.750 0.046]
		[-0.680 -0.564 0.469]
		[-0.345 -0.319 -0.883]
		[0.647 -0.762 0.023]
		[-0.663 -0.557 0.500]
		[-0.383 -0.321 -0.866]
		[0.643 -0.766 0.000]
		[-0.631 -0.538 0.559]
		[-0.425 -0.363 -0.829]
		[0.649 -0.761 0.000]
		[-0.560 -0.500 0.661]
		[-0.493 -0.440 -0.751]
		[0.666 -0.746 0.000]
		[-0.451 -0.431 0.781]
		[-0.565 -0.540 -0.624]
		[0.691 -0.723 0.000]
		[-0.312 -0.324 0.893]
		[-0.620 -0.643 -0.450]
		[0.720 -0.694 0.000]
		[-0.157 -0.179 0.971]
		[-0.640 -0.730 -0.238]
		[0.752 -0.659 0.000]
		[-0.005 -0.007 1.000]
		[-0.622 -0.783 -0.008]
		[0.783 -0.622 0.000]
		[0.125 0.173 0.977]
		[-0.571 -0.793 0.213]
		[0.811 -0.585 0.000]
		[0.222 0.338 0.915]
		[-0.503 -0.764 0.404]
		[0.835 -0.550 0.000]
		[0.286 0.469 0.836]
		[-0.435 -0.713 0.549]
		[0.854 -0.521 0.000]
		[0.321 0.557 0.766]
		[-0.383 -0.663 0.643]
		[0.340 0.609 0.717]
		[-0.349 -0.626 0.698]
		[0.873 -0.488 0.000]
		[0.352 0.642 0.681]
		[-0.327 -0.598 0.732]
		[0.877 -0.481 0.000]
		[0.358 0.659 0.661]
		[-0.316 -0.581 0.750]
		[0.879 -0.478 0.000]
		[0.361 0.664 0.654]
		[-0.313 -0.575 0.756]
		[0.878 -0.478 0.000]
		[0.362 0.659 0.659]
		[-0.317 -0.578 0.752]
		[0.359 0.646 0.673]
		[-0.327 -0.589 0.739]
		[0.874 -0.485 0.000]
		[0.353 0.628 0.694]
		[-0.340 -0.604 0.720]
		[0.871 -0.490 0.000]
		[0.345 0.605 0.717]
		[-0.355 -0.623 0.697]
		[0.869 -0.495 0.000]
		[0.334 0.581 0.742]
		[-0.370 -0.643 0.670]
		[0.867 -0.499 0.000]
		[0.305 0.529 0.792]
		[-0.396 -0.686 0.610]
		[0.284 0.491 0.824]
		[-0.412 -0.713 0.567]
		[0.257 0.445 0.858]
		[-0.429 -0.743 0.514]
		[0.226 0.392 0.892]
		[-0.446 -0.772 0.452]
		[0.191 0.331 0.924]
		[-0.462 -0.800 0.383]
		[0.154 0.266 0.951]
		[-0.476 -0.824 0.308]
		[0.115 0.199 0.973]
		[-0.487 -0.843 0.229]
		[0.075 0.130 0.989]
		[-0.494 -0.856 0.150]
		[0.036 0.063 0.997]
		[-0.499 -0.864 0.073]
		[100.000 0.000 0.000]
		[0.000 0.000 -100.000]
		[0.000 100.000 0.000]
		[0.267 -0.171 -0.244]
		[-0.272 -0.006 -0.293]
		[0.012 0.036 -0.012]
		[0.212 0.501 1.371]
		[0.263 -0.181 -0.242]
		[-0.269 0.003 -0.296]
		[0.014 0.036 -0.012]
		[0.229 0.493 1.383]
		[0.258 -0.191 -0.239]
		[-0.266 0.014 -0.298]
		[0.015 0.035 -0.012]
		[0.248 0.484 1.398]
		[0.252 -0.202 -0.236]
		[-0.262 0.025 -0.301]
		[0.017 0.034 -0.012]
		[0.267 0.473 1.413]
		[0.246 -0.213 -0.233]
		[-0.258 0.035 -0.304]
		[0.018 0.034 -0.012]
		[0.287 0.461 1.429]
		[0.239 -0.223 -0.230]
		[-0.253 0.045 -0.307]
		[0.020 0.033 -0.011]
		[0.305 0.449 1.444]
		[0.233 -0.233 -0.227]
		[-0.248 0.054 -0.309]
		[0.021 0.032 -0.011]
		[0.321 0.437 1.457]
		[0.227 -0.241 -0.225]
		[-0.244 0.061 -0.311]
		[0.022 0.031 -0.011]
		[0.335 0.427 1.469]
		[0.222 -0.247 -0.223]
		[-0.240 0.067 -0.313]
		[0.023 0.031 -0.011]
		[0.346 0.418 1.479]
		[0.219 -0.251 -0.222]
		[-0.238 0.070 -0.314]
		[0.024 0.030 -0.011]
		[0.352 0.412 1.485]
		[0.217 -0.253 -0.221]
		[-0.237 0.072 -0.314]
		[0.355 0.410 1.487]
		[0.352 0.412 1.484]
		[0.346 0.418 1.476]
		[0.335 0.427 1.463]
		[0.321 0.437 1.448]
		[0.305 0.449 1.431]
		[0.287 0.461 1.414]
		[0.267 0.473 1.398]
		[0.248 0.484 1.385]
		[0.229 0.493 1.375]
		[0.270 -0.162 -0.246]
		[-0.274 -0.015 -0.291]
		[0.011 0.037 -0.012]
		[0.195 0.508 1.371]
		[0.274 -0.152 -0.249]
		[-0.276 -0.026 -0.288]
		[0.009 0.037 -0.012]
		[0.175 0.515 1.377]
		[0.277 -0.140 -0.252]
		[-0.278 -0.038 -0.285]
		[0.008 0.037 -0.012]
		[0.154 0.522 1.386]
		[0.280 -0.129 -0.255]
		[-0.279 -0.051 -0.282]
		[0.006 0.038 -0.013]
		[0.132 0.528 1.397]
		[0.283 -0.118 -0.257]
		[-0.280 -0.063 -0.279]
		[0.004 0.038 -0.013]
		[0.110 0.533 1.409]
		[0.285 -0.108 -0.260]
		[-0.280 -0.074 -0.276]
		[0.003 0.038 -0.013]
		[0.090 0.537 1.422]
		[0.286 -0.099 -0.262]
		[-0.280 -0.084 -0.274]
		[0.001 0.038 -0.013]
		[0.073 0.540 1.434]
		[0.287 -0.092 -0.263]
		[-0.279 -0.092 -0.272]
		[0.000 0.038 -0.013]
		[0.059 0.541 1.443]
		[0.287 -0.088 -0.264]
		[-0.279 -0.097 -0.270]
		[0.050 0.542 1.450]
		[0.287 -0.086 -0.265]
		[-0.278 -0.099 -0.270]
		[-0.001 0.038 -0.013]
		[0.047 0.543 1.452]
		[0.050 0.542 1.451]
		[0.059 0.541 1.447]
		[0.073 0.540 1.440]
		[0.090 0.537 1.432]
		[0.110 0.533 1.422]
		[0.132 0.528 1.411]
		[0.154 0.522 1.400]
		[0.175 0.515 1.390]
		[0.195 0.508 1.380]
		[0.138 -0.020 -0.011]
		[0.018 0.051 0.129]
		[-0.015 -0.129 0.053]
		[-0.238 0.565 1.344]
		[0.137 -0.027 -0.011]
		[0.018 0.036 0.134]
		[-0.023 -0.133 0.039]
		[-0.205 0.606 1.397]
		[0.135 -0.037 -0.012]
		[0.017 0.018 0.138]
		[-0.034 -0.134 0.022]
		[-0.161 0.643 1.462]
		[0.131 -0.047 -0.014]
		[0.014 -0.001 0.139]
		[-0.047 -0.132 0.004]
		[-0.108 0.669 1.535]
		[0.126 -0.058 -0.016]
		[0.009 -0.020 0.138]
		[-0.060 -0.126 -0.014]
		[-0.051 0.681 1.609]
		[0.120 -0.069 -0.020]
		[0.002 -0.036 0.135]
		[-0.071 -0.117 -0.030]
		[0.004 0.678 1.679]
		[0.114 -0.077 -0.024]
		[-0.006 -0.049 0.131]
		[-0.081 -0.106 -0.043]
		[0.051 0.665 1.740]
		[0.108 -0.084 -0.028]
		[-0.012 -0.059 0.127]
		[-0.088 -0.096 -0.053]
		[0.089 0.648 1.787]
		[0.104 -0.088 -0.032]
		[-0.017 -0.065 0.123]
		[-0.092 -0.088 -0.059]
		[0.113 0.635 1.819]
		[0.103 -0.088 -0.035]
		[-0.017 -0.068 0.121]
		[-0.094 -0.085 -0.061]
		[0.122 0.632 1.832]
		[0.105 -0.085 -0.037]
		[-0.012 -0.068 0.122]
		[-0.092 -0.087 -0.059]
		[0.113 0.644 1.825]
		[0.108 -0.081 -0.037]
		[-0.006 -0.064 0.125]
		[-0.089 -0.095 -0.052]
		[0.091 0.663 1.797]
		[0.115 -0.072 -0.035]
		[0.006 -0.053 0.129]
		[-0.080 -0.108 -0.040]
		[0.042 0.693 1.742]
		[0.123 -0.058 -0.034]
		[0.020 -0.036 0.134]
		[-0.064 -0.122 -0.023]
		[-0.033 0.718 1.665]
		[0.129 -0.041 -0.034]
		[0.032 -0.011 0.136]
		[-0.042 -0.133 -0.001]
		[-0.130 0.721 1.574]
		[0.133 -0.022 -0.036]
		[0.039 0.018 0.133]
		[-0.016 -0.137 0.023]
		[-0.237 0.690 1.478]
		[0.134 -0.003 -0.040]
		[0.039 0.049 0.125]
		[0.011 -0.131 0.048]
		[-0.340 0.622 1.388]
		[0.132 0.013 -0.046]
		[0.032 0.077 0.113]
		[0.036 -0.116 0.069]
		[-0.424 0.525 1.316]
		[0.127 0.025 -0.053]
		[0.021 0.099 0.097]
		[0.055 -0.096 0.086]
		[-0.483 0.416 1.267]
		[0.122 0.034 -0.059]
		[0.008 0.113 0.082]
		[0.067 -0.075 0.097]
		[-0.518 0.313 1.240]
		[0.118 0.039 -0.064]
		[-0.002 0.121 0.070]
		[0.075 -0.058 0.103]
		[-0.535 0.234 1.231]
		[0.115 0.044 -0.067]
		[-0.011 0.125 0.062]
		[0.079 -0.046 0.106]
		[-0.543 0.176 1.236]
		[0.111 0.048 -0.070]
		[-0.019 0.126 0.057]
		[0.083 -0.036 0.107]
		[-0.549 0.128 1.248]
		[0.108 0.053 -0.072]
		[-0.025 0.127 0.054]
		[0.086 -0.029 0.107]
		[-0.554 0.090 1.266]
		[0.104 0.057 -0.074]
		[-0.031 0.126 0.053]
		[0.088 -0.023 0.106]
		[-0.558 0.062 1.286]
		[0.101 0.061 -0.075]
		[-0.034 0.124 0.054]
		[0.090 -0.021 0.105]
		[-0.563 0.042 1.307]
		[0.098 0.064 -0.076]
		[-0.037 0.123 0.056]
		[0.092 -0.019 0.103]
		[-0.568 0.030 1.327]
		[0.096 0.068 -0.076]
		[-0.038 0.121 0.059]
		[0.094 -0.020 0.102]
		[-0.573 0.025 1.346]
		[0.095 0.070 -0.076]
		[-0.038 0.119 0.063]
		[0.096 -0.022 0.100]
		[-0.579 0.028 1.361]
		[0.094 0.072 -0.075]
		[-0.037 0.118 0.066]
		[0.097 -0.025 0.098]
		[-0.584 0.037 1.371]
		[0.095 0.073 -0.073]
		[-0.035 0.116 0.070]
		[0.097 -0.029 0.097]
		[-0.587 0.052 1.375]
		[0.097 0.072 -0.071]
		[-0.031 0.114 0.074]
		[0.096 -0.035 0.095]
		[-0.589 0.078 1.373]
		[0.100 0.071 -0.068]
		[-0.026 0.112 0.079]
		[0.095 -0.044 0.093]
		[-0.588 0.116 1.367]
		[0.104 0.069 -0.063]
		[-0.020 0.109 0.086]
		[0.091 -0.055 0.091]
		[-0.585 0.164 1.360]
		[0.109 0.065 -0.059]
		[-0.013 0.105 0.092]
		[0.087 -0.066 0.088]
		[-0.576 0.220 1.352]
		[0.114 0.060 -0.054]
		[-0.006 0.099 0.099]
		[0.080 -0.079 0.083]
		[-0.561 0.280 1.345]
		[0.120 0.054 -0.048]
		[0.001 0.092 0.106]
		[0.073 -0.091 0.078]
		[-0.539 0.342 1.339]
		[0.125 0.047 -0.043]
		[0.007 0.084 0.112]
		[0.063 -0.102 0.072]
		[-0.511 0.403 1.337]
		[0.129 0.040 -0.037]
		[0.011 0.075 0.118]
		[0.053 -0.111 0.066]
		[-0.478 0.459 1.338]
		[0.132 0.032 -0.032]
		[0.014 0.066 0.123]
		[0.043 -0.119 0.059]
		[-0.443 0.509 1.342]]
}