{ :name "Walk" :length 0.6666667 :bones { 
	"Armature" [
		[0 [100.000 0.000 0.000 0.000 0.000 0.000 -100.000 0.000 0.000 100.000 0.000 0.000 0.000 1.200 0.000 1.000]]
	]
	"Skelet" [
		[0 [1.000 0.000 0.000 0.000 0.000 0.000 1.000 0.000 0.000 -1.000 0.000 0.000 0.000 0.000 0.000 1.000]]
		[0.025 [1.000 0.000 0.000 0.000 0.000 0.000 1.000 0.000 0.000 -1.000 0.000 0.000 0.000 0.000 0.000 1.000]]
		[0.05 [1.000 0.000 0.000 0.000 0.000 0.000 1.000 0.000 0.000 -1.000 0.000 0.000 0.000 0.000 0.000 1.000]]
		[0.075 [1.000 0.000 0.000 0.000 0.000 0.000 1.000 0.000 0.000 -1.000 0.000 0.000 0.000 0.000 0.001 1.000]]
		[0.1 [1.000 0.000 0.000 0.000 0.000 0.000 1.000 0.000 0.000 -1.000 0.000 0.000 0.000 0.000 0.001 1.000]]
		[0.125 [1.000 0.000 0.000 0.000 0.000 0.000 1.000 0.000 0.000 -1.000 0.000 0.000 0.000 0.000 0.001 1.000]]
		[0.15 [1.000 0.000 0.000 0.000 0.000 0.000 1.000 0.000 0.000 -1.000 0.000 0.000 0.000 0.000 0.001 1.000]]
		[0.175 [1.000 0.000 0.000 0.000 0.000 0.000 1.000 0.000 0.000 -1.000 0.000 0.000 0.000 0.000 0.001 1.000]]
		[0.2 [1.000 0.000 0.000 0.000 0.000 0.000 1.000 0.000 0.000 -1.000 0.000 0.000 0.000 0.000 0.001 1.000]]
		[0.225 [1.000 0.000 0.000 0.000 0.000 0.000 1.000 0.000 0.000 -1.000 0.000 0.000 0.000 0.000 0.001 1.000]]
		[0.25 [1.000 0.000 0.000 0.000 0.000 0.000 1.000 0.000 0.000 -1.000 0.000 0.000 0.000 0.000 0.001 1.000]]
		[0.275 [1.000 0.000 0.000 0.000 0.000 0.000 1.000 0.000 0.000 -1.000 0.000 0.000 0.000 0.000 0.000 1.000]]
		[0.3 [1.000 0.000 0.000 0.000 0.000 0.000 1.000 0.000 0.000 -1.000 0.000 0.000 0.000 0.000 0.000 1.000]]
		[0.325 [1.000 0.000 0.000 0.000 0.000 0.000 1.000 0.000 0.000 -1.000 0.000 0.000 0.000 0.000 0.000 1.000]]
		[0.35 [1.000 0.000 0.000 0.000 0.000 0.000 1.000 0.000 0.000 -1.000 0.000 0.000 0.000 0.000 0.000 1.000]]
		[0.375 [1.000 0.000 0.000 0.000 0.000 0.000 1.000 0.000 0.000 -1.000 0.000 0.000 0.000 0.000 0.000 1.000]]
		[0.4 [1.000 0.000 0.000 0.000 0.000 0.000 1.000 0.000 0.000 -1.000 0.000 0.000 0.000 0.000 0.000 1.000]]
		[0.425 [1.000 0.000 0.000 0.000 0.000 0.000 1.000 0.000 0.000 -1.000 0.000 0.000 0.000 0.000 0.001 1.000]]
		[0.45 [1.000 0.000 0.000 0.000 0.000 0.000 1.000 0.000 0.000 -1.000 0.000 0.000 0.000 0.000 0.001 1.000]]
		[0.475 [1.000 0.000 0.000 0.000 0.000 0.000 1.000 0.000 0.000 -1.000 0.000 0.000 0.000 0.000 0.001 1.000]]
		[0.5 [1.000 0.000 0.000 0.000 0.000 0.000 1.000 0.000 0.000 -1.000 0.000 0.000 0.000 0.000 0.001 1.000]]
		[0.525 [1.000 0.000 0.000 0.000 0.000 0.000 1.000 0.000 0.000 -1.000 0.000 0.000 0.000 0.000 0.001 1.000]]
		[0.55 [1.000 0.000 0.000 0.000 0.000 0.000 1.000 0.000 0.000 -1.000 0.000 0.000 0.000 0.000 0.001 1.000]]
		[0.575 [1.000 0.000 0.000 0.000 0.000 0.000 1.000 0.000 0.000 -1.000 0.000 0.000 0.000 0.000 0.001 1.000]]
		[0.6 [1.000 0.000 0.000 0.000 0.000 0.000 1.000 0.000 0.000 -1.000 0.000 0.000 0.000 0.000 0.000 1.000]]
		[0.625 [1.000 0.000 0.000 0.000 0.000 0.000 1.000 0.000 0.000 -1.000 0.000 0.000 0.000 0.000 0.000 1.000]]
		[0.65 [1.000 0.000 0.000 0.000 0.000 0.000 1.000 0.000 0.000 -1.000 0.000 0.000 0.000 0.000 0.000 1.000]]
		[0.675 [1.000 0.000 0.000 0.000 0.000 0.000 1.000 0.000 0.000 -1.000 0.000 0.000 0.000 0.000 0.000 1.000]]
		[0.7 [1.000 0.000 0.000 0.000 0.000 0.000 1.000 0.000 0.000 -1.000 0.000 0.000 0.000 0.000 0.000 1.000]]
		[0.725 [1.000 0.000 0.000 0.000 0.000 0.000 1.000 0.000 0.000 -1.000 0.000 0.000 0.000 0.000 0.000 1.000]]
		[0.75 [1.000 0.000 0.000 0.000 0.000 0.000 1.000 0.000 0.000 -1.000 0.000 0.000 0.000 0.000 0.000 1.000]]
		[0.775 [1.000 0.000 0.000 0.000 0.000 0.000 1.000 0.000 0.000 -1.000 0.000 0.000 0.000 0.000 0.000 1.000]]
		[0.8 [1.000 0.000 0.000 0.000 0.000 0.000 1.000 0.000 0.000 -1.000 0.000 0.000 0.000 0.000 0.000 1.000]]
		[0.825 [1.000 0.000 0.000 0.000 0.000 0.000 1.000 0.000 0.000 -1.000 0.000 0.000 0.000 0.000 0.000 1.000]]
		[0.85 [1.000 0.000 0.000 0.000 0.000 0.000 1.000 0.000 0.000 -1.000 0.000 0.000 0.000 0.000 0.000 1.000]]
		[0.875 [1.000 0.000 0.000 0.000 0.000 0.000 1.000 0.000 0.000 -1.000 0.000 0.000 0.000 0.000 0.000 1.000]]
		[0.9 [1.000 0.000 0.000 0.000 0.000 0.000 1.000 0.000 0.000 -1.000 0.000 0.000 0.000 0.000 0.000 1.000]]
		[0.925 [1.000 0.000 0.000 0.000 0.000 0.000 1.000 0.000 0.000 -1.000 0.000 0.000 0.000 0.000 0.000 1.000]]
		[0.95 [1.000 0.000 0.000 0.000 0.000 0.000 1.000 0.000 0.000 -1.000 0.000 0.000 0.000 0.000 0.000 1.000]]
		[0.975 [1.000 0.000 0.000 0.000 0.000 0.000 1.000 0.000 0.000 -1.000 0.000 0.000 0.000 0.000 0.000 1.000]]
	]
	"Bedro_L" [
		[0 [0.000 -0.342 0.940 0.000 0.000 -0.940 -0.342 0.000 1.000 0.000 0.000 0.000 0.001 0.000 0.000 1.000]]
		[0.025 [0.000 -0.397 0.918 0.000 0.000 -0.918 -0.397 0.000 1.000 0.000 0.000 0.000 0.001 0.000 0.000 1.000]]
		[0.05 [0.000 -0.458 0.889 0.000 0.000 -0.889 -0.458 0.000 1.000 0.000 0.000 0.000 0.001 0.000 0.000 1.000]]
		[0.075 [0.000 -0.518 0.855 0.000 0.000 -0.855 -0.518 0.000 1.000 0.000 0.000 0.000 0.001 0.000 0.000 1.000]]
		[0.1 [0.000 -0.572 0.820 0.000 0.000 -0.820 -0.572 0.000 1.000 0.000 0.000 0.000 0.001 0.000 0.000 1.000]]
		[0.125 [0.000 -0.613 0.790 0.000 0.000 -0.790 -0.613 0.000 1.000 0.000 0.000 0.000 0.001 0.000 0.000 1.000]]
		[0.15 [0.000 -0.638 0.770 0.000 0.000 -0.770 -0.638 0.000 1.000 0.000 0.000 0.000 0.001 0.000 0.000 1.000]]
		[0.175 [0.000 -0.643 0.766 0.000 0.000 -0.766 -0.643 0.000 1.000 0.000 0.000 0.000 0.001 0.000 0.000 1.000]]
		[0.2 [0.000 -0.634 0.773 0.000 0.000 -0.773 -0.634 0.000 1.000 0.000 0.000 0.000 0.001 0.000 0.000 1.000]]
		[0.225 [0.000 -0.596 0.803 0.000 0.000 -0.803 -0.596 0.000 1.000 0.000 0.000 0.000 0.001 0.000 0.000 1.000]]
		[0.25 [0.000 -0.500 0.866 0.000 0.000 -0.866 -0.500 0.000 1.000 0.000 0.000 0.000 0.001 0.000 0.000 1.000]]
		[0.275 [0.000 -0.287 0.958 0.000 0.000 -0.958 -0.287 0.000 1.000 0.000 0.000 0.000 0.001 0.000 0.000 1.000]]
		[0.3 [0.000 0.017 1.000 0.000 0.000 -1.000 0.017 0.000 1.000 0.000 0.000 0.000 0.001 0.000 0.000 1.000]]
		[0.325 [0.000 0.281 0.960 0.000 0.000 -0.960 0.281 0.000 1.000 0.000 0.000 0.000 0.001 0.000 0.000 1.000]]
		[0.35 [0.000 0.432 0.902 0.000 0.000 -0.902 0.432 0.000 1.000 0.000 0.000 0.000 0.001 0.000 0.000 1.000]]
		[0.375 [0.000 0.537 0.843 0.000 0.000 -0.843 0.537 0.000 1.000 0.000 0.000 0.000 0.001 0.000 0.000 1.000]]
		[0.4 [0.000 0.610 0.792 0.000 0.000 -0.792 0.610 0.000 1.000 0.000 0.000 0.000 0.001 0.000 0.000 1.000]]
		[0.425 [0.000 0.655 0.756 0.000 0.000 -0.756 0.655 0.000 1.000 0.000 0.000 0.000 0.001 0.000 0.000 1.000]]
		[0.45 [0.000 0.674 0.738 0.000 0.000 -0.738 0.674 0.000 1.000 0.000 0.000 0.000 0.001 0.000 0.000 1.000]]
		[0.475 [0.000 0.670 0.742 0.000 0.000 -0.742 0.670 0.000 1.000 0.000 0.000 0.000 0.001 0.000 0.000 1.000]]
		[0.5 [0.000 0.643 0.766 0.000 0.000 -0.766 0.643 0.000 1.000 0.000 0.000 0.000 0.001 0.000 0.000 1.000]]
		[0.525 [0.000 0.578 0.816 0.000 0.000 -0.816 0.578 0.000 1.000 0.000 0.000 0.000 0.001 0.000 0.000 1.000]]
		[0.55 [0.000 0.468 0.884 0.000 0.000 -0.884 0.468 0.000 1.000 0.000 0.000 0.000 0.001 0.000 0.000 1.000]]
		[0.575 [0.000 0.316 0.949 0.000 0.000 -0.949 0.316 0.000 1.000 0.000 0.000 0.000 0.001 0.000 0.000 1.000]]
		[0.6 [0.000 0.136 0.991 0.000 0.000 -0.991 0.136 0.000 1.000 0.000 0.000 0.000 0.001 0.000 0.000 1.000]]
		[0.625 [0.000 -0.055 0.999 0.000 0.000 -0.999 -0.055 0.000 1.000 0.000 0.000 0.000 0.001 0.000 0.000 1.000]]
		[0.65 [0.000 -0.236 0.972 0.000 0.000 -0.972 -0.236 0.000 1.000 0.000 0.000 0.000 0.001 0.000 0.000 1.000]]
		[0.675 [0.000 -0.342 0.940 0.000 0.000 -0.940 -0.342 0.000 1.000 0.000 0.000 0.000 0.001 0.000 0.000 1.000]]
		[0.7 [0.000 -0.342 0.940 0.000 0.000 -0.940 -0.342 0.000 1.000 0.000 0.000 0.000 0.001 0.000 0.000 1.000]]
		[0.725 [0.000 -0.342 0.940 0.000 0.000 -0.940 -0.342 0.000 1.000 0.000 0.000 0.000 0.001 0.000 0.000 1.000]]
		[0.75 [0.000 -0.342 0.940 0.000 0.000 -0.940 -0.342 0.000 1.000 0.000 0.000 0.000 0.001 0.000 0.000 1.000]]
		[0.775 [0.000 -0.342 0.940 0.000 0.000 -0.940 -0.342 0.000 1.000 0.000 0.000 0.000 0.001 0.000 0.000 1.000]]
		[0.8 [0.000 -0.342 0.940 0.000 0.000 -0.940 -0.342 0.000 1.000 0.000 0.000 0.000 0.001 0.000 0.000 1.000]]
		[0.825 [0.000 -0.342 0.940 0.000 0.000 -0.940 -0.342 0.000 1.000 0.000 0.000 0.000 0.001 0.000 0.000 1.000]]
		[0.85 [0.000 -0.342 0.940 0.000 0.000 -0.940 -0.342 0.000 1.000 0.000 0.000 0.000 0.001 0.000 0.000 1.000]]
		[0.875 [0.000 -0.342 0.940 0.000 0.000 -0.940 -0.342 0.000 1.000 0.000 0.000 0.000 0.001 0.000 0.000 1.000]]
		[0.9 [0.000 -0.342 0.940 0.000 0.000 -0.940 -0.342 0.000 1.000 0.000 0.000 0.000 0.001 0.000 0.000 1.000]]
		[0.925 [0.000 -0.342 0.940 0.000 0.000 -0.940 -0.342 0.000 1.000 0.000 0.000 0.000 0.001 0.000 0.000 1.000]]
		[0.95 [0.000 -0.342 0.940 0.000 0.000 -0.940 -0.342 0.000 1.000 0.000 0.000 0.000 0.001 0.000 0.000 1.000]]
		[0.975 [0.000 -0.342 0.940 0.000 0.000 -0.940 -0.342 0.000 1.000 0.000 0.000 0.000 0.001 0.000 0.000 1.000]]
	]
	"Koleno_L" [
		[0 [0.174 0.985 0.000 0.000 0.985 -0.174 0.000 0.000 0.000 0.000 -1.000 0.000 0.000 0.005 0.000 1.000]]
		[0.025 [0.318 0.948 0.000 0.000 0.948 -0.318 0.000 0.000 0.000 0.000 -1.000 0.000 0.000 0.005 0.000 1.000]]
		[0.05 [0.466 0.885 0.000 0.000 0.885 -0.466 0.000 0.000 0.000 0.000 -1.000 0.000 0.000 0.005 0.000 1.000]]
		[0.075 [0.518 0.855 0.000 0.000 0.855 -0.518 0.000 0.000 0.000 0.000 -1.000 0.000 0.000 0.005 0.000 1.000]]
		[0.1 [0.390 0.921 0.000 0.000 0.921 -0.390 0.000 0.000 0.000 0.000 -1.000 0.000 0.000 0.005 0.000 1.000]]
		[0.125 [0.076 0.997 0.000 0.000 0.997 -0.076 0.000 0.000 0.000 0.000 -1.000 0.000 0.000 0.005 0.000 1.000]]
		[0.15 [-0.298 0.954 0.000 0.000 0.954 0.298 0.000 0.000 0.000 0.000 -1.000 0.000 0.000 0.005 0.000 1.000]]
		[0.175 [-0.584 0.812 0.000 0.000 0.812 0.584 0.000 0.000 0.000 0.000 -1.000 0.000 0.000 0.005 0.000 1.000]]
		[0.2 [-0.795 0.607 0.000 0.000 0.607 0.795 0.000 0.000 0.000 0.000 -1.000 0.000 0.000 0.005 0.000 1.000]]
		[0.225 [-0.929 0.371 0.000 0.000 0.371 0.929 0.000 0.000 0.000 0.000 -1.000 0.000 0.000 0.005 0.000 1.000]]
		[0.25 [-0.985 0.174 0.000 0.000 0.174 0.985 0.000 0.000 0.000 0.000 -1.000 0.000 0.000 0.005 0.000 1.000]]
		[0.275 [-0.998 0.060 0.000 0.000 0.060 0.998 0.000 0.000 0.000 0.000 -1.000 0.000 0.000 0.005 0.000 1.000]]
		[0.3 [-1.000 0.011 0.000 0.000 0.011 1.000 0.000 0.000 0.000 0.000 -1.000 0.000 0.000 0.005 0.000 1.000]]
		[0.325 [-1.000 0.000 0.000 0.000 0.000 1.000 0.000 0.000 0.000 0.000 -1.000 0.000 0.000 0.005 0.000 1.000]]
		[0.35 [-1.000 0.001 0.000 0.000 0.001 1.000 0.000 0.000 0.000 0.000 -1.000 0.000 0.000 0.005 0.000 1.000]]
		[0.375 [-1.000 0.022 0.000 0.000 0.022 1.000 0.000 0.000 0.000 0.000 -1.000 0.000 0.000 0.005 0.000 1.000]]
		[0.4 [-0.996 0.089 0.000 0.000 0.089 0.996 0.000 0.000 0.000 0.000 -1.000 0.000 0.000 0.005 0.000 1.000]]
		[0.425 [-0.972 0.234 0.000 0.000 0.234 0.972 0.000 0.000 0.000 0.000 -1.000 0.000 0.000 0.005 0.000 1.000]]
		[0.45 [-0.882 0.471 0.000 0.000 0.471 0.882 0.000 0.000 0.000 0.000 -1.000 0.000 0.000 0.005 0.000 1.000]]
		[0.475 [-0.705 0.710 0.000 0.000 0.710 0.705 0.000 0.000 0.000 0.000 -1.000 0.000 0.000 0.005 0.000 1.000]]
		[0.5 [-0.500 0.866 0.000 0.000 0.866 0.500 0.000 0.000 0.000 0.000 -1.000 0.000 0.000 0.005 0.000 1.000]]
		[0.525 [-0.303 0.953 0.000 0.000 0.953 0.303 0.000 0.000 0.000 0.000 -1.000 0.000 0.000 0.005 0.000 1.000]]
		[0.55 [-0.117 0.993 0.000 0.000 0.993 0.117 0.000 0.000 0.000 0.000 -1.000 0.000 0.000 0.005 0.000 1.000]]
		[0.575 [-0.008 1.000 0.000 0.000 1.000 0.008 0.000 0.000 0.000 0.000 -1.000 0.000 0.000 0.005 0.000 1.000]]
		[0.6 [-0.038 0.999 0.000 0.000 0.999 0.038 0.000 0.000 0.000 0.000 -1.000 0.000 0.000 0.005 0.000 1.000]]
		[0.625 [-0.195 0.981 0.000 0.000 0.981 0.195 0.000 0.000 0.000 0.000 -1.000 0.000 0.000 0.005 0.000 1.000]]
		[0.65 [-0.391 0.920 0.000 0.000 0.920 0.391 0.000 0.000 0.000 0.000 -1.000 0.000 0.000 0.005 0.000 1.000]]
		[0.675 [-0.500 0.866 0.000 0.000 0.866 0.500 0.000 0.000 0.000 0.000 -1.000 0.000 0.000 0.005 0.000 1.000]]
		[0.7 [-0.500 0.866 0.000 0.000 0.866 0.500 0.000 0.000 0.000 0.000 -1.000 0.000 0.000 0.005 0.000 1.000]]
		[0.725 [-0.500 0.866 0.000 0.000 0.866 0.500 0.000 0.000 0.000 0.000 -1.000 0.000 0.000 0.005 0.000 1.000]]
		[0.75 [-0.500 0.866 0.000 0.000 0.866 0.500 0.000 0.000 0.000 0.000 -1.000 0.000 0.000 0.005 0.000 1.000]]
		[0.775 [-0.500 0.866 0.000 0.000 0.866 0.500 0.000 0.000 0.000 0.000 -1.000 0.000 0.000 0.005 0.000 1.000]]
		[0.8 [-0.500 0.866 0.000 0.000 0.866 0.500 0.000 0.000 0.000 0.000 -1.000 0.000 0.000 0.005 0.000 1.000]]
		[0.825 [-0.500 0.866 0.000 0.000 0.866 0.500 0.000 0.000 0.000 0.000 -1.000 0.000 0.000 0.005 0.000 1.000]]
		[0.85 [-0.500 0.866 0.000 0.000 0.866 0.500 0.000 0.000 0.000 0.000 -1.000 0.000 0.000 0.005 0.000 1.000]]
		[0.875 [-0.500 0.866 0.000 0.000 0.866 0.500 0.000 0.000 0.000 0.000 -1.000 0.000 0.000 0.005 0.000 1.000]]
		[0.9 [-0.500 0.866 0.000 0.000 0.866 0.500 0.000 0.000 0.000 0.000 -1.000 0.000 0.000 0.005 0.000 1.000]]
		[0.925 [-0.500 0.866 0.000 0.000 0.866 0.500 0.000 0.000 0.000 0.000 -1.000 0.000 0.000 0.005 0.000 1.000]]
		[0.95 [-0.500 0.866 0.000 0.000 0.866 0.500 0.000 0.000 0.000 0.000 -1.000 0.000 0.000 0.005 0.000 1.000]]
		[0.975 [-0.500 0.866 0.000 0.000 0.866 0.500 0.000 0.000 0.000 0.000 -1.000 0.000 0.000 0.005 0.000 1.000]]
	]
	"Koleno_L_end" [
		[0 [1.000 0.000 0.000 0.000 0.000 1.000 0.000 0.000 0.000 0.000 1.000 0.000 0.000 0.006 0.000 1.000]]
	]
	"Koleno_L_end_end" [
		[0 [1.000 0.000 0.000 0.000 0.000 1.000 0.000 0.000 0.000 0.000 1.000 0.000 0.000 0.006 0.000 1.000]]
	]
	"Bedro_P" [
		[0 [0.000 0.342 0.940 0.000 0.000 -0.940 0.342 0.000 1.000 0.000 0.000 0.000 -0.001 0.000 0.000 1.000]]
		[0.025 [0.000 0.403 0.915 0.000 0.000 -0.915 0.403 0.000 1.000 0.000 0.000 0.000 -0.001 0.000 0.000 1.000]]
		[0.05 [0.000 0.477 0.879 0.000 0.000 -0.879 0.477 0.000 1.000 0.000 0.000 0.000 -0.001 0.000 0.000 1.000]]
		[0.075 [0.000 0.551 0.834 0.000 0.000 -0.834 0.551 0.000 1.000 0.000 0.000 0.000 -0.001 0.000 0.000 1.000]]
		[0.1 [0.000 0.612 0.791 0.000 0.000 -0.791 0.612 0.000 1.000 0.000 0.000 0.000 -0.001 0.000 0.000 1.000]]
		[0.125 [0.000 0.651 0.759 0.000 0.000 -0.759 0.651 0.000 1.000 0.000 0.000 0.000 -0.001 0.000 0.000 1.000]]
		[0.15 [0.000 0.659 0.752 0.000 0.000 -0.752 0.659 0.000 1.000 0.000 0.000 0.000 -0.001 0.000 0.000 1.000]]
		[0.175 [0.000 0.626 0.780 0.000 0.000 -0.780 0.626 0.000 1.000 0.000 0.000 0.000 -0.001 0.000 0.000 1.000]]
		[0.2 [0.000 0.537 0.844 0.000 0.000 -0.844 0.537 0.000 1.000 0.000 0.000 0.000 -0.001 0.000 0.000 1.000]]
		[0.225 [0.000 0.396 0.918 0.000 0.000 -0.918 0.396 0.000 1.000 0.000 0.000 0.000 -0.001 0.000 0.000 1.000]]
		[0.25 [0.000 0.216 0.976 0.000 0.000 -0.976 0.216 0.000 1.000 0.000 0.000 0.000 -0.001 0.000 0.000 1.000]]
		[0.275 [0.000 0.021 1.000 0.000 0.000 -1.000 0.021 0.000 1.000 0.000 0.000 0.000 -0.001 0.000 0.000 1.000]]
		[0.3 [0.000 -0.161 0.987 0.000 0.000 -0.987 -0.161 0.000 1.000 0.000 0.000 0.000 -0.001 0.000 0.000 1.000]]
		[0.325 [0.000 -0.305 0.952 0.000 0.000 -0.952 -0.305 0.000 1.000 0.000 0.000 0.000 -0.001 0.000 0.000 1.000]]
		[0.35 [0.000 -0.404 0.915 0.000 0.000 -0.915 -0.404 0.000 1.000 0.000 0.000 0.000 -0.001 0.000 0.000 1.000]]
		[0.375 [0.000 -0.481 0.877 0.000 0.000 -0.877 -0.481 0.000 1.000 0.000 0.000 0.000 -0.001 0.000 0.000 1.000]]
		[0.4 [0.000 -0.542 0.841 0.000 0.000 -0.841 -0.542 0.000 1.000 0.000 0.000 0.000 -0.001 0.000 0.000 1.000]]
		[0.425 [0.000 -0.587 0.810 0.000 0.000 -0.810 -0.587 0.000 1.000 0.000 0.000 0.000 -0.001 0.000 0.000 1.000]]
		[0.45 [0.000 -0.618 0.786 0.000 0.000 -0.786 -0.618 0.000 1.000 0.000 0.000 0.000 -0.001 0.000 0.000 1.000]]
		[0.475 [0.000 -0.637 0.771 0.000 0.000 -0.771 -0.637 0.000 1.000 0.000 0.000 0.000 -0.001 0.000 0.000 1.000]]
		[0.5 [0.000 -0.643 0.766 0.000 0.000 -0.766 -0.643 0.000 1.000 0.000 0.000 0.000 -0.001 0.000 0.000 1.000]]
		[0.525 [0.000 -0.639 0.769 0.000 0.000 -0.769 -0.639 0.000 1.000 0.000 0.000 0.000 -0.001 0.000 0.000 1.000]]
		[0.55 [0.000 -0.613 0.790 0.000 0.000 -0.790 -0.613 0.000 1.000 0.000 0.000 0.000 -0.001 0.000 0.000 1.000]]
		[0.575 [0.000 -0.541 0.841 0.000 0.000 -0.841 -0.541 0.000 1.000 0.000 0.000 0.000 -0.001 0.000 0.000 1.000]]
		[0.6 [0.000 -0.384 0.923 0.000 0.000 -0.923 -0.384 0.000 1.000 0.000 0.000 0.000 -0.001 0.000 0.000 1.000]]
		[0.625 [0.000 -0.131 0.991 0.000 0.000 -0.991 -0.131 0.000 1.000 0.000 0.000 0.000 -0.001 0.000 0.000 1.000]]
		[0.65 [0.000 0.163 0.987 0.000 0.000 -0.987 0.163 0.000 1.000 0.000 0.000 0.000 -0.001 0.000 0.000 1.000]]
		[0.675 [0.000 0.342 0.940 0.000 0.000 -0.940 0.342 0.000 1.000 0.000 0.000 0.000 -0.001 0.000 0.000 1.000]]
		[0.7 [0.000 0.342 0.940 0.000 0.000 -0.940 0.342 0.000 1.000 0.000 0.000 0.000 -0.001 0.000 0.000 1.000]]
		[0.725 [0.000 0.342 0.940 0.000 0.000 -0.940 0.342 0.000 1.000 0.000 0.000 0.000 -0.001 0.000 0.000 1.000]]
		[0.75 [0.000 0.342 0.940 0.000 0.000 -0.940 0.342 0.000 1.000 0.000 0.000 0.000 -0.001 0.000 0.000 1.000]]
		[0.775 [0.000 0.342 0.940 0.000 0.000 -0.940 0.342 0.000 1.000 0.000 0.000 0.000 -0.001 0.000 0.000 1.000]]
		[0.8 [0.000 0.342 0.940 0.000 0.000 -0.940 0.342 0.000 1.000 0.000 0.000 0.000 -0.001 0.000 0.000 1.000]]
		[0.825 [0.000 0.342 0.940 0.000 0.000 -0.940 0.342 0.000 1.000 0.000 0.000 0.000 -0.001 0.000 0.000 1.000]]
		[0.85 [0.000 0.342 0.940 0.000 0.000 -0.940 0.342 0.000 1.000 0.000 0.000 0.000 -0.001 0.000 0.000 1.000]]
		[0.875 [0.000 0.342 0.940 0.000 0.000 -0.940 0.342 0.000 1.000 0.000 0.000 0.000 -0.001 0.000 0.000 1.000]]
		[0.9 [0.000 0.342 0.940 0.000 0.000 -0.940 0.342 0.000 1.000 0.000 0.000 0.000 -0.001 0.000 0.000 1.000]]
		[0.925 [0.000 0.342 0.940 0.000 0.000 -0.940 0.342 0.000 1.000 0.000 0.000 0.000 -0.001 0.000 0.000 1.000]]
		[0.95 [0.000 0.342 0.940 0.000 0.000 -0.940 0.342 0.000 1.000 0.000 0.000 0.000 -0.001 0.000 0.000 1.000]]
		[0.975 [0.000 0.342 0.940 0.000 0.000 -0.940 0.342 0.000 1.000 0.000 0.000 0.000 -0.001 0.000 0.000 1.000]]
	]
	"Koleno_P" [
		[0 [-1.000 0.000 0.000 0.000 0.000 1.000 0.000 0.000 0.000 0.000 -1.000 0.000 0.000 0.005 0.000 1.000]]
		[0.025 [-1.000 0.030 0.000 0.000 0.030 1.000 0.000 0.000 0.000 0.000 -1.000 0.000 0.000 0.005 0.000 1.000]]
		[0.05 [-0.999 0.054 0.000 0.000 0.054 0.999 0.000 0.000 0.000 0.000 -1.000 0.000 0.000 0.005 0.000 1.000]]
		[0.075 [-0.992 0.128 0.000 0.000 0.128 0.992 0.000 0.000 0.000 0.000 -1.000 0.000 0.000 0.005 0.000 1.000]]
		[0.1 [-0.952 0.305 0.000 0.000 0.305 0.952 0.000 0.000 0.000 0.000 -1.000 0.000 0.000 0.005 0.000 1.000]]
		[0.125 [-0.831 0.556 0.000 0.000 0.556 0.831 0.000 0.000 0.000 0.000 -1.000 0.000 0.000 0.005 0.000 1.000]]
		[0.15 [-0.634 0.773 0.000 0.000 0.773 0.634 0.000 0.000 0.000 0.000 -1.000 0.000 0.000 0.005 0.000 1.000]]
		[0.175 [-0.439 0.898 0.000 0.000 0.898 0.439 0.000 0.000 0.000 0.000 -1.000 0.000 0.000 0.005 0.000 1.000]]
		[0.2 [-0.269 0.963 0.000 0.000 0.963 0.269 0.000 0.000 0.000 0.000 -1.000 0.000 0.000 0.005 0.000 1.000]]
		[0.225 [-0.120 0.993 0.000 0.000 0.993 0.120 0.000 0.000 0.000 0.000 -1.000 0.000 0.000 0.005 0.000 1.000]]
		[0.25 [0.000 1.000 0.000 0.000 1.000 0.000 0.000 0.000 0.000 0.000 -1.000 0.000 0.000 0.005 0.000 1.000]]
		[0.275 [0.072 0.997 0.000 0.000 0.997 -0.072 0.000 0.000 0.000 0.000 -1.000 0.000 0.000 0.005 0.000 1.000]]
		[0.3 [0.109 0.994 0.000 0.000 0.994 -0.109 0.000 0.000 0.000 0.000 -1.000 0.000 0.000 0.005 0.000 1.000]]
		[0.325 [0.150 0.989 0.000 0.000 0.989 -0.150 0.000 0.000 0.000 0.000 -1.000 0.000 0.000 0.005 0.000 1.000]]
		[0.35 [0.253 0.968 0.000 0.000 0.968 -0.253 0.000 0.000 0.000 0.000 -1.000 0.000 0.000 0.005 0.000 1.000]]
		[0.375 [0.413 0.911 0.000 0.000 0.911 -0.413 0.000 0.000 0.000 0.000 -1.000 0.000 0.000 0.005 0.000 1.000]]
		[0.4 [0.514 0.858 0.000 0.000 0.858 -0.514 0.000 0.000 0.000 0.000 -1.000 0.000 0.000 0.005 0.000 1.000]]
		[0.425 [0.456 0.890 0.000 0.000 0.890 -0.456 0.000 0.000 0.000 0.000 -1.000 0.000 0.000 0.005 0.000 1.000]]
		[0.45 [0.196 0.981 0.000 0.000 0.981 -0.196 0.000 0.000 0.000 0.000 -1.000 0.000 0.000 0.005 0.000 1.000]]
		[0.475 [-0.177 0.984 0.000 0.000 0.984 0.177 0.000 0.000 0.000 0.000 -1.000 0.000 0.000 0.005 0.000 1.000]]
		[0.5 [-0.500 0.866 0.000 0.000 0.866 0.500 0.000 0.000 0.000 0.000 -1.000 0.000 0.000 0.005 0.000 1.000]]
		[0.525 [-0.731 0.682 0.000 0.000 0.682 0.731 0.000 0.000 0.000 0.000 -1.000 0.000 0.000 0.005 0.000 1.000]]
		[0.55 [-0.894 0.448 0.000 0.000 0.448 0.894 0.000 0.000 0.000 0.000 -1.000 0.000 0.000 0.005 0.000 1.000]]
		[0.575 [-0.973 0.231 0.000 0.000 0.231 0.973 0.000 0.000 0.000 0.000 -1.000 0.000 0.000 0.005 0.000 1.000]]
		[0.6 [-0.995 0.095 0.000 0.000 0.095 0.995 0.000 0.000 0.000 0.000 -1.000 0.000 0.000 0.005 0.000 1.000]]
		[0.625 [-0.999 0.044 0.000 0.000 0.044 0.999 0.000 0.000 0.000 0.000 -1.000 0.000 0.000 0.005 0.000 1.000]]
		[0.65 [-1.000 0.024 0.000 0.000 0.024 1.000 0.000 0.000 0.000 0.000 -1.000 0.000 0.000 0.005 0.000 1.000]]
		[0.675 [-1.000 0.000 0.000 0.000 0.000 1.000 0.000 0.000 0.000 0.000 -1.000 0.000 0.000 0.005 0.000 1.000]]
		[0.7 [-1.000 0.000 0.000 0.000 0.000 1.000 0.000 0.000 0.000 0.000 -1.000 0.000 0.000 0.005 0.000 1.000]]
		[0.725 [-1.000 0.000 0.000 0.000 0.000 1.000 0.000 0.000 0.000 0.000 -1.000 0.000 0.000 0.005 0.000 1.000]]
		[0.75 [-1.000 0.000 0.000 0.000 0.000 1.000 0.000 0.000 0.000 0.000 -1.000 0.000 0.000 0.005 0.000 1.000]]
		[0.775 [-1.000 0.000 0.000 0.000 0.000 1.000 0.000 0.000 0.000 0.000 -1.000 0.000 0.000 0.005 0.000 1.000]]
		[0.8 [-1.000 0.000 0.000 0.000 0.000 1.000 0.000 0.000 0.000 0.000 -1.000 0.000 0.000 0.005 0.000 1.000]]
		[0.825 [-1.000 0.000 0.000 0.000 0.000 1.000 0.000 0.000 0.000 0.000 -1.000 0.000 0.000 0.005 0.000 1.000]]
		[0.85 [-1.000 0.000 0.000 0.000 0.000 1.000 0.000 0.000 0.000 0.000 -1.000 0.000 0.000 0.005 0.000 1.000]]
		[0.875 [-1.000 0.000 0.000 0.000 0.000 1.000 0.000 0.000 0.000 0.000 -1.000 0.000 0.000 0.005 0.000 1.000]]
		[0.9 [-1.000 0.000 0.000 0.000 0.000 1.000 0.000 0.000 0.000 0.000 -1.000 0.000 0.000 0.005 0.000 1.000]]
		[0.925 [-1.000 0.000 0.000 0.000 0.000 1.000 0.000 0.000 0.000 0.000 -1.000 0.000 0.000 0.005 0.000 1.000]]
		[0.95 [-1.000 0.000 0.000 0.000 0.000 1.000 0.000 0.000 0.000 0.000 -1.000 0.000 0.000 0.005 0.000 1.000]]
		[0.975 [-1.000 0.000 0.000 0.000 0.000 1.000 0.000 0.000 0.000 0.000 -1.000 0.000 0.000 0.005 0.000 1.000]]
	]
	"Koleno_P_end" [
		[0 [1.000 0.000 0.000 0.000 0.000 1.000 0.000 0.000 0.000 0.000 1.000 0.000 0.000 0.006 0.000 1.000]]
	]
	"Koleno_P_end_end" [
		[0 [1.000 0.000 0.000 0.000 0.000 1.000 0.000 0.000 0.000 0.000 1.000 0.000 0.000 0.006 0.000 1.000]]
	]
	"Tors" [
		[0 [1.000 0.000 0.000 0.000 0.000 0.940 -0.342 0.000 0.000 0.342 0.940 0.000 0.000 0.001 0.000 1.000]]
		[0.025 [0.998 0.014 0.054 0.000 0.005 0.940 -0.342 0.000 -0.055 0.342 0.938 0.000 0.000 0.001 0.000 1.000]]
		[0.05 [0.993 0.030 0.116 0.000 0.012 0.939 -0.343 0.000 -0.119 0.342 0.932 0.000 0.000 0.001 0.000 1.000]]
		[0.075 [0.983 0.046 0.178 0.000 0.018 0.939 -0.345 0.000 -0.183 0.342 0.922 0.000 0.000 0.001 0.000 1.000]]
		[0.1 [0.970 0.061 0.235 0.000 0.025 0.938 -0.347 0.000 -0.241 0.342 0.908 0.000 0.000 0.001 0.000 1.000]]
		[0.125 [0.957 0.073 0.280 0.000 0.030 0.937 -0.348 0.000 -0.287 0.342 0.895 0.000 0.000 0.001 0.000 1.000]]
		[0.15 [0.948 0.080 0.307 0.000 0.034 0.936 -0.350 0.000 -0.316 0.342 0.885 0.000 0.000 0.001 0.000 1.000]]
		[0.175 [0.947 0.081 0.311 0.000 0.034 0.936 -0.350 0.000 -0.320 0.342 0.884 0.000 0.000 0.001 0.000 1.000]]
		[0.2 [0.954 0.076 0.291 0.000 0.032 0.937 -0.349 0.000 -0.299 0.342 0.891 0.000 0.000 0.001 0.000 1.000]]
		[0.225 [0.966 0.065 0.251 0.000 0.027 0.937 -0.347 0.000 -0.258 0.342 0.903 0.000 0.000 0.001 0.000 1.000]]
		[0.25 [0.979 0.051 0.198 0.000 0.021 0.938 -0.345 0.000 -0.203 0.342 0.917 0.000 0.000 0.001 0.000 1.000]]
		[0.275 [0.990 0.035 0.137 0.000 0.014 0.939 -0.344 0.000 -0.140 0.342 0.929 0.000 0.000 0.001 0.000 1.000]]
		[0.3 [0.997 0.019 0.074 0.000 0.007 0.940 -0.342 0.000 -0.076 0.342 0.937 0.000 0.000 0.001 0.000 1.000]]
		[0.325 [1.000 0.004 0.017 0.000 0.002 0.940 -0.342 0.000 -0.018 0.342 0.940 0.000 0.000 0.001 0.000 1.000]]
		[0.35 [0.999 -0.009 -0.035 0.000 -0.004 0.940 -0.342 0.000 0.036 0.342 0.939 0.000 0.000 0.001 0.000 1.000]]
		[0.375 [0.995 -0.024 -0.095 0.000 -0.010 0.939 -0.343 0.000 0.097 0.342 0.935 0.000 0.000 0.001 0.000 1.000]]
		[0.4 [0.987 -0.041 -0.158 0.000 -0.016 0.939 -0.344 0.000 0.162 0.342 0.926 0.000 0.000 0.001 0.000 1.000]]
		[0.425 [0.975 -0.056 -0.217 0.000 -0.023 0.938 -0.346 0.000 0.223 0.342 0.913 0.000 0.000 0.001 0.000 1.000]]
		[0.45 [0.961 -0.069 -0.266 0.000 -0.029 0.937 -0.348 0.000 0.274 0.342 0.899 0.000 0.000 0.001 0.000 1.000]]
		[0.475 [0.951 -0.078 -0.300 0.000 -0.033 0.936 -0.349 0.000 0.309 0.342 0.888 0.000 0.000 0.001 0.000 1.000]]
		[0.5 [0.946 -0.082 -0.313 0.000 -0.035 0.936 -0.350 0.000 0.321 0.342 0.883 0.000 0.000 0.001 0.000 1.000]]
		[0.525 [0.951 -0.078 -0.300 0.000 -0.033 0.936 -0.349 0.000 0.309 0.342 0.888 0.000 0.000 0.001 0.000 1.000]]
		[0.55 [0.961 -0.069 -0.266 0.000 -0.029 0.937 -0.348 0.000 0.274 0.342 0.899 0.000 0.000 0.001 0.000 1.000]]
		[0.575 [0.975 -0.056 -0.217 0.000 -0.023 0.938 -0.346 0.000 0.223 0.342 0.913 0.000 0.000 0.001 0.000 1.000]]
		[0.6 [0.987 -0.041 -0.158 0.000 -0.016 0.939 -0.344 0.000 0.162 0.342 0.926 0.000 0.000 0.001 0.000 1.000]]
		[0.625 [0.995 -0.024 -0.095 0.000 -0.010 0.939 -0.343 0.000 0.097 0.342 0.935 0.000 0.000 0.001 0.000 1.000]]
		[0.65 [0.999 -0.009 -0.035 0.000 -0.004 0.940 -0.342 0.000 0.036 0.342 0.939 0.000 0.000 0.001 0.000 1.000]]
		[0.675 [1.000 0.000 0.000 0.000 0.000 0.940 -0.342 0.000 0.000 0.342 0.940 0.000 0.000 0.001 0.000 1.000]]
		[0.7 [1.000 0.000 0.000 0.000 0.000 0.940 -0.342 0.000 0.000 0.342 0.940 0.000 0.000 0.001 0.000 1.000]]
		[0.725 [1.000 0.000 0.000 0.000 0.000 0.940 -0.342 0.000 0.000 0.342 0.940 0.000 0.000 0.001 0.000 1.000]]
		[0.75 [1.000 0.000 0.000 0.000 0.000 0.940 -0.342 0.000 0.000 0.342 0.940 0.000 0.000 0.001 0.000 1.000]]
		[0.775 [1.000 0.000 0.000 0.000 0.000 0.940 -0.342 0.000 0.000 0.342 0.940 0.000 0.000 0.001 0.000 1.000]]
		[0.8 [1.000 0.000 0.000 0.000 0.000 0.940 -0.342 0.000 0.000 0.342 0.940 0.000 0.000 0.001 0.000 1.000]]
		[0.825 [1.000 0.000 0.000 0.000 0.000 0.940 -0.342 0.000 0.000 0.342 0.940 0.000 0.000 0.001 0.000 1.000]]
		[0.85 [1.000 0.000 0.000 0.000 0.000 0.940 -0.342 0.000 0.000 0.342 0.940 0.000 0.000 0.001 0.000 1.000]]
		[0.875 [1.000 0.000 0.000 0.000 0.000 0.940 -0.342 0.000 0.000 0.342 0.940 0.000 0.000 0.001 0.000 1.000]]
		[0.9 [1.000 0.000 0.000 0.000 0.000 0.940 -0.342 0.000 0.000 0.342 0.940 0.000 0.000 0.001 0.000 1.000]]
		[0.925 [1.000 0.000 0.000 0.000 0.000 0.940 -0.342 0.000 0.000 0.342 0.940 0.000 0.000 0.001 0.000 1.000]]
		[0.95 [1.000 0.000 0.000 0.000 0.000 0.940 -0.342 0.000 0.000 0.342 0.940 0.000 0.000 0.001 0.000 1.000]]
		[0.975 [1.000 0.000 0.000 0.000 0.000 0.940 -0.342 0.000 0.000 0.342 0.940 0.000 0.000 0.001 0.000 1.000]]
	]
	"Golova" [
		[0 [1.000 0.000 0.000 0.000 0.000 0.940 0.342 0.000 0.000 -0.342 0.940 0.000 0.000 0.006 0.000 1.000]]
		[0.025 [0.998 0.000 -0.059 0.000 0.020 0.940 0.341 0.000 0.055 -0.342 0.938 0.000 0.000 0.006 0.000 1.000]]
		[0.05 [0.992 0.000 -0.126 0.000 0.043 0.940 0.339 0.000 0.119 -0.342 0.932 0.000 0.000 0.006 0.000 1.000]]
		[0.075 [0.981 0.000 -0.195 0.000 0.067 0.940 0.335 0.000 0.183 -0.342 0.922 0.000 0.000 0.006 0.000 1.000]]
		[0.1 [0.966 0.000 -0.257 0.000 0.088 0.940 0.331 0.000 0.241 -0.342 0.908 0.000 0.000 0.006 0.000 1.000]]
		[0.125 [0.952 0.000 -0.306 0.000 0.105 0.940 0.326 0.000 0.287 -0.342 0.895 0.000 0.000 0.006 0.000 1.000]]
		[0.15 [0.942 0.000 -0.336 0.000 0.115 0.940 0.322 0.000 0.316 -0.342 0.885 0.000 0.000 0.006 0.000 1.000]]
		[0.175 [0.940 0.000 -0.340 0.000 0.116 0.940 0.322 0.000 0.320 -0.342 0.884 0.000 0.000 0.006 0.000 1.000]]
		[0.2 [0.948 0.000 -0.318 0.000 0.109 0.940 0.324 0.000 0.299 -0.342 0.891 0.000 0.000 0.006 0.000 1.000]]
		[0.225 [0.961 0.000 -0.275 0.000 0.094 0.940 0.329 0.000 0.258 -0.342 0.903 0.000 0.000 0.006 0.000 1.000]]
		[0.25 [0.976 0.000 -0.216 0.000 0.074 0.940 0.334 0.000 0.203 -0.342 0.917 0.000 0.000 0.006 0.000 1.000]]
		[0.275 [0.989 0.000 -0.149 0.000 0.051 0.940 0.338 0.000 0.140 -0.342 0.929 0.000 0.000 0.006 0.000 1.000]]
		[0.3 [0.997 0.000 -0.081 0.000 0.028 0.940 0.341 0.000 0.076 -0.342 0.937 0.000 0.000 0.006 0.000 1.000]]
		[0.325 [1.000 0.000 -0.019 0.000 0.006 0.940 0.342 0.000 0.018 -0.342 0.940 0.000 0.000 0.006 0.000 1.000]]
		[0.35 [0.999 0.000 0.038 0.000 -0.013 0.940 0.342 0.000 -0.036 -0.342 0.939 0.000 0.000 0.006 0.000 1.000]]
		[0.375 [0.995 0.000 0.103 0.000 -0.035 0.940 0.340 0.000 -0.097 -0.342 0.935 0.000 0.000 0.006 0.000 1.000]]
		[0.4 [0.985 0.000 0.172 0.000 -0.059 0.940 0.337 0.000 -0.162 -0.342 0.926 0.000 0.000 0.006 0.000 1.000]]
		[0.425 [0.971 0.000 0.237 0.000 -0.081 0.940 0.332 0.000 -0.223 -0.342 0.913 0.000 0.000 0.006 0.000 1.000]]
		[0.45 [0.957 0.000 0.291 0.000 -0.100 0.940 0.327 0.000 -0.274 -0.342 0.899 0.000 0.000 0.006 0.000 1.000]]
		[0.475 [0.945 0.000 0.328 0.000 -0.112 0.940 0.323 0.000 -0.309 -0.342 0.888 0.000 0.000 0.006 0.000 1.000]]
		[0.5 [0.940 0.000 0.342 0.000 -0.117 0.940 0.321 0.000 -0.321 -0.342 0.883 0.000 0.000 0.006 0.000 1.000]]
		[0.525 [0.945 0.000 0.328 0.000 -0.112 0.940 0.323 0.000 -0.309 -0.342 0.888 0.000 0.000 0.006 0.000 1.000]]
		[0.55 [0.957 0.000 0.291 0.000 -0.100 0.940 0.327 0.000 -0.274 -0.342 0.899 0.000 0.000 0.006 0.000 1.000]]
		[0.575 [0.971 0.000 0.237 0.000 -0.081 0.940 0.332 0.000 -0.223 -0.342 0.913 0.000 0.000 0.006 0.000 1.000]]
		[0.6 [0.985 0.000 0.172 0.000 -0.059 0.940 0.337 0.000 -0.162 -0.342 0.926 0.000 0.000 0.006 0.000 1.000]]
		[0.625 [0.995 0.000 0.103 0.000 -0.035 0.940 0.340 0.000 -0.097 -0.342 0.935 0.000 0.000 0.006 0.000 1.000]]
		[0.65 [0.999 0.000 0.038 0.000 -0.013 0.940 0.342 0.000 -0.036 -0.342 0.939 0.000 0.000 0.006 0.000 1.000]]
		[0.675 [1.000 0.000 0.000 0.000 0.000 0.940 0.342 0.000 0.000 -0.342 0.940 0.000 0.000 0.006 0.000 1.000]]
		[0.7 [1.000 0.000 0.000 0.000 0.000 0.940 0.342 0.000 0.000 -0.342 0.940 0.000 0.000 0.006 0.000 1.000]]
		[0.725 [1.000 0.000 0.000 0.000 0.000 0.940 0.342 0.000 0.000 -0.342 0.940 0.000 0.000 0.006 0.000 1.000]]
		[0.75 [1.000 0.000 0.000 0.000 0.000 0.940 0.342 0.000 0.000 -0.342 0.940 0.000 0.000 0.006 0.000 1.000]]
		[0.775 [1.000 0.000 0.000 0.000 0.000 0.940 0.342 0.000 0.000 -0.342 0.940 0.000 0.000 0.006 0.000 1.000]]
		[0.8 [1.000 0.000 0.000 0.000 0.000 0.940 0.342 0.000 0.000 -0.342 0.940 0.000 0.000 0.006 0.000 1.000]]
		[0.825 [1.000 0.000 0.000 0.000 0.000 0.940 0.342 0.000 0.000 -0.342 0.940 0.000 0.000 0.006 0.000 1.000]]
		[0.85 [1.000 0.000 0.000 0.000 0.000 0.940 0.342 0.000 0.000 -0.342 0.940 0.000 0.000 0.006 0.000 1.000]]
		[0.875 [1.000 0.000 0.000 0.000 0.000 0.940 0.342 0.000 0.000 -0.342 0.940 0.000 0.000 0.006 0.000 1.000]]
		[0.9 [1.000 0.000 0.000 0.000 0.000 0.940 0.342 0.000 0.000 -0.342 0.940 0.000 0.000 0.006 0.000 1.000]]
		[0.925 [1.000 0.000 0.000 0.000 0.000 0.940 0.342 0.000 0.000 -0.342 0.940 0.000 0.000 0.006 0.000 1.000]]
		[0.95 [1.000 0.000 0.000 0.000 0.000 0.940 0.342 0.000 0.000 -0.342 0.940 0.000 0.000 0.006 0.000 1.000]]
		[0.975 [1.000 0.000 0.000 0.000 0.000 0.940 0.342 0.000 0.000 -0.342 0.940 0.000 0.000 0.006 0.000 1.000]]
	]
	"Golova_end" [
		[0 [1.000 0.000 0.000 0.000 0.000 1.000 0.000 0.000 0.000 0.000 1.000 0.000 0.000 0.003 0.000 1.000]]
	]
	"Golova_end_end" [
		[0 [1.000 0.000 0.000 0.000 0.000 1.000 0.000 0.000 0.000 0.000 1.000 0.000 0.000 0.003 0.000 1.000]]
	]
	"Kluchitsa_L" [
		[0 [0.000 0.000 1.000 0.000 1.000 0.000 0.000 0.000 0.000 1.000 0.000 0.000 0.000 0.005 0.000 1.000]]
	]
	"Kluchitsa_L_end" [
		[0 [1.000 0.000 0.000 0.000 0.000 1.000 0.000 0.000 0.000 0.000 1.000 0.000 0.000 0.003 0.000 1.000]]
	]
	"Kluchitsa_L_end_end" [
		[0 [1.000 0.000 0.000 0.000 0.000 1.000 0.000 0.000 0.000 0.000 1.000 0.000 0.000 0.003 0.000 1.000]]
	]
	"Kluchitsa_P" [
		[0 [0.000 0.000 -1.000 0.000 -1.000 0.000 0.000 0.000 0.000 1.000 0.000 0.000 0.000 0.005 0.000 1.000]]
	]
	"Kluchitsa_P_end" [
		[0 [1.000 0.000 0.000 0.000 0.000 1.000 0.000 0.000 0.000 0.000 1.000 0.000 0.000 0.003 0.000 1.000]]
	]
	"Kluchitsa_P_end_end" [
		[0 [1.000 0.000 0.000 0.000 0.000 1.000 0.000 0.000 0.000 0.000 1.000 0.000 0.000 0.003 0.000 1.000]]
	]
	"Ruka_L" [
		[0 [0.766 0.000 0.643 0.000 0.321 -0.866 -0.383 0.000 0.557 0.500 -0.663 0.000 0.003 0.004 0.000 1.000]]
	]
	"Lokot_L" [
		[0 [0.000 1.000 0.000 0.000 -1.000 0.000 0.000 0.000 0.000 0.000 1.000 0.000 0.000 0.003 0.000 1.000]]
	]
	"Lokot_L_end" [
		[0 [1.000 0.000 0.000 0.000 0.000 1.000 0.000 0.000 0.000 0.000 1.000 0.000 0.000 0.005 0.000 1.000]]
	]
	"Lokot_L_end_end" [
		[0 [1.000 0.000 0.000 0.000 0.000 1.000 0.000 0.000 0.000 0.000 1.000 0.000 0.000 0.005 0.000 1.000]]
	]
	"Shit" [
		[0 [0.305 -0.254 -0.047 0.000 0.189 0.269 -0.227 0.000 0.018 0.015 0.033 0.000 0.000 0.003 0.002 1.000]]
	]
	"Ruka_P" [
		[0 [-0.342 0.000 0.940 0.000 -0.470 -0.866 -0.171 0.000 0.814 -0.500 0.296 0.000 -0.003 0.004 0.000 1.000]]
		[0.025 [-0.384 -0.153 0.911 0.000 -0.464 -0.821 -0.333 0.000 0.799 -0.550 0.244 0.000 -0.003 0.004 0.000 1.000]]
		[0.05 [-0.453 -0.311 0.836 0.000 -0.446 -0.732 -0.515 0.000 0.772 -0.605 0.193 0.000 -0.003 0.004 0.000 1.000]]
		[0.075 [-0.534 -0.441 0.721 0.000 -0.412 -0.609 -0.678 0.000 0.738 -0.659 0.144 0.000 -0.003 0.004 0.000 1.000]]
		[0.1 [-0.609 -0.523 0.596 0.000 -0.369 -0.479 -0.797 0.000 0.702 -0.706 0.099 0.000 -0.003 0.004 0.000 1.000]]
		[0.125 [-0.662 -0.558 0.500 0.000 -0.338 -0.373 -0.864 0.000 0.669 -0.741 0.059 0.000 -0.003 0.004 0.000 1.000]]
		[0.15 [-0.680 -0.564 0.469 0.000 -0.345 -0.319 -0.883 0.000 0.647 -0.762 0.023 0.000 -0.003 0.004 0.000 1.000]]
		[0.175 [-0.650 -0.549 0.525 0.000 -0.402 -0.337 -0.851 0.000 0.645 -0.765 -0.001 0.000 -0.003 0.004 0.000 1.000]]
		[0.2 [-0.560 -0.500 0.661 0.000 -0.493 -0.440 -0.751 0.000 0.666 -0.746 0.000 0.000 -0.003 0.004 0.000 1.000]]
		[0.225 [-0.385 -0.382 0.840 0.000 -0.596 -0.592 -0.542 0.000 0.705 -0.709 0.000 0.000 -0.003 0.004 0.000 1.000]]
		[0.25 [-0.157 -0.179 0.971 0.000 -0.640 -0.730 -0.238 0.000 0.752 -0.659 0.000 0.000 -0.003 0.004 0.000 1.000]]
		[0.275 [0.063 0.084 0.994 0.000 -0.600 -0.793 0.105 0.000 0.797 -0.603 0.000 0.000 -0.003 0.004 0.000 1.000]]
		[0.3 [0.222 0.338 0.915 0.000 -0.503 -0.764 0.404 0.000 0.835 -0.550 0.000 0.000 -0.003 0.004 0.000 1.000]]
		[0.325 [0.306 0.518 0.799 0.000 -0.407 -0.687 0.602 0.000 0.861 -0.509 0.000 0.000 -0.003 0.004 0.000 1.000]]
		[0.35 [0.340 0.609 0.717 0.000 -0.349 -0.626 0.698 0.000 0.873 -0.488 0.000 0.000 -0.003 0.004 0.000 1.000]]
		[0.375 [0.355 0.652 0.670 0.000 -0.320 -0.588 0.743 0.000 0.878 -0.479 0.000 0.000 -0.003 0.004 0.000 1.000]]
		[0.4 [0.361 0.664 0.654 0.000 -0.313 -0.575 0.756 0.000 0.878 -0.478 0.000 0.000 -0.003 0.004 0.000 1.000]]
		[0.425 [0.361 0.654 0.665 0.000 -0.321 -0.583 0.747 0.000 0.876 -0.483 0.000 0.000 -0.003 0.004 0.000 1.000]]
		[0.45 [0.353 0.628 0.694 0.000 -0.340 -0.604 0.720 0.000 0.871 -0.490 0.000 0.000 -0.003 0.004 0.000 1.000]]
		[0.475 [0.340 0.593 0.730 0.000 -0.363 -0.633 0.684 0.000 0.868 -0.497 0.000 0.000 -0.003 0.004 0.000 1.000]]
		[0.5 [0.321 0.557 0.766 0.000 -0.383 -0.663 0.643 0.000 0.866 -0.500 0.000 0.000 -0.003 0.004 0.000 1.000]]
		[0.525 [0.295 0.511 0.807 0.000 -0.404 -0.699 0.590 0.000 0.866 -0.500 0.000 0.000 -0.003 0.004 0.000 1.000]]
		[0.55 [0.257 0.445 0.858 0.000 -0.429 -0.743 0.514 0.000 0.866 -0.500 0.000 0.000 -0.003 0.004 0.000 1.000]]
		[0.575 [0.209 0.362 0.908 0.000 -0.454 -0.787 0.418 0.000 0.866 -0.500 0.000 0.000 -0.003 0.004 0.000 1.000]]
		[0.6 [0.154 0.266 0.951 0.000 -0.476 -0.824 0.308 0.000 0.866 -0.500 0.000 0.000 -0.003 0.004 0.000 1.000]]
		[0.625 [0.095 0.164 0.982 0.000 -0.491 -0.850 0.190 0.000 0.866 -0.500 0.000 0.000 -0.003 0.004 0.000 1.000]]
		[0.65 [0.036 0.063 0.997 0.000 -0.499 -0.864 0.073 0.000 0.866 -0.500 0.000 0.000 -0.003 0.004 0.000 1.000]]
		[0.675 [0.000 0.000 1.000 0.000 -0.500 -0.866 0.000 0.000 0.866 -0.500 0.000 0.000 -0.003 0.004 0.000 1.000]]
		[0.7 [0.000 0.000 1.000 0.000 -0.500 -0.866 0.000 0.000 0.866 -0.500 0.000 0.000 -0.003 0.004 0.000 1.000]]
		[0.725 [0.000 0.000 1.000 0.000 -0.500 -0.866 0.000 0.000 0.866 -0.500 0.000 0.000 -0.003 0.004 0.000 1.000]]
		[0.75 [0.000 0.000 1.000 0.000 -0.500 -0.866 0.000 0.000 0.866 -0.500 0.000 0.000 -0.003 0.004 0.000 1.000]]
		[0.775 [0.000 0.000 1.000 0.000 -0.500 -0.866 0.000 0.000 0.866 -0.500 0.000 0.000 -0.003 0.004 0.000 1.000]]
		[0.8 [0.000 0.000 1.000 0.000 -0.500 -0.866 0.000 0.000 0.866 -0.500 0.000 0.000 -0.003 0.004 0.000 1.000]]
		[0.825 [0.000 0.000 1.000 0.000 -0.500 -0.866 0.000 0.000 0.866 -0.500 0.000 0.000 -0.003 0.004 0.000 1.000]]
		[0.85 [0.000 0.000 1.000 0.000 -0.500 -0.866 0.000 0.000 0.866 -0.500 0.000 0.000 -0.003 0.004 0.000 1.000]]
		[0.875 [0.000 0.000 1.000 0.000 -0.500 -0.866 0.000 0.000 0.866 -0.500 0.000 0.000 -0.003 0.004 0.000 1.000]]
		[0.9 [0.000 0.000 1.000 0.000 -0.500 -0.866 0.000 0.000 0.866 -0.500 0.000 0.000 -0.003 0.004 0.000 1.000]]
		[0.925 [0.000 0.000 1.000 0.000 -0.500 -0.866 0.000 0.000 0.866 -0.500 0.000 0.000 -0.003 0.004 0.000 1.000]]
		[0.95 [0.000 0.000 1.000 0.000 -0.500 -0.866 0.000 0.000 0.866 -0.500 0.000 0.000 -0.003 0.004 0.000 1.000]]
		[0.975 [0.000 0.000 1.000 0.000 -0.500 -0.866 0.000 0.000 0.866 -0.500 0.000 0.000 -0.003 0.004 0.000 1.000]]
	]
	"Lokot_P" [
		[0 [0.000 1.000 0.000 0.000 -1.000 0.000 0.000 0.000 0.000 0.000 1.000 0.000 0.000 0.003 0.000 1.000]]
	]
	"Lokot_P_end" [
		[0 [1.000 0.000 0.000 0.000 0.000 1.000 0.000 0.000 0.000 0.000 1.000 0.000 0.000 0.005 0.000 1.000]]
	]
	"Lokot_P_end_end" [
		[0 [1.000 0.000 0.000 0.000 0.000 1.000 0.000 0.000 0.000 0.000 1.000 0.000 0.000 0.005 0.000 1.000]]
	]
	"Sword" [
		[0 [-0.052 0.033 0.126 0.000 -0.128 0.010 -0.056 0.000 -0.022 -0.136 0.026 0.000 -0.001 0.005 0.000 1.000]]
	]
	"Woin" [
		[0 [100.000 0.000 0.000 0.000 0.000 0.000 -100.000 0.000 0.000 100.000 0.000 0.000 0.000 1.000 0.000 1.000]]
	]
} }