{ :name "Walk" :length 0.6666667 :bones { 
	"Skelet" [
		[ 0 [ 0 1 2 3 ] ]
		[ 0.025 [ 0 1 2 4 ] ]
		[ 0.05 [ 0 1 2 5 ] ]
		[ 0.075 [ 0 1 2 6 ] ]
		[ 0.1 [ 0 1 2 7 ] ]
		[ 0.125 [ 0 1 2 8 ] ]
		[ 0.15 [ 0 1 2 9 ] ]
		[ 0.175 [ 0 1 2 10 ] ]
		[ 0.2 [ 0 1 2 11 ] ]
		[ 0.225 [ 0 1 2 12 ] ]
		[ 0.25 [ 0 1 2 13 ] ]
		[ 0.275 [ 0 1 2 14 ] ]
		[ 0.3 [ 0 1 2 15 ] ]
		[ 0.325 [ 0 1 2 16 ] ]
		[ 0.35 [ 0 1 2 17 ] ]
		[ 0.375 [ 0 1 2 18 ] ]
		[ 0.4 [ 0 1 2 19 ] ]
		[ 0.425 [ 0 1 2 20 ] ]
		[ 0.45 [ 0 1 2 21 ] ]
		[ 0.475 [ 0 1 2 22 ] ]
		[ 0.5 [ 0 1 2 23 ] ]
		[ 0.525 [ 0 1 2 24 ] ]
		[ 0.55 [ 0 1 2 25 ] ]
		[ 0.575 [ 0 1 2 26 ] ]
		[ 0.6 [ 0 1 2 13 ] ]
		[ 0.625 [ 0 1 2 27 ] ]
		[ 0.65 [ 0 1 2 28 ] ]
		[ 0.675 [ 0 1 2 3 ] ]
		[ 0.7 [ 0 1 2 3 ] ]
		[ 0.725 [ 0 1 2 3 ] ]
		[ 0.75 [ 0 1 2 3 ] ]
		[ 0.775 [ 0 1 2 3 ] ]
		[ 0.8 [ 0 1 2 3 ] ]
		[ 0.825 [ 0 1 2 3 ] ]
		[ 0.85 [ 0 1 2 3 ] ]
		[ 0.875 [ 0 1 2 3 ] ]
		[ 0.9 [ 0 1 2 3 ] ]
		[ 0.925 [ 0 1 2 3 ] ]
		[ 0.95 [ 0 1 2 3 ] ]
		[ 0.975 [ 0 1 2 3 ] ]
	]
	"Bedro_L" [
		[ 0 [ 29 30 0 31 ] ]
		[ 0.025 [ 32 33 0 31 ] ]
		[ 0.05 [ 34 35 0 31 ] ]
		[ 0.075 [ 36 37 0 31 ] ]
		[ 0.1 [ 38 39 0 31 ] ]
		[ 0.125 [ 40 41 0 31 ] ]
		[ 0.15 [ 42 43 0 31 ] ]
		[ 0.175 [ 44 45 0 31 ] ]
		[ 0.2 [ 46 47 0 31 ] ]
		[ 0.225 [ 48 49 0 31 ] ]
		[ 0.25 [ 50 51 0 31 ] ]
		[ 0.275 [ 52 53 0 31 ] ]
		[ 0.3 [ 54 55 0 31 ] ]
		[ 0.325 [ 56 57 0 31 ] ]
		[ 0.35 [ 58 59 0 31 ] ]
		[ 0.375 [ 60 61 0 31 ] ]
		[ 0.4 [ 62 63 0 31 ] ]
		[ 0.425 [ 64 65 0 31 ] ]
		[ 0.45 [ 66 67 0 31 ] ]
		[ 0.475 [ 68 69 0 31 ] ]
		[ 0.5 [ 70 71 0 31 ] ]
		[ 0.525 [ 72 73 0 31 ] ]
		[ 0.55 [ 74 75 0 31 ] ]
		[ 0.575 [ 76 77 0 31 ] ]
		[ 0.6 [ 78 79 0 31 ] ]
		[ 0.625 [ 80 81 0 31 ] ]
		[ 0.65 [ 82 83 0 31 ] ]
		[ 0.675 [ 29 30 0 31 ] ]
		[ 0.7 [ 29 30 0 31 ] ]
		[ 0.725 [ 29 30 0 31 ] ]
		[ 0.75 [ 29 30 0 31 ] ]
		[ 0.775 [ 29 30 0 31 ] ]
		[ 0.8 [ 29 30 0 31 ] ]
		[ 0.825 [ 29 30 0 31 ] ]
		[ 0.85 [ 29 30 0 31 ] ]
		[ 0.875 [ 29 30 0 31 ] ]
		[ 0.9 [ 29 30 0 31 ] ]
		[ 0.925 [ 29 30 0 31 ] ]
		[ 0.95 [ 29 30 0 31 ] ]
		[ 0.975 [ 29 30 0 31 ] ]
	]
	"Koleno_L" [
		[ 0 [ 84 85 86 87 ] ]
		[ 0.025 [ 88 89 86 87 ] ]
		[ 0.05 [ 90 91 86 87 ] ]
		[ 0.075 [ 92 93 86 87 ] ]
		[ 0.1 [ 94 95 86 87 ] ]
		[ 0.125 [ 96 97 86 87 ] ]
		[ 0.15 [ 98 99 86 87 ] ]
		[ 0.175 [ 100 101 86 87 ] ]
		[ 0.2 [ 102 103 86 87 ] ]
		[ 0.225 [ 104 105 86 87 ] ]
		[ 0.25 [ 106 84 86 87 ] ]
		[ 0.275 [ 107 108 86 87 ] ]
		[ 0.3 [ 109 110 86 87 ] ]
		[ 0.325 [ 111 112 86 87 ] ]
		[ 0.35 [ 113 114 86 87 ] ]
		[ 0.375 [ 115 116 86 87 ] ]
		[ 0.4 [ 117 118 86 87 ] ]
		[ 0.425 [ 119 120 86 87 ] ]
		[ 0.45 [ 121 122 86 87 ] ]
		[ 0.475 [ 123 124 86 87 ] ]
		[ 0.5 [ 125 126 86 87 ] ]
		[ 0.525 [ 127 128 86 87 ] ]
		[ 0.55 [ 129 130 86 87 ] ]
		[ 0.575 [ 131 132 86 87 ] ]
		[ 0.6 [ 133 134 86 87 ] ]
		[ 0.625 [ 135 136 86 87 ] ]
		[ 0.65 [ 137 138 86 87 ] ]
		[ 0.675 [ 125 126 86 87 ] ]
		[ 0.7 [ 125 126 86 87 ] ]
		[ 0.725 [ 125 126 86 87 ] ]
		[ 0.75 [ 125 126 86 87 ] ]
		[ 0.775 [ 125 126 86 87 ] ]
		[ 0.8 [ 125 126 86 87 ] ]
		[ 0.825 [ 125 126 86 87 ] ]
		[ 0.85 [ 125 126 86 87 ] ]
		[ 0.875 [ 125 126 86 87 ] ]
		[ 0.9 [ 125 126 86 87 ] ]
		[ 0.925 [ 125 126 86 87 ] ]
		[ 0.95 [ 125 126 86 87 ] ]
		[ 0.975 [ 125 126 86 87 ] ]
	]
	"Koleno_L_end" [
		[ 0 [ 0 112 1 139 ] ]
	]
	"Koleno_L_end_end" [
		[ 0 [ 0 112 1 139 ] ]
	]
	"Bedro_P" [
		[ 0 [ 140 141 0 142 ] ]
		[ 0.025 [ 143 144 0 142 ] ]
		[ 0.05 [ 145 146 0 142 ] ]
		[ 0.075 [ 147 148 0 142 ] ]
		[ 0.1 [ 149 150 0 142 ] ]
		[ 0.125 [ 151 152 0 142 ] ]
		[ 0.15 [ 153 154 0 142 ] ]
		[ 0.175 [ 155 156 0 142 ] ]
		[ 0.2 [ 157 158 0 142 ] ]
		[ 0.225 [ 159 160 0 142 ] ]
		[ 0.25 [ 161 162 0 142 ] ]
		[ 0.275 [ 163 164 0 142 ] ]
		[ 0.3 [ 165 166 0 142 ] ]
		[ 0.325 [ 167 168 0 142 ] ]
		[ 0.35 [ 169 170 0 142 ] ]
		[ 0.375 [ 171 172 0 142 ] ]
		[ 0.4 [ 173 174 0 142 ] ]
		[ 0.425 [ 175 176 0 142 ] ]
		[ 0.45 [ 177 178 0 142 ] ]
		[ 0.475 [ 179 180 0 142 ] ]
		[ 0.5 [ 44 45 0 142 ] ]
		[ 0.525 [ 181 182 0 142 ] ]
		[ 0.55 [ 40 41 0 142 ] ]
		[ 0.575 [ 183 184 0 142 ] ]
		[ 0.6 [ 185 186 0 142 ] ]
		[ 0.625 [ 187 188 0 142 ] ]
		[ 0.65 [ 189 190 0 142 ] ]
		[ 0.675 [ 140 141 0 142 ] ]
		[ 0.7 [ 140 141 0 142 ] ]
		[ 0.725 [ 140 141 0 142 ] ]
		[ 0.75 [ 140 141 0 142 ] ]
		[ 0.775 [ 140 141 0 142 ] ]
		[ 0.8 [ 140 141 0 142 ] ]
		[ 0.825 [ 140 141 0 142 ] ]
		[ 0.85 [ 140 141 0 142 ] ]
		[ 0.875 [ 140 141 0 142 ] ]
		[ 0.9 [ 140 141 0 142 ] ]
		[ 0.925 [ 140 141 0 142 ] ]
		[ 0.95 [ 140 141 0 142 ] ]
		[ 0.975 [ 140 141 0 142 ] ]
	]
	"Koleno_P" [
		[ 0 [ 111 112 86 87 ] ]
		[ 0.025 [ 191 192 86 87 ] ]
		[ 0.05 [ 193 194 86 87 ] ]
		[ 0.075 [ 195 196 86 87 ] ]
		[ 0.1 [ 197 198 86 87 ] ]
		[ 0.125 [ 199 200 86 87 ] ]
		[ 0.15 [ 201 202 86 87 ] ]
		[ 0.175 [ 203 204 86 87 ] ]
		[ 0.2 [ 205 206 86 87 ] ]
		[ 0.225 [ 207 208 86 87 ] ]
		[ 0.25 [ 112 0 86 87 ] ]
		[ 0.275 [ 209 210 86 87 ] ]
		[ 0.3 [ 211 212 86 87 ] ]
		[ 0.325 [ 213 214 86 87 ] ]
		[ 0.35 [ 215 216 86 87 ] ]
		[ 0.375 [ 217 218 86 87 ] ]
		[ 0.4 [ 219 220 86 87 ] ]
		[ 0.425 [ 221 222 86 87 ] ]
		[ 0.45 [ 223 224 86 87 ] ]
		[ 0.475 [ 225 226 86 87 ] ]
		[ 0.5 [ 125 126 86 87 ] ]
		[ 0.525 [ 227 228 86 87 ] ]
		[ 0.55 [ 229 230 86 87 ] ]
		[ 0.575 [ 231 232 86 87 ] ]
		[ 0.6 [ 233 234 86 87 ] ]
		[ 0.625 [ 235 236 86 87 ] ]
		[ 0.65 [ 237 238 86 87 ] ]
		[ 0.675 [ 111 112 86 87 ] ]
		[ 0.7 [ 111 112 86 87 ] ]
		[ 0.725 [ 111 112 86 87 ] ]
		[ 0.75 [ 111 112 86 87 ] ]
		[ 0.775 [ 111 112 86 87 ] ]
		[ 0.8 [ 111 112 86 87 ] ]
		[ 0.825 [ 111 112 86 87 ] ]
		[ 0.85 [ 111 112 86 87 ] ]
		[ 0.875 [ 111 112 86 87 ] ]
		[ 0.9 [ 111 112 86 87 ] ]
		[ 0.925 [ 111 112 86 87 ] ]
		[ 0.95 [ 111 112 86 87 ] ]
		[ 0.975 [ 111 112 86 87 ] ]
	]
	"Koleno_P_end" [
		[ 0 [ 0 112 1 139 ] ]
	]
	"Koleno_P_end_end" [
		[ 0 [ 0 112 1 139 ] ]
	]
	"Tors" [
		[ 0 [ 0 239 140 240 ] ]
		[ 0.025 [ 241 242 243 240 ] ]
		[ 0.05 [ 244 245 246 240 ] ]
		[ 0.075 [ 247 248 249 240 ] ]
		[ 0.1 [ 250 251 252 240 ] ]
		[ 0.125 [ 253 254 255 240 ] ]
		[ 0.15 [ 256 257 258 240 ] ]
		[ 0.175 [ 259 257 260 240 ] ]
		[ 0.2 [ 261 262 263 240 ] ]
		[ 0.225 [ 264 265 266 240 ] ]
		[ 0.25 [ 267 268 269 240 ] ]
		[ 0.275 [ 270 271 272 240 ] ]
		[ 0.3 [ 273 274 275 240 ] ]
		[ 0.325 [ 276 277 278 240 ] ]
		[ 0.35 [ 279 280 281 240 ] ]
		[ 0.375 [ 282 283 284 240 ] ]
		[ 0.4 [ 285 286 287 240 ] ]
		[ 0.425 [ 288 289 290 240 ] ]
		[ 0.45 [ 291 292 293 240 ] ]
		[ 0.475 [ 294 295 296 240 ] ]
		[ 0.5 [ 297 298 299 240 ] ]
		[ 0.525 [ 294 295 296 240 ] ]
		[ 0.55 [ 291 292 293 240 ] ]
		[ 0.575 [ 288 289 290 240 ] ]
		[ 0.6 [ 285 286 287 240 ] ]
		[ 0.625 [ 282 283 284 240 ] ]
		[ 0.65 [ 279 280 281 240 ] ]
		[ 0.675 [ 0 239 140 240 ] ]
		[ 0.7 [ 0 239 140 240 ] ]
		[ 0.725 [ 0 239 140 240 ] ]
		[ 0.75 [ 0 239 140 240 ] ]
		[ 0.775 [ 0 239 140 240 ] ]
		[ 0.8 [ 0 239 140 240 ] ]
		[ 0.825 [ 0 239 140 240 ] ]
		[ 0.85 [ 0 239 140 240 ] ]
		[ 0.875 [ 0 239 140 240 ] ]
		[ 0.9 [ 0 239 140 240 ] ]
		[ 0.925 [ 0 239 140 240 ] ]
		[ 0.95 [ 0 239 140 240 ] ]
		[ 0.975 [ 0 239 140 240 ] ]
	]
	"Golova" [
		[ 0 [ 0 300 29 301 ] ]
		[ 0.025 [ 302 303 304 301 ] ]
		[ 0.05 [ 305 306 307 301 ] ]
		[ 0.075 [ 308 309 310 301 ] ]
		[ 0.1 [ 311 312 313 301 ] ]
		[ 0.125 [ 314 315 316 301 ] ]
		[ 0.15 [ 317 318 319 301 ] ]
		[ 0.175 [ 320 321 322 301 ] ]
		[ 0.2 [ 323 324 325 301 ] ]
		[ 0.225 [ 326 327 328 301 ] ]
		[ 0.25 [ 329 330 331 301 ] ]
		[ 0.275 [ 332 333 334 301 ] ]
		[ 0.3 [ 335 336 337 301 ] ]
		[ 0.325 [ 338 339 340 301 ] ]
		[ 0.35 [ 341 342 343 301 ] ]
		[ 0.375 [ 344 345 346 301 ] ]
		[ 0.4 [ 347 348 349 301 ] ]
		[ 0.425 [ 350 351 352 301 ] ]
		[ 0.45 [ 353 354 355 301 ] ]
		[ 0.475 [ 356 357 358 301 ] ]
		[ 0.5 [ 359 360 361 301 ] ]
		[ 0.525 [ 356 357 358 301 ] ]
		[ 0.55 [ 353 354 355 301 ] ]
		[ 0.575 [ 350 351 352 301 ] ]
		[ 0.6 [ 347 348 349 301 ] ]
		[ 0.625 [ 344 345 346 301 ] ]
		[ 0.65 [ 341 342 343 301 ] ]
		[ 0.675 [ 0 300 29 301 ] ]
		[ 0.7 [ 0 300 29 301 ] ]
		[ 0.725 [ 0 300 29 301 ] ]
		[ 0.75 [ 0 300 29 301 ] ]
		[ 0.775 [ 0 300 29 301 ] ]
		[ 0.8 [ 0 300 29 301 ] ]
		[ 0.825 [ 0 300 29 301 ] ]
		[ 0.85 [ 0 300 29 301 ] ]
		[ 0.875 [ 0 300 29 301 ] ]
		[ 0.9 [ 0 300 29 301 ] ]
		[ 0.925 [ 0 300 29 301 ] ]
		[ 0.95 [ 0 300 29 301 ] ]
		[ 0.975 [ 0 300 29 301 ] ]
	]
	"Golova_end" [
		[ 0 [ 0 112 1 362 ] ]
	]
	"Golova_end_end" [
		[ 0 [ 0 112 1 362 ] ]
	]
	"Kluchitsa_L" [
		[ 0 [ 1 0 112 363 ] ]
	]
	"Kluchitsa_L_end" [
		[ 0 [ 0 112 1 364 ] ]
	]
	"Kluchitsa_L_end_end" [
		[ 0 [ 0 112 1 364 ] ]
	]
	"Kluchitsa_P" [
		[ 0 [ 86 111 112 363 ] ]
	]
	"Kluchitsa_P_end" [
		[ 0 [ 0 112 1 364 ] ]
	]
	"Kluchitsa_P_end_end" [
		[ 0 [ 0 112 1 364 ] ]
	]
	"Ruka_L" [
		[ 0 [ 365 366 367 368 ] ]
	]
	"Lokot_L" [
		[ 0 [ 112 111 1 369 ] ]
	]
	"Lokot_L_end" [
		[ 0 [ 0 112 1 370 ] ]
	]
	"Lokot_L_end_end" [
		[ 0 [ 0 112 1 370 ] ]
	]
	"Ruka_P" [
		[ 0 [ 371 372 373 374 ] ]
		[ 0.025 [ 375 376 377 374 ] ]
		[ 0.05 [ 378 379 380 374 ] ]
		[ 0.075 [ 381 382 383 374 ] ]
		[ 0.1 [ 384 385 386 374 ] ]
		[ 0.125 [ 387 388 389 374 ] ]
		[ 0.15 [ 390 391 392 374 ] ]
		[ 0.175 [ 393 394 395 374 ] ]
		[ 0.2 [ 396 397 398 374 ] ]
		[ 0.225 [ 399 400 401 374 ] ]
		[ 0.25 [ 402 403 404 374 ] ]
		[ 0.275 [ 405 406 407 374 ] ]
		[ 0.3 [ 408 409 410 374 ] ]
		[ 0.325 [ 411 412 413 374 ] ]
		[ 0.35 [ 414 415 416 374 ] ]
		[ 0.375 [ 417 418 419 374 ] ]
		[ 0.4 [ 420 421 422 374 ] ]
		[ 0.425 [ 423 424 425 374 ] ]
		[ 0.45 [ 426 427 428 374 ] ]
		[ 0.475 [ 429 430 431 374 ] ]
		[ 0.5 [ 432 433 434 374 ] ]
		[ 0.525 [ 435 436 434 374 ] ]
		[ 0.55 [ 437 438 434 374 ] ]
		[ 0.575 [ 439 440 434 374 ] ]
		[ 0.6 [ 441 442 434 374 ] ]
		[ 0.625 [ 443 444 434 374 ] ]
		[ 0.65 [ 445 446 434 374 ] ]
		[ 0.675 [ 1 447 434 374 ] ]
		[ 0.7 [ 1 447 434 374 ] ]
		[ 0.725 [ 1 447 434 374 ] ]
		[ 0.75 [ 1 447 434 374 ] ]
		[ 0.775 [ 1 447 434 374 ] ]
		[ 0.8 [ 1 447 434 374 ] ]
		[ 0.825 [ 1 447 434 374 ] ]
		[ 0.85 [ 1 447 434 374 ] ]
		[ 0.875 [ 1 447 434 374 ] ]
		[ 0.9 [ 1 447 434 374 ] ]
		[ 0.925 [ 1 447 434 374 ] ]
		[ 0.95 [ 1 447 434 374 ] ]
		[ 0.975 [ 1 447 434 374 ] ]
	]
	"Lokot_P" [
		[ 0 [ 112 111 1 369 ] ]
	]
	"Lokot_P_end" [
		[ 0 [ 0 112 1 370 ] ]
	]
	"Lokot_P_end_end" [
		[ 0 [ 0 112 1 370 ] ]
	]
	"Woin" [
		[ 0 [ 448 449 450 450 ] ]
	]
	"Shit" [
		[ 0 [ 451 452 453 454 ] ]
		[ 0.025 [ 455 456 457 458 ] ]
		[ 0.05 [ 459 460 461 462 ] ]
		[ 0.075 [ 463 464 465 466 ] ]
		[ 0.1 [ 467 468 469 470 ] ]
		[ 0.125 [ 471 472 473 474 ] ]
		[ 0.15 [ 475 476 477 478 ] ]
		[ 0.175 [ 479 480 477 481 ] ]
		[ 0.2 [ 482 483 473 484 ] ]
		[ 0.225 [ 485 486 487 488 ] ]
		[ 0.25 [ 489 490 491 492 ] ]
		[ 0.275 [ 493 494 461 495 ] ]
		[ 0.3 [ 496 497 498 499 ] ]
		[ 0.325 [ 500 501 502 503 ] ]
		[ 0.35 [ 504 505 506 507 ] ]
		[ 0.375 [ 508 509 510 511 ] ]
		[ 0.4 [ 512 513 514 515 ] ]
		[ 0.425 [ 516 517 518 519 ] ]
		[ 0.45 [ 520 521 522 523 ] ]
		[ 0.475 [ 524 525 526 527 ] ]
		[ 0.5 [ 528 529 530 531 ] ]
		[ 0.525 [ 524 525 526 532 ] ]
		[ 0.55 [ 520 521 522 533 ] ]
		[ 0.575 [ 516 517 518 534 ] ]
		[ 0.6 [ 512 513 514 535 ] ]
		[ 0.625 [ 508 509 510 536 ] ]
		[ 0.65 [ 504 505 506 537 ] ]
		[ 0.675 [ 451 452 453 454 ] ]
		[ 0.7 [ 451 452 453 454 ] ]
		[ 0.725 [ 451 452 453 454 ] ]
		[ 0.75 [ 451 452 453 454 ] ]
		[ 0.775 [ 451 452 453 454 ] ]
		[ 0.8 [ 451 452 453 454 ] ]
		[ 0.825 [ 451 452 453 454 ] ]
		[ 0.85 [ 451 452 453 454 ] ]
		[ 0.875 [ 451 452 453 454 ] ]
		[ 0.9 [ 451 452 453 454 ] ]
		[ 0.925 [ 451 452 453 454 ] ]
		[ 0.95 [ 451 452 453 454 ] ]
		[ 0.975 [ 451 452 453 454 ] ]
	]
	"Sword" [
		[ 0 [ 538 539 540 541 ] ]
		[ 0.025 [ 542 543 544 545 ] ]
		[ 0.05 [ 546 547 548 549 ] ]
		[ 0.075 [ 550 551 552 553 ] ]
		[ 0.1 [ 554 555 556 557 ] ]
		[ 0.125 [ 558 559 560 561 ] ]
		[ 0.15 [ 562 563 564 565 ] ]
		[ 0.175 [ 566 567 568 569 ] ]
		[ 0.2 [ 570 571 572 573 ] ]
		[ 0.225 [ 574 575 576 577 ] ]
		[ 0.25 [ 578 579 580 581 ] ]
		[ 0.275 [ 582 583 584 585 ] ]
		[ 0.3 [ 586 587 588 589 ] ]
		[ 0.325 [ 590 591 592 593 ] ]
		[ 0.35 [ 594 595 596 597 ] ]
		[ 0.375 [ 598 599 600 601 ] ]
		[ 0.4 [ 602 603 604 605 ] ]
		[ 0.425 [ 606 607 608 609 ] ]
		[ 0.45 [ 610 611 612 613 ] ]
		[ 0.475 [ 614 615 616 617 ] ]
		[ 0.5 [ 618 619 620 621 ] ]
		[ 0.525 [ 622 623 624 625 ] ]
		[ 0.55 [ 626 627 628 629 ] ]
		[ 0.575 [ 630 631 632 633 ] ]
		[ 0.6 [ 634 635 636 637 ] ]
		[ 0.625 [ 638 639 640 641 ] ]
		[ 0.65 [ 642 643 644 645 ] ]
		[ 0.675 [ 646 647 648 649 ] ]
		[ 0.7 [ 646 647 648 649 ] ]
		[ 0.725 [ 646 647 648 649 ] ]
		[ 0.75 [ 646 647 648 649 ] ]
		[ 0.775 [ 646 647 648 649 ] ]
		[ 0.8 [ 646 647 648 649 ] ]
		[ 0.825 [ 646 647 648 649 ] ]
		[ 0.85 [ 646 647 648 649 ] ]
		[ 0.875 [ 646 647 648 649 ] ]
		[ 0.9 [ 646 647 648 649 ] ]
		[ 0.925 [ 646 647 648 649 ] ]
		[ 0.95 [ 646 647 648 649 ] ]
		[ 0.975 [ 646 647 648 649 ] ]
	]
	}
	:resources [
		[1.000 0.000 0.000]
		[0.000 0.000 1.000]
		[0.000 -1.000 0.000]
		[0.000 0.000 0.000]
		[0.000 0.000 0.017]
		[0.000 0.000 0.036]
		[0.000 0.000 0.056]
		[0.000 0.000 0.074]
		[0.000 0.000 0.089]
		[0.000 0.000 0.098]
		[0.000 0.000 0.099]
		[0.000 0.000 0.090]
		[0.000 0.000 0.072]
		[0.000 0.000 0.050]
		[0.000 0.000 0.028]
		[0.000 0.000 0.010]
		[0.000 0.000 0.001]
		[0.000 0.000 0.003]
		[0.000 0.000 0.016]
		[0.000 0.000 0.035]
		[0.000 0.000 0.057]
		[0.000 0.000 0.078]
		[0.000 0.000 0.094]
		[0.000 0.000 0.100]
		[0.000 0.000 0.096]
		[0.000 0.000 0.085]
		[0.000 0.000 0.069]
		[0.000 0.000 0.030]
		[0.000 0.000 0.011]
		[0.000 -0.342 0.940]
		[0.000 -0.940 -0.342]
		[0.123 -0.038 0.000]
		[0.000 -0.397 0.918]
		[0.000 -0.918 -0.397]
		[0.000 -0.458 0.889]
		[0.000 -0.889 -0.458]
		[0.000 -0.518 0.855]
		[0.000 -0.855 -0.518]
		[0.000 -0.572 0.820]
		[0.000 -0.820 -0.572]
		[0.000 -0.613 0.790]
		[0.000 -0.790 -0.613]
		[0.000 -0.638 0.770]
		[0.000 -0.770 -0.638]
		[0.000 -0.643 0.766]
		[0.000 -0.766 -0.643]
		[0.000 -0.634 0.773]
		[0.000 -0.773 -0.634]
		[0.000 -0.596 0.803]
		[0.000 -0.803 -0.596]
		[0.000 -0.500 0.866]
		[0.000 -0.866 -0.500]
		[0.000 -0.287 0.958]
		[0.000 -0.958 -0.287]
		[0.000 0.017 1.000]
		[0.000 -1.000 0.017]
		[0.000 0.281 0.960]
		[0.000 -0.960 0.281]
		[0.000 0.432 0.902]
		[0.000 -0.902 0.432]
		[0.000 0.537 0.843]
		[0.000 -0.843 0.537]
		[0.000 0.610 0.792]
		[0.000 -0.792 0.610]
		[0.000 0.655 0.756]
		[0.000 -0.756 0.655]
		[0.000 0.674 0.738]
		[0.000 -0.738 0.674]
		[0.000 0.670 0.742]
		[0.000 -0.742 0.670]
		[0.000 0.643 0.766]
		[0.000 -0.766 0.643]
		[0.000 0.578 0.816]
		[0.000 -0.816 0.578]
		[0.000 0.468 0.884]
		[0.000 -0.884 0.468]
		[0.000 0.316 0.949]
		[0.000 -0.949 0.316]
		[0.000 0.136 0.991]
		[0.000 -0.991 0.136]
		[0.000 -0.055 0.999]
		[0.000 -0.999 -0.055]
		[0.000 -0.236 0.972]
		[0.000 -0.972 -0.236]
		[0.174 0.985 0.000]
		[0.985 -0.174 0.000]
		[0.000 0.000 -1.000]
		[0.000 0.532 0.000]
		[0.318 0.948 0.000]
		[0.948 -0.318 0.000]
		[0.466 0.885 0.000]
		[0.885 -0.466 0.000]
		[0.518 0.855 0.000]
		[0.855 -0.518 0.000]
		[0.390 0.921 0.000]
		[0.921 -0.390 0.000]
		[0.076 0.997 0.000]
		[0.997 -0.076 0.000]
		[-0.298 0.954 0.000]
		[0.954 0.298 0.000]
		[-0.584 0.812 0.000]
		[0.812 0.584 0.000]
		[-0.795 0.607 0.000]
		[0.607 0.795 0.000]
		[-0.929 0.371 0.000]
		[0.371 0.929 0.000]
		[-0.985 0.174 0.000]
		[-0.998 0.060 0.000]
		[0.060 0.998 0.000]
		[-1.000 0.011 0.000]
		[0.011 1.000 0.000]
		[-1.000 0.000 0.000]
		[0.000 1.000 0.000]
		[-1.000 0.001 0.000]
		[0.001 1.000 0.000]
		[-1.000 0.022 0.000]
		[0.022 1.000 0.000]
		[-0.996 0.089 0.000]
		[0.089 0.996 0.000]
		[-0.972 0.234 0.000]
		[0.234 0.972 0.000]
		[-0.882 0.471 0.000]
		[0.471 0.882 0.000]
		[-0.705 0.710 0.000]
		[0.710 0.705 0.000]
		[-0.500 0.866 0.000]
		[0.866 0.500 0.000]
		[-0.303 0.953 0.000]
		[0.953 0.303 0.000]
		[-0.117 0.993 0.000]
		[0.993 0.117 0.000]
		[-0.008 1.000 0.000]
		[1.000 0.008 0.000]
		[-0.038 0.999 0.000]
		[0.999 0.038 0.000]
		[-0.195 0.981 0.000]
		[0.981 0.195 0.000]
		[-0.391 0.920 0.000]
		[0.920 0.391 0.000]
		[0.000 0.578 0.000]
		[0.000 0.342 0.940]
		[0.000 -0.940 0.342]
		[-0.123 -0.038 0.000]
		[0.000 0.403 0.915]
		[0.000 -0.915 0.403]
		[0.000 0.477 0.879]
		[0.000 -0.879 0.477]
		[0.000 0.551 0.834]
		[0.000 -0.834 0.551]
		[0.000 0.612 0.791]
		[0.000 -0.791 0.612]
		[0.000 0.651 0.759]
		[0.000 -0.759 0.651]
		[0.000 0.659 0.752]
		[0.000 -0.752 0.659]
		[0.000 0.626 0.780]
		[0.000 -0.780 0.626]
		[0.000 0.537 0.844]
		[0.000 -0.844 0.537]
		[0.000 0.396 0.918]
		[0.000 -0.918 0.396]
		[0.000 0.216 0.976]
		[0.000 -0.976 0.216]
		[0.000 0.021 1.000]
		[0.000 -1.000 0.021]
		[0.000 -0.161 0.987]
		[0.000 -0.987 -0.161]
		[0.000 -0.305 0.952]
		[0.000 -0.952 -0.305]
		[0.000 -0.404 0.915]
		[0.000 -0.915 -0.404]
		[0.000 -0.481 0.877]
		[0.000 -0.877 -0.481]
		[0.000 -0.542 0.841]
		[0.000 -0.841 -0.542]
		[0.000 -0.587 0.810]
		[0.000 -0.810 -0.587]
		[0.000 -0.618 0.786]
		[0.000 -0.786 -0.618]
		[0.000 -0.637 0.771]
		[0.000 -0.771 -0.637]
		[0.000 -0.639 0.769]
		[0.000 -0.769 -0.639]
		[0.000 -0.541 0.841]
		[0.000 -0.841 -0.541]
		[0.000 -0.384 0.923]
		[0.000 -0.923 -0.384]
		[0.000 -0.131 0.991]
		[0.000 -0.991 -0.131]
		[0.000 0.163 0.987]
		[0.000 -0.987 0.163]
		[-1.000 0.030 0.000]
		[0.030 1.000 0.000]
		[-0.999 0.054 0.000]
		[0.054 0.999 0.000]
		[-0.992 0.128 0.000]
		[0.128 0.992 0.000]
		[-0.952 0.305 0.000]
		[0.305 0.952 0.000]
		[-0.831 0.556 0.000]
		[0.556 0.831 0.000]
		[-0.634 0.773 0.000]
		[0.773 0.634 0.000]
		[-0.439 0.898 0.000]
		[0.898 0.439 0.000]
		[-0.269 0.963 0.000]
		[0.963 0.269 0.000]
		[-0.120 0.993 0.000]
		[0.993 0.120 0.000]
		[0.072 0.997 0.000]
		[0.997 -0.072 0.000]
		[0.109 0.994 0.000]
		[0.994 -0.109 0.000]
		[0.150 0.989 0.000]
		[0.989 -0.150 0.000]
		[0.253 0.968 0.000]
		[0.968 -0.253 0.000]
		[0.413 0.911 0.000]
		[0.911 -0.413 0.000]
		[0.514 0.858 0.000]
		[0.858 -0.514 0.000]
		[0.456 0.890 0.000]
		[0.890 -0.456 0.000]
		[0.196 0.981 0.000]
		[0.981 -0.196 0.000]
		[-0.177 0.984 0.000]
		[0.984 0.177 0.000]
		[-0.731 0.682 0.000]
		[0.682 0.731 0.000]
		[-0.894 0.448 0.000]
		[0.448 0.894 0.000]
		[-0.973 0.231 0.000]
		[0.231 0.973 0.000]
		[-0.995 0.095 0.000]
		[0.095 0.995 0.000]
		[-0.999 0.044 0.000]
		[0.044 0.999 0.000]
		[-1.000 0.024 0.000]
		[0.024 1.000 0.000]
		[0.000 0.940 -0.342]
		[0.000 0.130 0.000]
		[0.998 0.014 0.054]
		[0.005 0.940 -0.342]
		[-0.055 0.342 0.938]
		[0.993 0.030 0.116]
		[0.012 0.939 -0.343]
		[-0.119 0.342 0.932]
		[0.983 0.046 0.178]
		[0.018 0.939 -0.345]
		[-0.183 0.342 0.922]
		[0.970 0.061 0.235]
		[0.025 0.938 -0.347]
		[-0.241 0.342 0.908]
		[0.957 0.073 0.280]
		[0.030 0.937 -0.348]
		[-0.287 0.342 0.895]
		[0.948 0.080 0.307]
		[0.034 0.936 -0.350]
		[-0.316 0.342 0.885]
		[0.947 0.081 0.311]
		[-0.320 0.342 0.884]
		[0.954 0.076 0.291]
		[0.032 0.937 -0.349]
		[-0.299 0.342 0.891]
		[0.966 0.065 0.251]
		[0.027 0.937 -0.347]
		[-0.258 0.342 0.903]
		[0.979 0.051 0.198]
		[0.021 0.938 -0.345]
		[-0.203 0.342 0.917]
		[0.990 0.035 0.137]
		[0.014 0.939 -0.344]
		[-0.140 0.342 0.929]
		[0.997 0.019 0.074]
		[0.007 0.940 -0.342]
		[-0.076 0.342 0.937]
		[1.000 0.004 0.017]
		[0.002 0.940 -0.342]
		[-0.018 0.342 0.940]
		[0.999 -0.009 -0.035]
		[-0.004 0.940 -0.342]
		[0.036 0.342 0.939]
		[0.995 -0.024 -0.095]
		[-0.010 0.939 -0.343]
		[0.097 0.342 0.935]
		[0.987 -0.041 -0.158]
		[-0.016 0.939 -0.344]
		[0.162 0.342 0.926]
		[0.975 -0.056 -0.217]
		[-0.023 0.938 -0.346]
		[0.223 0.342 0.913]
		[0.961 -0.069 -0.266]
		[-0.029 0.937 -0.348]
		[0.274 0.342 0.899]
		[0.951 -0.078 -0.300]
		[-0.033 0.936 -0.349]
		[0.309 0.342 0.888]
		[0.946 -0.082 -0.313]
		[-0.035 0.936 -0.350]
		[0.321 0.342 0.883]
		[0.000 0.940 0.342]
		[0.000 0.596 0.000]
		[0.998 0.000 -0.059]
		[0.020 0.940 0.341]
		[0.055 -0.342 0.938]
		[0.992 0.000 -0.126]
		[0.043 0.940 0.339]
		[0.119 -0.342 0.932]
		[0.981 0.000 -0.195]
		[0.067 0.940 0.335]
		[0.183 -0.342 0.922]
		[0.966 0.000 -0.257]
		[0.088 0.940 0.331]
		[0.241 -0.342 0.908]
		[0.952 0.000 -0.306]
		[0.105 0.940 0.326]
		[0.287 -0.342 0.895]
		[0.942 0.000 -0.336]
		[0.115 0.940 0.322]
		[0.316 -0.342 0.885]
		[0.940 0.000 -0.340]
		[0.116 0.940 0.322]
		[0.320 -0.342 0.884]
		[0.948 0.000 -0.318]
		[0.109 0.940 0.324]
		[0.299 -0.342 0.891]
		[0.961 0.000 -0.275]
		[0.094 0.940 0.329]
		[0.258 -0.342 0.903]
		[0.976 0.000 -0.216]
		[0.074 0.940 0.334]
		[0.203 -0.342 0.917]
		[0.989 0.000 -0.149]
		[0.051 0.940 0.338]
		[0.140 -0.342 0.929]
		[0.997 0.000 -0.081]
		[0.028 0.940 0.341]
		[0.076 -0.342 0.937]
		[1.000 0.000 -0.019]
		[0.006 0.940 0.342]
		[0.018 -0.342 0.940]
		[0.999 0.000 0.038]
		[-0.013 0.940 0.342]
		[-0.036 -0.342 0.939]
		[0.995 0.000 0.103]
		[-0.035 0.940 0.340]
		[-0.097 -0.342 0.935]
		[0.985 0.000 0.172]
		[-0.059 0.940 0.337]
		[-0.162 -0.342 0.926]
		[0.971 0.000 0.237]
		[-0.081 0.940 0.332]
		[-0.223 -0.342 0.913]
		[0.957 0.000 0.291]
		[-0.100 0.940 0.327]
		[-0.274 -0.342 0.899]
		[0.945 0.000 0.328]
		[-0.112 0.940 0.323]
		[-0.309 -0.342 0.888]
		[0.940 0.000 0.342]
		[-0.117 0.940 0.321]
		[-0.321 -0.342 0.883]
		[0.000 0.315 0.000]
		[0.000 0.470 0.000]
		[0.000 0.300 0.000]
		[0.766 0.000 0.643]
		[0.321 -0.866 -0.383]
		[0.557 0.500 -0.663]
		[0.279 0.394 -0.035]
		[0.000 0.316 0.000]
		[0.000 0.469 0.000]
		[-0.342 0.000 0.940]
		[-0.470 -0.866 -0.171]
		[0.814 -0.500 0.296]
		[-0.279 0.394 -0.035]
		[-0.384 -0.153 0.911]
		[-0.464 -0.821 -0.333]
		[0.799 -0.550 0.244]
		[-0.453 -0.311 0.836]
		[-0.446 -0.732 -0.515]
		[0.772 -0.605 0.193]
		[-0.534 -0.441 0.721]
		[-0.412 -0.609 -0.678]
		[0.738 -0.659 0.144]
		[-0.609 -0.523 0.596]
		[-0.369 -0.479 -0.797]
		[0.702 -0.706 0.099]
		[-0.662 -0.558 0.500]
		[-0.338 -0.373 -0.864]
		[0.669 -0.741 0.059]
		[-0.680 -0.564 0.469]
		[-0.345 -0.319 -0.883]
		[0.647 -0.762 0.023]
		[-0.650 -0.549 0.525]
		[-0.402 -0.337 -0.851]
		[0.645 -0.765 -0.001]
		[-0.560 -0.500 0.661]
		[-0.493 -0.440 -0.751]
		[0.666 -0.746 0.000]
		[-0.385 -0.382 0.840]
		[-0.596 -0.592 -0.542]
		[0.705 -0.709 0.000]
		[-0.157 -0.179 0.971]
		[-0.640 -0.730 -0.238]
		[0.752 -0.659 0.000]
		[0.063 0.084 0.994]
		[-0.600 -0.793 0.105]
		[0.797 -0.603 0.000]
		[0.222 0.338 0.915]
		[-0.503 -0.764 0.404]
		[0.835 -0.550 0.000]
		[0.306 0.518 0.799]
		[-0.407 -0.687 0.602]
		[0.861 -0.509 0.000]
		[0.340 0.609 0.717]
		[-0.349 -0.626 0.698]
		[0.873 -0.488 0.000]
		[0.355 0.652 0.670]
		[-0.320 -0.588 0.743]
		[0.878 -0.479 0.000]
		[0.361 0.664 0.654]
		[-0.313 -0.575 0.756]
		[0.878 -0.478 0.000]
		[0.361 0.654 0.665]
		[-0.321 -0.583 0.747]
		[0.876 -0.483 0.000]
		[0.353 0.628 0.694]
		[-0.340 -0.604 0.720]
		[0.871 -0.490 0.000]
		[0.340 0.593 0.730]
		[-0.363 -0.633 0.684]
		[0.868 -0.497 0.000]
		[0.321 0.557 0.766]
		[-0.383 -0.663 0.643]
		[0.866 -0.500 0.000]
		[0.295 0.511 0.807]
		[-0.404 -0.699 0.590]
		[0.257 0.445 0.858]
		[-0.429 -0.743 0.514]
		[0.209 0.362 0.908]
		[-0.454 -0.787 0.418]
		[0.154 0.266 0.951]
		[-0.476 -0.824 0.308]
		[0.095 0.164 0.982]
		[-0.491 -0.850 0.190]
		[0.036 0.063 0.997]
		[-0.499 -0.864 0.073]
		[-0.500 -0.866 0.000]
		[100.000 0.000 0.000]
		[0.000 0.000 -100.000]
		[0.000 100.000 0.000]
		[0.267 -0.171 -0.244]
		[-0.272 -0.006 -0.293]
		[0.012 0.036 -0.012]
		[0.212 0.501 1.371]
		[0.260 -0.186 -0.240]
		[-0.268 0.009 -0.297]
		[0.014 0.035 -0.012]
		[0.238 0.488 1.390]
		[0.252 -0.202 -0.236]
		[-0.262 0.025 -0.301]
		[0.017 0.034 -0.012]
		[0.267 0.473 1.413]
		[0.243 -0.218 -0.231]
		[-0.255 0.040 -0.305]
		[0.019 0.033 -0.011]
		[0.296 0.455 1.436]
		[0.233 -0.233 -0.227]
		[-0.248 0.054 -0.309]
		[0.021 0.032 -0.011]
		[0.321 0.437 1.457]
		[0.224 -0.244 -0.224]
		[-0.242 0.064 -0.312]
		[0.023 0.031 -0.011]
		[0.341 0.422 1.475]
		[0.219 -0.251 -0.222]
		[-0.238 0.070 -0.314]
		[0.024 0.030 -0.011]
		[0.352 0.412 1.485]
		[0.218 -0.252 -0.221]
		[-0.237 0.071 -0.314]
		[0.354 0.411 1.486]
		[0.222 -0.247 -0.223]
		[-0.240 0.067 -0.313]
		[0.346 0.418 1.476]
		[0.230 -0.237 -0.226]
		[-0.246 0.058 -0.310]
		[0.022 0.032 -0.011]
		[0.328 0.432 1.456]
		[0.239 -0.223 -0.230]
		[-0.253 0.045 -0.307]
		[0.020 0.033 -0.011]
		[0.305 0.449 1.431]
		[0.249 -0.207 -0.234]
		[-0.260 0.030 -0.303]
		[0.277 0.467 1.406]
		[0.258 -0.191 -0.239]
		[-0.266 0.014 -0.298]
		[0.015 0.035 -0.012]
		[0.248 0.484 1.385]
		[0.265 -0.176 -0.243]
		[-0.271 -0.001 -0.294]
		[0.013 0.036 -0.012]
		[0.221 0.497 1.372]
		[0.270 -0.162 -0.246]
		[-0.274 -0.015 -0.291]
		[0.011 0.037 -0.012]
		[0.195 0.508 1.371]
		[0.276 -0.146 -0.250]
		[-0.277 -0.032 -0.286]
		[0.008 0.037 -0.012]
		[0.165 0.519 1.381]
		[0.280 -0.129 -0.255]
		[-0.279 -0.051 -0.282]
		[0.006 0.038 -0.013]
		[0.132 0.528 1.397]
		[0.284 -0.113 -0.259]
		[-0.280 -0.069 -0.277]
		[0.003 0.038 -0.013]
		[0.100 0.535 1.416]
		[0.286 -0.099 -0.262]
		[-0.280 -0.084 -0.274]
		[0.001 0.038 -0.013]
		[0.073 0.540 1.434]
		[0.287 -0.089 -0.264]
		[-0.279 -0.095 -0.271]
		[0.000 0.038 -0.013]
		[0.054 0.542 1.447]
		[0.287 -0.086 -0.265]
		[-0.278 -0.099 -0.270]
		[-0.001 0.038 -0.013]
		[0.047 0.543 1.452]
		[0.054 0.542 1.449]
		[0.073 0.540 1.440]
		[0.100 0.535 1.427]
		[0.132 0.528 1.411]
		[0.165 0.519 1.395]
		[0.195 0.508 1.380]
		[0.138 -0.020 -0.011]
		[0.018 0.051 0.129]
		[-0.015 -0.129 0.053]
		[-0.238 0.565 1.344]
		[0.136 -0.032 -0.012]
		[0.018 0.027 0.136]
		[-0.029 -0.134 0.030]
		[-0.184 0.625 1.429]
		[0.131 -0.047 -0.014]
		[0.014 -0.001 0.139]
		[-0.047 -0.132 0.004]
		[-0.108 0.669 1.535]
		[0.123 -0.064 -0.018]
		[0.006 -0.028 0.137]
		[-0.066 -0.122 -0.022]
		[-0.023 0.681 1.645]
		[0.114 -0.077 -0.024]
		[-0.006 -0.049 0.131]
		[-0.081 -0.106 -0.043]
		[0.051 0.665 1.740]
		[0.106 -0.086 -0.030]
		[-0.015 -0.062 0.125]
		[-0.090 -0.091 -0.056]
		[0.102 0.641 1.805]
		[0.103 -0.088 -0.035]
		[-0.017 -0.068 0.121]
		[-0.094 -0.085 -0.061]
		[0.122 0.632 1.832]
		[0.106 -0.084 -0.037]
		[-0.009 -0.067 0.123]
		[-0.091 -0.090 -0.056]
		[0.105 0.653 1.814]
		[0.115 -0.072 -0.035]
		[0.006 -0.053 0.129]
		[-0.080 -0.108 -0.040]
		[0.042 0.693 1.742]
		[0.126 -0.050 -0.034]
		[0.027 -0.024 0.135]
		[-0.054 -0.129 -0.012]
		[-0.079 0.723 1.620]
		[0.133 -0.022 -0.036]
		[0.039 0.018 0.133]
		[-0.016 -0.137 0.023]
		[-0.237 0.690 1.478]
		[0.133 0.005 -0.043]
		[0.036 0.063 0.119]
		[0.024 -0.125 0.059]
		[-0.385 0.576 1.350]
		[0.127 0.025 -0.053]
		[0.021 0.099 0.097]
		[0.055 -0.096 0.086]
		[-0.483 0.416 1.267]
		[0.120 0.037 -0.061]
		[0.003 0.118 0.076]
		[0.072 -0.066 0.100]
		[-0.528 0.271 1.234]
		[0.115 0.044 -0.067]
		[-0.011 0.125 0.062]
		[0.079 -0.046 0.106]
		[-0.543 0.176 1.236]
		[0.109 0.050 -0.071]
		[-0.022 0.127 0.055]
		[0.084 -0.032 0.107]
		[-0.552 0.108 1.257]
		[0.104 0.057 -0.074]
		[-0.031 0.126 0.053]
		[0.088 -0.023 0.106]
		[-0.558 0.062 1.286]
		[0.100 0.063 -0.076]
		[-0.036 0.124 0.055]
		[0.091 -0.020 0.104]
		[-0.565 0.035 1.317]
		[0.096 0.068 -0.076]
		[-0.038 0.121 0.059]
		[0.094 -0.020 0.102]
		[-0.573 0.025 1.346]
		[0.094 0.071 -0.075]
		[-0.038 0.118 0.065]
		[0.096 -0.023 0.099]
		[-0.581 0.032 1.367]
		[0.095 0.073 -0.073]
		[-0.035 0.116 0.070]
		[0.097 -0.029 0.097]
		[-0.587 0.052 1.375]
		[0.098 0.072 -0.069]
		[-0.029 0.113 0.077]
		[0.096 -0.039 0.094]
		[-0.589 0.095 1.371]
		[0.104 0.069 -0.063]
		[-0.020 0.109 0.086]
		[0.091 -0.055 0.091]
		[-0.585 0.164 1.360]
		[0.112 0.063 -0.056]
		[-0.009 0.102 0.096]
		[0.084 -0.073 0.086]
		[-0.569 0.250 1.348]
		[0.120 0.054 -0.048]
		[0.001 0.092 0.106]
		[0.073 -0.091 0.078]
		[-0.539 0.342 1.339]
		[0.127 0.044 -0.040]
		[0.009 0.079 0.115]
		[0.058 -0.107 0.069]
		[-0.495 0.431 1.337]
		[0.132 0.032 -0.032]
		[0.014 0.066 0.123]
		[0.043 -0.119 0.059]
		[-0.443 0.509 1.342]
		[0.135 0.025 -0.028]
		[0.016 0.057 0.127]
		[0.034 -0.126 0.052]
		[-0.408 0.551 1.349]]
}