{ :name "Armature|left" :length 0.04166667 :bones { 
	"Armature" [
		[ 0 [ 0 1 2 3 ] ]
	]
	"LegL" [
		[ 0 [ 4 5 6 7 ] ]
	]
	"KneeL" [
		[ 0 [ 8 9 10 11 ] ]
	]
	"FootL" [
		[ 0 [ 12 13 14 15 ] ]
	]
	"FootL_end" [
		[ 0 [ 16 17 18 19 ] ]
	]
	"LegR" [
		[ 0 [ 20 21 22 23 ] ]
	]
	"KneeR" [
		[ 0 [ 24 25 26 27 ] ]
	]
	"FootR" [
		[ 0 [ 28 29 30 31 ] ]
	]
	"FootR_end" [
		[ 0 [ 16 17 18 32 ] ]
	]
	"Root" [
		[ 0 [ 16 18 33 34 ] ]
	]
	"Spine" [
		[ 0 [ 35 36 37 38 ] ]
	]
	"ArmL" [
		[ 0 [ 39 40 18 41 ] ]
	]
	"FArmL" [
		[ 0 [ 42 43 18 44 ] ]
	]
	"HandL" [
		[ 0 [ 45 46 18 47 ] ]
	]
	"HandL_end" [
		[ 0 [ 16 17 18 48 ] ]
	]
	"ArmR" [
		[ 0 [ 49 50 18 51 ] ]
	]
	"FArmR" [
		[ 0 [ 52 53 18 54 ] ]
	]
	"HandR" [
		[ 0 [ 55 56 18 57 ] ]
	]
	"HandR_end" [
		[ 0 [ 16 17 18 58 ] ]
	]
	"Neck" [
		[ 0 [ 16 17 18 59 ] ]
	]
	"Head" [
		[ 0 [ 60 61 62 63 ] ]
	]
	"Head_end" [
		[ 0 [ 16 17 18 64 ] ]
	]
	"Player" [
		[ 0 [ 0 1 2 3 ] ]
	]
	}
	:resources [
		[100.000 0.000 0.000]
		[0.000 0.000 -100.000]
		[0.000 100.000 0.000]
		[0.000 0.000 0.000]
		[-0.477 -0.878 0.027]
		[0.344 -0.215 -0.914]
		[0.809 -0.427 0.405]
		[0.108 -0.025 0.930]
		[0.858 -0.477 0.190]
		[0.487 0.873 -0.009]
		[-0.162 0.100 0.982]
		[0.000 0.523 0.000]
		[0.114 0.993 -0.006]
		[-0.993 0.114 -0.007]
		[-0.007 0.007 1.000]
		[0.000 0.380 0.000]
		[1.000 0.000 0.000]
		[0.000 1.000 0.000]
		[0.000 0.000 1.000]
		[0.000 0.159 0.000]
		[0.482 0.876 -0.024]
		[-0.381 0.185 -0.906]
		[-0.789 0.446 0.423]
		[-0.109 -0.024 0.930]
		[0.998 -0.060 0.005]
		[0.060 0.989 -0.139]
		[0.004 0.139 0.990]
		[0.000 0.525 0.000]
		[0.105 -0.994 0.003]
		[0.994 0.105 -0.007]
		[0.006 0.004 1.000]
		[0.000 0.381 0.000]
		[0.000 0.158 0.000]
		[0.000 -1.000 0.000]
		[0.000 0.000 0.993]
		[0.825 0.065 -0.562]
		[0.000 0.993 0.115]
		[0.566 -0.094 0.819]
		[0.000 0.174 0.000]
		[-0.614 -0.789 0.000]
		[0.789 -0.614 0.000]
		[0.242 0.254 0.000]
		[0.997 0.080 0.000]
		[-0.080 0.997 0.000]
		[0.000 0.254 0.000]
		[1.000 0.017 0.000]
		[-0.017 1.000 0.000]
		[0.000 0.310 0.000]
		[0.000 0.090 0.000]
		[-0.621 0.784 0.000]
		[-0.784 -0.621 0.000]
		[-0.247 0.256 0.000]
		[0.996 -0.087 0.000]
		[0.087 0.996 0.000]
		[0.000 0.249 0.000]
		[1.000 0.018 0.000]
		[-0.018 1.000 0.000]
		[0.000 0.321 0.000]
		[0.000 0.088 0.000]
		[0.000 0.402 0.000]
		[0.833 0.006 0.553]
		[-0.203 0.933 0.296]
		[-0.514 -0.359 0.779]
		[0.000 0.110 0.000]
		[0.000 0.251 0.000]]
}