{ :name "Armature|flight" :length 0.04166667 :bones { 
	"Armature" [
		[ 0 [ 0 1 2 3 ] ]
	]
	"LegL" [
		[ 0 [ 4 5 6 7 ] ]
	]
	"KneeL" [
		[ 0 [ 8 9 10 11 ] ]
	]
	"FootL" [
		[ 0 [ 12 13 14 15 ] ]
	]
	"FootL_end" [
		[ 0 [ 16 17 18 19 ] ]
	]
	"LegR" [
		[ 0 [ 20 21 22 23 ] ]
	]
	"KneeR" [
		[ 0 [ 24 25 26 27 ] ]
	]
	"FootR" [
		[ 0 [ 28 29 30 31 ] ]
	]
	"FootR_end" [
		[ 0 [ 16 17 18 32 ] ]
	]
	"Root" [
		[ 0 [ 16 18 33 34 ] ]
	]
	"Spine" [
		[ 0 [ 16 35 36 37 ] ]
	]
	"ArmL" [
		[ 0 [ 38 39 40 41 ] ]
	]
	"FArmL" [
		[ 0 [ 42 43 18 44 ] ]
	]
	"HandL" [
		[ 0 [ 45 46 18 47 ] ]
	]
	"HandL_end" [
		[ 0 [ 16 17 18 48 ] ]
	]
	"ArmR" [
		[ 0 [ 49 50 51 52 ] ]
	]
	"FArmR" [
		[ 0 [ 53 54 18 55 ] ]
	]
	"HandR" [
		[ 0 [ 56 57 18 58 ] ]
	]
	"HandR_end" [
		[ 0 [ 16 17 18 59 ] ]
	]
	"Neck" [
		[ 0 [ 16 17 18 60 ] ]
	]
	"Head" [
		[ 0 [ 16 61 62 63 ] ]
	]
	"Head_end" [
		[ 0 [ 16 17 18 64 ] ]
	]
	"Player" [
		[ 0 [ 0 1 2 3 ] ]
	]
	}
	:resources [
		[100.000 0.000 0.000]
		[0.000 0.000 -100.000]
		[0.000 100.000 0.000]
		[0.000 0.000 0.000]
		[-0.433 -0.901 0.028]
		[0.187 -0.121 -0.975]
		[0.882 -0.417 0.221]
		[0.108 -0.025 0.930]
		[0.998 0.056 -0.004]
		[-0.056 0.989 -0.138]
		[-0.004 0.138 0.990]
		[0.000 0.523 0.000]
		[0.114 0.993 -0.006]
		[-0.993 0.114 -0.007]
		[-0.007 0.007 1.000]
		[0.000 0.380 0.000]
		[1.000 0.000 0.000]
		[0.000 1.000 0.000]
		[0.000 0.000 1.000]
		[0.000 0.159 0.000]
		[-0.518 0.855 -0.026]
		[-0.181 -0.139 -0.974]
		[-0.836 -0.500 0.227]
		[-0.109 -0.024 0.930]
		[0.998 -0.060 0.005]
		[0.060 0.989 -0.139]
		[0.004 0.139 0.990]
		[0.000 0.525 0.000]
		[0.105 -0.994 0.003]
		[0.994 0.105 -0.007]
		[0.006 0.004 1.000]
		[0.000 0.381 0.000]
		[0.000 0.158 0.000]
		[0.000 -1.000 0.000]
		[0.000 0.000 0.993]
		[0.000 0.988 0.154]
		[0.000 -0.154 0.988]
		[0.000 0.174 0.000]
		[-0.457 -0.890 0.016]
		[0.889 -0.457 -0.025]
		[0.029 0.003 1.000]
		[0.242 0.254 0.000]
		[0.997 0.080 0.000]
		[-0.080 0.997 0.000]
		[0.000 0.254 0.000]
		[1.000 0.017 0.000]
		[-0.017 1.000 0.000]
		[0.000 0.310 0.000]
		[0.000 0.090 0.000]
		[-0.448 0.894 -0.017]
		[-0.893 -0.449 -0.027]
		[-0.032 0.003 0.999]
		[-0.247 0.256 0.000]
		[0.996 -0.087 0.000]
		[0.087 0.996 0.000]
		[0.000 0.249 0.000]
		[1.000 0.018 0.000]
		[-0.018 1.000 0.000]
		[0.000 0.321 0.000]
		[0.000 0.088 0.000]
		[0.000 0.402 0.000]
		[0.000 0.851 0.525]
		[0.000 -0.525 0.851]
		[0.000 0.110 0.000]
		[0.000 0.251 0.000]]
}