{ :name "Armature|drop" :length 0.04166667 :bones { 
	"Armature" [
		[ 0 [ 0 1 2 3 ] ]
	]
	"LegL" [
		[ 0 [ 4 5 6 7 ] ]
	]
	"KneeL" [
		[ 0 [ 8 9 10 11 ] ]
	]
	"FootL" [
		[ 0 [ 12 13 14 15 ] ]
	]
	"FootL_end" [
		[ 0 [ 16 17 18 19 ] ]
	]
	"LegR" [
		[ 0 [ 20 21 22 23 ] ]
	]
	"KneeR" [
		[ 0 [ 24 25 26 27 ] ]
	]
	"FootR" [
		[ 0 [ 28 29 30 31 ] ]
	]
	"FootR_end" [
		[ 0 [ 16 17 18 32 ] ]
	]
	"Root" [
		[ 0 [ 16 18 33 34 ] ]
	]
	"Spine" [
		[ 0 [ 16 35 36 37 ] ]
	]
	"ArmL" [
		[ 0 [ 38 39 40 41 ] ]
	]
	"FArmL" [
		[ 0 [ 42 43 44 45 ] ]
	]
	"HandL" [
		[ 0 [ 46 47 18 48 ] ]
	]
	"HandL_end" [
		[ 0 [ 16 17 18 49 ] ]
	]
	"ArmR" [
		[ 0 [ 50 51 52 53 ] ]
	]
	"FArmR" [
		[ 0 [ 54 55 56 57 ] ]
	]
	"HandR" [
		[ 0 [ 58 59 18 60 ] ]
	]
	"HandR_end" [
		[ 0 [ 16 17 18 61 ] ]
	]
	"Neck" [
		[ 0 [ 16 17 18 62 ] ]
	]
	"Head" [
		[ 0 [ 16 63 64 65 ] ]
	]
	"Head_end" [
		[ 0 [ 16 17 18 66 ] ]
	]
	"Player" [
		[ 0 [ 0 1 2 3 ] ]
	]
	}
	:resources [
		[100.000 0.000 0.000]
		[0.000 0.000 -100.000]
		[0.000 100.000 0.000]
		[0.000 0.000 0.000]
		[-0.423 -0.901 0.099]
		[0.026 -0.121 -0.992]
		[0.906 -0.417 0.074]
		[0.108 -0.025 0.930]
		[0.998 0.056 -0.004]
		[-0.056 0.989 -0.138]
		[-0.004 0.138 0.990]
		[0.000 0.523 0.000]
		[0.336 0.814 -0.473]
		[-0.941 0.316 -0.125]
		[0.047 0.487 0.872]
		[0.000 0.380 0.000]
		[1.000 0.000 0.000]
		[0.000 1.000 0.000]
		[0.000 0.000 1.000]
		[0.000 0.159 0.000]
		[-0.506 0.855 -0.114]
		[-0.011 -0.139 -0.990]
		[-0.862 -0.500 0.080]
		[-0.109 -0.024 0.930]
		[0.998 -0.060 0.005]
		[0.060 0.989 -0.139]
		[0.004 0.139 0.990]
		[0.000 0.525 0.000]
		[0.439 -0.707 0.555]
		[0.893 0.409 -0.187]
		[-0.095 0.577 0.811]
		[0.000 0.381 0.000]
		[0.000 0.158 0.000]
		[0.000 -1.000 0.000]
		[0.000 0.000 0.993]
		[0.000 0.988 0.154]
		[0.000 -0.154 0.988]
		[0.000 0.174 0.000]
		[-0.983 -0.154 -0.099]
		[0.149 -0.987 0.058]
		[-0.107 0.042 0.993]
		[0.242 0.254 0.000]
		[0.989 -0.145 -0.023]
		[0.146 0.989 0.027]
		[0.018 -0.030 0.999]
		[0.000 0.254 0.000]
		[1.000 0.017 0.000]
		[-0.017 1.000 0.000]
		[0.000 0.310 0.000]
		[0.000 0.090 0.000]
		[-0.984 0.149 0.099]
		[-0.144 -0.988 0.057]
		[0.106 0.042 0.993]
		[-0.247 0.256 0.000]
		[0.988 0.151 0.024]
		[-0.152 0.988 0.028]
		[-0.019 -0.032 0.999]
		[0.000 0.249 0.000]
		[1.000 0.018 0.000]
		[-0.018 1.000 0.000]
		[0.000 0.321 0.000]
		[0.000 0.088 0.000]
		[0.000 0.402 0.000]
		[0.000 0.851 0.525]
		[0.000 -0.525 0.851]
		[0.000 0.110 0.000]
		[0.000 0.251 0.000]]
}