{ :name "back" :length 0.04166667 :bones { 
	"LegL" [
		[ 0 [ 0 1 2 3 ] ]
	]
	"KneeL" [
		[ 0 [ 4 5 6 7 ] ]
	]
	"FootL" [
		[ 0 [ 8 9 10 11 ] ]
	]
	"FootL_end" [
		[ 0 [ 12 13 14 15 ] ]
	]
	"LegR" [
		[ 0 [ 16 17 18 19 ] ]
	]
	"KneeR" [
		[ 0 [ 20 21 22 23 ] ]
	]
	"FootR" [
		[ 0 [ 24 25 26 27 ] ]
	]
	"FootR_end" [
		[ 0 [ 12 13 14 28 ] ]
	]
	"Root" [
		[ 0 [ 12 14 29 30 ] ]
	]
	"Spine" [
		[ 0 [ 12 31 32 33 ] ]
	]
	"ArmL" [
		[ 0 [ 34 35 36 37 ] ]
	]
	"FArmL" [
		[ 0 [ 38 39 14 40 ] ]
	]
	"HandL" [
		[ 0 [ 41 42 14 43 ] ]
	]
	"HandL_end" [
		[ 0 [ 12 13 14 44 ] ]
	]
	"WingL" [
		[ 0 [ 45 14 46 47 ] ]
	]
	"WingL_end" [
		[ 0 [ 12 13 14 48 ] ]
	]
	"ArmR" [
		[ 0 [ 49 50 51 52 ] ]
	]
	"FArmR" [
		[ 0 [ 53 54 14 55 ] ]
	]
	"HandR" [
		[ 0 [ 56 57 14 58 ] ]
	]
	"HandR_end" [
		[ 0 [ 12 13 14 59 ] ]
	]
	"WingR" [
		[ 0 [ 60 14 61 62 ] ]
	]
	"WingR_end" [
		[ 0 [ 12 13 14 48 ] ]
	]
	"Neck" [
		[ 0 [ 12 13 14 63 ] ]
	]
	"Head" [
		[ 0 [ 12 64 65 66 ] ]
	]
	"Head_end" [
		[ 0 [ 12 13 14 67 ] ]
	]
	"WingBack" [
		[ 0 [ 13 14 12 68 ] ]
	]
	"WingBack_end" [
		[ 0 [ 12 13 14 48 ] ]
	]
	"Player" [
		[ 0 [ 69 70 71 72 ] ]
	]
	}
	:resources [
		[-0.433 -0.852 0.295]
		[0.187 -0.405 -0.895]
		[0.882 -0.333 0.335]
		[0.108 -0.025 0.930]
		[0.555 -0.831 -0.034]
		[0.778 0.505 0.374]
		[-0.294 -0.234 0.927]
		[0.000 0.523 0.000]
		[0.027 0.996 0.083]
		[-0.906 0.060 -0.419]
		[-0.423 -0.064 0.904]
		[0.000 0.380 0.000]
		[1.000 0.000 0.000]
		[0.000 1.000 0.000]
		[0.000 0.000 1.000]
		[0.000 0.159 0.000]
		[-0.518 0.817 -0.252]
		[-0.181 -0.393 -0.902]
		[-0.836 -0.422 0.352]
		[-0.109 -0.024 0.930]
		[0.571 0.817 0.079]
		[-0.744 0.474 0.471]
		[0.347 -0.328 0.879]
		[0.000 0.525 0.000]
		[-0.011 -0.996 -0.088]
		[0.885 0.032 -0.465]
		[0.466 -0.083 0.881]
		[0.000 0.381 0.000]
		[0.000 0.158 0.000]
		[0.000 -1.000 0.000]
		[0.000 0.000 0.993]
		[0.000 0.988 0.154]
		[0.000 -0.154 0.988]
		[0.000 0.174 0.000]
		[-0.457 -0.890 0.016]
		[0.889 -0.457 -0.025]
		[0.029 0.003 1.000]
		[0.242 0.254 0.000]
		[0.997 0.080 0.000]
		[-0.080 0.997 0.000]
		[0.000 0.254 0.000]
		[1.000 0.017 0.000]
		[-0.017 1.000 0.000]
		[0.000 0.310 0.000]
		[0.000 0.090 0.000]
		[0.614 -0.789 0.000]
		[-0.789 -0.614 0.000]
		[0.237 0.438 0.000]
		[0.000 0.500 0.000]
		[-0.448 0.894 -0.017]
		[-0.893 -0.449 -0.027]
		[-0.032 0.003 0.999]
		[-0.247 0.256 0.000]
		[0.996 -0.087 0.000]
		[0.087 0.996 0.000]
		[0.000 0.249 0.000]
		[1.000 0.018 0.000]
		[-0.018 1.000 0.000]
		[0.000 0.321 0.000]
		[0.000 0.088 0.000]
		[0.621 0.784 0.000]
		[0.784 -0.621 0.000]
		[-0.235 0.436 0.000]
		[0.000 0.402 0.000]
		[0.000 0.851 0.525]
		[0.000 -0.525 0.851]
		[0.000 0.110 0.000]
		[0.000 0.251 0.000]
		[0.000 -0.711 0.000]
		[100.000 0.000 0.000]
		[0.000 0.000 -100.000]
		[0.000 100.000 0.000]
		[0.000 0.000 0.000]]
}