{ :name "ball" :length 0.04166667 :bones { 
	"LegL" [
		[ 0 [ 0 1 2 3 ] ]
	]
	"KneeL" [
		[ 0 [ 4 5 6 7 ] ]
	]
	"FootL" [
		[ 0 [ 8 9 10 11 ] ]
	]
	"FootL_end" [
		[ 0 [ 12 13 14 15 ] ]
	]
	"LegR" [
		[ 0 [ 16 17 18 19 ] ]
	]
	"KneeR" [
		[ 0 [ 20 21 22 23 ] ]
	]
	"FootR" [
		[ 0 [ 24 25 26 27 ] ]
	]
	"FootR_end" [
		[ 0 [ 12 13 14 28 ] ]
	]
	"Root" [
		[ 0 [ 12 14 29 30 ] ]
	]
	"Spine" [
		[ 0 [ 12 31 32 33 ] ]
	]
	"ArmL" [
		[ 0 [ 34 35 36 37 ] ]
	]
	"FArmL" [
		[ 0 [ 38 39 40 41 ] ]
	]
	"HandL" [
		[ 0 [ 42 43 14 44 ] ]
	]
	"HandL_end" [
		[ 0 [ 12 13 14 45 ] ]
	]
	"WingL" [
		[ 0 [ 46 14 47 48 ] ]
	]
	"WingL_end" [
		[ 0 [ 12 13 14 49 ] ]
	]
	"ArmR" [
		[ 0 [ 50 51 52 53 ] ]
	]
	"FArmR" [
		[ 0 [ 54 55 56 57 ] ]
	]
	"HandR" [
		[ 0 [ 58 59 14 60 ] ]
	]
	"HandR_end" [
		[ 0 [ 12 13 14 61 ] ]
	]
	"WingR" [
		[ 0 [ 62 14 63 64 ] ]
	]
	"WingR_end" [
		[ 0 [ 12 13 14 49 ] ]
	]
	"Neck" [
		[ 0 [ 12 65 66 67 ] ]
	]
	"Head" [
		[ 0 [ 12 68 69 70 ] ]
	]
	"Head_end" [
		[ 0 [ 12 13 14 71 ] ]
	]
	"WingBack" [
		[ 0 [ 13 14 12 72 ] ]
	]
	"WingBack_end" [
		[ 0 [ 12 13 14 49 ] ]
	]
	"Player" [
		[ 0 [ 73 74 75 76 ] ]
	]
	}
	:resources [
		[-0.081 0.318 -0.945]
		[0.004 0.948 0.318]
		[0.997 0.022 -0.078]
		[0.108 -0.029 0.932]
		[-0.753 -0.553 0.357]
		[0.575 -0.816 -0.050]
		[0.319 0.168 0.933]
		[0.000 0.523 0.000]
		[0.114 0.993 -0.006]
		[-0.993 0.114 -0.007]
		[-0.007 0.007 1.000]
		[0.000 0.380 0.000]
		[1.000 0.000 0.000]
		[0.000 1.000 0.000]
		[0.000 0.000 1.000]
		[0.000 0.159 0.000]
		[-0.049 -0.153 0.987]
		[0.040 0.987 0.155]
		[-0.998 0.047 -0.042]
		[-0.109 -0.028 0.931]
		[-0.425 0.838 -0.343]
		[-0.848 -0.501 -0.173]
		[-0.317 0.217 0.923]
		[0.000 0.525 0.000]
		[0.105 -0.994 0.003]
		[0.994 0.105 -0.007]
		[0.006 0.004 1.000]
		[0.000 0.381 0.000]
		[0.000 0.158 0.000]
		[0.000 -1.000 0.000]
		[0.000 0.007 0.990]
		[0.000 0.614 -0.790]
		[0.000 0.790 0.614]
		[0.000 0.174 0.000]
		[-0.454 -0.862 0.224]
		[0.417 -0.428 -0.802]
		[0.787 -0.271 0.554]
		[0.242 0.316 0.000]
		[0.684 0.507 0.525]
		[0.191 0.570 -0.799]
		[-0.704 0.647 0.293]
		[0.000 0.296 0.000]
		[1.000 0.017 0.000]
		[-0.017 1.000 0.000]
		[0.000 0.310 0.000]
		[0.000 0.090 0.000]
		[0.614 -0.789 0.000]
		[-0.789 -0.614 0.000]
		[0.237 0.438 0.000]
		[0.000 0.500 0.000]
		[-0.296 0.830 -0.473]
		[-0.267 -0.547 -0.793]
		[-0.917 -0.109 0.383]
		[-0.247 0.318 0.000]
		[0.766 -0.434 -0.475]
		[-0.055 0.691 -0.721]
		[0.641 0.578 0.505]
		[0.000 0.292 0.000]
		[1.000 0.018 0.000]
		[-0.018 1.000 0.000]
		[0.000 0.321 0.000]
		[0.000 0.088 0.000]
		[0.621 0.784 0.000]
		[0.784 -0.621 0.000]
		[-0.235 0.436 0.000]
		[0.000 0.726 -0.688]
		[0.000 0.688 0.726]
		[0.000 0.402 0.000]
		[0.000 0.946 -0.324]
		[0.000 0.324 0.946]
		[0.000 0.110 0.000]
		[0.000 0.251 0.000]
		[0.000 -0.711 0.000]
		[100.000 0.000 0.000]
		[0.000 0.000 -100.000]
		[0.000 100.000 0.000]
		[0.000 0.000 0.000]]
}