{ :name "fall" :length 0.8333334 :bones { 
	"LegL" [
		[ 0 [ 0 1 2 3 ] ]
		[ 0.04166667 [ 4 5 6 7 ] ]
		[ 0.08333334 [ 8 9 10 7 ] ]
		[ 0.125 [ 11 12 13 14 ] ]
		[ 0.1666667 [ 15 16 17 18 ] ]
		[ 0.2083333 [ 19 20 21 22 ] ]
		[ 0.25 [ 23 16 24 22 ] ]
		[ 0.2916667 [ 25 26 27 22 ] ]
		[ 0.3333333 [ 28 29 30 22 ] ]
		[ 0.375 [ 31 32 33 22 ] ]
		[ 0.4166667 [ 34 35 36 22 ] ]
		[ 0.4583333 [ 31 32 33 22 ] ]
		[ 0.5 [ 28 29 30 37 ] ]
		[ 0.5416667 [ 25 26 27 37 ] ]
		[ 0.5833334 [ 15 16 17 37 ] ]
		[ 0.625 [ 38 20 39 37 ] ]
		[ 0.6666667 [ 15 16 17 40 ] ]
		[ 0.7083334 [ 11 12 13 41 ] ]
		[ 0.7500001 [ 8 9 10 7 ] ]
		[ 0.7916667 [ 4 5 6 42 ] ]
	]
	"KneeL" [
		[ 0 [ 43 44 45 46 ] ]
		[ 0.04166667 [ 43 44 45 46 ] ]
		[ 0.08333334 [ 43 44 45 46 ] ]
		[ 0.125 [ 43 44 45 46 ] ]
		[ 0.1666667 [ 43 44 45 46 ] ]
		[ 0.2083333 [ 43 44 45 46 ] ]
		[ 0.25 [ 47 48 49 46 ] ]
		[ 0.2916667 [ 50 51 52 46 ] ]
		[ 0.3333333 [ 53 54 55 46 ] ]
		[ 0.375 [ 56 57 58 46 ] ]
		[ 0.4166667 [ 59 60 61 46 ] ]
		[ 0.4583333 [ 56 57 58 46 ] ]
		[ 0.5 [ 53 54 55 46 ] ]
		[ 0.5416667 [ 50 51 52 46 ] ]
		[ 0.5833334 [ 47 48 49 46 ] ]
		[ 0.625 [ 43 44 45 46 ] ]
		[ 0.6666667 [ 43 44 45 46 ] ]
		[ 0.7083334 [ 43 44 45 46 ] ]
		[ 0.7500001 [ 43 44 45 46 ] ]
		[ 0.7916667 [ 43 44 45 46 ] ]
	]
	"FootL" [
		[ 0 [ 62 63 64 65 ] ]
	]
	"FootL_end" [
		[ 0 [ 66 67 68 69 ] ]
	]
	"LegR" [
		[ 0 [ 70 71 72 73 ] ]
		[ 0.04166667 [ 74 75 76 77 ] ]
		[ 0.08333334 [ 78 79 80 81 ] ]
		[ 0.125 [ 82 83 84 85 ] ]
		[ 0.1666667 [ 86 87 88 89 ] ]
		[ 0.2083333 [ 90 91 92 89 ] ]
		[ 0.25 [ 93 94 95 89 ] ]
		[ 0.2916667 [ 96 97 98 89 ] ]
		[ 0.3333333 [ 99 100 101 89 ] ]
		[ 0.375 [ 102 103 104 89 ] ]
		[ 0.4166667 [ 105 106 107 89 ] ]
		[ 0.4583333 [ 102 103 104 89 ] ]
		[ 0.5 [ 108 109 101 89 ] ]
		[ 0.5416667 [ 96 97 98 89 ] ]
		[ 0.5833334 [ 110 111 112 89 ] ]
		[ 0.625 [ 113 114 115 89 ] ]
		[ 0.6666667 [ 116 117 118 89 ] ]
		[ 0.7083334 [ 119 120 121 85 ] ]
		[ 0.7500001 [ 122 79 80 81 ] ]
		[ 0.7916667 [ 123 124 125 77 ] ]
	]
	"KneeR" [
		[ 0 [ 126 127 128 129 ] ]
		[ 0.04166667 [ 130 131 132 129 ] ]
		[ 0.08333334 [ 133 134 135 129 ] ]
		[ 0.125 [ 136 137 138 129 ] ]
		[ 0.1666667 [ 139 140 141 129 ] ]
		[ 0.2083333 [ 142 143 144 129 ] ]
		[ 0.25 [ 145 146 147 129 ] ]
		[ 0.2916667 [ 148 149 150 129 ] ]
		[ 0.3333333 [ 151 152 153 129 ] ]
		[ 0.375 [ 154 155 156 129 ] ]
		[ 0.4166667 [ 157 158 159 129 ] ]
		[ 0.4583333 [ 154 155 156 129 ] ]
		[ 0.5 [ 151 152 153 129 ] ]
		[ 0.5416667 [ 148 149 150 129 ] ]
		[ 0.5833334 [ 145 146 147 129 ] ]
		[ 0.625 [ 142 143 144 129 ] ]
		[ 0.6666667 [ 160 161 162 129 ] ]
		[ 0.7083334 [ 163 164 165 129 ] ]
		[ 0.7500001 [ 166 167 135 129 ] ]
		[ 0.7916667 [ 130 131 132 129 ] ]
	]
	"FootR" [
		[ 0 [ 168 169 170 171 ] ]
	]
	"FootR_end" [
		[ 0 [ 66 67 68 172 ] ]
	]
	"Root" [
		[ 0 [ 66 173 174 175 ] ]
		[ 0.04166667 [ 66 176 177 178 ] ]
		[ 0.08333334 [ 66 179 180 181 ] ]
		[ 0.125 [ 66 182 183 184 ] ]
		[ 0.1666667 [ 66 185 186 187 ] ]
		[ 0.2083333 [ 66 68 188 189 ] ]
		[ 0.25 [ 66 190 191 192 ] ]
		[ 0.2916667 [ 66 193 194 192 ] ]
		[ 0.3333333 [ 66 195 196 192 ] ]
		[ 0.375 [ 66 197 198 192 ] ]
		[ 0.4166667 [ 66 199 200 192 ] ]
		[ 0.4583333 [ 66 68 188 192 ] ]
		[ 0.5 [ 66 201 202 192 ] ]
		[ 0.5416667 [ 66 203 204 205 ] ]
		[ 0.5833334 [ 66 203 204 205 ] ]
		[ 0.625 [ 66 68 188 205 ] ]
		[ 0.6666667 [ 66 206 207 208 ] ]
		[ 0.7083334 [ 66 209 210 211 ] ]
		[ 0.7500001 [ 66 212 213 214 ] ]
		[ 0.7916667 [ 66 215 216 178 ] ]
	]
	"Spine" [
		[ 0 [ 66 217 218 219 ] ]
		[ 0.04166667 [ 66 220 221 219 ] ]
		[ 0.08333334 [ 66 222 223 219 ] ]
		[ 0.125 [ 66 224 225 219 ] ]
		[ 0.1666667 [ 66 226 227 219 ] ]
		[ 0.2083333 [ 66 228 229 219 ] ]
		[ 0.25 [ 66 230 231 219 ] ]
		[ 0.2916667 [ 66 232 233 219 ] ]
		[ 0.3333333 [ 66 234 235 219 ] ]
		[ 0.375 [ 66 236 237 219 ] ]
		[ 0.4166667 [ 66 238 239 219 ] ]
		[ 0.4583333 [ 66 240 241 219 ] ]
		[ 0.5 [ 66 240 241 219 ] ]
		[ 0.5416667 [ 66 238 239 219 ] ]
		[ 0.5833334 [ 66 242 243 219 ] ]
		[ 0.625 [ 66 244 245 219 ] ]
		[ 0.6666667 [ 66 246 247 219 ] ]
		[ 0.7083334 [ 66 248 249 219 ] ]
		[ 0.7500001 [ 66 250 251 219 ] ]
		[ 0.7916667 [ 66 252 253 219 ] ]
	]
	"ArmL" [
		[ 0 [ 254 255 256 257 ] ]
		[ 0.04166667 [ 258 259 260 257 ] ]
		[ 0.08333334 [ 261 262 263 257 ] ]
		[ 0.125 [ 264 265 266 257 ] ]
		[ 0.1666667 [ 267 268 269 257 ] ]
		[ 0.2083333 [ 270 271 272 257 ] ]
		[ 0.25 [ 273 274 275 257 ] ]
		[ 0.2916667 [ 276 277 278 257 ] ]
		[ 0.3333333 [ 279 280 281 257 ] ]
		[ 0.375 [ 282 283 284 257 ] ]
		[ 0.4166667 [ 285 286 287 257 ] ]
		[ 0.4583333 [ 288 289 290 257 ] ]
		[ 0.5 [ 291 292 293 257 ] ]
		[ 0.5416667 [ 294 295 296 257 ] ]
		[ 0.5833334 [ 297 298 299 257 ] ]
		[ 0.625 [ 300 301 302 257 ] ]
		[ 0.6666667 [ 303 304 305 257 ] ]
		[ 0.7083334 [ 306 307 308 257 ] ]
		[ 0.7500001 [ 309 310 311 257 ] ]
		[ 0.7916667 [ 312 313 314 257 ] ]
	]
	"FArmL" [
		[ 0 [ 315 316 68 317 ] ]
	]
	"HandL" [
		[ 0 [ 318 319 68 320 ] ]
	]
	"HandL_end" [
		[ 0 [ 66 67 68 321 ] ]
	]
	"WingL" [
		[ 0 [ 322 68 323 324 ] ]
	]
	"WingL_end" [
		[ 0 [ 66 67 68 325 ] ]
	]
	"ArmR" [
		[ 0 [ 326 327 328 329 ] ]
		[ 0.04166667 [ 330 331 332 329 ] ]
		[ 0.08333334 [ 333 334 335 329 ] ]
		[ 0.125 [ 336 337 338 329 ] ]
		[ 0.1666667 [ 339 340 341 329 ] ]
		[ 0.2083333 [ 342 343 344 329 ] ]
		[ 0.25 [ 345 346 347 329 ] ]
		[ 0.2916667 [ 348 349 350 329 ] ]
		[ 0.3333333 [ 351 352 353 329 ] ]
		[ 0.375 [ 354 355 356 329 ] ]
		[ 0.4166667 [ 357 358 359 329 ] ]
		[ 0.4583333 [ 360 361 362 329 ] ]
		[ 0.5 [ 363 364 365 329 ] ]
		[ 0.5416667 [ 366 367 368 329 ] ]
		[ 0.5833334 [ 369 370 371 329 ] ]
		[ 0.625 [ 372 373 374 329 ] ]
		[ 0.6666667 [ 375 376 377 329 ] ]
		[ 0.7083334 [ 378 379 380 329 ] ]
		[ 0.7500001 [ 381 382 383 329 ] ]
		[ 0.7916667 [ 384 385 386 329 ] ]
	]
	"FArmR" [
		[ 0 [ 387 388 68 389 ] ]
	]
	"HandR" [
		[ 0 [ 390 391 68 392 ] ]
	]
	"HandR_end" [
		[ 0 [ 66 67 68 393 ] ]
	]
	"WingR" [
		[ 0 [ 394 68 395 396 ] ]
	]
	"WingR_end" [
		[ 0 [ 66 67 68 325 ] ]
	]
	"Neck" [
		[ 0 [ 66 67 68 397 ] ]
	]
	"Head" [
		[ 0 [ 66 398 399 400 ] ]
		[ 0.04166667 [ 66 401 402 400 ] ]
		[ 0.08333334 [ 66 403 404 400 ] ]
		[ 0.125 [ 66 405 406 400 ] ]
		[ 0.1666667 [ 66 407 408 400 ] ]
		[ 0.2083333 [ 66 409 410 400 ] ]
		[ 0.25 [ 66 409 410 400 ] ]
		[ 0.2916667 [ 66 411 412 400 ] ]
		[ 0.3333333 [ 66 413 414 400 ] ]
		[ 0.375 [ 66 415 416 400 ] ]
		[ 0.4166667 [ 66 417 418 400 ] ]
		[ 0.4583333 [ 66 419 420 400 ] ]
		[ 0.5 [ 66 421 422 400 ] ]
		[ 0.5416667 [ 66 423 424 400 ] ]
		[ 0.5833334 [ 66 425 426 400 ] ]
		[ 0.625 [ 66 427 428 400 ] ]
		[ 0.6666667 [ 66 429 430 400 ] ]
		[ 0.7083334 [ 66 431 432 400 ] ]
		[ 0.7500001 [ 66 433 434 400 ] ]
		[ 0.7916667 [ 66 435 436 400 ] ]
	]
	"Head_end" [
		[ 0 [ 66 67 68 437 ] ]
	]
	"WingBack" [
		[ 0 [ 67 68 66 438 ] ]
	]
	"WingBack_end" [
		[ 0 [ 66 67 68 325 ] ]
	]
	"Player" [
		[ 0 [ 439 440 441 442 ] ]
	]
	}
	:resources [
		[-0.103 -0.768 -0.632]
		[-0.017 0.637 -0.771]
		[0.995 -0.069 -0.079]
		[0.108 -0.029 0.932]
		[-0.103 -0.788 -0.607]
		[-0.017 0.611 -0.791]
		[0.995 -0.071 -0.076]
		[0.108 -0.028 0.931]
		[-0.103 -0.832 -0.545]
		[-0.017 0.549 -0.836]
		[0.995 -0.077 -0.071]
		[-0.103 -0.880 -0.464]
		[-0.017 0.468 -0.884]
		[0.995 -0.083 -0.063]
		[0.108 -0.027 0.930]
		[-0.103 -0.913 -0.395]
		[-0.017 0.399 -0.917]
		[0.995 -0.088 -0.056]
		[0.108 -0.026 0.930]
		[-0.104 -0.922 -0.372]
		[-0.017 0.376 -0.927]
		[0.994 -0.090 -0.054]
		[0.108 -0.025 0.930]
		[-0.104 -0.913 -0.395]
		[0.994 -0.089 -0.056]
		[-0.103 -0.888 -0.447]
		[-0.017 0.451 -0.892]
		[0.995 -0.084 -0.061]
		[-0.102 -0.853 -0.512]
		[-0.017 0.516 -0.856]
		[0.995 -0.079 -0.068]
		[-0.101 -0.818 -0.566]
		[-0.018 0.570 -0.821]
		[0.995 -0.073 -0.073]
		[-0.101 -0.802 -0.588]
		[-0.018 0.593 -0.805]
		[0.995 -0.071 -0.075]
		[0.108 -0.025 0.931]
		[-0.103 -0.922 -0.372]
		[0.995 -0.089 -0.054]
		[0.108 -0.026 0.931]
		[0.108 -0.027 0.931]
		[0.108 -0.029 0.931]
		[0.998 0.056 -0.004]
		[-0.056 0.989 -0.138]
		[-0.004 0.138 0.990]
		[0.000 0.523 0.000]
		[0.999 -0.045 -0.005]
		[0.044 0.991 -0.128]
		[0.011 0.128 0.992]
		[0.957 -0.289 -0.014]
		[0.286 0.953 -0.104]
		[0.043 0.095 0.995]
		[0.828 -0.559 -0.032]
		[0.556 0.828 -0.078]
		[0.070 0.047 0.996]
		[0.670 -0.741 -0.051]
		[0.738 0.672 -0.062]
		[0.080 0.003 0.997]
		[0.588 -0.807 -0.061]
		[0.805 0.591 -0.056]
		[0.081 -0.016 0.997]
		[0.114 0.993 -0.006]
		[-0.993 0.114 -0.007]
		[-0.007 0.007 1.000]
		[0.000 0.380 0.000]
		[1.000 0.000 0.000]
		[0.000 1.000 0.000]
		[0.000 0.000 1.000]
		[0.000 0.159 0.000]
		[-0.222 0.798 0.561]
		[-0.018 0.572 -0.820]
		[-0.975 -0.192 -0.113]
		[-0.109 -0.028 0.931]
		[-0.222 0.784 0.579]
		[-0.018 0.591 -0.807]
		[-0.975 -0.189 -0.117]
		[-0.109 -0.027 0.931]
		[-0.222 0.761 0.609]
		[-0.018 0.622 -0.783]
		[-0.975 -0.185 -0.124]
		[-0.109 -0.026 0.931]
		[-0.222 0.729 0.648]
		[-0.018 0.661 -0.750]
		[-0.975 -0.178 -0.134]
		[-0.109 -0.025 0.931]
		[-0.222 0.700 0.679]
		[-0.018 0.693 -0.721]
		[-0.975 -0.172 -0.141]
		[-0.109 -0.024 0.931]
		[-0.222 0.689 0.690]
		[-0.018 0.704 -0.710]
		[-0.975 -0.170 -0.144]
		[-0.222 0.711 0.668]
		[-0.018 0.682 -0.731]
		[-0.975 -0.174 -0.139]
		[-0.222 0.766 0.603]
		[-0.018 0.615 -0.788]
		[-0.975 -0.186 -0.123]
		[-0.222 0.825 0.520]
		[-0.018 0.530 -0.848]
		[-0.975 -0.197 -0.103]
		[-0.222 0.866 0.448]
		[-0.018 0.456 -0.890]
		[-0.975 -0.206 -0.086]
		[-0.222 0.882 0.415]
		[-0.018 0.422 -0.907]
		[-0.975 -0.209 -0.078]
		[-0.222 0.823 0.523]
		[-0.018 0.532 -0.846]
		[-0.222 0.713 0.665]
		[-0.018 0.679 -0.734]
		[-0.975 -0.175 -0.138]
		[-0.222 0.686 0.693]
		[-0.018 0.708 -0.706]
		[-0.975 -0.169 -0.145]
		[-0.222 0.696 0.683]
		[-0.018 0.698 -0.716]
		[-0.975 -0.171 -0.142]
		[-0.222 0.726 0.651]
		[-0.018 0.664 -0.747]
		[-0.975 -0.177 -0.135]
		[-0.222 0.761 0.610]
		[-0.222 0.787 0.575]
		[-0.018 0.587 -0.810]
		[-0.975 -0.190 -0.116]
		[0.892 0.388 -0.233]
		[-0.425 0.895 -0.135]
		[0.156 0.219 0.963]
		[0.000 0.525 0.000]
		[0.873 0.430 -0.230]
		[-0.465 0.876 -0.125]
		[0.147 0.216 0.965]
		[0.820 0.528 -0.219]
		[-0.558 0.824 -0.103]
		[0.126 0.207 0.970]
		[0.744 0.636 -0.204]
		[-0.660 0.747 -0.079]
		[0.102 0.193 0.976]
		[0.669 0.719 -0.188]
		[-0.738 0.672 -0.059]
		[0.084 0.179 0.980]
		[0.637 0.749 -0.182]
		[-0.767 0.639 -0.052]
		[0.077 0.173 0.982]
		[0.693 0.694 -0.193]
		[-0.715 0.696 -0.065]
		[0.089 0.183 0.979]
		[0.798 0.563 -0.215]
		[-0.591 0.801 -0.095]
		[0.118 0.203 0.972]
		[0.896 0.377 -0.234]
		[-0.414 0.900 -0.137]
		[0.159 0.220 0.963]
		[0.947 0.212 -0.242]
		[-0.258 0.950 -0.174]
		[0.193 0.227 0.954]
		[0.960 0.137 -0.244]
		[-0.186 0.964 -0.190]
		[0.209 0.228 0.951]
		[0.668 0.720 -0.188]
		[-0.740 0.670 -0.059]
		[0.084 0.178 0.980]
		[0.745 0.635 -0.204]
		[-0.659 0.748 -0.079]
		[0.103 0.193 0.976]
		[0.821 0.528 -0.219]
		[-0.557 0.824 -0.103]
		[0.105 -0.994 0.003]
		[0.994 0.105 -0.007]
		[0.006 0.004 1.000]
		[0.000 0.381 0.000]
		[0.000 0.158 0.000]
		[0.000 0.177 0.984]
		[0.000 -0.984 0.177]
		[0.000 0.007 0.990]
		[0.000 0.154 0.988]
		[0.000 -0.988 0.154]
		[0.000 0.006 0.990]
		[0.000 0.115 0.993]
		[0.000 -0.993 0.115]
		[0.000 0.005 0.991]
		[0.000 0.066 0.998]
		[0.000 -0.998 0.066]
		[0.000 0.003 0.992]
		[0.000 0.023 1.000]
		[0.000 -1.000 0.023]
		[0.000 0.001 0.992]
		[0.000 -1.000 0.000]
		[0.000 0.000 0.992]
		[0.000 -0.006 1.000]
		[0.000 -1.000 -0.006]
		[0.000 0.000 0.991]
		[0.000 -0.008 1.000]
		[0.000 -1.000 -0.008]
		[0.000 -0.007 1.000]
		[0.000 -1.000 -0.007]
		[0.000 -0.004 1.000]
		[0.000 -1.000 -0.004]
		[0.000 -0.001 1.000]
		[0.000 -1.000 -0.001]
		[0.000 -0.002 1.000]
		[0.000 -1.000 -0.002]
		[0.000 -0.005 1.000]
		[0.000 -1.000 -0.005]
		[0.000 0.000 0.990]
		[0.000 0.024 1.000]
		[0.000 -1.000 0.024]
		[0.000 0.001 0.990]
		[0.000 0.069 0.998]
		[0.000 -0.998 0.069]
		[0.000 0.003 0.990]
		[0.000 0.118 0.993]
		[0.000 -0.993 0.118]
		[0.000 0.005 0.990]
		[0.000 0.159 0.987]
		[0.000 -0.987 0.159]
		[0.000 0.871 -0.492]
		[0.000 0.492 0.871]
		[0.000 0.174 0.000]
		[0.000 0.864 -0.503]
		[0.000 0.503 0.864]
		[0.000 0.854 -0.520]
		[0.000 0.520 0.854]
		[0.000 0.840 -0.542]
		[0.000 0.542 0.840]
		[0.000 0.825 -0.566]
		[0.000 0.566 0.825]
		[0.000 0.807 -0.590]
		[0.000 0.590 0.807]
		[0.000 0.790 -0.613]
		[0.000 0.613 0.790]
		[0.000 0.775 -0.632]
		[0.000 0.632 0.775]
		[0.000 0.762 -0.647]
		[0.000 0.647 0.762]
		[0.000 0.755 -0.656]
		[0.000 0.656 0.755]
		[0.000 0.752 -0.659]
		[0.000 0.659 0.752]
		[0.000 0.751 -0.660]
		[0.000 0.660 0.751]
		[0.000 0.753 -0.658]
		[0.000 0.658 0.753]
		[0.000 0.757 -0.654]
		[0.000 0.654 0.757]
		[0.000 0.771 -0.637]
		[0.000 0.637 0.771]
		[0.000 0.798 -0.603]
		[0.000 0.603 0.798]
		[0.000 0.833 -0.553]
		[0.000 0.553 0.833]
		[0.000 0.860 -0.510]
		[0.000 0.510 0.860]
		[-0.321 -0.452 0.832]
		[0.927 -0.330 0.178]
		[0.194 0.829 0.525]
		[0.242 0.316 0.000]
		[-0.373 -0.429 0.823]
		[0.917 -0.307 0.255]
		[0.144 0.850 0.508]
		[-0.495 -0.378 0.783]
		[0.869 -0.242 0.432]
		[0.026 0.893 0.448]
		[-0.631 -0.329 0.703]
		[0.770 -0.147 0.621]
		[-0.101 0.933 0.346]
		[-0.730 -0.297 0.615]
		[0.657 -0.056 0.752]
		[-0.189 0.953 0.236]
		[-0.768 -0.282 0.575]
		[0.601 -0.007 0.799]
		[-0.221 0.959 0.175]
		[-0.728 -0.308 0.613]
		[0.633 0.042 0.773]
		[-0.264 0.950 0.165]
		[-0.615 -0.374 0.694]
		[0.703 0.137 0.698]
		[-0.356 0.917 0.179]
		[-0.458 -0.435 0.776]
		[0.771 0.241 0.590]
		[-0.444 0.868 0.225]
		[-0.298 -0.471 0.830]
		[0.823 0.313 0.473]
		[-0.483 0.825 0.295]
		[-0.193 -0.486 0.853]
		[0.878 0.303 0.371]
		[-0.439 0.820 0.368]
		[-0.121 -0.484 0.866]
		[0.941 0.222 0.256]
		[-0.316 0.846 0.429]
		[-0.050 -0.466 0.883]
		[0.991 0.087 0.102]
		[-0.125 0.880 0.458]
		[0.009 -0.449 0.894]
		[0.997 -0.065 -0.043]
		[0.077 0.891 0.447]
		[0.036 -0.436 0.899]
		[0.970 -0.200 -0.136]
		[0.239 0.878 0.416]
		[0.008 -0.431 0.902]
		[0.949 -0.282 -0.144]
		[0.316 0.857 0.406]
		[-0.062 -0.429 0.901]
		[0.942 -0.323 -0.089]
		[0.329 0.843 0.425]
		[-0.149 -0.432 0.889]
		[0.941 -0.338 -0.007]
		[0.304 0.836 0.457]
		[-0.234 -0.440 0.867]
		[0.937 -0.339 0.081]
		[0.258 0.832 0.491]
		[-0.297 -0.448 0.843]
		[0.931 -0.334 0.150]
		[0.214 0.830 0.516]
		[0.970 0.244 0.000]
		[-0.244 0.970 0.000]
		[0.000 0.296 0.000]
		[1.000 0.017 0.000]
		[-0.017 1.000 0.000]
		[0.000 0.310 0.000]
		[0.000 0.090 0.000]
		[0.614 -0.789 0.000]
		[-0.789 -0.614 0.000]
		[0.237 0.438 0.000]
		[0.000 0.500 0.000]
		[-0.352 0.577 -0.737]
		[-0.924 -0.341 0.175]
		[-0.151 0.743 0.653]
		[-0.247 0.318 0.000]
		[-0.398 0.542 -0.740]
		[-0.912 -0.323 0.254]
		[-0.102 0.775 0.623]
		[-0.509 0.461 -0.727]
		[-0.861 -0.265 0.435]
		[0.008 0.847 0.532]
		[-0.637 0.369 -0.677]
		[-0.761 -0.167 0.626]
		[0.118 0.914 0.387]
		[-0.735 0.298 -0.609]
		[-0.652 -0.062 0.756]
		[0.187 0.953 0.240]
		[-0.773 0.262 -0.578]
		[-0.598 0.001 0.801]
		[0.211 0.965 0.156]
		[-0.726 0.289 -0.624]
		[-0.636 0.066 0.769]
		[0.264 0.955 0.136]
		[-0.587 0.364 -0.723]
		[-0.716 0.184 0.674]
		[0.378 0.913 0.152]
		[-0.388 0.428 -0.816]
		[-0.784 0.311 0.537]
		[0.484 0.848 0.215]
		[-0.190 0.463 -0.866]
		[-0.829 0.397 0.394]
		[0.526 0.793 0.308]
		[-0.054 0.482 -0.874]
		[-0.878 0.394 0.272]
		[0.476 0.782 0.402]
		[0.041 0.491 -0.870]
		[-0.946 0.299 0.124]
		[0.321 0.818 0.477]
		[0.116 0.496 -0.860]
		[-0.988 0.146 -0.049]
		[0.101 0.856 0.507]
		[0.171 0.502 -0.848]
		[-0.977 -0.026 -0.213]
		[-0.129 0.864 0.486]
		[0.183 0.510 -0.840]
		[-0.933 -0.180 -0.313]
		[-0.311 0.841 0.443]
		[0.135 0.515 -0.846]
		[-0.907 -0.279 -0.314]
		[-0.398 0.810 0.430]
		[0.036 0.521 -0.853]
		[-0.912 -0.331 -0.241]
		[-0.408 0.787 0.463]
		[-0.096 0.535 -0.840]
		[-0.930 -0.349 -0.116]
		[-0.355 0.769 0.531]
		[-0.223 0.553 -0.803]
		[-0.937 -0.350 0.020]
		[-0.270 0.756 0.596]
		[-0.317 0.569 -0.759]
		[-0.930 -0.344 0.130]
		[-0.187 0.747 0.638]
		[0.968 -0.252 0.000]
		[0.252 0.968 0.000]
		[0.000 0.292 0.000]
		[1.000 0.018 0.000]
		[-0.018 1.000 0.000]
		[0.000 0.321 0.000]
		[0.000 0.088 0.000]
		[0.621 0.784 0.000]
		[0.784 -0.621 0.000]
		[-0.235 0.436 0.000]
		[0.000 0.402 0.000]
		[0.000 0.992 -0.128]
		[0.000 0.128 0.992]
		[0.000 0.110 0.000]
		[0.000 0.996 -0.092]
		[0.000 0.092 0.996]
		[0.000 1.000 -0.007]
		[0.000 0.007 1.000]
		[0.000 0.996 0.095]
		[0.000 -0.095 0.996]
		[0.000 0.985 0.174]
		[0.000 -0.174 0.985]
		[0.000 0.977 0.214]
		[0.000 -0.214 0.977]
		[0.000 0.981 0.195]
		[0.000 -0.195 0.981]
		[0.000 0.986 0.169]
		[0.000 -0.169 0.986]
		[0.000 0.989 0.149]
		[0.000 -0.149 0.989]
		[0.000 0.990 0.141]
		[0.000 -0.141 0.990]
		[0.000 0.990 0.143]
		[0.000 -0.143 0.990]
		[0.000 0.989 0.150]
		[0.000 -0.150 0.989]
		[0.000 0.987 0.158]
		[0.000 -0.158 0.987]
		[0.000 0.986 0.165]
		[0.000 -0.165 0.986]
		[0.000 0.986 0.166]
		[0.000 -0.166 0.986]
		[0.000 0.990 0.138]
		[0.000 -0.138 0.990]
		[0.000 0.998 0.065]
		[0.000 -0.065 0.998]
		[0.000 1.000 -0.025]
		[0.000 0.025 1.000]
		[0.000 0.995 -0.097]
		[0.000 0.097 0.995]
		[0.000 0.251 0.000]
		[0.000 -0.711 0.000]
		[100.000 0.000 0.000]
		[0.000 0.000 -100.000]
		[0.000 100.000 0.000]
		[0.000 0.000 0.000]]
}