{ :name "idle" :length 0.04166667 :bones { 
	"LegL" [
		[ 0 [ 0 1 2 3 ] ]
	]
	"KneeL" [
		[ 0 [ 4 5 6 7 ] ]
	]
	"FootL" [
		[ 0 [ 8 9 10 11 ] ]
	]
	"FootL_end" [
		[ 0 [ 12 13 14 15 ] ]
	]
	"LegR" [
		[ 0 [ 16 17 18 19 ] ]
	]
	"KneeR" [
		[ 0 [ 20 21 22 23 ] ]
	]
	"FootR" [
		[ 0 [ 24 25 26 27 ] ]
	]
	"FootR_end" [
		[ 0 [ 12 13 14 28 ] ]
	]
	"Root" [
		[ 0 [ 12 14 29 30 ] ]
	]
	"Spine" [
		[ 0 [ 12 13 14 31 ] ]
	]
	"ArmL" [
		[ 0 [ 32 33 14 34 ] ]
	]
	"FArmL" [
		[ 0 [ 35 36 14 37 ] ]
	]
	"HandL" [
		[ 0 [ 38 39 14 40 ] ]
	]
	"HandL_end" [
		[ 0 [ 12 13 14 41 ] ]
	]
	"WingL" [
		[ 0 [ 42 14 43 44 ] ]
	]
	"WingL_end" [
		[ 0 [ 12 13 14 45 ] ]
	]
	"ArmR" [
		[ 0 [ 46 47 14 48 ] ]
	]
	"FArmR" [
		[ 0 [ 49 50 14 51 ] ]
	]
	"HandR" [
		[ 0 [ 52 53 14 54 ] ]
	]
	"HandR_end" [
		[ 0 [ 12 13 14 55 ] ]
	]
	"WingR" [
		[ 0 [ 56 14 57 58 ] ]
	]
	"WingR_end" [
		[ 0 [ 12 13 14 45 ] ]
	]
	"Neck" [
		[ 0 [ 12 13 14 59 ] ]
	]
	"Head" [
		[ 0 [ 12 13 14 60 ] ]
	]
	"Head_end" [
		[ 0 [ 12 13 14 61 ] ]
	]
	"WingBack" [
		[ 0 [ 13 14 12 62 ] ]
	]
	"WingBack_end" [
		[ 0 [ 12 13 14 45 ] ]
	]
	"Player" [
		[ 0 [ 63 64 65 66 ] ]
	]
	}
	:resources [
		[-0.006 -1.000 0.028]
		[0.221 -0.029 -0.975]
		[0.975 0.000 0.221]
		[0.108 -0.025 0.930]
		[0.998 0.056 -0.004]
		[-0.056 0.989 -0.138]
		[-0.004 0.138 0.990]
		[0.000 0.523 0.000]
		[0.114 0.993 -0.006]
		[-0.993 0.114 -0.007]
		[-0.007 0.007 1.000]
		[0.000 0.380 0.000]
		[1.000 0.000 0.000]
		[0.000 1.000 0.000]
		[0.000 0.000 1.000]
		[0.000 0.159 0.000]
		[-0.006 1.000 -0.026]
		[-0.227 -0.027 -0.974]
		[-0.974 0.000 0.227]
		[-0.109 -0.024 0.930]
		[0.998 -0.060 0.005]
		[0.060 0.989 -0.139]
		[0.004 0.139 0.990]
		[0.000 0.525 0.000]
		[0.105 -0.994 0.003]
		[0.994 0.105 -0.007]
		[0.006 0.004 1.000]
		[0.000 0.381 0.000]
		[0.000 0.158 0.000]
		[0.000 -1.000 0.000]
		[0.000 0.000 0.993]
		[0.000 0.174 0.000]
		[-0.987 -0.161 0.000]
		[0.161 -0.987 0.000]
		[0.242 0.254 0.000]
		[0.997 0.080 0.000]
		[-0.080 0.997 0.000]
		[0.000 0.254 0.000]
		[1.000 0.017 0.000]
		[-0.017 1.000 0.000]
		[0.000 0.310 0.000]
		[0.000 0.090 0.000]
		[0.614 -0.789 0.000]
		[-0.789 -0.614 0.000]
		[0.237 0.438 0.000]
		[0.000 0.500 0.000]
		[-0.982 0.189 0.000]
		[-0.189 -0.982 0.000]
		[-0.247 0.256 0.000]
		[0.996 -0.087 0.000]
		[0.087 0.996 0.000]
		[0.000 0.249 0.000]
		[1.000 0.018 0.000]
		[-0.018 1.000 0.000]
		[0.000 0.321 0.000]
		[0.000 0.088 0.000]
		[0.621 0.784 0.000]
		[0.784 -0.621 0.000]
		[-0.235 0.436 0.000]
		[0.000 0.402 0.000]
		[0.000 0.110 0.000]
		[0.000 0.251 0.000]
		[0.000 -0.711 0.000]
		[100.000 0.000 0.000]
		[0.000 0.000 -100.000]
		[0.000 100.000 0.000]
		[0.000 0.000 0.000]]
}