{ :name "jump" :length 0.8333334 :bones { 
	"LegL" [
		[ 0 [ 0 1 2 3 ] ]
		[ 0.04166667 [ 4 5 6 3 ] ]
		[ 0.08333334 [ 7 8 9 3 ] ]
		[ 0.125 [ 10 11 12 13 ] ]
		[ 0.1666667 [ 14 15 16 13 ] ]
		[ 0.2083333 [ 17 18 19 13 ] ]
		[ 0.25 [ 20 21 22 13 ] ]
		[ 0.2916667 [ 23 24 25 13 ] ]
		[ 0.3333333 [ 26 27 28 13 ] ]
		[ 0.375 [ 29 30 31 32 ] ]
		[ 0.4166667 [ 33 34 35 32 ] ]
		[ 0.4583333 [ 36 37 38 32 ] ]
		[ 0.5 [ 39 40 41 32 ] ]
		[ 0.5416667 [ 42 43 44 32 ] ]
		[ 0.5833334 [ 45 46 47 32 ] ]
		[ 0.625 [ 48 49 50 32 ] ]
		[ 0.6666667 [ 51 52 53 54 ] ]
		[ 0.7083334 [ 55 56 57 58 ] ]
		[ 0.7500001 [ 59 60 61 62 ] ]
		[ 0.7916667 [ 63 64 65 66 ] ]
	]
	"KneeL" [
		[ 0 [ 67 68 69 70 ] ]
		[ 0.04166667 [ 71 72 73 70 ] ]
		[ 0.08333334 [ 74 75 76 70 ] ]
		[ 0.125 [ 77 78 79 70 ] ]
		[ 0.1666667 [ 80 81 82 70 ] ]
		[ 0.2083333 [ 83 84 85 70 ] ]
		[ 0.25 [ 86 87 88 70 ] ]
		[ 0.2916667 [ 89 78 79 70 ] ]
		[ 0.3333333 [ 90 91 92 70 ] ]
		[ 0.375 [ 93 94 95 70 ] ]
		[ 0.4166667 [ 96 97 98 70 ] ]
		[ 0.4583333 [ 99 100 101 70 ] ]
		[ 0.5 [ 102 103 104 70 ] ]
		[ 0.5416667 [ 105 106 107 70 ] ]
		[ 0.5833334 [ 108 109 110 70 ] ]
		[ 0.625 [ 111 112 113 70 ] ]
		[ 0.6666667 [ 114 115 116 70 ] ]
		[ 0.7083334 [ 117 118 119 70 ] ]
		[ 0.7500001 [ 120 121 122 70 ] ]
		[ 0.7916667 [ 123 124 125 70 ] ]
	]
	"FootL" [
		[ 0 [ 126 127 128 129 ] ]
	]
	"FootL_end" [
		[ 0 [ 130 131 132 133 ] ]
	]
	"LegR" [
		[ 0 [ 134 135 136 137 ] ]
		[ 0.04166667 [ 138 139 140 137 ] ]
		[ 0.08333334 [ 141 142 143 137 ] ]
		[ 0.125 [ 144 145 146 137 ] ]
		[ 0.1666667 [ 147 148 149 137 ] ]
		[ 0.2083333 [ 150 151 152 153 ] ]
		[ 0.25 [ 154 155 156 153 ] ]
		[ 0.2916667 [ 157 158 159 153 ] ]
		[ 0.3333333 [ 160 161 162 153 ] ]
		[ 0.375 [ 163 164 165 153 ] ]
		[ 0.4166667 [ 166 167 168 153 ] ]
		[ 0.4583333 [ 169 170 171 153 ] ]
		[ 0.5 [ 172 173 174 175 ] ]
		[ 0.5416667 [ 176 177 178 175 ] ]
		[ 0.5833334 [ 179 180 181 175 ] ]
		[ 0.625 [ 182 183 184 175 ] ]
		[ 0.6666667 [ 185 186 187 188 ] ]
		[ 0.7083334 [ 189 190 191 192 ] ]
		[ 0.7500001 [ 193 194 195 196 ] ]
		[ 0.7916667 [ 197 198 199 200 ] ]
	]
	"KneeR" [
		[ 0 [ 201 202 203 204 ] ]
		[ 0.04166667 [ 205 206 207 204 ] ]
		[ 0.08333334 [ 208 209 210 204 ] ]
		[ 0.125 [ 211 212 213 204 ] ]
		[ 0.1666667 [ 214 215 216 204 ] ]
		[ 0.2083333 [ 217 218 219 204 ] ]
		[ 0.25 [ 220 221 216 204 ] ]
		[ 0.2916667 [ 222 223 224 204 ] ]
		[ 0.3333333 [ 225 226 210 204 ] ]
		[ 0.375 [ 227 228 229 204 ] ]
		[ 0.4166667 [ 230 231 203 204 ] ]
		[ 0.4583333 [ 230 231 203 204 ] ]
		[ 0.5 [ 232 233 234 204 ] ]
		[ 0.5416667 [ 235 236 237 204 ] ]
		[ 0.5833334 [ 238 236 239 204 ] ]
		[ 0.625 [ 230 231 203 204 ] ]
		[ 0.6666667 [ 240 241 242 204 ] ]
		[ 0.7083334 [ 243 244 245 204 ] ]
		[ 0.7500001 [ 246 247 248 204 ] ]
		[ 0.7916667 [ 249 250 251 204 ] ]
	]
	"FootR" [
		[ 0 [ 252 253 254 255 ] ]
	]
	"FootR_end" [
		[ 0 [ 130 131 132 256 ] ]
	]
	"Root" [
		[ 0 [ 130 257 258 259 ] ]
		[ 0.04166667 [ 130 257 258 260 ] ]
		[ 0.08333334 [ 130 257 258 260 ] ]
		[ 0.125 [ 130 257 258 260 ] ]
		[ 0.1666667 [ 130 257 258 260 ] ]
		[ 0.2083333 [ 130 257 258 260 ] ]
		[ 0.25 [ 130 257 258 260 ] ]
		[ 0.2916667 [ 130 257 258 260 ] ]
		[ 0.3333333 [ 130 257 258 260 ] ]
		[ 0.375 [ 130 257 258 260 ] ]
		[ 0.4166667 [ 130 257 258 260 ] ]
		[ 0.4583333 [ 130 257 258 260 ] ]
		[ 0.5 [ 130 257 258 261 ] ]
		[ 0.5416667 [ 130 257 258 261 ] ]
		[ 0.5833334 [ 130 257 258 261 ] ]
		[ 0.625 [ 130 262 263 261 ] ]
		[ 0.6666667 [ 130 264 265 266 ] ]
		[ 0.7083334 [ 130 267 268 269 ] ]
		[ 0.7500001 [ 130 270 271 272 ] ]
		[ 0.7916667 [ 130 273 274 275 ] ]
	]
	"Spine" [
		[ 0 [ 276 277 278 279 ] ]
		[ 0.04166667 [ 280 281 282 279 ] ]
		[ 0.08333334 [ 283 284 285 279 ] ]
		[ 0.125 [ 286 287 288 279 ] ]
		[ 0.1666667 [ 289 290 291 279 ] ]
		[ 0.2083333 [ 292 293 294 279 ] ]
		[ 0.25 [ 295 296 297 279 ] ]
		[ 0.2916667 [ 298 299 300 279 ] ]
		[ 0.3333333 [ 301 302 303 279 ] ]
		[ 0.375 [ 304 305 306 279 ] ]
		[ 0.4166667 [ 307 308 309 279 ] ]
		[ 0.4583333 [ 310 311 312 279 ] ]
		[ 0.5 [ 313 314 315 279 ] ]
		[ 0.5416667 [ 316 317 318 279 ] ]
		[ 0.5833334 [ 319 320 321 279 ] ]
		[ 0.625 [ 322 323 324 279 ] ]
		[ 0.6666667 [ 325 326 327 279 ] ]
		[ 0.7083334 [ 328 329 330 279 ] ]
		[ 0.7500001 [ 331 332 333 279 ] ]
		[ 0.7916667 [ 334 335 336 279 ] ]
	]
	"ArmL" [
		[ 0 [ 337 338 339 340 ] ]
		[ 0.04166667 [ 341 342 343 340 ] ]
		[ 0.08333334 [ 344 345 346 340 ] ]
		[ 0.125 [ 347 348 349 340 ] ]
		[ 0.1666667 [ 350 351 352 340 ] ]
		[ 0.2083333 [ 353 354 355 340 ] ]
		[ 0.25 [ 356 357 358 340 ] ]
		[ 0.2916667 [ 359 360 361 340 ] ]
		[ 0.3333333 [ 362 363 364 340 ] ]
		[ 0.375 [ 365 366 367 340 ] ]
		[ 0.4166667 [ 368 369 370 340 ] ]
		[ 0.4583333 [ 371 372 373 340 ] ]
		[ 0.5 [ 374 375 376 340 ] ]
		[ 0.5416667 [ 377 378 379 340 ] ]
		[ 0.5833334 [ 380 381 382 340 ] ]
		[ 0.625 [ 383 384 385 340 ] ]
		[ 0.6666667 [ 386 387 388 340 ] ]
		[ 0.7083334 [ 389 390 391 340 ] ]
		[ 0.7500001 [ 392 393 394 340 ] ]
		[ 0.7916667 [ 395 396 397 340 ] ]
	]
	"FArmL" [
		[ 0 [ 398 399 400 401 ] ]
		[ 0.04166667 [ 402 403 404 401 ] ]
		[ 0.08333334 [ 405 406 407 401 ] ]
		[ 0.125 [ 408 409 410 401 ] ]
		[ 0.1666667 [ 411 412 413 401 ] ]
		[ 0.2083333 [ 414 415 416 401 ] ]
		[ 0.25 [ 417 418 419 401 ] ]
		[ 0.2916667 [ 420 421 422 401 ] ]
		[ 0.3333333 [ 420 421 422 401 ] ]
		[ 0.375 [ 420 421 422 401 ] ]
		[ 0.4166667 [ 420 421 422 401 ] ]
		[ 0.4583333 [ 420 421 422 401 ] ]
		[ 0.5 [ 420 421 422 401 ] ]
		[ 0.5416667 [ 420 421 422 401 ] ]
		[ 0.5833334 [ 420 421 422 401 ] ]
		[ 0.625 [ 423 424 425 401 ] ]
		[ 0.6666667 [ 426 427 428 401 ] ]
		[ 0.7083334 [ 429 430 431 401 ] ]
		[ 0.7500001 [ 432 433 434 401 ] ]
		[ 0.7916667 [ 435 436 437 401 ] ]
	]
	"HandL" [
		[ 0 [ 438 439 132 440 ] ]
	]
	"HandL_end" [
		[ 0 [ 130 131 132 441 ] ]
	]
	"WingL" [
		[ 0 [ 442 132 443 444 ] ]
	]
	"WingL_end" [
		[ 0 [ 130 131 132 445 ] ]
	]
	"ArmR" [
		[ 0 [ 446 447 448 449 ] ]
		[ 0.04166667 [ 450 451 452 449 ] ]
		[ 0.08333334 [ 453 454 455 449 ] ]
		[ 0.125 [ 456 457 458 449 ] ]
		[ 0.1666667 [ 459 460 461 449 ] ]
		[ 0.2083333 [ 462 463 464 449 ] ]
		[ 0.25 [ 465 466 467 449 ] ]
		[ 0.2916667 [ 468 469 470 449 ] ]
		[ 0.3333333 [ 471 472 473 449 ] ]
		[ 0.375 [ 474 475 476 449 ] ]
		[ 0.4166667 [ 477 478 479 449 ] ]
		[ 0.4583333 [ 480 481 482 449 ] ]
		[ 0.5 [ 483 484 485 449 ] ]
		[ 0.5416667 [ 486 487 488 449 ] ]
		[ 0.5833334 [ 489 490 491 449 ] ]
		[ 0.625 [ 492 493 494 449 ] ]
		[ 0.6666667 [ 495 496 497 449 ] ]
		[ 0.7083334 [ 498 499 500 449 ] ]
		[ 0.7500001 [ 501 502 503 449 ] ]
		[ 0.7916667 [ 504 505 506 449 ] ]
	]
	"FArmR" [
		[ 0 [ 507 508 509 510 ] ]
		[ 0.04166667 [ 511 512 513 510 ] ]
		[ 0.08333334 [ 514 515 516 510 ] ]
		[ 0.125 [ 517 518 519 510 ] ]
		[ 0.1666667 [ 520 521 522 510 ] ]
		[ 0.2083333 [ 523 524 525 510 ] ]
		[ 0.25 [ 523 524 525 510 ] ]
		[ 0.2916667 [ 523 524 525 510 ] ]
		[ 0.3333333 [ 523 524 525 510 ] ]
		[ 0.375 [ 523 524 525 510 ] ]
		[ 0.4166667 [ 523 524 525 510 ] ]
		[ 0.4583333 [ 523 524 525 510 ] ]
		[ 0.5 [ 523 524 525 510 ] ]
		[ 0.5416667 [ 523 524 525 510 ] ]
		[ 0.5833334 [ 523 524 525 510 ] ]
		[ 0.625 [ 526 527 528 510 ] ]
		[ 0.6666667 [ 529 530 531 510 ] ]
		[ 0.7083334 [ 532 533 534 510 ] ]
		[ 0.7500001 [ 535 536 537 510 ] ]
		[ 0.7916667 [ 538 539 540 510 ] ]
	]
	"HandR" [
		[ 0 [ 541 542 132 543 ] ]
	]
	"HandR_end" [
		[ 0 [ 130 131 132 544 ] ]
	]
	"WingR" [
		[ 0 [ 545 132 546 547 ] ]
	]
	"WingR_end" [
		[ 0 [ 130 131 132 445 ] ]
	]
	"Neck" [
		[ 0 [ 130 131 132 548 ] ]
	]
	"Head" [
		[ 0 [ 549 550 551 552 ] ]
		[ 0.04166667 [ 553 554 555 552 ] ]
		[ 0.08333334 [ 556 557 558 552 ] ]
		[ 0.125 [ 559 560 561 552 ] ]
		[ 0.1666667 [ 562 563 564 552 ] ]
		[ 0.2083333 [ 565 566 567 552 ] ]
		[ 0.25 [ 568 569 570 552 ] ]
		[ 0.2916667 [ 571 572 573 552 ] ]
		[ 0.3333333 [ 574 575 576 552 ] ]
		[ 0.375 [ 577 578 579 552 ] ]
		[ 0.4166667 [ 580 581 582 552 ] ]
		[ 0.4583333 [ 583 584 585 552 ] ]
		[ 0.5 [ 586 587 588 552 ] ]
		[ 0.5416667 [ 589 590 591 552 ] ]
		[ 0.5833334 [ 592 593 594 552 ] ]
		[ 0.625 [ 595 596 597 552 ] ]
		[ 0.6666667 [ 598 599 600 552 ] ]
		[ 0.7083334 [ 601 602 603 552 ] ]
		[ 0.7500001 [ 604 605 606 552 ] ]
		[ 0.7916667 [ 607 608 609 552 ] ]
	]
	"Head_end" [
		[ 0 [ 130 131 132 610 ] ]
	]
	"WingBack" [
		[ 0 [ 131 132 130 611 ] ]
	]
	"WingBack_end" [
		[ 0 [ 130 131 132 445 ] ]
	]
	"Player" [
		[ 0 [ 612 613 614 615 ] ]
	]
	}
	:resources [
		[-0.120 -0.861 -0.495]
		[0.028 0.495 -0.868]
		[0.992 -0.118 -0.035]
		[0.108 -0.036 0.939]
		[-0.120 -0.884 -0.452]
		[0.028 0.452 -0.891]
		[0.992 -0.119 -0.030]
		[-0.120 -0.935 -0.334]
		[0.027 0.333 -0.943]
		[0.992 -0.122 -0.015]
		[-0.120 -0.981 -0.155]
		[0.027 0.153 -0.988]
		[0.992 -0.123 0.008]
		[0.108 -0.036 0.938]
		[-0.120 -0.991 0.058]
		[0.027 -0.061 -0.998]
		[0.992 -0.118 0.034]
		[-0.120 -0.955 0.270]
		[0.028 -0.275 -0.961]
		[0.992 -0.108 0.060]
		[-0.119 -0.884 0.453]
		[0.029 -0.459 -0.888]
		[0.992 -0.093 0.080]
		[-0.119 -0.792 0.599]
		[0.029 -0.606 -0.795]
		[0.992 -0.078 0.095]
		[-0.120 -0.701 0.703]
		[0.029 -0.710 -0.704]
		[0.992 -0.064 0.105]
		[-0.120 -0.634 0.764]
		[0.028 -0.772 -0.635]
		[0.992 -0.054 0.110]
		[0.108 -0.036 0.937]
		[-0.120 -0.606 0.786]
		[0.028 -0.794 -0.608]
		[0.992 -0.051 0.112]
		[-0.121 -0.727 0.676]
		[0.031 -0.683 -0.730]
		[0.992 -0.067 0.105]
		[-0.121 -0.944 0.306]
		[0.038 -0.312 -0.949]
		[0.992 -0.104 0.074]
		[-0.118 -0.965 -0.235]
		[0.043 0.232 -0.972]
		[0.992 -0.125 0.014]
		[-0.115 -0.776 -0.620]
		[0.040 0.620 -0.784]
		[0.993 -0.115 -0.040]
		[-0.120 -0.664 -0.738]
		[0.028 0.741 -0.671]
		[0.992 -0.101 -0.070]
		[-0.123 -0.676 -0.727]
		[0.012 0.731 -0.682]
		[0.992 -0.093 -0.082]
		[0.108 -0.035 0.936]
		[-0.120 -0.702 -0.702]
		[-0.001 0.707 -0.707]
		[0.993 -0.084 -0.086]
		[0.108 -0.033 0.936]
		[-0.113 -0.734 -0.670]
		[-0.010 0.675 -0.738]
		[0.994 -0.077 -0.084]
		[0.108 -0.032 0.934]
		[-0.106 -0.758 -0.643]
		[-0.015 0.648 -0.761]
		[0.994 -0.071 -0.080]
		[0.108 -0.030 0.933]
		[0.377 -0.902 0.209]
		[0.922 0.387 0.004]
		[-0.085 0.191 0.978]
		[0.000 0.523 0.000]
		[0.448 -0.867 0.216]
		[0.889 0.459 -0.002]
		[-0.098 0.193 0.976]
		[0.606 -0.760 0.232]
		[0.784 0.620 -0.019]
		[-0.130 0.194 0.972]
		[0.766 -0.593 0.247]
		[0.621 0.783 -0.043]
		[-0.168 0.186 0.968]
		[0.864 -0.434 0.254]
		[0.463 0.884 -0.065]
		[-0.197 0.174 0.965]
		[0.898 -0.358 0.256]
		[0.387 0.919 -0.075]
		[-0.209 0.167 0.964]
		[0.868 -0.426 0.255]
		[0.455 0.888 -0.066]
		[-0.198 0.173 0.965]
		[0.766 -0.594 0.247]
		[0.576 -0.785 0.229]
		[0.808 0.589 -0.015]
		[-0.123 0.194 0.973]
		[0.301 -0.932 0.200]
		[0.951 0.309 0.010]
		[-0.071 0.188 0.980]
		[-0.003 -0.986 0.165]
		[1.000 0.001 0.024]
		[-0.024 0.165 0.986]
		[-0.291 -0.948 0.129]
		[0.957 -0.290 0.027]
		[0.012 0.132 0.991]
		[-0.527 -0.844 0.098]
		[0.849 -0.528 0.021]
		[0.034 0.094 0.995]
		[-0.697 -0.714 0.074]
		[0.716 -0.698 0.010]
		[0.045 0.060 0.997]
		[-0.793 -0.606 0.059]
		[0.607 -0.794 -0.001]
		[0.047 0.036 0.998]
		[-0.825 -0.562 0.054]
		[0.563 -0.827 -0.005]
		[0.048 0.026 0.999]
		[-0.685 -0.726 0.066]
		[0.726 -0.687 -0.017]
		[0.057 0.036 0.998]
		[-0.114 -0.990 0.082]
		[0.991 -0.119 -0.061]
		[0.070 0.074 0.995]
		[0.696 -0.716 0.056]
		[0.716 0.687 -0.120]
		[0.047 0.124 0.991]
		[0.987 -0.159 0.012]
		[0.159 0.977 -0.139]
		[0.010 0.139 0.990]
		[0.114 0.993 -0.006]
		[-0.993 0.114 -0.007]
		[-0.007 0.007 1.000]
		[0.000 0.380 0.000]
		[1.000 0.000 0.000]
		[0.000 1.000 0.000]
		[0.000 0.000 1.000]
		[0.000 0.159 0.000]
		[0.056 0.953 -0.296]
		[-0.031 -0.295 -0.955]
		[-0.998 0.063 0.013]
		[-0.109 -0.035 0.938]
		[0.058 0.986 -0.157]
		[-0.032 -0.155 -0.987]
		[-0.998 0.062 0.022]
		[0.056 0.977 0.207]
		[-0.031 0.209 -0.977]
		[-0.998 0.049 0.042]
		[0.056 0.786 0.616]
		[-0.031 0.618 -0.786]
		[-0.998 0.025 0.059]
		[0.056 0.513 0.857]
		[-0.031 0.858 -0.512]
		[-0.998 0.002 0.064]
		[0.056 0.385 0.921]
		[-0.031 0.923 -0.384]
		[-0.998 -0.007 0.064]
		[-0.109 -0.035 0.937]
		[0.056 0.386 0.921]
		[-0.032 0.923 -0.384]
		[-0.998 -0.008 0.064]
		[0.055 0.390 0.919]
		[-0.031 0.921 -0.389]
		[-0.998 -0.007 0.063]
		[0.055 0.402 0.914]
		[-0.031 0.916 -0.401]
		[-0.998 -0.006 0.063]
		[0.055 0.425 0.904]
		[-0.031 0.905 -0.423]
		[-0.998 -0.005 0.063]
		[0.057 0.462 0.885]
		[-0.032 0.887 -0.460]
		[-0.998 -0.002 0.065]
		[0.059 0.516 0.855]
		[-0.034 0.857 -0.515]
		[-0.998 0.001 0.069]
		[0.065 0.585 0.808]
		[-0.036 0.811 -0.584]
		[-0.997 0.009 0.074]
		[-0.109 -0.035 0.936]
		[0.071 0.657 0.751]
		[-0.037 0.754 -0.656]
		[-0.997 0.019 0.078]
		[0.070 0.720 0.690]
		[-0.036 0.693 -0.720]
		[-0.997 0.026 0.074]
		[0.056 0.768 0.639]
		[-0.031 0.641 -0.767]
		[-0.998 0.023 0.060]
		[0.013 0.797 0.604]
		[-0.026 0.605 -0.796]
		[-1.000 -0.005 0.028]
		[-0.109 -0.034 0.936]
		[-0.058 0.810 0.584]
		[-0.021 0.584 -0.812]
		[-0.998 -0.060 -0.017]
		[-0.109 -0.032 0.935]
		[-0.135 0.810 0.571]
		[-0.018 0.574 -0.818]
		[-0.991 -0.121 -0.063]
		[-0.109 -0.030 0.934]
		[-0.196 0.803 0.563]
		[-0.018 0.571 -0.820]
		[-0.981 -0.170 -0.098]
		[-0.109 -0.028 0.933]
		[0.952 0.298 -0.078]
		[-0.305 0.944 -0.126]
		[0.036 0.144 0.989]
		[0.000 0.525 0.000]
		[0.893 0.441 -0.086]
		[-0.449 0.884 -0.132]
		[0.018 0.157 0.987]
		[0.646 0.755 -0.110]
		[-0.762 0.632 -0.142]
		[-0.038 0.175 0.984]
		[0.195 0.970 -0.142]
		[-0.975 0.176 -0.139]
		[-0.110 0.166 0.980]
		[-0.204 0.965 -0.164]
		[-0.966 -0.226 -0.126]
		[-0.159 0.133 0.978]
		[-0.353 0.920 -0.171]
		[-0.919 -0.375 -0.119]
		[-0.174 0.116 0.978]
		[-0.205 0.965 -0.164]
		[-0.966 -0.227 -0.126]
		[0.193 0.971 -0.142]
		[-0.975 0.173 -0.139]
		[-0.111 0.165 0.980]
		[0.643 0.758 -0.110]
		[-0.765 0.628 -0.142]
		[0.890 0.447 -0.086]
		[-0.455 0.881 -0.132]
		[0.017 0.157 0.987]
		[0.949 0.304 -0.079]
		[-0.312 0.942 -0.126]
		[0.950 0.303 -0.077]
		[-0.311 0.942 -0.126]
		[0.034 0.144 0.989]
		[0.950 0.302 -0.074]
		[-0.309 0.943 -0.126]
		[0.032 0.143 0.989]
		[0.951 0.302 -0.074]
		[0.032 0.142 0.989]
		[0.943 0.317 -0.100]
		[-0.328 0.936 -0.129]
		[0.053 0.154 0.987]
		[0.931 0.338 -0.138]
		[-0.356 0.925 -0.132]
		[0.083 0.172 0.982]
		[0.914 0.362 -0.182]
		[-0.388 0.912 -0.134]
		[0.117 0.193 0.974]
		[0.899 0.380 -0.217]
		[-0.413 0.901 -0.135]
		[0.144 0.211 0.967]
		[0.105 -0.994 0.003]
		[0.994 0.105 -0.007]
		[0.006 0.004 1.000]
		[0.000 0.381 0.000]
		[0.000 0.158 0.000]
		[0.000 0.432 0.902]
		[0.000 -0.902 0.432]
		[0.000 0.022 0.975]
		[0.000 0.022 0.976]
		[0.000 0.022 0.977]
		[0.000 0.430 0.903]
		[0.000 -0.903 0.430]
		[0.000 0.407 0.914]
		[0.000 -0.914 0.407]
		[0.000 0.020 0.977]
		[0.000 0.346 0.938]
		[0.000 -0.938 0.346]
		[0.000 0.017 0.980]
		[0.000 0.268 0.963]
		[0.000 -0.963 0.268]
		[0.000 0.012 0.985]
		[0.000 0.204 0.979]
		[0.000 -0.979 0.204]
		[0.000 0.009 0.988]
		[0.984 -0.163 -0.078]
		[0.131 0.942 -0.309]
		[0.124 0.294 0.948]
		[0.000 0.174 0.000]
		[0.991 -0.122 -0.056]
		[0.102 0.955 -0.279]
		[0.087 0.271 0.959]
		[1.000 -0.025 0.003]
		[0.025 0.978 -0.207]
		[0.002 0.207 0.978]
		[0.993 0.086 0.082]
		[-0.075 0.989 -0.127]
		[-0.092 0.120 0.989]
		[0.974 0.169 0.151]
		[-0.160 0.985 -0.069]
		[-0.160 0.043 0.986]
		[0.961 0.205 0.185]
		[-0.201 0.979 -0.042]
		[-0.189 0.003 0.982]
		[0.969 0.185 0.166]
		[-0.181 0.983 -0.036]
		[-0.170 0.004 0.985]
		[0.985 0.130 0.116]
		[-0.126 0.991 -0.041]
		[-0.120 0.026 0.992]
		[0.996 0.066 0.058]
		[-0.063 0.997 -0.055]
		[-0.061 0.051 0.997]
		[1.000 0.015 0.013]
		[-0.014 0.997 -0.075]
		[-0.014 0.075 0.997]
		[1.000 -0.013 -0.010]
		[0.012 0.995 -0.102]
		[0.011 0.102 0.995]
		[1.000 -0.019 -0.014]
		[0.017 0.991 -0.134]
		[0.016 0.133 0.991]
		[1.000 -0.017 -0.012]
		[0.015 0.985 -0.169]
		[0.014 0.169 0.985]
		[1.000 -0.015 -0.009]
		[0.012 0.978 -0.210]
		[0.012 0.210 0.978]
		[1.000 -0.014 -0.008]
		[0.012 0.966 -0.257]
		[0.011 0.257 0.966]
		[1.000 -0.013 -0.006]
		[0.010 0.951 -0.310]
		[0.010 0.310 0.951]
		[1.000 -0.010 -0.005]
		[0.008 0.932 -0.363]
		[0.008 0.363 0.932]
		[1.000 -0.008 -0.003]
		[0.006 0.911 -0.413]
		[0.006 0.413 0.911]
		[1.000 -0.004 -0.002]
		[0.003 0.891 -0.453]
		[0.003 0.453 0.891]
		[1.000 -0.002 0.000]
		[0.001 0.877 -0.481]
		[0.001 0.481 0.877]
		[-0.816 -0.574 -0.074]
		[0.562 -0.816 0.136]
		[-0.138 0.070 0.988]
		[0.242 0.316 0.000]
		[-0.733 -0.680 0.011]
		[0.671 -0.719 0.181]
		[-0.115 0.140 0.983]
		[-0.448 -0.855 0.261]
		[0.889 -0.395 0.231]
		[-0.095 0.335 0.937]
		[-0.008 -0.818 0.575]
		[0.986 0.088 0.139]
		[-0.165 0.568 0.807]
		[0.334 -0.544 0.770]
		[0.895 0.440 -0.077]
		[-0.297 0.715 0.633]
		[0.466 -0.276 0.841]
		[0.800 0.537 -0.267]
		[-0.378 0.797 0.471]
		[0.496 -0.111 0.861]
		[0.768 0.518 -0.376]
		[-0.404 0.848 0.342]
		[0.513 -0.016 0.858]
		[0.747 0.502 -0.437]
		[-0.424 0.865 0.269]
		[0.523 0.030 0.852]
		[0.735 0.491 -0.468]
		[-0.432 0.870 0.235]
		[0.533 0.054 0.844]
		[0.728 0.478 -0.490]
		[-0.431 0.876 0.215]
		[0.539 0.072 0.839]
		[0.734 0.449 -0.510]
		[-0.414 0.891 0.189]
		[0.528 0.097 0.844]
		[0.763 0.381 -0.522]
		[-0.372 0.919 0.127]
		[0.492 0.137 0.859]
		[0.820 0.259 -0.511]
		[-0.293 0.956 0.015]
		[0.438 0.179 0.881]
		[0.880 0.111 -0.461]
		[-0.181 0.978 -0.109]
		[0.373 0.216 0.902]
		[0.927 -0.033 -0.375]
		[-0.051 0.976 -0.213]
		[0.291 0.219 0.931]
		[0.954 -0.146 -0.264]
		[0.078 0.965 -0.251]
		[0.175 0.141 0.974]
		[0.967 -0.209 -0.144]
		[0.184 0.968 -0.173]
		[0.012 -0.033 0.999]
		[0.968 -0.249 -0.020]
		[0.249 0.968 0.028]
		[-0.156 -0.235 0.959]
		[0.955 -0.285 0.086]
		[0.253 0.929 0.269]
		[-0.277 -0.392 0.877]
		[0.936 -0.317 0.154]
		[0.218 0.864 0.454]
		[0.957 0.291 0.009]
		[-0.290 0.956 -0.055]
		[-0.024 0.050 0.998]
		[0.000 0.296 0.000]
		[0.959 0.278 0.053]
		[-0.277 0.961 -0.020]
		[-0.056 0.004 0.998]
		[0.958 0.239 0.156]
		[-0.252 0.965 0.067]
		[-0.135 -0.103 0.985]
		[0.945 0.178 0.273]
		[-0.230 0.958 0.172]
		[-0.231 -0.225 0.947]
		[0.925 0.117 0.362]
		[-0.220 0.940 0.259]
		[-0.310 -0.320 0.895]
		[0.914 0.088 0.397]
		[-0.218 0.930 0.296]
		[-0.343 -0.357 0.869]
		[0.912 0.085 0.400]
		[-0.218 0.929 0.300]
		[-0.346 -0.361 0.866]
		[0.914 0.089 0.396]
		[-0.218 0.930 0.295]
		[-0.343 -0.356 0.869]
		[0.915 0.090 0.394]
		[-0.218 0.931 0.293]
		[-0.340 -0.354 0.871]
		[0.926 0.111 0.360]
		[-0.216 0.940 0.266]
		[-0.309 -0.324 0.894]
		[0.950 0.160 0.267]
		[-0.215 0.957 0.193]
		[-0.225 -0.240 0.944]
		[0.967 0.207 0.148]
		[-0.223 0.969 0.104]
		[-0.122 -0.134 0.984]
		[0.971 0.235 0.044]
		[-0.237 0.971 0.030]
		[-0.036 -0.040 0.999]
		[1.000 0.017 0.000]
		[-0.017 1.000 0.000]
		[0.000 0.310 0.000]
		[0.000 0.090 0.000]
		[0.614 -0.789 0.000]
		[-0.789 -0.614 0.000]
		[0.237 0.438 0.000]
		[0.000 0.500 0.000]
		[0.550 0.635 -0.542]
		[-0.674 -0.046 -0.737]
		[-0.493 0.771 0.403]
		[-0.247 0.318 0.000]
		[0.445 0.672 -0.593]
		[-0.731 -0.111 -0.674]
		[-0.518 0.733 0.441]
		[0.147 0.717 -0.682]
		[-0.824 -0.292 -0.485]
		[-0.547 0.633 0.547]
		[-0.258 0.666 -0.700]
		[-0.820 -0.534 -0.206]
		[-0.511 0.521 0.684]
		[-0.593 0.514 -0.620]
		[-0.691 -0.720 0.064]
		[-0.414 0.466 0.782]
		[-0.762 0.359 -0.539]
		[-0.555 -0.791 0.258]
		[-0.334 0.496 0.802]
		[-0.829 0.245 -0.502]
		[-0.472 -0.789 0.394]
		[-0.299 0.564 0.770]
		[-0.853 0.160 -0.497]
		[-0.431 -0.753 0.497]
		[-0.295 0.638 0.712]
		[-0.861 0.084 -0.501]
		[-0.407 -0.705 0.581]
		[-0.304 0.704 0.641]
		[-0.857 0.016 -0.516]
		[-0.404 -0.643 0.651]
		[-0.321 0.766 0.557]
		[-0.845 -0.042 -0.534]
		[-0.420 -0.567 0.709]
		[-0.332 0.823 0.461]
		[-0.827 -0.078 -0.557]
		[-0.461 -0.473 0.751]
		[-0.322 0.878 0.355]
		[-0.801 -0.085 -0.593]
		[-0.529 -0.364 0.766]
		[-0.281 0.928 0.246]
		[-0.764 -0.067 -0.642]
		[-0.609 -0.253 0.752]
		[-0.213 0.965 0.153]
		[-0.717 -0.030 -0.697]
		[-0.686 -0.149 0.712]
		[-0.126 0.988 0.086]
		[-0.658 0.026 -0.753]
		[-0.752 -0.078 0.654]
		[-0.041 0.997 0.070]
		[-0.584 0.118 -0.803]
		[-0.812 -0.074 0.579]
		[0.009 0.990 0.139]
		[-0.496 0.260 -0.828]
		[-0.868 -0.151 0.473]
		[-0.002 0.954 0.301]
		[-0.418 0.414 -0.809]
		[-0.907 -0.246 0.342]
		[-0.057 0.876 0.479]
		[-0.368 0.532 -0.763]
		[-0.922 -0.315 0.225]
		[-0.121 0.786 0.606]
		[0.457 -0.796 -0.398]
		[0.599 0.606 -0.524]
		[0.658 0.001 0.753]
		[0.000 0.292 0.000]
		[0.567 -0.749 -0.343]
		[0.589 0.660 -0.466]
		[0.576 0.062 0.815]
		[0.793 -0.588 -0.161]
		[0.518 0.789 -0.329]
		[0.320 0.178 0.931]
		[0.936 -0.329 0.124]
		[0.348 0.916 -0.199]
		[-0.048 0.229 0.972]
		[0.924 -0.103 0.368]
		[0.165 0.976 -0.141]
		[-0.345 0.191 0.919]
		[0.888 -0.017 0.460]
		[0.086 0.988 -0.132]
		[-0.452 0.157 0.878]
		[0.889 -0.019 0.457]
		[0.088 0.988 -0.130]
		[-0.449 0.156 0.880]
		[0.908 -0.044 0.417]
		[0.101 0.988 -0.115]
		[-0.407 0.146 0.902]
		[0.945 -0.108 0.309]
		[0.138 0.987 -0.076]
		[-0.297 0.115 0.948]
		[0.969 -0.179 0.171]
		[0.188 0.981 -0.037]
		[-0.161 0.068 0.985]
		[0.971 -0.232 0.051]
		[0.233 0.972 -0.010]
		[-0.047 0.021 0.999]
		[1.000 0.018 0.000]
		[-0.018 1.000 0.000]
		[0.000 0.321 0.000]
		[0.000 0.088 0.000]
		[0.621 0.784 0.000]
		[0.784 -0.621 0.000]
		[-0.235 0.436 0.000]
		[0.000 0.402 0.000]
		[0.987 0.100 0.123]
		[-0.130 0.952 0.276]
		[-0.090 -0.289 0.953]
		[0.000 0.110 0.000]
		[0.992 0.067 0.104]
		[-0.097 0.946 0.311]
		[-0.078 -0.318 0.945]
		[0.999 -0.008 0.053]
		[-0.014 0.921 0.389]
		[-0.052 -0.390 0.919]
		[0.996 -0.091 -0.015]
		[0.088 0.876 0.474]
		[-0.030 -0.474 0.880]
		[0.985 -0.154 -0.074]
		[0.170 0.829 0.532]
		[-0.020 -0.537 0.843]
		[0.978 -0.181 -0.105]
		[0.208 0.802 0.559]
		[-0.017 -0.569 0.822]
		[0.982 -0.165 -0.097]
		[0.191 0.803 0.565]
		[-0.015 -0.573 0.819]
		[0.990 -0.122 -0.067]
		[0.139 0.815 0.562]
		[-0.014 -0.566 0.824]
		[0.997 -0.073 -0.033]
		[0.079 0.829 0.553]
		[-0.013 -0.554 0.832]
		[0.999 -0.038 -0.008]
		[0.036 0.840 0.541]
		[-0.014 -0.541 0.841]
		[1.000 -0.020 0.006]
		[0.014 0.852 0.523]
		[-0.016 -0.523 0.852]
		[1.000 -0.015 0.012]
		[0.007 0.867 0.499]
		[-0.018 -0.499 0.867]
		[1.000 -0.015 0.014]
		[0.007 0.885 0.465]
		[-0.019 -0.464 0.885]
		[1.000 -0.016 0.016]
		[0.008 0.909 0.417]
		[-0.021 -0.417 0.909]
		[1.000 -0.016 0.017]
		[0.009 0.935 0.356]
		[-0.021 -0.356 0.934]
		[1.000 -0.014 0.017]
		[0.009 0.961 0.278]
		[-0.020 -0.277 0.961]
		[1.000 -0.012 0.015]
		[0.009 0.983 0.182]
		[-0.017 -0.181 0.983]
		[1.000 -0.008 0.011]
		[0.007 0.997 0.073]
		[-0.012 -0.073 0.997]
		[1.000 -0.004 0.006]
		[0.004 1.000 -0.029]
		[-0.006 0.029 1.000]
		[1.000 -0.001 0.002]
		[0.001 0.995 -0.100]
		[-0.002 0.100 0.995]
		[0.000 0.251 0.000]
		[0.000 -0.711 0.000]
		[100.000 0.000 0.000]
		[0.000 0.000 -100.000]
		[0.000 100.000 0.000]
		[0.000 0.000 0.000]]
}