{ :name "lost" :length 0.8333334 :bones { 
	"LegL" [
		[ 0 [ 0 1 2 3 ] ]
		[ 0.04166667 [ 4 5 6 3 ] ]
		[ 0.08333334 [ 7 8 9 3 ] ]
		[ 0.125 [ 10 11 12 3 ] ]
		[ 0.1666667 [ 13 14 15 3 ] ]
		[ 0.2083333 [ 16 17 18 3 ] ]
		[ 0.25 [ 19 20 21 3 ] ]
		[ 0.2916667 [ 22 23 24 3 ] ]
		[ 0.3333333 [ 25 26 27 3 ] ]
		[ 0.375 [ 28 29 30 3 ] ]
		[ 0.4166667 [ 31 32 33 3 ] ]
		[ 0.4583333 [ 34 35 36 3 ] ]
		[ 0.5 [ 37 38 39 3 ] ]
		[ 0.5416667 [ 40 41 42 3 ] ]
		[ 0.5833334 [ 43 44 45 3 ] ]
		[ 0.625 [ 46 47 48 3 ] ]
		[ 0.6666667 [ 49 50 51 3 ] ]
		[ 0.7083334 [ 52 53 54 3 ] ]
		[ 0.7500001 [ 55 56 57 3 ] ]
		[ 0.7916667 [ 58 59 60 3 ] ]
	]
	"KneeL" [
		[ 0 [ 61 62 63 64 ] ]
		[ 0.04166667 [ 65 66 67 64 ] ]
		[ 0.08333334 [ 68 69 70 64 ] ]
		[ 0.125 [ 71 72 73 64 ] ]
		[ 0.1666667 [ 74 75 76 64 ] ]
		[ 0.2083333 [ 77 78 79 64 ] ]
		[ 0.25 [ 80 81 82 64 ] ]
		[ 0.2916667 [ 83 84 85 64 ] ]
		[ 0.3333333 [ 86 87 88 64 ] ]
		[ 0.375 [ 89 90 91 64 ] ]
		[ 0.4166667 [ 92 93 94 64 ] ]
		[ 0.4583333 [ 95 96 97 64 ] ]
		[ 0.5 [ 98 99 100 64 ] ]
		[ 0.5416667 [ 101 102 103 64 ] ]
		[ 0.5833334 [ 104 105 106 64 ] ]
		[ 0.625 [ 107 108 109 64 ] ]
		[ 0.6666667 [ 110 111 112 64 ] ]
		[ 0.7083334 [ 113 114 115 64 ] ]
		[ 0.7500001 [ 116 117 118 64 ] ]
		[ 0.7916667 [ 119 120 121 64 ] ]
	]
	"FootL" [
		[ 0 [ 122 123 124 125 ] ]
	]
	"FootL_end" [
		[ 0 [ 126 127 128 129 ] ]
	]
	"LegR" [
		[ 0 [ 130 131 132 133 ] ]
		[ 0.04166667 [ 134 135 136 133 ] ]
		[ 0.08333334 [ 137 138 139 133 ] ]
		[ 0.125 [ 140 141 142 133 ] ]
		[ 0.1666667 [ 143 144 145 133 ] ]
		[ 0.2083333 [ 146 147 148 133 ] ]
		[ 0.25 [ 149 150 151 133 ] ]
		[ 0.2916667 [ 152 153 154 133 ] ]
		[ 0.3333333 [ 155 156 157 133 ] ]
		[ 0.375 [ 158 159 160 133 ] ]
		[ 0.4166667 [ 161 162 163 133 ] ]
		[ 0.4583333 [ 164 165 166 133 ] ]
		[ 0.5 [ 167 168 169 133 ] ]
		[ 0.5416667 [ 170 171 172 133 ] ]
		[ 0.5833334 [ 173 174 175 133 ] ]
		[ 0.625 [ 176 177 178 133 ] ]
		[ 0.6666667 [ 179 180 181 133 ] ]
		[ 0.7083334 [ 182 183 184 133 ] ]
		[ 0.7500001 [ 185 186 187 133 ] ]
		[ 0.7916667 [ 188 189 190 133 ] ]
	]
	"KneeR" [
		[ 0 [ 191 192 193 194 ] ]
		[ 0.04166667 [ 195 196 197 194 ] ]
		[ 0.08333334 [ 198 199 200 194 ] ]
		[ 0.125 [ 201 202 203 194 ] ]
		[ 0.1666667 [ 204 205 206 194 ] ]
		[ 0.2083333 [ 207 208 209 194 ] ]
		[ 0.25 [ 210 211 212 194 ] ]
		[ 0.2916667 [ 213 214 215 194 ] ]
		[ 0.3333333 [ 216 217 218 194 ] ]
		[ 0.375 [ 219 220 221 194 ] ]
		[ 0.4166667 [ 222 223 224 194 ] ]
		[ 0.4583333 [ 225 226 227 194 ] ]
		[ 0.5 [ 228 229 230 194 ] ]
		[ 0.5416667 [ 231 232 233 194 ] ]
		[ 0.5833334 [ 234 235 236 194 ] ]
		[ 0.625 [ 237 238 239 194 ] ]
		[ 0.6666667 [ 240 241 242 194 ] ]
		[ 0.7083334 [ 243 244 245 194 ] ]
		[ 0.7500001 [ 246 247 248 194 ] ]
		[ 0.7916667 [ 249 250 251 194 ] ]
	]
	"FootR" [
		[ 0 [ 252 253 254 255 ] ]
	]
	"FootR_end" [
		[ 0 [ 126 127 128 256 ] ]
	]
	"Root" [
		[ 0 [ 126 128 257 258 ] ]
	]
	"Spine" [
		[ 0 [ 126 259 260 261 ] ]
		[ 0.04166667 [ 126 262 263 261 ] ]
		[ 0.08333334 [ 126 264 265 261 ] ]
		[ 0.125 [ 126 266 267 261 ] ]
		[ 0.1666667 [ 126 268 269 261 ] ]
		[ 0.2083333 [ 126 270 271 261 ] ]
		[ 0.25 [ 126 272 273 261 ] ]
		[ 0.2916667 [ 126 274 275 261 ] ]
		[ 0.3333333 [ 126 276 277 261 ] ]
		[ 0.375 [ 126 278 279 261 ] ]
		[ 0.4166667 [ 126 280 281 261 ] ]
		[ 0.4583333 [ 126 282 283 261 ] ]
		[ 0.5 [ 126 284 285 261 ] ]
		[ 0.5416667 [ 126 286 287 261 ] ]
		[ 0.5833334 [ 126 288 289 261 ] ]
		[ 0.625 [ 126 290 291 261 ] ]
		[ 0.6666667 [ 126 292 293 261 ] ]
		[ 0.7083334 [ 126 294 295 261 ] ]
		[ 0.7500001 [ 126 296 297 261 ] ]
		[ 0.7916667 [ 126 298 299 261 ] ]
	]
	"ArmL" [
		[ 0 [ 300 301 302 303 ] ]
		[ 0.04166667 [ 304 305 306 303 ] ]
		[ 0.08333334 [ 307 308 309 303 ] ]
		[ 0.125 [ 310 311 312 303 ] ]
		[ 0.1666667 [ 313 314 315 303 ] ]
		[ 0.2083333 [ 316 317 318 303 ] ]
		[ 0.25 [ 319 320 321 303 ] ]
		[ 0.2916667 [ 322 323 324 303 ] ]
		[ 0.3333333 [ 325 326 327 303 ] ]
		[ 0.375 [ 328 329 330 303 ] ]
		[ 0.4166667 [ 331 332 333 303 ] ]
		[ 0.4583333 [ 334 335 336 303 ] ]
		[ 0.5 [ 337 338 339 303 ] ]
		[ 0.5416667 [ 340 341 342 303 ] ]
		[ 0.5833334 [ 343 344 345 303 ] ]
		[ 0.625 [ 346 347 348 303 ] ]
		[ 0.6666667 [ 349 350 351 303 ] ]
		[ 0.7083334 [ 352 353 354 303 ] ]
		[ 0.7500001 [ 355 356 357 303 ] ]
		[ 0.7916667 [ 358 359 360 303 ] ]
	]
	"FArmL" [
		[ 0 [ 361 362 128 363 ] ]
	]
	"HandL" [
		[ 0 [ 364 365 128 366 ] ]
	]
	"HandL_end" [
		[ 0 [ 126 127 128 367 ] ]
	]
	"WingL" [
		[ 0 [ 368 128 369 370 ] ]
	]
	"WingL_end" [
		[ 0 [ 126 127 128 371 ] ]
	]
	"ArmR" [
		[ 0 [ 372 373 374 375 ] ]
		[ 0.04166667 [ 376 377 378 375 ] ]
		[ 0.08333334 [ 379 380 381 375 ] ]
		[ 0.125 [ 382 383 384 375 ] ]
		[ 0.1666667 [ 385 386 387 375 ] ]
		[ 0.2083333 [ 388 389 390 375 ] ]
		[ 0.25 [ 391 392 393 375 ] ]
		[ 0.2916667 [ 394 395 396 375 ] ]
		[ 0.3333333 [ 397 398 399 375 ] ]
		[ 0.375 [ 400 401 402 375 ] ]
		[ 0.4166667 [ 403 404 405 375 ] ]
		[ 0.4583333 [ 406 407 408 375 ] ]
		[ 0.5 [ 409 410 411 375 ] ]
		[ 0.5416667 [ 412 413 414 375 ] ]
		[ 0.5833334 [ 415 416 417 375 ] ]
		[ 0.625 [ 418 419 420 375 ] ]
		[ 0.6666667 [ 421 422 423 375 ] ]
		[ 0.7083334 [ 424 425 426 375 ] ]
		[ 0.7500001 [ 427 428 429 375 ] ]
		[ 0.7916667 [ 430 431 432 375 ] ]
	]
	"FArmR" [
		[ 0 [ 433 434 128 435 ] ]
	]
	"HandR" [
		[ 0 [ 436 437 128 438 ] ]
	]
	"HandR_end" [
		[ 0 [ 126 127 128 439 ] ]
	]
	"WingR" [
		[ 0 [ 440 128 441 442 ] ]
	]
	"WingR_end" [
		[ 0 [ 126 127 128 371 ] ]
	]
	"Neck" [
		[ 0 [ 126 127 128 443 ] ]
	]
	"Head" [
		[ 0 [ 126 444 445 446 ] ]
	]
	"Head_end" [
		[ 0 [ 126 127 128 447 ] ]
	]
	"WingBack" [
		[ 0 [ 127 128 126 448 ] ]
	]
	"WingBack_end" [
		[ 0 [ 126 127 128 371 ] ]
	]
	"Player" [
		[ 0 [ 449 450 451 452 ] ]
	]
	}
	:resources [
		[-0.496 -0.827 -0.265]
		[-0.002 0.306 -0.952]
		[0.868 -0.472 -0.153]
		[0.108 -0.025 0.930]
		[-0.492 -0.831 -0.260]
		[0.003 0.297 -0.955]
		[0.871 -0.470 -0.144]
		[-0.486 -0.838 -0.249]
		[0.009 0.279 -0.960]
		[0.874 -0.469 -0.128]
		[-0.477 -0.850 -0.225]
		[0.017 0.247 -0.969]
		[0.879 -0.466 -0.103]
		[-0.468 -0.865 -0.183]
		[0.025 0.194 -0.981]
		[0.884 -0.463 -0.069]
		[-0.458 -0.881 -0.118]
		[0.033 0.116 -0.993]
		[0.889 -0.458 -0.024]
		[-0.448 -0.894 -0.026]
		[0.038 0.010 -0.999]
		[0.893 -0.448 0.030]
		[-0.439 -0.895 0.078]
		[0.043 -0.108 -0.993]
		[0.897 -0.433 0.086]
		[-0.432 -0.885 0.173]
		[0.046 -0.213 -0.976]
		[0.901 -0.413 0.133]
		[-0.425 -0.874 0.235]
		[0.049 -0.282 -0.958]
		[0.904 -0.396 0.162]
		[-0.421 -0.868 0.263]
		[0.050 -0.312 -0.949]
		[0.906 -0.386 0.175]
		[-0.420 -0.869 0.262]
		[0.052 -0.311 -0.949]
		[0.906 -0.385 0.176]
		[-0.420 -0.875 0.241]
		[0.056 -0.290 -0.955]
		[0.906 -0.388 0.171]
		[-0.421 -0.884 0.202]
		[0.063 -0.251 -0.966]
		[0.905 -0.394 0.161]
		[-0.423 -0.894 0.147]
		[0.068 -0.193 -0.979]
		[0.904 -0.404 0.143]
		[-0.427 -0.901 0.076]
		[0.069 -0.116 -0.991]
		[0.901 -0.418 0.112]
		[-0.437 -0.899 -0.010]
		[0.061 -0.018 -0.998]
		[0.897 -0.437 0.063]
		[-0.454 -0.885 -0.104]
		[0.044 0.095 -0.995]
		[0.890 -0.456 -0.004]
		[-0.473 -0.861 -0.187]
		[0.022 0.201 -0.979]
		[0.881 -0.467 -0.076]
		[-0.489 -0.838 -0.244]
		[0.005 0.277 -0.961]
		[0.872 -0.471 -0.131]
		[0.998 0.056 -0.004]
		[-0.056 0.989 -0.138]
		[-0.004 0.138 0.990]
		[0.000 0.523 0.000]
		[0.995 -0.099 0.010]
		[0.100 0.993 -0.067]
		[-0.003 0.068 0.998]
		[0.873 -0.488 -0.008]
		[0.485 0.866 0.123]
		[-0.053 -0.111 0.992]
		[0.520 -0.844 -0.136]
		[0.829 0.459 0.321]
		[-0.208 -0.280 0.937]
		[0.156 -0.943 -0.294]
		[0.915 0.026 0.403]
		[-0.372 -0.332 0.867]
		[0.016 -0.933 -0.359]
		[0.900 -0.144 0.413]
		[-0.436 -0.330 0.837]
		[0.147 -0.943 -0.298]
		[0.914 0.014 0.404]
		[-0.377 -0.332 0.865]
		[0.481 -0.864 -0.151]
		[0.847 0.413 0.336]
		[-0.228 -0.289 0.930]
		[0.822 -0.569 -0.019]
		[0.564 0.809 0.168]
		[-0.080 -0.149 0.986]
		[0.973 -0.229 0.022]
		[0.229 0.973 -0.002]
		[-0.021 0.007 1.000]
		[0.996 -0.085 0.025]
		[0.087 0.994 -0.070]
		[-0.019 0.071 0.997]
		[0.994 -0.100 0.032]
		[0.102 0.993 -0.061]
		[-0.026 0.064 0.998]
		[0.990 -0.135 0.039]
		[0.137 0.990 -0.043]
		[-0.033 0.048 0.998]
		[0.983 -0.179 0.044]
		[0.180 0.983 -0.021]
		[-0.039 0.028 0.999]
		[0.975 -0.215 0.045]
		[0.216 0.976 -0.002]
		[-0.044 0.012 0.999]
		[0.973 -0.228 0.045]
		[0.228 0.974 0.005]
		[-0.044 0.006 0.999]
		[0.978 -0.203 0.041]
		[0.203 0.979 -0.009]
		[-0.038 0.017 0.999]
		[0.991 -0.132 0.032]
		[0.134 0.990 -0.046]
		[-0.026 0.049 0.998]
		[0.999 -0.045 0.018]
		[0.046 0.995 -0.090]
		[-0.014 0.090 0.996]
		[1.000 0.026 0.003]
		[-0.025 0.992 -0.124]
		[-0.006 0.124 0.992]
		[0.114 0.993 -0.006]
		[-0.993 0.114 -0.007]
		[-0.007 0.007 1.000]
		[0.000 0.380 0.000]
		[1.000 0.000 0.000]
		[0.000 1.000 0.000]
		[0.000 0.000 1.000]
		[0.000 0.159 0.000]
		[-0.426 0.785 -0.449]
		[0.021 -0.488 -0.873]
		[-0.905 -0.381 0.191]
		[-0.109 -0.024 0.930]
		[-0.433 0.794 -0.427]
		[0.017 -0.466 -0.885]
		[-0.901 -0.391 0.188]
		[-0.447 0.809 -0.381]
		[0.009 -0.422 -0.907]
		[-0.894 -0.409 0.182]
		[-0.468 0.830 -0.302]
		[-0.009 -0.346 -0.938]
		[-0.884 -0.437 0.170]
		[-0.491 0.848 -0.199]
		[-0.033 -0.246 -0.969]
		[-0.871 -0.469 0.149]
		[-0.511 0.855 -0.083]
		[-0.053 -0.128 -0.990]
		[-0.858 -0.502 0.111]
		[-0.529 0.848 0.033]
		[-0.058 0.003 -0.998]
		[-0.847 -0.530 0.048]
		[-0.546 0.827 0.138]
		[-0.039 0.139 -0.989]
		[-0.837 -0.545 -0.044]
		[-0.564 0.796 0.220]
		[-0.007 0.262 -0.965]
		[-0.826 -0.546 -0.142]
		[-0.579 0.769 0.270]
		[0.021 0.346 -0.938]
		[-0.815 -0.537 -0.216]
		[-0.585 0.757 0.291]
		[0.032 0.380 -0.925]
		[-0.811 -0.532 -0.246]
		[-0.584 0.757 0.293]
		[0.027 0.379 -0.925]
		[-0.812 -0.532 -0.242]
		[-0.578 0.764 0.287]
		[0.014 0.361 -0.932]
		[-0.816 -0.535 -0.220]
		[-0.572 0.771 0.279]
		[-0.005 0.337 -0.941]
		[-0.820 -0.540 -0.189]
		[-0.564 0.785 0.256]
		[-0.024 0.295 -0.955]
		[-0.825 -0.545 -0.147]
		[-0.555 0.808 0.201]
		[-0.035 0.218 -0.975]
		[-0.831 -0.548 -0.093]
		[-0.538 0.839 0.086]
		[-0.030 0.083 -0.996]
		[-0.843 -0.538 -0.019]
		[-0.510 0.857 -0.078]
		[-0.013 -0.099 -0.995]
		[-0.860 -0.506 0.061]
		[-0.473 0.842 -0.259]
		[0.006 -0.291 -0.957]
		[-0.881 -0.454 0.132]
		[-0.440 0.806 -0.397]
		[0.018 -0.434 -0.901]
		[-0.898 -0.403 0.176]
		[0.998 -0.060 0.005]
		[0.060 0.989 -0.139]
		[0.004 0.139 0.990]
		[0.000 0.525 0.000]
		[1.000 -0.008 -0.006]
		[0.007 0.994 -0.107]
		[0.006 0.107 0.994]
		[0.993 0.119 -0.025]
		[-0.119 0.992 -0.029]
		[0.021 0.032 0.999]
		[0.963 0.269 -0.036]
		[-0.266 0.962 0.067]
		[0.053 -0.055 0.997]
		[0.922 0.386 -0.038]
		[-0.377 0.915 0.146]
		[0.091 -0.121 0.989]
		[0.898 0.438 -0.041]
		[-0.424 0.887 0.183]
		[0.117 -0.147 0.982]
		[0.913 0.404 -0.056]
		[-0.391 0.906 0.161]
		[0.116 -0.125 0.985]
		[0.946 0.315 -0.075]
		[-0.307 0.947 0.099]
		[0.102 -0.071 0.992]
		[0.975 0.207 -0.085]
		[-0.206 0.978 0.026]
		[0.088 -0.008 0.996]
		[0.990 0.114 -0.086]
		[-0.118 0.992 -0.037]
		[0.081 0.047 0.996]
		[0.994 0.075 -0.084]
		[-0.081 0.995 -0.063]
		[0.079 0.070 0.994]
		[0.971 0.225 -0.078]
		[-0.223 0.974 0.032]
		[0.083 -0.013 0.996]
		[0.813 0.583 0.005]
		[-0.562 0.782 0.267]
		[0.152 -0.220 0.964]
		[0.452 0.863 0.226]
		[-0.826 0.310 0.470]
		[0.336 -0.399 0.853]
		[0.118 0.888 0.444]
		[-0.847 -0.143 0.512]
		[0.518 -0.437 0.735]
		[-0.003 0.850 0.527]
		[-0.810 -0.311 0.497]
		[0.586 -0.425 0.689]
		[0.127 0.886 0.445]
		[-0.852 -0.132 0.507]
		[0.508 -0.444 0.738]
		[0.490 0.840 0.231]
		[-0.821 0.356 0.446]
		[0.292 -0.408 0.865]
		[0.866 0.499 0.035]
		[-0.495 0.844 0.207]
		[0.073 -0.197 0.978]
		[0.995 0.098 -0.007]
		[-0.098 0.994 -0.044]
		[0.003 0.045 0.999]
		[0.105 -0.994 0.003]
		[0.994 0.105 -0.007]
		[0.006 0.004 1.000]
		[0.000 0.381 0.000]
		[0.000 0.158 0.000]
		[0.000 -1.000 0.000]
		[0.000 0.000 0.993]
		[0.000 0.988 0.154]
		[0.000 -0.154 0.988]
		[0.000 0.174 0.000]
		[0.000 0.991 0.133]
		[0.000 -0.133 0.991]
		[0.000 0.995 0.097]
		[0.000 -0.097 0.995]
		[0.000 0.999 0.045]
		[0.000 -0.045 0.999]
		[0.000 1.000 -0.019]
		[0.000 0.019 1.000]
		[0.000 0.996 -0.087]
		[0.000 0.087 0.996]
		[0.000 0.988 -0.152]
		[0.000 0.152 0.988]
		[0.000 0.978 -0.210]
		[0.000 0.210 0.978]
		[0.000 0.967 -0.255]
		[0.000 0.255 0.967]
		[0.000 0.959 -0.285]
		[0.000 0.285 0.959]
		[0.000 0.954 -0.299]
		[0.000 0.299 0.954]
		[0.000 0.954 -0.300]
		[0.000 0.300 0.954]
		[0.000 0.957 -0.289]
		[0.000 0.289 0.957]
		[0.000 0.965 -0.263]
		[0.000 0.263 0.965]
		[0.000 0.975 -0.222]
		[0.000 0.222 0.975]
		[0.000 0.986 -0.165]
		[0.000 0.165 0.986]
		[0.000 0.996 -0.089]
		[0.000 0.089 0.996]
		[0.000 1.000 -0.003]
		[0.000 0.003 1.000]
		[0.000 0.997 0.076]
		[0.000 -0.076 0.997]
		[0.000 0.991 0.132]
		[0.000 -0.132 0.991]
		[-0.606 -0.780 0.157]
		[0.752 -0.626 -0.207]
		[0.260 -0.007 0.966]
		[0.242 0.316 0.000]
		[-0.528 -0.809 0.257]
		[0.782 -0.581 -0.223]
		[0.330 0.084 0.940]
		[-0.298 -0.822 0.486]
		[0.840 -0.467 -0.276]
		[0.454 0.326 0.829]
		[0.022 -0.709 0.705]
		[0.872 -0.330 -0.360]
		[0.488 0.623 0.611]
		[0.281 -0.490 0.825]
		[0.877 -0.217 -0.428]
		[0.389 0.844 0.369]
		[0.370 -0.278 0.887]
		[0.901 -0.127 -0.416]
		[0.228 0.952 0.203]
		[0.275 -0.092 0.957]
		[0.958 -0.053 -0.281]
		[0.076 0.994 0.074]
		[0.054 0.091 0.994]
		[0.998 0.017 -0.056]
		[-0.022 0.996 -0.089]
		[-0.201 0.232 0.952]
		[0.978 0.094 0.184]
		[-0.047 0.968 -0.246]
		[-0.391 0.312 0.866]
		[0.920 0.159 0.358]
		[-0.026 0.937 -0.349]
		[-0.461 0.337 0.821]
		[0.888 0.184 0.422]
		[-0.009 0.923 -0.384]
		[-0.478 0.238 0.845]
		[0.878 0.161 0.451]
		[-0.029 0.958 -0.286]
		[-0.509 -0.019 0.860]
		[0.857 0.084 0.509]
		[-0.082 0.996 -0.026]
		[-0.521 -0.344 0.781]
		[0.841 -0.048 0.539]
		[-0.148 0.938 0.314]
		[-0.505 -0.612 0.609]
		[0.843 -0.195 0.502]
		[-0.188 0.767 0.614]
		[-0.481 -0.758 0.440]
		[0.861 -0.315 0.399]
		[-0.164 0.571 0.804]
		[-0.484 -0.816 0.316]
		[0.872 -0.419 0.253]
		[-0.075 0.398 0.914]
		[-0.512 -0.827 0.233]
		[0.858 -0.506 0.091]
		[0.043 0.246 0.968]
		[-0.555 -0.812 0.181]
		[0.818 -0.573 -0.059]
		[0.152 0.115 0.982]
		[-0.592 -0.790 0.161]
		[0.773 -0.613 -0.167]
		[0.230 0.026 0.973]
		[0.970 0.244 0.000]
		[-0.244 0.970 0.000]
		[0.000 0.296 0.000]
		[1.000 0.017 0.000]
		[-0.017 1.000 0.000]
		[0.000 0.310 0.000]
		[0.000 0.090 0.000]
		[0.614 -0.789 0.000]
		[-0.789 -0.614 0.000]
		[0.237 0.438 0.000]
		[0.000 0.500 0.000]
		[-0.590 0.773 -0.234]
		[-0.710 -0.635 -0.305]
		[-0.384 -0.014 0.923]
		[-0.247 0.318 0.000]
		[-0.591 0.777 -0.216]
		[-0.699 -0.627 -0.345]
		[-0.404 -0.053 0.913]
		[-0.593 0.789 -0.161]
		[-0.674 -0.596 -0.437]
		[-0.440 -0.150 0.885]
		[-0.600 0.798 -0.063]
		[-0.650 -0.531 -0.544]
		[-0.467 -0.285 0.837]
		[-0.605 0.792 0.084]
		[-0.654 -0.434 -0.619]
		[-0.454 -0.429 0.781]
		[-0.587 0.756 0.290]
		[-0.714 -0.314 -0.625]
		[-0.382 -0.574 0.724]
		[-0.497 0.677 0.543]
		[-0.819 -0.157 -0.552]
		[-0.289 -0.719 0.633]
		[-0.301 0.526 0.795]
		[-0.925 0.042 -0.378]
		[-0.232 -0.849 0.474]
		[-0.060 0.327 0.943]
		[-0.973 0.190 -0.128]
		[-0.221 -0.926 0.306]
		[0.151 0.166 0.974]
		[-0.964 0.241 0.108]
		[-0.217 -0.956 0.197]
		[0.293 0.131 0.947]
		[-0.943 0.202 0.264]
		[-0.157 -0.971 0.183]
		[0.344 0.351 0.871]
		[-0.939 0.113 0.325]
		[0.016 -0.929 0.369]
		[0.209 0.792 0.574]
		[-0.937 -0.005 0.349]
		[0.279 -0.611 0.741]
		[-0.151 0.989 -0.006]
		[-0.905 -0.136 0.402]
		[0.397 0.066 0.916]
		[-0.443 0.790 -0.424]
		[-0.852 -0.224 0.473]
		[0.279 0.571 0.772]
		[-0.566 0.640 -0.520]
		[-0.806 -0.296 0.512]
		[0.174 0.708 0.684]
		[-0.602 0.642 -0.474]
		[-0.793 -0.411 0.450]
		[0.095 0.647 0.757]
		[-0.603 0.683 -0.413]
		[-0.797 -0.544 0.264]
		[-0.044 0.488 0.872]
		[-0.594 0.731 -0.336]
		[-0.777 -0.629 0.008]
		[-0.206 0.266 0.942]
		[-0.590 0.762 -0.265]
		[-0.735 -0.644 -0.214]
		[-0.334 0.068 0.940]
		[0.968 -0.252 0.000]
		[0.252 0.968 0.000]
		[0.000 0.292 0.000]
		[1.000 0.018 0.000]
		[-0.018 1.000 0.000]
		[0.000 0.321 0.000]
		[0.000 0.088 0.000]
		[0.621 0.784 0.000]
		[0.784 -0.621 0.000]
		[-0.235 0.436 0.000]
		[0.000 0.402 0.000]
		[0.000 0.851 0.525]
		[0.000 -0.525 0.851]
		[0.000 0.110 0.000]
		[0.000 0.251 0.000]
		[0.000 -0.711 0.000]
		[100.000 0.000 0.000]
		[0.000 0.000 -100.000]
		[0.000 100.000 0.000]
		[0.000 0.000 0.000]]
}