{ :name "open_parachute" :length 1.041667 :bones { 
	"LegL" [
		[ 0 [ 0 1 2 3 ] ]
		[ 0.04166667 [ 4 5 6 3 ] ]
		[ 0.08333334 [ 7 8 9 3 ] ]
		[ 0.125 [ 10 11 12 3 ] ]
		[ 0.1666667 [ 13 14 15 3 ] ]
		[ 0.2083333 [ 16 17 18 3 ] ]
		[ 0.25 [ 19 20 21 3 ] ]
		[ 0.2916667 [ 22 23 24 3 ] ]
		[ 0.3333334 [ 25 26 27 3 ] ]
		[ 0.375 [ 28 29 30 3 ] ]
		[ 0.4166667 [ 31 32 33 3 ] ]
		[ 0.4583334 [ 34 35 36 3 ] ]
		[ 0.5000001 [ 37 38 39 3 ] ]
		[ 0.5416667 [ 40 41 42 3 ] ]
		[ 0.5833334 [ 43 44 45 3 ] ]
		[ 0.6250001 [ 46 47 48 3 ] ]
		[ 0.6666667 [ 49 50 51 3 ] ]
		[ 0.7083334 [ 52 53 54 3 ] ]
		[ 0.7500001 [ 55 56 57 3 ] ]
		[ 0.7916667 [ 58 59 60 3 ] ]
		[ 0.8333334 [ 61 62 63 3 ] ]
		[ 0.8750001 [ 64 65 66 3 ] ]
		[ 0.9166667 [ 67 68 69 3 ] ]
		[ 0.9583334 [ 70 71 72 3 ] ]
		[ 1 [ 73 74 75 3 ] ]
	]
	"KneeL" [
		[ 0 [ 76 77 78 79 ] ]
		[ 0.04166667 [ 80 81 82 79 ] ]
		[ 0.08333334 [ 83 84 85 79 ] ]
		[ 0.125 [ 86 87 88 79 ] ]
		[ 0.1666667 [ 89 90 91 79 ] ]
		[ 0.2083333 [ 92 93 94 79 ] ]
		[ 0.25 [ 95 96 97 79 ] ]
		[ 0.2916667 [ 98 99 100 79 ] ]
		[ 0.3333334 [ 101 102 103 79 ] ]
		[ 0.375 [ 104 105 106 79 ] ]
		[ 0.4166667 [ 107 108 109 79 ] ]
		[ 0.4583334 [ 110 111 112 79 ] ]
		[ 0.5000001 [ 113 114 115 79 ] ]
		[ 0.5416667 [ 116 117 118 79 ] ]
		[ 0.5833334 [ 119 120 121 79 ] ]
		[ 0.6250001 [ 122 123 124 79 ] ]
		[ 0.6666667 [ 125 126 127 79 ] ]
		[ 0.7083334 [ 128 129 130 79 ] ]
		[ 0.7500001 [ 131 132 133 79 ] ]
		[ 0.7916667 [ 134 135 136 79 ] ]
		[ 0.8333334 [ 137 138 139 79 ] ]
		[ 0.8750001 [ 140 141 142 79 ] ]
		[ 0.9166667 [ 143 144 145 79 ] ]
		[ 0.9583334 [ 146 147 148 79 ] ]
		[ 1 [ 149 150 151 79 ] ]
	]
	"FootL" [
		[ 0 [ 152 153 154 155 ] ]
	]
	"FootL_end" [
		[ 0 [ 156 157 158 159 ] ]
	]
	"LegR" [
		[ 0 [ 160 161 162 163 ] ]
		[ 0.04166667 [ 164 165 166 163 ] ]
		[ 0.08333334 [ 167 168 169 163 ] ]
		[ 0.125 [ 170 171 172 163 ] ]
		[ 0.1666667 [ 173 174 175 163 ] ]
		[ 0.2083333 [ 176 177 178 163 ] ]
		[ 0.25 [ 179 180 181 163 ] ]
		[ 0.2916667 [ 182 183 184 163 ] ]
		[ 0.3333334 [ 185 186 187 163 ] ]
		[ 0.375 [ 188 189 190 163 ] ]
		[ 0.4166667 [ 191 192 193 163 ] ]
		[ 0.4583334 [ 194 195 196 163 ] ]
		[ 0.5000001 [ 197 198 199 163 ] ]
		[ 0.5416667 [ 200 201 202 163 ] ]
		[ 0.5833334 [ 203 204 205 163 ] ]
		[ 0.6250001 [ 206 207 208 163 ] ]
		[ 0.6666667 [ 209 210 211 163 ] ]
		[ 0.7083334 [ 212 213 214 163 ] ]
		[ 0.7500001 [ 215 216 217 163 ] ]
		[ 0.7916667 [ 218 219 220 163 ] ]
		[ 0.8333334 [ 221 222 223 163 ] ]
		[ 0.8750001 [ 224 225 226 163 ] ]
		[ 0.9166667 [ 227 228 229 163 ] ]
		[ 0.9583334 [ 230 231 232 163 ] ]
		[ 1 [ 233 234 235 163 ] ]
	]
	"KneeR" [
		[ 0 [ 236 237 238 239 ] ]
		[ 0.04166667 [ 240 241 242 239 ] ]
		[ 0.08333334 [ 243 244 245 239 ] ]
		[ 0.125 [ 246 247 248 239 ] ]
		[ 0.1666667 [ 249 250 251 239 ] ]
		[ 0.2083333 [ 252 253 254 239 ] ]
		[ 0.25 [ 255 256 257 239 ] ]
		[ 0.2916667 [ 258 259 260 239 ] ]
		[ 0.3333334 [ 261 262 263 239 ] ]
		[ 0.375 [ 264 265 266 239 ] ]
		[ 0.4166667 [ 267 268 269 239 ] ]
		[ 0.4583334 [ 270 271 272 239 ] ]
		[ 0.5000001 [ 273 274 275 239 ] ]
		[ 0.5416667 [ 276 268 269 239 ] ]
		[ 0.5833334 [ 277 271 278 239 ] ]
		[ 0.6250001 [ 273 274 275 239 ] ]
		[ 0.6666667 [ 279 280 281 239 ] ]
		[ 0.7083334 [ 282 283 284 239 ] ]
		[ 0.7500001 [ 285 286 287 239 ] ]
		[ 0.7916667 [ 288 289 290 239 ] ]
		[ 0.8333334 [ 291 253 292 239 ] ]
		[ 0.8750001 [ 249 293 294 239 ] ]
		[ 0.9166667 [ 246 247 248 239 ] ]
		[ 0.9583334 [ 243 244 245 239 ] ]
		[ 1 [ 295 296 297 239 ] ]
	]
	"FootR" [
		[ 0 [ 298 299 300 301 ] ]
	]
	"FootR_end" [
		[ 0 [ 156 157 158 302 ] ]
	]
	"Root" [
		[ 0 [ 156 158 303 304 ] ]
	]
	"Spine" [
		[ 0 [ 156 305 306 307 ] ]
		[ 0.04166667 [ 308 309 310 307 ] ]
		[ 0.08333334 [ 311 312 313 307 ] ]
		[ 0.125 [ 314 315 316 307 ] ]
		[ 0.1666667 [ 317 318 319 307 ] ]
		[ 0.2083333 [ 320 321 322 307 ] ]
		[ 0.25 [ 323 324 325 307 ] ]
		[ 0.2916667 [ 326 327 328 307 ] ]
		[ 0.3333334 [ 329 330 331 307 ] ]
		[ 0.375 [ 332 333 334 307 ] ]
		[ 0.4166667 [ 335 336 337 307 ] ]
		[ 0.4583334 [ 338 339 340 307 ] ]
		[ 0.5000001 [ 341 342 343 307 ] ]
		[ 0.5416667 [ 344 345 346 307 ] ]
		[ 0.5833334 [ 347 348 349 307 ] ]
		[ 0.6250001 [ 350 351 352 307 ] ]
		[ 0.6666667 [ 353 354 355 307 ] ]
		[ 0.7083334 [ 356 357 358 307 ] ]
		[ 0.7500001 [ 359 360 361 307 ] ]
		[ 0.7916667 [ 362 363 364 307 ] ]
		[ 0.8333334 [ 365 366 367 307 ] ]
		[ 0.8750001 [ 368 369 370 307 ] ]
		[ 0.9166667 [ 371 372 373 307 ] ]
		[ 0.9583334 [ 374 375 376 307 ] ]
		[ 1 [ 377 378 379 307 ] ]
	]
	"ArmL" [
		[ 0 [ 380 381 382 383 ] ]
		[ 0.04166667 [ 384 385 386 383 ] ]
		[ 0.08333334 [ 387 388 389 383 ] ]
		[ 0.125 [ 390 391 392 383 ] ]
		[ 0.1666667 [ 393 394 395 383 ] ]
		[ 0.2083333 [ 396 397 398 383 ] ]
		[ 0.25 [ 399 400 401 383 ] ]
		[ 0.2916667 [ 402 403 404 383 ] ]
		[ 0.3333334 [ 405 406 407 383 ] ]
		[ 0.375 [ 408 409 410 383 ] ]
		[ 0.4166667 [ 411 412 413 383 ] ]
		[ 0.4583334 [ 414 415 416 383 ] ]
		[ 0.5000001 [ 417 418 419 383 ] ]
		[ 0.5416667 [ 417 418 419 383 ] ]
		[ 0.5833334 [ 414 415 416 383 ] ]
		[ 0.6250001 [ 411 412 413 383 ] ]
		[ 0.6666667 [ 408 409 410 383 ] ]
		[ 0.7083334 [ 405 406 407 383 ] ]
		[ 0.7500001 [ 402 403 404 383 ] ]
		[ 0.7916667 [ 399 400 401 383 ] ]
		[ 0.8333334 [ 396 397 398 383 ] ]
		[ 0.8750001 [ 393 394 395 383 ] ]
		[ 0.9166667 [ 390 391 392 383 ] ]
		[ 0.9583334 [ 387 388 389 383 ] ]
		[ 1 [ 384 385 386 383 ] ]
	]
	"FArmL" [
		[ 0 [ 420 421 158 422 ] ]
	]
	"HandL" [
		[ 0 [ 423 424 158 425 ] ]
	]
	"HandL_end" [
		[ 0 [ 156 157 158 426 ] ]
	]
	"WingL" [
		[ 0 [ 427 158 428 429 ] ]
	]
	"WingL_end" [
		[ 0 [ 156 157 158 430 ] ]
	]
	"ArmR" [
		[ 0 [ 431 432 433 434 ] ]
		[ 0.04166667 [ 435 436 437 434 ] ]
		[ 0.08333334 [ 438 439 440 434 ] ]
		[ 0.125 [ 441 442 443 434 ] ]
		[ 0.1666667 [ 444 445 446 434 ] ]
		[ 0.2083333 [ 447 448 449 434 ] ]
		[ 0.25 [ 450 451 452 434 ] ]
		[ 0.2916667 [ 453 454 455 434 ] ]
		[ 0.3333334 [ 456 457 458 434 ] ]
		[ 0.375 [ 459 460 461 434 ] ]
		[ 0.4166667 [ 462 463 464 434 ] ]
		[ 0.4583334 [ 465 466 467 434 ] ]
		[ 0.5000001 [ 468 469 470 434 ] ]
		[ 0.5416667 [ 471 472 473 434 ] ]
		[ 0.5833334 [ 474 475 476 434 ] ]
		[ 0.6250001 [ 477 478 479 434 ] ]
		[ 0.6666667 [ 480 481 482 434 ] ]
		[ 0.7083334 [ 483 484 485 434 ] ]
		[ 0.7500001 [ 486 487 488 434 ] ]
		[ 0.7916667 [ 489 490 491 434 ] ]
		[ 0.8333334 [ 492 493 494 434 ] ]
		[ 0.8750001 [ 495 496 497 434 ] ]
		[ 0.9166667 [ 498 499 500 434 ] ]
		[ 0.9583334 [ 501 502 503 434 ] ]
		[ 1 [ 504 505 506 434 ] ]
	]
	"FArmR" [
		[ 0 [ 507 508 158 509 ] ]
		[ 0.04166667 [ 510 511 512 509 ] ]
		[ 0.08333334 [ 513 514 515 509 ] ]
		[ 0.125 [ 516 517 518 509 ] ]
		[ 0.1666667 [ 519 520 521 509 ] ]
		[ 0.2083333 [ 522 523 524 509 ] ]
		[ 0.25 [ 525 526 527 509 ] ]
		[ 0.2916667 [ 528 529 530 509 ] ]
		[ 0.3333334 [ 531 532 533 509 ] ]
		[ 0.375 [ 534 535 536 509 ] ]
		[ 0.4166667 [ 537 538 539 509 ] ]
		[ 0.4583334 [ 540 541 542 509 ] ]
		[ 0.5000001 [ 543 544 545 509 ] ]
		[ 0.5416667 [ 546 547 548 509 ] ]
		[ 0.5833334 [ 549 550 551 509 ] ]
		[ 0.6250001 [ 552 553 554 509 ] ]
		[ 0.6666667 [ 555 556 557 509 ] ]
		[ 0.7083334 [ 558 559 560 509 ] ]
		[ 0.7500001 [ 561 562 563 509 ] ]
		[ 0.7916667 [ 564 565 566 509 ] ]
		[ 0.8333334 [ 567 568 569 509 ] ]
		[ 0.8750001 [ 570 571 572 509 ] ]
		[ 0.9166667 [ 573 574 575 509 ] ]
		[ 0.9583334 [ 576 577 578 509 ] ]
		[ 1 [ 579 580 581 509 ] ]
	]
	"HandR" [
		[ 0 [ 582 583 158 584 ] ]
	]
	"HandR_end" [
		[ 0 [ 156 157 158 585 ] ]
	]
	"WingR" [
		[ 0 [ 586 158 587 588 ] ]
	]
	"WingR_end" [
		[ 0 [ 156 157 158 430 ] ]
	]
	"Neck" [
		[ 0 [ 156 157 158 589 ] ]
		[ 0.04166667 [ 590 591 592 589 ] ]
		[ 0.08333334 [ 593 594 595 589 ] ]
		[ 0.125 [ 596 597 598 589 ] ]
		[ 0.1666667 [ 599 600 601 589 ] ]
		[ 0.2083333 [ 602 603 604 589 ] ]
		[ 0.25 [ 605 606 607 589 ] ]
		[ 0.2916667 [ 608 609 610 589 ] ]
		[ 0.3333334 [ 611 612 613 589 ] ]
		[ 0.375 [ 614 615 616 589 ] ]
		[ 0.4166667 [ 617 618 619 589 ] ]
		[ 0.4583334 [ 620 621 622 589 ] ]
		[ 0.5000001 [ 620 623 624 589 ] ]
		[ 0.5416667 [ 617 618 619 589 ] ]
		[ 0.5833334 [ 617 625 626 589 ] ]
		[ 0.6250001 [ 627 628 629 589 ] ]
		[ 0.6666667 [ 630 631 632 589 ] ]
		[ 0.7083334 [ 633 634 635 589 ] ]
		[ 0.7500001 [ 636 637 638 589 ] ]
		[ 0.7916667 [ 605 639 640 589 ] ]
		[ 0.8333334 [ 641 642 643 589 ] ]
		[ 0.8750001 [ 644 645 646 589 ] ]
		[ 0.9166667 [ 647 648 649 589 ] ]
		[ 0.9583334 [ 650 651 652 589 ] ]
		[ 1 [ 590 653 654 589 ] ]
	]
	"Head" [
		[ 0 [ 156 655 656 657 ] ]
		[ 0.04166667 [ 658 659 660 657 ] ]
		[ 0.08333334 [ 661 662 663 657 ] ]
		[ 0.125 [ 664 665 666 657 ] ]
		[ 0.1666667 [ 667 668 669 657 ] ]
		[ 0.2083333 [ 670 671 672 657 ] ]
		[ 0.25 [ 673 674 675 657 ] ]
		[ 0.2916667 [ 676 677 678 657 ] ]
		[ 0.3333334 [ 679 680 681 657 ] ]
		[ 0.375 [ 682 683 684 657 ] ]
		[ 0.4166667 [ 685 686 687 657 ] ]
		[ 0.4583334 [ 688 689 690 657 ] ]
		[ 0.5000001 [ 691 692 693 657 ] ]
		[ 0.5416667 [ 694 695 696 657 ] ]
		[ 0.5833334 [ 697 698 699 657 ] ]
		[ 0.6250001 [ 700 701 702 657 ] ]
		[ 0.6666667 [ 703 704 705 657 ] ]
		[ 0.7083334 [ 706 707 708 657 ] ]
		[ 0.7500001 [ 709 710 711 657 ] ]
		[ 0.7916667 [ 712 713 714 657 ] ]
		[ 0.8333334 [ 715 716 717 657 ] ]
		[ 0.8750001 [ 718 719 720 657 ] ]
		[ 0.9166667 [ 721 722 723 657 ] ]
		[ 0.9583334 [ 724 725 726 657 ] ]
		[ 1 [ 727 728 729 657 ] ]
	]
	"Head_end" [
		[ 0 [ 156 157 158 730 ] ]
	]
	"WingBack" [
		[ 0 [ 157 158 156 731 ] ]
	]
	"WingBack_end" [
		[ 0 [ 156 157 158 430 ] ]
	]
	"Player" [
		[ 0 [ 732 733 734 735 ] ]
	]
	}
	:resources [
		[-0.433 -0.901 0.028]
		[0.187 -0.121 -0.975]
		[0.882 -0.417 0.221]
		[0.108 -0.025 0.930]
		[-0.413 -0.910 0.028]
		[0.189 -0.116 -0.975]
		[0.891 -0.398 0.220]
		[-0.376 -0.926 0.028]
		[0.193 -0.108 -0.975]
		[0.906 -0.361 0.219]
		[-0.315 -0.949 0.028]
		[0.198 -0.095 -0.976]
		[0.928 -0.302 0.218]
		[-0.229 -0.973 0.027]
		[0.205 -0.076 -0.976]
		[0.952 -0.217 0.217]
		[-0.122 -0.992 0.027]
		[0.211 -0.052 -0.976]
		[0.970 -0.114 0.216]
		[-0.002 -1.000 0.026]
		[0.216 -0.026 -0.976]
		[0.976 0.003 0.216]
		[0.125 -0.992 0.026]
		[0.218 0.002 -0.976]
		[0.968 0.128 0.216]
		[0.253 -0.967 0.026]
		[0.216 0.030 -0.976]
		[0.943 0.252 0.217]
		[0.375 -0.927 0.027]
		[0.213 0.058 -0.975]
		[0.902 0.371 0.219]
		[0.486 -0.873 0.030]
		[0.211 0.084 -0.974]
		[0.848 0.480 0.225]
		[0.583 -0.812 0.036]
		[0.215 0.111 -0.970]
		[0.784 0.573 0.239]
		[0.662 -0.748 0.049]
		[0.228 0.139 -0.964]
		[0.714 0.649 0.263]
		[0.724 -0.687 0.066]
		[0.247 0.168 -0.954]
		[0.644 0.707 0.292]
		[0.763 -0.641 0.082]
		[0.264 0.192 -0.945]
		[0.591 0.743 0.316]
		[0.774 -0.626 0.091]
		[0.273 0.202 -0.940]
		[0.571 0.753 0.328]
		[0.749 -0.657 0.088]
		[0.280 0.193 -0.940]
		[0.601 0.729 0.329]
		[0.681 -0.728 0.079]
		[0.289 0.168 -0.943]
		[0.673 0.665 0.324]
		[0.569 -0.820 0.066]
		[0.295 0.129 -0.947]
		[0.768 0.558 0.315]
		[0.413 -0.909 0.052]
		[0.296 0.080 -0.952]
		[0.861 0.409 0.302]
		[0.219 -0.975 0.040]
		[0.287 0.025 -0.958]
		[0.932 0.222 0.286]
		[0.016 -0.999 0.032]
		[0.267 -0.026 -0.963]
		[0.963 0.024 0.267]
		[-0.166 -0.986 0.028]
		[0.241 -0.068 -0.968]
		[0.956 -0.154 0.249]
		[-0.311 -0.950 0.027]
		[0.214 -0.098 -0.972]
		[0.926 -0.296 0.234]
		[-0.402 -0.915 0.028]
		[0.195 -0.115 -0.974]
		[0.895 -0.386 0.224]
		[0.998 0.056 -0.004]
		[-0.056 0.989 -0.138]
		[-0.004 0.138 0.990]
		[0.000 0.523 0.000]
		[1.000 0.031 0.000]
		[-0.031 0.990 -0.135]
		[-0.004 0.135 0.991]
		[1.000 -0.010 0.006]
		[0.011 0.992 -0.128]
		[-0.004 0.129 0.992]
		[0.997 -0.073 0.014]
		[0.074 0.990 -0.118]
		[-0.006 0.119 0.993]
		[0.988 -0.154 0.024]
		[0.155 0.982 -0.105]
		[-0.008 0.107 0.994]
		[0.970 -0.242 0.034]
		[0.244 0.966 -0.088]
		[-0.012 0.094 0.996]
		[0.944 -0.328 0.043]
		[0.331 0.941 -0.071]
		[-0.017 0.081 0.997]
		[0.913 -0.404 0.049]
		[0.407 0.912 -0.055]
		[-0.022 0.070 0.997]
		[0.885 -0.463 0.054]
		[0.466 0.884 -0.039]
		[-0.030 0.059 0.998]
		[0.863 -0.502 0.058]
		[0.504 0.863 -0.026]
		[-0.037 0.052 0.998]
		[0.853 -0.519 0.056]
		[0.521 0.853 -0.029]
		[-0.033 0.054 0.998]
		[0.856 -0.516 0.040]
		[0.518 0.853 -0.066]
		[0.000 0.077 0.997]
		[0.864 -0.503 0.007]
		[0.500 0.855 -0.138]
		[0.063 0.123 0.990]
		[0.874 -0.485 -0.034]
		[0.467 0.856 -0.224]
		[0.138 0.180 0.974]
		[0.885 -0.459 -0.075]
		[0.420 0.858 -0.295]
		[0.200 0.230 0.952]
		[0.901 -0.422 -0.102]
		[0.370 0.868 -0.331]
		[0.229 0.260 0.938]
		[0.921 -0.373 -0.114]
		[0.319 0.888 -0.331]
		[0.224 0.268 0.937]
		[0.942 -0.315 -0.114]
		[0.266 0.911 -0.313]
		[0.203 0.265 0.943]
		[0.962 -0.251 -0.107]
		[0.212 0.934 -0.287]
		[0.172 0.253 0.952]
		[0.978 -0.187 -0.094]
		[0.157 0.953 -0.257]
		[0.138 0.237 0.962]
		[0.989 -0.124 -0.077]
		[0.103 0.968 -0.229]
		[0.103 0.218 0.970]
		[0.996 -0.066 -0.058]
		[0.053 0.978 -0.201]
		[0.070 0.197 0.978]
		[0.999 -0.016 -0.038]
		[0.009 0.984 -0.176]
		[0.040 0.175 0.984]
		[1.000 0.022 -0.021]
		[-0.025 0.987 -0.156]
		[0.017 0.156 0.988]
		[0.999 0.047 -0.008]
		[-0.048 0.989 -0.143]
		[0.002 0.143 0.990]
		[0.114 0.993 -0.006]
		[-0.993 0.114 -0.007]
		[-0.007 0.007 1.000]
		[0.000 0.380 0.000]
		[1.000 0.000 0.000]
		[0.000 1.000 0.000]
		[0.000 0.000 1.000]
		[0.000 0.159 0.000]
		[-0.518 0.855 -0.026]
		[-0.181 -0.139 -0.974]
		[-0.836 -0.500 0.227]
		[-0.109 -0.024 0.930]
		[-0.516 0.856 -0.026]
		[-0.185 -0.140 -0.973]
		[-0.837 -0.497 0.231]
		[-0.511 0.859 -0.025]
		[-0.191 -0.142 -0.971]
		[-0.838 -0.491 0.237]
		[-0.505 0.863 -0.024]
		[-0.200 -0.145 -0.969]
		[-0.840 -0.484 0.246]
		[-0.497 0.867 -0.023]
		[-0.212 -0.148 -0.966]
		[-0.841 -0.476 0.258]
		[-0.490 0.872 -0.021]
		[-0.227 -0.151 -0.962]
		[-0.842 -0.466 0.272]
		[-0.482 0.876 -0.019]
		[-0.244 -0.155 -0.957]
		[-0.841 -0.457 0.289]
		[-0.475 0.880 -0.016]
		[-0.264 -0.160 -0.951]
		[-0.839 -0.448 0.308]
		[-0.469 0.883 -0.012]
		[-0.286 -0.164 -0.944]
		[-0.836 -0.439 0.330]
		[-0.464 0.886 -0.006]
		[-0.310 -0.169 -0.935]
		[-0.829 -0.432 0.353]
		[-0.464 0.886 0.003]
		[-0.337 -0.174 -0.925]
		[-0.819 -0.431 0.379]
		[-0.472 0.881 0.018]
		[-0.364 -0.177 -0.915]
		[-0.803 -0.438 0.404]
		[-0.489 0.872 0.040]
		[-0.389 -0.177 -0.904]
		[-0.781 -0.457 0.425]
		[-0.509 0.858 0.066]
		[-0.411 -0.175 -0.895]
		[-0.756 -0.483 0.442]
		[-0.527 0.845 0.088]
		[-0.426 -0.173 -0.888]
		[-0.735 -0.505 0.452]
		[-0.536 0.839 0.099]
		[-0.432 -0.172 -0.885]
		[-0.726 -0.517 0.454]
		[-0.538 0.837 0.097]
		[-0.425 -0.170 -0.889]
		[-0.728 -0.520 0.447]
		[-0.539 0.838 0.088]
		[-0.407 -0.167 -0.898]
		[-0.738 -0.520 0.430]
		[-0.538 0.840 0.074]
		[-0.379 -0.163 -0.911]
		[-0.753 -0.518 0.406]
		[-0.536 0.842 0.056]
		[-0.346 -0.159 -0.925]
		[-0.770 -0.515 0.376]
		[-0.533 0.845 0.037]
		[-0.309 -0.154 -0.939]
		[-0.788 -0.511 0.343]
		[-0.529 0.849 0.017]
		[-0.272 -0.150 -0.951]
		[-0.804 -0.507 0.310]
		[-0.525 0.851 0.000]
		[-0.237 -0.146 -0.960]
		[-0.817 -0.504 0.278]
		[-0.522 0.853 -0.012]
		[-0.210 -0.143 -0.967]
		[-0.827 -0.502 0.254]
		[-0.520 0.854 -0.021]
		[-0.192 -0.141 -0.971]
		[-0.832 -0.501 0.237]
		[0.998 -0.060 0.005]
		[0.060 0.989 -0.139]
		[0.004 0.139 0.990]
		[0.000 0.525 0.000]
		[0.999 -0.044 0.029]
		[0.048 0.989 -0.142]
		[-0.022 0.143 0.989]
		[0.997 -0.014 0.076]
		[0.025 0.988 -0.150]
		[-0.073 0.151 0.986]
		[0.988 0.038 0.152]
		[-0.012 0.986 -0.165]
		[-0.156 0.161 0.975]
		[0.965 0.101 0.243]
		[-0.056 0.981 -0.187]
		[-0.258 0.167 0.952]
		[0.926 0.171 0.338]
		[-0.100 0.971 -0.216]
		[-0.365 0.166 0.916]
		[0.873 0.238 0.426]
		[-0.140 0.958 -0.249]
		[-0.468 0.158 0.870]
		[0.812 0.299 0.501]
		[-0.173 0.944 -0.282]
		[-0.557 0.143 0.818]
		[0.755 0.347 0.557]
		[-0.197 0.930 -0.312]
		[-0.625 0.126 0.770]
		[0.713 0.377 0.591]
		[-0.211 0.919 -0.332]
		[-0.668 0.112 0.736]
		[0.696 0.389 0.603]
		[-0.217 0.915 -0.340]
		[-0.685 0.106 0.721]
		[0.695 0.390 0.604]
		[-0.217 0.915 -0.341]
		[-0.686 0.106 0.720]
		[0.697 0.388 0.602]
		[-0.216 0.915 -0.340]
		[-0.683 0.107 0.722]
		[0.696 0.389 0.604]
		[0.694 0.391 0.605]
		[-0.687 0.105 0.719]
		[0.718 0.374 0.587]
		[-0.210 0.920 -0.330]
		[-0.664 0.114 0.739]
		[0.760 0.343 0.553]
		[-0.195 0.931 -0.309]
		[-0.620 0.127 0.774]
		[0.814 0.298 0.499]
		[-0.172 0.944 -0.282]
		[-0.555 0.143 0.819]
		[0.872 0.239 0.427]
		[-0.141 0.958 -0.249]
		[-0.469 0.157 0.869]
		[0.925 0.171 0.338]
		[-0.366 0.166 0.916]
		[-0.055 0.981 -0.187]
		[-0.257 0.167 0.952]
		[0.999 -0.047 0.024]
		[0.050 0.989 -0.141]
		[-0.017 0.142 0.990]
		[0.105 -0.994 0.003]
		[0.994 0.105 -0.007]
		[0.006 0.004 1.000]
		[0.000 0.381 0.000]
		[0.000 0.158 0.000]
		[0.000 -1.000 0.000]
		[0.000 0.000 0.993]
		[0.000 0.988 0.154]
		[0.000 -0.154 0.988]
		[0.000 0.174 0.000]
		[1.000 -0.001 0.018]
		[-0.001 0.988 0.154]
		[-0.018 -0.154 0.988]
		[0.999 -0.004 0.050]
		[-0.004 0.988 0.155]
		[-0.050 -0.155 0.987]
		[0.996 -0.008 0.093]
		[-0.007 0.988 0.155]
		[-0.093 -0.155 0.984]
		[0.989 -0.012 0.147]
		[-0.011 0.988 0.155]
		[-0.147 -0.155 0.977]
		[0.978 -0.018 0.207]
		[-0.015 0.988 0.156]
		[-0.207 -0.155 0.966]
		[0.963 -0.024 0.267]
		[-0.019 0.988 0.156]
		[-0.267 -0.155 0.951]
		[0.946 -0.029 0.322]
		[-0.022 0.988 0.156]
		[-0.322 -0.155 0.934]
		[0.930 -0.035 0.366]
		[-0.024 0.987 0.156]
		[-0.367 -0.154 0.917]
		[0.917 -0.040 0.396]
		[-0.025 0.987 0.157]
		[-0.397 -0.153 0.905]
		[0.912 -0.044 0.408]
		[-0.023 0.987 0.158]
		[-0.410 -0.153 0.899]
		[0.949 -0.046 0.311]
		[-0.005 0.987 0.160]
		[-0.315 -0.154 0.937]
		[0.997 -0.046 0.057]
		[0.037 0.987 0.156]
		[-0.063 -0.154 0.986]
		[0.966 -0.046 -0.256]
		[0.083 0.987 0.137]
		[0.247 -0.154 0.957]
		[0.868 -0.044 -0.495]
		[0.114 0.987 0.112]
		[0.483 -0.154 0.862]
		[0.812 -0.044 -0.582]
		[0.125 0.987 0.099]
		[0.570 -0.153 0.807]
		[0.822 -0.043 -0.568]
		[0.122 0.987 0.102]
		[0.557 -0.153 0.816]
		[0.847 -0.039 -0.529]
		[0.114 0.988 0.108]
		[0.519 -0.152 0.841]
		[0.883 -0.035 -0.469]
		[0.101 0.988 0.118]
		[0.459 -0.151 0.875]
		[0.919 -0.028 -0.392]
		[0.085 0.988 0.127]
		[0.384 -0.151 0.911]
		[0.952 -0.022 -0.306]
		[0.067 0.988 0.137]
		[0.299 -0.150 0.942]
		[0.976 -0.015 -0.217]
		[0.048 0.988 0.144]
		[0.213 -0.151 0.965]
		[0.991 -0.009 -0.133]
		[0.029 0.988 0.149]
		[0.130 -0.152 0.980]
		[0.998 -0.004 -0.064]
		[0.014 0.988 0.152]
		[0.062 -0.153 0.986]
		[1.000 -0.001 -0.017]
		[0.004 0.988 0.154]
		[0.017 -0.154 0.988]
		[-0.598 -0.802 0.016]
		[0.801 -0.598 -0.025]
		[0.029 -0.002 1.000]
		[0.242 0.316 0.000]
		[-0.595 -0.804 0.003]
		[0.804 -0.595 -0.008]
		[0.009 -0.002 1.000]
		[-0.591 -0.807 -0.017]
		[0.807 -0.591 0.020]
		[-0.026 -0.002 1.000]
		[-0.583 -0.811 -0.046]
		[0.809 -0.585 0.059]
		[-0.075 -0.002 0.997]
		[-0.571 -0.817 -0.081]
		[0.810 -0.577 0.108]
		[-0.135 -0.003 0.991]
		[-0.556 -0.823 -0.119]
		[0.806 -0.568 0.163]
		[-0.202 -0.005 0.979]
		[-0.538 -0.828 -0.156]
		[0.799 -0.560 0.217]
		[-0.267 -0.008 0.964]
		[-0.519 -0.834 -0.189]
		[0.790 -0.552 0.267]
		[-0.326 -0.011 0.945]
		[-0.502 -0.838 -0.215]
		[0.779 -0.546 0.307]
		[-0.375 -0.013 0.927]
		[-0.489 -0.841 -0.234]
		[0.771 -0.541 0.336]
		[-0.409 -0.016 0.912]
		[-0.482 -0.842 -0.242]
		[0.766 -0.539 0.350]
		[-0.425 -0.017 0.905]
		[-0.480 -0.842 -0.245]
		[0.765 -0.539 0.354]
		[-0.430 -0.017 0.903]
		[-0.479 -0.843 -0.246]
		[0.764 -0.538 0.356]
		[-0.432 -0.017 0.902]
		[0.970 0.244 0.000]
		[-0.244 0.970 0.000]
		[0.000 0.296 0.000]
		[1.000 0.017 0.000]
		[-0.017 1.000 0.000]
		[0.000 0.310 0.000]
		[0.000 0.090 0.000]
		[0.614 -0.789 0.000]
		[-0.789 -0.614 0.000]
		[0.237 0.438 0.000]
		[0.000 0.500 0.000]
		[-0.591 0.806 -0.017]
		[-0.806 -0.591 -0.027]
		[-0.032 -0.002 0.999]
		[-0.247 0.318 0.000]
		[-0.594 0.804 -0.034]
		[-0.802 -0.595 -0.049]
		[-0.060 -0.002 0.998]
		[-0.598 0.799 -0.066]
		[-0.793 -0.602 -0.093]
		[-0.114 -0.003 0.993]
		[-0.601 0.791 -0.120]
		[-0.773 -0.612 -0.163]
		[-0.203 -0.005 0.979]
		[-0.597 0.780 -0.187]
		[-0.740 -0.625 -0.248]
		[-0.310 -0.009 0.951]
		[-0.585 0.769 -0.258]
		[-0.693 -0.639 -0.334]
		[-0.422 -0.017 0.906]
		[-0.565 0.757 -0.327]
		[-0.635 -0.652 -0.414]
		[-0.527 -0.026 0.849]
		[-0.538 0.748 -0.389]
		[-0.574 -0.663 -0.481]
		[-0.617 -0.036 0.786]
		[-0.511 0.741 -0.436]
		[-0.519 -0.670 -0.531]
		[-0.686 -0.045 0.727]
		[-0.490 0.736 -0.466]
		[-0.480 -0.675 -0.561]
		[-0.728 -0.051 0.684]
		[-0.482 0.735 -0.477]
		[-0.465 -0.676 -0.571]
		[-0.742 -0.054 0.668]
		[-0.523 0.742 -0.420]
		[-0.543 -0.670 -0.507]
		[-0.658 -0.037 0.752]
		[-0.590 0.764 -0.261]
		[-0.698 -0.646 -0.309]
		[-0.405 0.000 0.914]
		[-0.603 0.796 -0.049]
		[-0.797 -0.604 -0.017]
		[-0.043 0.029 0.999]
		[-0.554 0.824 0.117]
		[-0.791 -0.565 0.234]
		[0.259 0.037 0.965]
		[-0.521 0.835 0.178]
		[-0.767 -0.550 0.330]
		[0.373 0.036 0.927]
		[-0.526 0.833 0.172]
		[-0.770 -0.552 0.319]
		[0.361 0.035 0.932]
		[-0.534 0.830 0.158]
		[-0.778 -0.556 0.293]
		[0.331 0.033 0.943]
		[-0.545 0.827 0.138]
		[-0.788 -0.562 0.253]
		[0.287 0.030 0.958]
		[-0.557 0.823 0.112]
		[-0.797 -0.568 0.205]
		[0.232 0.025 0.972]
		[-0.568 0.819 0.083]
		[-0.805 -0.574 0.152]
		[0.172 0.020 0.985]
		[-0.577 0.815 0.054]
		[-0.809 -0.580 0.099]
		[0.112 0.014 0.994]
		[-0.584 0.811 0.027]
		[-0.810 -0.584 0.051]
		[0.057 0.008 0.998]
		[-0.588 0.809 0.006]
		[-0.809 -0.588 0.013]
		[0.014 0.003 1.000]
		[-0.590 0.808 -0.009]
		[-0.807 -0.590 -0.012]
		[-0.015 0.000 1.000]
		[0.968 -0.252 0.000]
		[0.252 0.968 0.000]
		[0.000 0.292 0.000]
		[0.968 -0.251 -0.008]
		[0.251 0.967 -0.047]
		[0.019 0.043 0.999]
		[0.968 -0.251 -0.030]
		[0.241 0.953 -0.182]
		[0.074 0.169 0.983]
		[0.965 -0.255 -0.064]
		[0.212 0.898 -0.385]
		[0.155 0.358 0.921]
		[0.957 -0.270 -0.104]
		[0.152 0.774 -0.615]
		[0.247 0.573 0.782]
		[0.943 -0.299 -0.143]
		[0.054 0.564 -0.824]
		[0.327 0.770 0.548]
		[0.926 -0.338 -0.170]
		[-0.063 0.304 -0.951]
		[0.373 0.891 0.260]
		[0.908 -0.377 -0.181]
		[-0.171 0.060 -0.983]
		[0.381 0.924 -0.010]
		[0.894 -0.408 -0.182]
		[-0.256 -0.133 -0.958]
		[0.367 0.903 -0.223]
		[0.886 -0.428 -0.179]
		[-0.307 -0.252 -0.918]
		[0.348 0.868 -0.355]
		[0.883 -0.435 -0.177]
		[-0.324 -0.292 -0.900]
		[0.340 0.852 -0.399]
		[0.887 -0.434 -0.157]
		[-0.268 -0.207 -0.941]
		[0.376 0.877 -0.300]
		[0.892 -0.438 -0.107]
		[-0.111 0.016 -0.994]
		[0.437 0.899 -0.035]
		[0.888 -0.457 -0.050]
		[0.101 0.301 -0.948]
		[0.448 0.837 0.313]
		[0.876 -0.481 -0.011]
		[0.288 0.542 -0.790]
		[0.386 0.689 0.614]
		[0.871 -0.492 0.000]
		[0.390 0.690 -0.609]
		[0.299 0.531 0.793]
		[0.875 -0.484 -0.001]
		[0.430 0.779 -0.456]
		[0.221 0.398 0.890]
		[0.886 -0.463 -0.005]
		[0.436 0.838 -0.329]
		[0.157 0.289 0.944]
		[0.900 -0.436 -0.007]
		[0.424 0.878 -0.222]
		[0.103 0.196 0.975]
		[0.915 -0.404 -0.007]
		[0.399 0.906 -0.140]
		[0.063 0.125 0.990]
		[0.929 -0.369 -0.005]
		[0.368 0.926 -0.081]
		[0.035 0.073 0.997]
		[0.942 -0.335 -0.004]
		[0.335 0.941 -0.041]
		[0.017 0.038 0.999]
		[0.952 -0.305 -0.002]
		[0.305 0.952 -0.017]
		[0.007 0.016 1.000]
		[0.960 -0.280 -0.001]
		[0.280 0.960 -0.005]
		[0.002 0.005 1.000]
		[0.965 -0.263 0.000]
		[0.263 0.965 -0.001]
		[0.000 0.001 1.000]
		[1.000 0.018 0.000]
		[-0.018 1.000 0.000]
		[0.000 0.321 0.000]
		[0.000 0.088 0.000]
		[0.621 0.784 0.000]
		[0.784 -0.621 0.000]
		[-0.235 0.436 0.000]
		[0.000 0.402 0.000]
		[1.000 0.000 -0.002]
		[0.000 1.000 -0.011]
		[0.002 0.011 1.000]
		[1.000 0.000 -0.006]
		[0.000 1.000 -0.030]
		[0.006 0.030 1.000]
		[1.000 0.000 -0.011]
		[-0.001 0.998 -0.056]
		[0.011 0.056 0.998]
		[1.000 0.000 -0.016]
		[-0.001 0.996 -0.085]
		[0.016 0.085 0.996]
		[1.000 -0.001 -0.023]
		[-0.002 0.993 -0.116]
		[0.022 0.116 0.993]
		[1.000 -0.001 -0.028]
		[-0.003 0.989 -0.147]
		[0.028 0.147 0.989]
		[0.999 -0.002 -0.034]
		[-0.004 0.985 -0.175]
		[0.034 0.175 0.984]
		[0.999 -0.003 -0.039]
		[-0.005 0.980 -0.198]
		[0.038 0.198 0.979]
		[0.999 -0.003 -0.042]
		[-0.006 0.977 -0.214]
		[0.041 0.214 0.976]
		[0.999 -0.004 -0.043]
		[-0.006 0.975 -0.222]
		[0.043 0.222 0.974]
		[0.999 -0.004 -0.044]
		[-0.006 0.974 -0.225]
		[0.043 0.225 0.973]
		[-0.006 0.975 -0.224]
		[0.043 0.224 0.974]
		[-0.006 0.975 -0.221]
		[0.043 0.221 0.974]
		[0.999 -0.004 -0.042]
		[-0.006 0.976 -0.217]
		[0.042 0.217 0.975]
		[0.999 -0.003 -0.040]
		[-0.005 0.978 -0.207]
		[0.040 0.207 0.978]
		[0.999 -0.003 -0.037]
		[-0.005 0.982 -0.190]
		[0.037 0.190 0.981]
		[0.999 -0.002 -0.033]
		[-0.004 0.986 -0.169]
		[0.033 0.169 0.985]
		[-0.003 0.990 -0.142]
		[0.027 0.142 0.989]
		[1.000 -0.001 -0.022]
		[-0.002 0.994 -0.111]
		[0.022 0.111 0.994]
		[1.000 0.000 -0.015]
		[-0.001 0.997 -0.080]
		[0.015 0.080 0.997]
		[1.000 0.000 -0.010]
		[-0.001 0.999 -0.051]
		[0.010 0.051 0.999]
		[1.000 0.000 -0.005]
		[0.000 1.000 -0.028]
		[0.005 0.028 1.000]
		[0.000 1.000 -0.010]
		[0.002 0.010 1.000]
		[0.000 0.851 0.525]
		[0.000 -0.525 0.851]
		[0.000 0.110 0.000]
		[1.000 0.006 -0.016]
		[0.003 0.863 0.505]
		[0.017 -0.505 0.863]
		[0.999 0.017 -0.047]
		[0.007 0.885 0.465]
		[0.050 -0.465 0.884]
		[0.994 0.033 -0.100]
		[0.010 0.918 0.397]
		[0.105 -0.396 0.912]
		[0.985 0.046 -0.166]
		[0.008 0.951 0.310]
		[0.172 -0.307 0.936]
		[0.970 0.053 -0.238]
		[-0.001 0.977 0.213]
		[0.244 -0.206 0.948]
		[0.950 0.052 -0.309]
		[-0.018 0.993 0.115]
		[0.312 -0.104 0.944]
		[0.927 0.045 -0.372]
		[-0.039 0.999 0.025]
		[0.373 -0.008 0.928]
		[0.906 0.034 -0.422]
		[-0.060 0.997 -0.049]
		[0.419 0.070 0.905]
		[0.890 0.025 -0.454]
		[-0.077 0.992 -0.096]
		[0.449 0.121 0.886]
		[0.885 0.021 -0.466]
		[-0.083 0.990 -0.113]
		[0.459 0.139 0.877]
		[0.926 0.016 -0.376]
		[-0.066 0.990 -0.121]
		[0.371 0.137 0.919]
		[0.990 0.003 -0.142]
		[-0.021 0.991 -0.130]
		[0.140 0.131 0.981]
		[0.988 -0.015 0.153]
		[0.034 0.992 -0.122]
		[-0.150 0.126 0.981]
		[0.922 -0.031 0.386]
		[0.074 0.993 -0.097]
		[-0.380 0.118 0.917]
		[0.879 -0.042 0.475]
		[0.085 0.994 -0.069]
		[-0.469 0.101 0.877]
		[0.885 -0.050 0.463]
		[0.074 0.997 -0.033]
		[-0.459 0.063 0.886]
		[0.901 -0.060 0.429]
		[0.055 0.998 0.024]
		[-0.430 0.003 0.903]
		[0.924 -0.068 0.377]
		[0.034 0.995 0.097]
		[-0.381 -0.076 0.921]
		[0.948 -0.071 0.311]
		[0.014 0.984 0.180]
		[-0.319 -0.166 0.933]
		[0.969 -0.066 0.240]
		[0.000 0.964 0.265]
		[-0.249 -0.257 0.934]
		[0.984 -0.054 0.168]
		[-0.008 0.938 0.348]
		[-0.176 -0.343 0.923]
		[0.994 -0.037 0.101]
		[-0.009 0.908 0.420]
		[-0.108 -0.418 0.902]
		[0.999 -0.019 0.048]
		[-0.006 0.879 0.476]
		[-0.051 -0.476 0.878]
		[1.000 -0.005 0.013]
		[-0.002 0.859 0.512]
		[-0.014 -0.512 0.859]
		[0.000 0.251 0.000]
		[0.000 -0.711 0.000]
		[100.000 0.000 0.000]
		[0.000 0.000 -100.000]
		[0.000 100.000 0.000]
		[0.000 0.000 0.000]]
}