{ :name "parachuting" :length 0.04166667 :bones { 
	"LegL" [
		[ 0 [ 0 1 2 3 ] ]
	]
	"KneeL" [
		[ 0 [ 4 5 6 7 ] ]
	]
	"FootL" [
		[ 0 [ 8 9 10 11 ] ]
	]
	"FootL_end" [
		[ 0 [ 12 13 14 15 ] ]
	]
	"LegR" [
		[ 0 [ 16 17 18 19 ] ]
	]
	"KneeR" [
		[ 0 [ 20 21 22 23 ] ]
	]
	"FootR" [
		[ 0 [ 24 25 26 27 ] ]
	]
	"FootR_end" [
		[ 0 [ 12 13 14 28 ] ]
	]
	"Root" [
		[ 0 [ 12 14 29 30 ] ]
	]
	"Spine" [
		[ 0 [ 12 13 14 31 ] ]
	]
	"ArmL" [
		[ 0 [ 32 33 34 35 ] ]
	]
	"FArmL" [
		[ 0 [ 36 37 38 39 ] ]
	]
	"HandL" [
		[ 0 [ 40 41 14 42 ] ]
	]
	"HandL_end" [
		[ 0 [ 12 13 14 43 ] ]
	]
	"WingL" [
		[ 0 [ 44 14 45 46 ] ]
	]
	"WingL_end" [
		[ 0 [ 12 13 14 47 ] ]
	]
	"ArmR" [
		[ 0 [ 48 49 50 51 ] ]
	]
	"FArmR" [
		[ 0 [ 52 53 54 55 ] ]
	]
	"HandR" [
		[ 0 [ 56 57 14 58 ] ]
	]
	"HandR_end" [
		[ 0 [ 12 13 14 59 ] ]
	]
	"WingR" [
		[ 0 [ 60 14 61 62 ] ]
	]
	"WingR_end" [
		[ 0 [ 12 13 14 47 ] ]
	]
	"Neck" [
		[ 0 [ 12 13 14 63 ] ]
	]
	"Head" [
		[ 0 [ 12 13 14 64 ] ]
	]
	"Head_end" [
		[ 0 [ 12 13 14 65 ] ]
	]
	"WingBack" [
		[ 0 [ 13 14 12 66 ] ]
	]
	"WingBack_end" [
		[ 0 [ 12 13 14 47 ] ]
	]
	"Player" [
		[ 0 [ 67 68 69 70 ] ]
	]
	}
	:resources [
		[-0.068 -0.759 -0.648]
		[0.117 0.639 -0.761]
		[0.991 -0.128 0.045]
		[0.108 -0.025 0.930]
		[0.378 -0.878 0.295]
		[0.920 0.393 -0.009]
		[-0.108 0.275 0.955]
		[0.000 0.523 0.000]
		[0.114 0.993 -0.006]
		[-0.993 0.114 -0.007]
		[-0.007 0.007 1.000]
		[0.000 0.380 0.000]
		[1.000 0.000 0.000]
		[0.000 1.000 0.000]
		[0.000 0.000 1.000]
		[0.000 0.159 0.000]
		[-0.071 0.784 0.616]
		[-0.112 0.608 -0.786]
		[-0.991 -0.125 0.044]
		[-0.109 -0.024 0.930]
		[0.780 0.594 -0.196]
		[-0.619 0.779 -0.106]
		[0.090 0.204 0.975]
		[0.000 0.525 0.000]
		[0.105 -0.994 0.003]
		[0.994 0.105 -0.007]
		[0.006 0.004 1.000]
		[0.000 0.381 0.000]
		[0.000 0.158 0.000]
		[0.000 -1.000 0.000]
		[0.000 0.000 0.993]
		[0.000 0.174 0.000]
		[-0.051 -0.985 0.163]
		[0.296 -0.171 -0.940]
		[0.954 0.000 0.300]
		[0.242 0.316 0.000]
		[-0.580 0.814 0.028]
		[-0.758 -0.552 0.347]
		[0.298 0.180 0.937]
		[0.000 0.296 0.000]
		[1.000 0.017 0.000]
		[-0.017 1.000 0.000]
		[0.000 0.310 0.000]
		[0.000 0.090 0.000]
		[0.614 -0.789 0.000]
		[-0.789 -0.614 0.000]
		[0.237 0.438 0.000]
		[0.000 0.500 0.000]
		[-0.058 0.984 -0.169]
		[-0.322 -0.179 -0.930]
		[-0.945 0.000 0.327]
		[-0.247 0.318 0.000]
		[-0.529 -0.844 0.089]
		[0.786 -0.448 0.425]
		[-0.319 0.295 0.901]
		[0.000 0.292 0.000]
		[1.000 0.018 0.000]
		[-0.018 1.000 0.000]
		[0.000 0.321 0.000]
		[0.000 0.088 0.000]
		[0.621 0.784 0.000]
		[0.784 -0.621 0.000]
		[-0.235 0.436 0.000]
		[0.000 0.402 0.000]
		[0.000 0.110 0.000]
		[0.000 0.251 0.000]
		[0.000 -0.711 0.000]
		[100.000 0.000 0.000]
		[0.000 0.000 -100.000]
		[0.000 100.000 0.000]
		[0.000 0.000 0.000]]
}