{ :name "run" :length 0.8333334 :bones { 
	"LegL" [
		[ 0 [ 0 1 2 3 ] ]
		[ 0.04166667 [ 4 5 6 7 ] ]
		[ 0.08333334 [ 8 9 10 11 ] ]
		[ 0.125 [ 12 13 14 15 ] ]
		[ 0.1666667 [ 16 17 18 19 ] ]
		[ 0.2083333 [ 20 21 22 23 ] ]
		[ 0.25 [ 24 25 26 19 ] ]
		[ 0.2916667 [ 27 28 29 15 ] ]
		[ 0.3333333 [ 30 31 32 11 ] ]
		[ 0.375 [ 33 34 35 7 ] ]
		[ 0.4166667 [ 36 37 38 3 ] ]
		[ 0.4583333 [ 39 40 38 7 ] ]
		[ 0.5 [ 41 42 38 11 ] ]
		[ 0.5416667 [ 43 44 45 15 ] ]
		[ 0.5833334 [ 46 47 48 19 ] ]
		[ 0.625 [ 49 50 51 23 ] ]
		[ 0.6666667 [ 52 53 54 19 ] ]
		[ 0.7083334 [ 55 56 57 15 ] ]
		[ 0.7500001 [ 58 59 60 11 ] ]
		[ 0.7916667 [ 61 62 63 7 ] ]
	]
	"KneeL" [
		[ 0 [ 64 65 66 67 ] ]
		[ 0.04166667 [ 68 69 70 67 ] ]
		[ 0.08333334 [ 71 72 73 67 ] ]
		[ 0.125 [ 74 75 76 67 ] ]
		[ 0.1666667 [ 77 78 79 67 ] ]
		[ 0.2083333 [ 80 81 82 67 ] ]
		[ 0.25 [ 80 81 82 67 ] ]
		[ 0.2916667 [ 80 81 82 67 ] ]
		[ 0.3333333 [ 80 81 82 67 ] ]
		[ 0.375 [ 80 81 82 67 ] ]
		[ 0.4166667 [ 80 81 82 67 ] ]
		[ 0.4583333 [ 83 84 85 67 ] ]
		[ 0.5 [ 86 87 88 67 ] ]
		[ 0.5416667 [ 89 90 91 67 ] ]
		[ 0.5833334 [ 92 93 94 67 ] ]
		[ 0.625 [ 95 96 97 67 ] ]
		[ 0.6666667 [ 98 99 100 67 ] ]
		[ 0.7083334 [ 101 102 103 67 ] ]
		[ 0.7500001 [ 104 105 106 67 ] ]
		[ 0.7916667 [ 107 108 66 67 ] ]
	]
	"FootL" [
		[ 0 [ 109 110 111 112 ] ]
	]
	"FootL_end" [
		[ 0 [ 113 114 115 116 ] ]
	]
	"LegR" [
		[ 0 [ 117 118 119 120 ] ]
		[ 0.04166667 [ 121 122 123 124 ] ]
		[ 0.08333334 [ 125 126 127 128 ] ]
		[ 0.125 [ 129 130 131 132 ] ]
		[ 0.1666667 [ 133 134 135 136 ] ]
		[ 0.2083333 [ 137 138 139 140 ] ]
		[ 0.25 [ 141 142 143 136 ] ]
		[ 0.2916667 [ 144 145 146 132 ] ]
		[ 0.3333333 [ 147 148 149 128 ] ]
		[ 0.375 [ 150 151 152 124 ] ]
		[ 0.4166667 [ 153 154 155 120 ] ]
		[ 0.4583333 [ 156 157 158 124 ] ]
		[ 0.5 [ 159 160 161 128 ] ]
		[ 0.5416667 [ 162 163 164 132 ] ]
		[ 0.5833334 [ 165 166 167 136 ] ]
		[ 0.625 [ 168 169 170 140 ] ]
		[ 0.6666667 [ 171 172 173 136 ] ]
		[ 0.7083334 [ 174 175 176 132 ] ]
		[ 0.7500001 [ 177 178 179 128 ] ]
		[ 0.7916667 [ 180 181 182 124 ] ]
	]
	"KneeR" [
		[ 0 [ 183 184 185 186 ] ]
		[ 0.04166667 [ 187 188 189 186 ] ]
		[ 0.08333334 [ 190 191 192 186 ] ]
		[ 0.125 [ 193 194 195 186 ] ]
		[ 0.1666667 [ 196 197 198 186 ] ]
		[ 0.2083333 [ 199 200 201 186 ] ]
		[ 0.25 [ 199 200 201 186 ] ]
		[ 0.2916667 [ 199 200 201 186 ] ]
		[ 0.3333333 [ 199 200 201 186 ] ]
		[ 0.375 [ 199 200 201 186 ] ]
		[ 0.4166667 [ 199 200 201 186 ] ]
		[ 0.4583333 [ 202 203 204 186 ] ]
		[ 0.5 [ 205 206 207 186 ] ]
		[ 0.5416667 [ 208 209 210 186 ] ]
		[ 0.5833334 [ 211 212 213 186 ] ]
		[ 0.625 [ 214 215 216 186 ] ]
		[ 0.6666667 [ 217 218 219 186 ] ]
		[ 0.7083334 [ 220 221 222 186 ] ]
		[ 0.7500001 [ 223 224 225 186 ] ]
		[ 0.7916667 [ 226 227 228 186 ] ]
	]
	"FootR" [
		[ 0 [ 229 230 231 232 ] ]
	]
	"FootR_end" [
		[ 0 [ 113 114 115 233 ] ]
	]
	"Root" [
		[ 0 [ 113 234 235 236 ] ]
		[ 0.04166667 [ 113 234 235 237 ] ]
		[ 0.08333334 [ 113 234 235 238 ] ]
		[ 0.125 [ 113 234 235 239 ] ]
		[ 0.1666667 [ 113 234 235 240 ] ]
		[ 0.2083333 [ 113 234 235 241 ] ]
		[ 0.25 [ 113 234 235 240 ] ]
		[ 0.2916667 [ 113 234 235 239 ] ]
		[ 0.3333333 [ 113 234 235 238 ] ]
		[ 0.375 [ 113 234 235 237 ] ]
		[ 0.4166667 [ 113 234 235 236 ] ]
		[ 0.4583333 [ 113 234 235 237 ] ]
		[ 0.5 [ 113 234 235 238 ] ]
		[ 0.5416667 [ 113 234 235 242 ] ]
		[ 0.5833334 [ 113 234 235 240 ] ]
		[ 0.625 [ 113 234 235 241 ] ]
		[ 0.6666667 [ 113 234 235 240 ] ]
		[ 0.7083334 [ 113 234 235 242 ] ]
		[ 0.7500001 [ 113 234 235 238 ] ]
		[ 0.7916667 [ 113 234 235 237 ] ]
	]
	"Spine" [
		[ 0 [ 113 114 115 243 ] ]
		[ 0.04166667 [ 244 245 246 243 ] ]
		[ 0.08333334 [ 247 248 249 243 ] ]
		[ 0.125 [ 250 251 252 243 ] ]
		[ 0.1666667 [ 253 254 255 243 ] ]
		[ 0.2083333 [ 256 257 258 243 ] ]
		[ 0.25 [ 259 260 261 243 ] ]
		[ 0.2916667 [ 262 263 264 243 ] ]
		[ 0.3333333 [ 265 266 267 243 ] ]
		[ 0.375 [ 268 269 270 243 ] ]
		[ 0.4166667 [ 113 271 272 243 ] ]
		[ 0.4583333 [ 273 274 275 243 ] ]
		[ 0.5 [ 276 277 278 243 ] ]
		[ 0.5416667 [ 279 280 281 243 ] ]
		[ 0.5833334 [ 282 283 284 243 ] ]
		[ 0.625 [ 285 286 287 243 ] ]
		[ 0.6666667 [ 288 289 290 243 ] ]
		[ 0.7083334 [ 291 292 293 243 ] ]
		[ 0.7500001 [ 294 295 296 243 ] ]
		[ 0.7916667 [ 297 298 299 243 ] ]
	]
	"ArmL" [
		[ 0 [ 300 301 302 303 ] ]
		[ 0.04166667 [ 304 305 306 303 ] ]
		[ 0.08333334 [ 307 308 309 303 ] ]
		[ 0.125 [ 310 311 312 303 ] ]
		[ 0.1666667 [ 313 314 315 303 ] ]
		[ 0.2083333 [ 316 317 318 303 ] ]
		[ 0.25 [ 319 320 321 303 ] ]
		[ 0.2916667 [ 322 323 324 303 ] ]
		[ 0.3333333 [ 325 326 327 303 ] ]
		[ 0.375 [ 328 329 330 303 ] ]
		[ 0.4166667 [ 331 332 333 303 ] ]
		[ 0.4583333 [ 334 335 336 303 ] ]
		[ 0.5 [ 337 338 339 303 ] ]
		[ 0.5416667 [ 340 341 342 303 ] ]
		[ 0.5833334 [ 343 344 345 303 ] ]
		[ 0.625 [ 346 347 348 303 ] ]
		[ 0.6666667 [ 349 350 351 303 ] ]
		[ 0.7083334 [ 352 353 354 303 ] ]
		[ 0.7500001 [ 355 356 357 303 ] ]
		[ 0.7916667 [ 358 359 360 303 ] ]
	]
	"FArmL" [
		[ 0 [ 361 362 363 364 ] ]
		[ 0.04166667 [ 365 366 367 364 ] ]
		[ 0.08333334 [ 368 369 370 364 ] ]
		[ 0.125 [ 371 372 373 364 ] ]
		[ 0.1666667 [ 374 375 376 364 ] ]
		[ 0.2083333 [ 377 378 379 364 ] ]
		[ 0.25 [ 380 381 382 364 ] ]
		[ 0.2916667 [ 383 384 385 364 ] ]
		[ 0.3333333 [ 386 387 388 364 ] ]
		[ 0.375 [ 389 390 391 364 ] ]
		[ 0.4166667 [ 392 393 394 364 ] ]
		[ 0.4583333 [ 395 396 397 364 ] ]
		[ 0.5 [ 398 399 400 364 ] ]
		[ 0.5416667 [ 401 402 403 364 ] ]
		[ 0.5833334 [ 404 405 406 364 ] ]
		[ 0.625 [ 407 408 409 364 ] ]
		[ 0.6666667 [ 410 411 412 364 ] ]
		[ 0.7083334 [ 413 414 415 364 ] ]
		[ 0.7500001 [ 416 417 418 364 ] ]
		[ 0.7916667 [ 419 420 421 364 ] ]
	]
	"HandL" [
		[ 0 [ 422 423 115 424 ] ]
	]
	"HandL_end" [
		[ 0 [ 113 114 115 425 ] ]
	]
	"WingL" [
		[ 0 [ 426 115 427 428 ] ]
	]
	"WingL_end" [
		[ 0 [ 113 114 115 429 ] ]
	]
	"ArmR" [
		[ 0 [ 430 431 432 433 ] ]
		[ 0.04166667 [ 434 435 436 433 ] ]
		[ 0.08333334 [ 437 438 439 433 ] ]
		[ 0.125 [ 440 441 442 433 ] ]
		[ 0.1666667 [ 443 444 445 433 ] ]
		[ 0.2083333 [ 446 447 448 433 ] ]
		[ 0.25 [ 449 450 451 433 ] ]
		[ 0.2916667 [ 452 453 454 433 ] ]
		[ 0.3333333 [ 455 456 457 433 ] ]
		[ 0.375 [ 458 459 460 433 ] ]
		[ 0.4166667 [ 461 462 463 433 ] ]
		[ 0.4583333 [ 464 465 466 433 ] ]
		[ 0.5 [ 467 468 469 433 ] ]
		[ 0.5416667 [ 470 471 472 433 ] ]
		[ 0.5833334 [ 473 474 475 433 ] ]
		[ 0.625 [ 476 477 478 433 ] ]
		[ 0.6666667 [ 479 480 481 433 ] ]
		[ 0.7083334 [ 482 483 484 433 ] ]
		[ 0.7500001 [ 485 486 487 433 ] ]
		[ 0.7916667 [ 488 489 490 433 ] ]
	]
	"FArmR" [
		[ 0 [ 491 492 493 494 ] ]
		[ 0.04166667 [ 495 496 497 494 ] ]
		[ 0.08333334 [ 498 499 500 494 ] ]
		[ 0.125 [ 501 502 503 494 ] ]
		[ 0.1666667 [ 504 505 506 494 ] ]
		[ 0.2083333 [ 507 508 509 494 ] ]
		[ 0.25 [ 510 511 512 494 ] ]
		[ 0.2916667 [ 513 514 515 494 ] ]
		[ 0.3333333 [ 516 517 518 494 ] ]
		[ 0.375 [ 519 520 521 494 ] ]
		[ 0.4166667 [ 522 523 524 494 ] ]
		[ 0.4583333 [ 525 526 527 494 ] ]
		[ 0.5 [ 528 529 530 494 ] ]
		[ 0.5416667 [ 531 532 533 494 ] ]
		[ 0.5833334 [ 534 535 536 494 ] ]
		[ 0.625 [ 537 538 539 494 ] ]
		[ 0.6666667 [ 540 541 542 494 ] ]
		[ 0.7083334 [ 543 544 545 494 ] ]
		[ 0.7500001 [ 546 547 548 494 ] ]
		[ 0.7916667 [ 549 550 551 494 ] ]
	]
	"HandR" [
		[ 0 [ 552 553 115 554 ] ]
	]
	"HandR_end" [
		[ 0 [ 113 114 115 555 ] ]
	]
	"WingR" [
		[ 0 [ 556 115 557 558 ] ]
	]
	"WingR_end" [
		[ 0 [ 113 114 115 429 ] ]
	]
	"Neck" [
		[ 0 [ 113 114 115 559 ] ]
	]
	"Head" [
		[ 0 [ 113 560 561 562 ] ]
		[ 0.04166667 [ 563 564 565 562 ] ]
		[ 0.08333334 [ 566 567 568 562 ] ]
		[ 0.125 [ 569 570 571 562 ] ]
		[ 0.1666667 [ 572 573 574 562 ] ]
		[ 0.2083333 [ 575 576 577 562 ] ]
		[ 0.25 [ 578 579 580 562 ] ]
		[ 0.2916667 [ 581 582 583 562 ] ]
		[ 0.3333333 [ 584 585 586 562 ] ]
		[ 0.375 [ 587 588 589 562 ] ]
		[ 0.4166667 [ 590 591 592 562 ] ]
		[ 0.4583333 [ 593 594 595 562 ] ]
		[ 0.5 [ 596 597 598 562 ] ]
		[ 0.5416667 [ 599 600 601 562 ] ]
		[ 0.5833334 [ 602 603 604 562 ] ]
		[ 0.625 [ 605 606 607 562 ] ]
		[ 0.6666667 [ 608 609 610 562 ] ]
		[ 0.7083334 [ 611 612 613 562 ] ]
		[ 0.7500001 [ 614 615 616 562 ] ]
		[ 0.7916667 [ 617 618 619 562 ] ]
	]
	"Head_end" [
		[ 0 [ 113 114 115 620 ] ]
	]
	"WingBack" [
		[ 0 [ 114 115 113 621 ] ]
	]
	"WingBack_end" [
		[ 0 [ 113 114 115 429 ] ]
	]
	"Player" [
		[ 0 [ 622 623 624 625 ] ]
	]
	}
	:resources [
		[0.000 -0.745 0.667]
		[0.015 -0.667 -0.745]
		[1.000 0.010 0.012]
		[0.108 -0.025 0.930]
		[-0.001 -0.780 0.626]
		[0.015 -0.626 -0.780]
		[1.000 0.009 0.012]
		[0.108 -0.025 0.946]
		[-0.001 -0.862 0.507]
		[0.015 -0.507 -0.862]
		[1.000 0.007 0.013]
		[0.108 -0.025 0.988]
		[-0.001 -0.949 0.316]
		[0.015 -0.316 -0.949]
		[1.000 0.004 0.014]
		[0.108 -0.025 1.031]
		[-0.001 -0.998 0.070]
		[0.015 -0.070 -0.997]
		[1.000 0.000 0.015]
		[0.108 -0.025 1.073]
		[-0.001 -0.981 -0.195]
		[0.014 0.195 -0.981]
		[1.000 -0.003 0.014]
		[0.108 -0.025 1.089]
		[-0.001 -0.898 -0.440]
		[0.014 0.440 -0.898]
		[1.000 -0.007 0.013]
		[0.000 -0.766 -0.643]
		[0.014 0.643 -0.766]
		[1.000 -0.010 0.011]
		[0.000 -0.617 -0.787]
		[0.014 0.787 -0.616]
		[1.000 -0.011 0.008]
		[0.000 -0.495 -0.869]
		[0.014 0.869 -0.495]
		[1.000 -0.012 0.007]
		[0.000 -0.442 -0.897]
		[0.014 0.897 -0.442]
		[1.000 -0.012 0.006]
		[0.000 -0.444 -0.896]
		[0.013 0.896 -0.444]
		[0.000 -0.472 -0.881]
		[0.013 0.881 -0.472]
		[0.000 -0.514 -0.858]
		[0.013 0.858 -0.514]
		[1.000 -0.011 0.006]
		[0.000 -0.580 -0.814]
		[0.014 0.814 -0.580]
		[1.000 -0.012 0.008]
		[0.000 -0.674 -0.739]
		[0.016 0.739 -0.674]
		[1.000 -0.012 0.010]
		[-0.001 -0.835 -0.550]
		[0.017 0.550 -0.835]
		[1.000 -0.010 0.014]
		[-0.001 -0.984 -0.177]
		[0.016 0.177 -0.984]
		[1.000 -0.004 0.016]
		[-0.001 -0.965 0.262]
		[0.016 -0.262 -0.965]
		[1.000 0.004 0.016]
		[-0.001 -0.825 0.566]
		[0.016 -0.565 -0.825]
		[1.000 0.008 0.013]
		[0.998 0.056 -0.004]
		[-0.056 0.989 -0.138]
		[-0.004 0.138 0.990]
		[0.000 0.523 0.000]
		[0.991 -0.132 -0.001]
		[0.131 0.982 -0.138]
		[0.019 0.137 0.990]
		[0.798 -0.602 0.006]
		[0.598 0.790 -0.135]
		[0.077 0.111 0.991]
		[0.252 -0.968 0.011]
		[0.960 0.249 -0.127]
		[0.120 0.043 0.992]
		[-0.256 -0.967 0.011]
		[0.959 -0.256 -0.119]
		[0.118 -0.020 0.993]
		[-0.432 -0.902 0.010]
		[0.895 -0.431 -0.116]
		[0.109 -0.041 0.993]
		[-0.275 -0.962 0.011]
		[0.954 -0.274 -0.119]
		[0.117 -0.022 0.993]
		[0.171 -0.985 0.012]
		[0.978 0.168 -0.125]
		[0.122 0.033 0.992]
		[0.686 -0.728 0.008]
		[0.722 0.679 -0.133]
		[0.092 0.097 0.991]
		[0.946 -0.324 0.002]
		[0.321 0.937 -0.137]
		[0.043 0.131 0.991]
		[0.996 -0.093 -0.002]
		[0.092 0.986 -0.138]
		[0.014 0.138 0.990]
		[1.000 -0.021 -0.003]
		[0.020 0.990 -0.138]
		[0.005 0.138 0.990]
		[1.000 0.024 -0.003]
		[-0.024 0.990 -0.138]
		[0.000 0.138 0.990]
		[0.999 0.046 -0.004]
		[-0.046 0.989 -0.138]
		[-0.003 0.138 0.990]
		[0.999 0.054 -0.004]
		[-0.054 0.989 -0.138]
		[0.114 0.993 -0.006]
		[-0.993 0.114 -0.007]
		[-0.007 0.007 1.000]
		[0.000 0.380 0.000]
		[1.000 0.000 0.000]
		[0.000 1.000 0.000]
		[0.000 0.000 1.000]
		[0.000 0.159 0.000]
		[-0.148 0.487 0.861]
		[-0.044 0.866 -0.497]
		[-0.988 -0.112 -0.107]
		[-0.109 -0.024 0.930]
		[-0.147 0.494 0.857]
		[-0.044 0.862 -0.505]
		[-0.988 -0.112 -0.105]
		[-0.109 -0.024 0.946]
		[-0.146 0.512 0.846]
		[-0.045 0.851 -0.523]
		[-0.988 -0.114 -0.101]
		[-0.109 -0.024 0.988]
		[-0.145 0.549 0.823]
		[-0.046 0.828 -0.560]
		[-0.988 -0.119 -0.095]
		[-0.109 -0.024 1.031]
		[-0.145 0.610 0.779]
		[-0.045 0.782 -0.621]
		[-0.988 -0.126 -0.086]
		[-0.109 -0.024 1.073]
		[-0.148 0.696 0.702]
		[-0.044 0.705 -0.708]
		[-0.988 -0.136 -0.074]
		[-0.109 -0.024 1.089]
		[-0.152 0.838 0.524]
		[-0.042 0.524 -0.851]
		[-0.988 -0.151 -0.045]
		[-0.152 0.970 0.190]
		[-0.040 0.186 -0.982]
		[-0.988 -0.157 0.011]
		[-0.151 0.968 -0.199]
		[-0.040 -0.207 -0.978]
		[-0.988 -0.139 0.070]
		[-0.149 0.866 -0.478]
		[-0.042 -0.488 -0.872]
		[-0.988 -0.110 0.109]
		[-0.148 0.806 -0.572]
		[-0.044 -0.584 -0.811]
		[-0.988 -0.095 0.122]
		[-0.148 0.825 -0.545]
		[-0.045 -0.556 -0.830]
		[-0.988 -0.099 0.119]
		[-0.148 0.870 -0.470]
		[-0.044 -0.480 -0.876]
		[-0.988 -0.109 0.110]
		[-0.149 0.927 -0.345]
		[-0.043 -0.354 -0.934]
		[-0.988 -0.124 0.093]
		[-0.149 0.974 -0.171]
		[-0.043 -0.179 -0.983]
		[-0.988 -0.139 0.069]
		[-0.148 0.988 0.047]
		[-0.044 0.041 -0.998]
		[-0.988 -0.150 0.037]
		[-0.147 0.943 0.297]
		[-0.045 0.294 -0.955]
		[-0.988 -0.154 0.000]
		[-0.146 0.832 0.535]
		[-0.046 0.534 -0.844]
		[-0.988 -0.148 -0.040]
		[-0.147 0.680 0.718]
		[-0.045 0.721 -0.692]
		[-0.988 -0.134 -0.075]
		[-0.148 0.544 0.826]
		[-0.044 0.831 -0.555]
		[-0.988 -0.119 -0.099]
		[-0.231 0.947 -0.223]
		[-0.969 -0.202 0.145]
		[0.093 0.249 0.964]
		[0.000 0.525 0.000]
		[-0.076 0.966 -0.247]
		[-0.989 -0.042 0.141]
		[0.126 0.255 0.959]
		[0.322 0.897 -0.303]
		[-0.922 0.369 0.113]
		[0.213 0.244 0.946]
		[0.729 0.588 -0.351]
		[-0.613 0.788 0.048]
		[0.305 0.180 0.935]
		[0.906 0.221 -0.361]
		[-0.243 0.970 -0.016]
		[0.347 0.102 0.932]
		[0.931 0.066 -0.358]
		[-0.086 0.995 -0.041]
		[0.354 0.069 0.933]
		[0.901 0.241 -0.361]
		[-0.263 0.965 -0.013]
		[0.345 0.107 0.932]
		[0.669 0.659 -0.345]
		[-0.684 0.727 0.061]
		[0.291 0.195 0.937]
		[0.135 0.951 -0.278]
		[-0.976 0.176 0.129]
		[0.172 0.253 0.952]
		[-0.337 0.919 -0.205]
		[-0.939 -0.311 0.146]
		[0.070 0.242 0.968]
		[-0.498 0.849 -0.178]
		[-0.866 -0.479 0.142]
		[0.035 0.225 0.974]
		[-0.472 0.863 -0.183]
		[-0.881 -0.452 0.143]
		[0.041 0.228 0.973]
		[-0.408 0.892 -0.193]
		[-0.911 -0.386 0.145]
		[0.054 0.235 0.970]
		[-0.327 0.922 -0.207]
		[-0.942 -0.302 0.146]
		[0.072 0.243 0.967]
		[-0.260 0.941 -0.218]
		[-0.962 -0.232 0.145]
		[0.086 0.247 0.965]
		[0.105 -0.994 0.003]
		[0.994 0.105 -0.007]
		[0.006 0.004 1.000]
		[0.000 0.381 0.000]
		[0.000 0.158 0.000]
		[0.000 0.538 0.843]
		[0.000 -0.843 0.538]
		[0.000 0.000 0.993]
		[0.000 0.000 1.010]
		[0.000 0.000 1.051]
		[0.000 0.000 1.094]
		[0.000 0.000 1.136]
		[0.000 0.000 1.153]
		[0.000 0.000 1.095]
		[0.000 0.174 0.000]
		[1.000 0.013 -0.016]
		[-0.014 0.999 -0.031]
		[0.015 0.031 0.999]
		[0.998 0.043 -0.054]
		[-0.048 0.993 -0.105]
		[0.049 0.107 0.993]
		[0.992 0.074 -0.103]
		[-0.092 0.977 -0.190]
		[0.087 0.198 0.976]
		[0.985 0.095 -0.144]
		[-0.130 0.958 -0.256]
		[0.113 0.271 0.956]
		[0.981 0.104 -0.164]
		[-0.149 0.947 -0.286]
		[0.125 0.305 0.944]
		[0.982 0.102 -0.158]
		[-0.143 0.951 -0.275]
		[0.122 0.293 0.948]
		[0.987 0.090 -0.133]
		[-0.120 0.963 -0.240]
		[0.107 0.253 0.961]
		[0.993 0.068 -0.096]
		[-0.086 0.977 -0.196]
		[0.081 0.203 0.976]
		[0.998 0.037 -0.050]
		[-0.045 0.987 -0.157]
		[0.044 0.159 0.986]
		[0.000 0.990 -0.140]
		[0.000 0.140 0.990]
		[0.998 -0.040 0.054]
		[0.048 0.987 -0.154]
		[-0.047 0.156 0.987]
		[0.991 -0.077 0.109]
		[0.097 0.977 -0.188]
		[-0.092 0.197 0.976]
		[0.982 -0.106 0.157]
		[0.140 0.964 -0.227]
		[-0.127 0.245 0.961]
		[0.974 -0.124 0.191]
		[0.171 0.951 -0.257]
		[-0.149 0.283 0.947]
		[0.971 -0.129 0.201]
		[0.181 0.947 -0.267]
		[-0.156 0.296 0.942]
		[0.976 -0.120 0.181]
		[0.162 0.956 -0.244]
		[-0.144 0.268 0.953]
		[0.987 -0.092 0.128]
		[0.114 0.977 -0.181]
		[-0.109 0.193 0.975]
		[0.996 -0.053 0.068]
		[0.060 0.993 -0.100]
		[-0.062 0.104 0.993]
		[1.000 -0.016 0.019]
		[0.017 0.999 -0.030]
		[-0.019 0.030 0.999]
		[-0.986 -0.152 0.068]
		[0.166 -0.918 0.361]
		[0.007 0.368 0.930]
		[0.242 0.316 0.000]
		[-0.982 -0.190 0.013]
		[0.189 -0.967 0.168]
		[-0.019 0.167 0.986]
		[-0.958 -0.228 -0.174]
		[0.280 -0.875 -0.396]
		[-0.062 -0.428 0.902]
		[-0.914 -0.099 -0.393]
		[0.404 -0.274 -0.872]
		[-0.022 -0.957 0.291]
		[-0.889 0.083 -0.450]
		[0.452 0.301 -0.840]
		[0.065 -0.950 -0.305]
		[-0.884 0.149 -0.442]
		[0.456 0.481 -0.749]
		[0.101 -0.864 -0.493]
		[-0.893 0.092 -0.440]
		[0.445 0.331 -0.832]
		[0.069 -0.939 -0.337]
		[-0.921 -0.053 -0.387]
		[0.391 -0.131 -0.911]
		[-0.002 -0.990 0.141]
		[-0.959 -0.181 -0.220]
		[0.282 -0.713 -0.642]
		[-0.041 -0.677 0.734]
		[-0.981 -0.189 -0.038]
		[0.192 -0.975 -0.116]
		[-0.015 -0.121 0.993]
		[-0.986 -0.157 0.053]
		[0.166 -0.947 0.276]
		[0.007 0.282 0.960]
		[-0.986 -0.141 0.089]
		[0.166 -0.855 0.492]
		[0.007 0.500 0.866]
		[-0.986 -0.126 0.109]
		[0.167 -0.773 0.613]
		[0.007 0.622 0.783]
		[-0.986 -0.117 0.119]
		[0.166 -0.720 0.674]
		[0.007 0.685 0.729]
		[-0.986 -0.111 0.122]
		[0.165 -0.689 0.706]
		[0.006 0.716 0.698]
		[-0.986 -0.110 0.123]
		[0.165 -0.686 0.709]
		[0.006 0.719 0.694]
		[-0.986 -0.116 0.119]
		[0.166 -0.717 0.677]
		[0.007 0.687 0.727]
		[-0.986 -0.128 0.107]
		[0.166 -0.785 0.597]
		[0.008 0.607 0.795]
		[-0.986 -0.140 0.089]
		[0.166 -0.854 0.494]
		[0.007 0.502 0.865]
		[-0.986 -0.149 0.074]
		[0.166 -0.901 0.401]
		[0.007 0.408 0.913]
		[0.984 0.025 -0.178]
		[-0.140 0.725 -0.674]
		[0.113 0.688 0.717]
		[0.000 0.296 0.000]
		[0.983 -0.062 -0.170]
		[-0.073 0.727 -0.683]
		[0.166 0.684 0.710]
		[0.952 -0.270 -0.147]
		[0.091 0.705 -0.703]
		[0.294 0.656 0.696]
		[0.856 -0.505 -0.113]
		[0.278 0.634 -0.722]
		[0.436 0.587 0.683]
		[0.738 -0.670 -0.082]
		[0.415 0.547 -0.727]
		[0.532 0.502 0.681]
		[0.674 -0.736 -0.068]
		[0.465 0.494 -0.735]
		[0.574 0.464 0.675]
		[0.726 -0.684 -0.077]
		[0.395 0.505 -0.767]
		[0.563 0.527 0.637]
		[0.834 -0.540 -0.113]
		[0.216 0.507 -0.834]
		[0.508 0.671 0.540]
		[0.922 -0.343 -0.177]
		[0.000 0.459 -0.888]
		[0.386 0.819 0.423]
		[0.957 -0.165 -0.239]
		[-0.161 0.382 -0.910]
		[0.241 0.909 0.339]
		[0.967 -0.072 -0.245]
		[-0.205 0.348 -0.915]
		[0.151 0.935 0.321]
		[0.978 -0.029 -0.208]
		[-0.173 0.447 -0.877]
		[0.119 0.894 0.432]
		[0.986 0.022 -0.165]
		[-0.139 0.654 -0.744]
		[0.091 0.757 0.648]
		[0.992 0.062 -0.114]
		[-0.113 0.847 -0.520]
		[0.064 0.528 0.847]
		[0.994 0.082 -0.070]
		[-0.099 0.949 -0.299]
		[0.042 0.304 0.952]
		[0.995 0.086 -0.052]
		[-0.095 0.975 -0.203]
		[0.034 0.207 0.978]
		[0.994 0.083 -0.067]
		[-0.097 0.962 -0.254]
		[0.043 0.259 0.965]
		[0.992 0.072 -0.100]
		[-0.106 0.917 -0.384]
		[0.064 0.391 0.918]
		[0.989 0.054 -0.138]
		[-0.119 0.842 -0.525]
		[0.088 0.536 0.840]
		[0.985 0.034 -0.167]
		[-0.134 0.763 -0.633]
		[0.106 0.646 0.756]
		[1.000 0.017 0.000]
		[-0.017 1.000 0.000]
		[0.000 0.310 0.000]
		[0.000 0.090 0.000]
		[0.614 -0.789 0.000]
		[-0.789 -0.614 0.000]
		[0.237 0.438 0.000]
		[0.000 0.500 0.000]
		[-0.994 0.112 0.002]
		[-0.110 -0.973 0.202]
		[0.025 0.200 0.979]
		[-0.247 0.318 0.000]
		[-0.991 0.135 -0.016]
		[-0.135 -0.961 0.242]
		[0.018 0.242 0.970]
		[-0.980 0.187 -0.062]
		[-0.197 -0.921 0.335]
		[0.005 0.341 0.940]
		[-0.963 0.241 -0.124]
		[-0.271 -0.858 0.437]
		[-0.001 0.455 0.891]
		[-0.944 0.279 -0.176]
		[-0.330 -0.795 0.509]
		[0.002 0.539 0.842]
		[-0.934 0.292 -0.203]
		[-0.356 -0.760 0.543]
		[0.004 0.580 0.815]
		[-0.943 0.268 -0.196]
		[-0.332 -0.769 0.547]
		[-0.004 0.581 0.814]
		[-0.961 0.220 -0.168]
		[-0.276 -0.802 0.530]
		[-0.018 0.556 0.831]
		[-0.978 0.164 -0.127]
		[-0.205 -0.847 0.491]
		[-0.027 0.506 0.862]
		[-0.990 0.122 -0.073]
		[-0.141 -0.903 0.406]
		[-0.016 0.412 0.911]
		[-0.994 0.112 -0.004]
		[-0.110 -0.961 0.253]
		[0.025 0.252 0.967]
		[-0.992 0.108 0.072]
		[-0.113 -0.991 -0.068]
		[0.064 -0.075 0.995]
		[-0.990 0.064 0.128]
		[-0.126 -0.815 -0.565]
		[0.069 -0.576 0.815]
		[-0.991 -0.001 0.137]
		[-0.128 -0.349 -0.928]
		[0.049 -0.937 0.345]
		[-0.993 -0.041 0.114]
		[-0.117 0.088 -0.989]
		[0.031 -0.995 -0.093]
		[-0.994 -0.052 0.100]
		[-0.110 0.251 -0.962]
		[0.025 -0.967 -0.255]
		[-0.994 -0.032 0.108]
		[-0.110 0.069 -0.992]
		[0.025 -0.997 -0.072]
		[-0.994 0.024 0.110]
		[-0.110 -0.418 -0.902]
		[0.025 -0.908 0.418]
		[-0.994 0.086 0.073]
		[-0.110 -0.880 -0.463]
		[0.025 -0.468 0.883]
		[-0.994 0.110 0.023]
		[-0.110 -0.994 0.019]
		[0.025 0.016 1.000]
		[0.973 0.161 0.166]
		[-0.042 0.829 -0.558]
		[-0.227 0.536 0.813]
		[0.000 0.292 0.000]
		[0.977 0.142 0.157]
		[-0.038 0.848 -0.529]
		[-0.208 0.511 0.834]
		[0.987 0.097 0.131]
		[-0.027 0.890 -0.456]
		[-0.160 0.446 0.880]
		[0.994 0.046 0.095]
		[-0.008 0.931 -0.365]
		[-0.105 0.362 0.926]
		[0.998 0.008 0.062]
		[0.010 0.959 -0.284]
		[-0.062 0.284 0.957]
		[0.999 -0.009 0.046]
		[0.021 0.967 -0.255]
		[-0.042 0.255 0.966]
		[0.999 -0.005 0.054]
		[0.022 0.943 -0.332]
		[-0.049 0.333 0.942]
		[0.997 0.014 0.071]
		[0.022 0.875 -0.484]
		[-0.069 0.485 0.872]
		[0.995 0.042 0.087]
		[0.025 0.754 -0.656]
		[-0.093 0.656 0.749]
		[0.993 0.075 0.091]
		[0.024 0.626 -0.779]
		[-0.116 0.776 0.620]
		[0.991 0.105 0.083]
		[0.009 0.565 -0.825]
		[-0.134 0.819 0.558]
		[0.988 0.143 0.061]
		[-0.028 0.551 -0.834]
		[-0.153 0.822 0.548]
		[0.980 0.196 0.022]
		[-0.090 0.542 -0.835]
		[-0.176 0.817 0.549]
		[0.967 0.252 -0.022]
		[-0.158 0.534 -0.831]
		[-0.198 0.807 0.556]
		[0.954 0.294 -0.058]
		[-0.213 0.527 -0.823]
		[-0.211 0.797 0.565]
		[0.947 0.310 -0.078]
		[-0.240 0.529 -0.814]
		[-0.211 0.790 0.576]
		[0.946 0.314 -0.078]
		[-0.251 0.562 -0.788]
		[-0.203 0.765 0.611]
		[0.946 0.318 -0.058]
		[-0.259 0.638 -0.726]
		[-0.194 0.702 0.686]
		[0.947 0.320 -0.030]
		[-0.263 0.718 -0.644]
		[-0.184 0.618 0.764]
		[0.948 0.318 -0.006]
		[-0.265 0.778 -0.570]
		[-0.177 0.542 0.822]
		[1.000 0.018 0.000]
		[-0.018 1.000 0.000]
		[0.000 0.321 0.000]
		[0.000 0.088 0.000]
		[0.621 0.784 0.000]
		[0.784 -0.621 0.000]
		[-0.235 0.436 0.000]
		[0.000 0.402 0.000]
		[0.000 0.969 0.246]
		[0.000 -0.246 0.969]
		[0.000 0.110 0.000]
		[1.000 -0.022 0.018]
		[0.017 0.970 0.242]
		[-0.023 -0.242 0.970]
		[0.997 -0.057 0.047]
		[0.044 0.971 0.237]
		[-0.059 -0.234 0.970]
		[0.991 -0.103 0.085]
		[0.081 0.970 0.231]
		[-0.107 -0.222 0.969]
		[0.983 -0.142 0.119]
		[0.112 0.967 0.228]
		[-0.147 -0.210 0.966]
		[0.978 -0.160 0.135]
		[0.127 0.966 0.226]
		[-0.167 -0.204 0.965]
		[0.979 -0.155 0.130]
		[0.123 0.967 0.224]
		[-0.161 -0.204 0.966]
		[0.985 -0.132 0.112]
		[0.105 0.969 0.222]
		[-0.138 -0.207 0.969]
		[0.992 -0.096 0.082]
		[0.077 0.973 0.219]
		[-0.100 -0.211 0.972]
		[0.998 -0.051 0.043]
		[0.040 0.975 0.217]
		[-0.053 -0.215 0.975]
		[1.000 0.001 -0.001]
		[-0.001 0.976 0.217]
		[0.001 -0.217 0.976]
		[0.997 0.054 -0.046]
		[-0.043 0.975 0.218]
		[0.057 -0.216 0.975]
		[0.990 0.106 -0.091]
		[-0.084 0.972 0.220]
		[0.112 -0.211 0.971]
		[0.980 0.150 -0.129]
		[-0.119 0.967 0.224]
		[0.158 -0.204 0.966]
		[0.971 0.180 -0.155]
		[-0.143 0.963 0.227]
		[0.190 -0.198 0.962]
		[0.968 0.190 -0.164]
		[-0.150 0.962 0.229]
		[0.201 -0.197 0.960]
		[0.974 0.173 -0.148]
		[-0.136 0.964 0.230]
		[0.183 -0.204 0.962]
		[0.986 0.127 -0.108]
		[-0.099 0.968 0.233]
		[0.134 -0.219 0.967]
		[0.996 0.068 -0.058]
		[-0.053 0.970 0.237]
		[0.072 -0.233 0.970]
		[1.000 0.020 -0.017]
		[-0.016 0.970 0.243]
		[0.022 -0.242 0.970]
		[0.000 0.251 0.000]
		[0.000 -0.711 0.000]
		[100.000 0.000 0.000]
		[0.000 0.000 -100.000]
		[0.000 100.000 0.000]
		[0.000 0.000 0.000]]
}