{ :name "walk" :length 1.25 :bones { 
	"LegL" [
		[ 0 [ 0 1 2 3 ] ]
		[ 0.04166667 [ 4 5 2 6 ] ]
		[ 0.08333334 [ 7 8 9 10 ] ]
		[ 0.125 [ 11 12 13 14 ] ]
		[ 0.1666667 [ 15 16 17 18 ] ]
		[ 0.2083333 [ 19 20 21 22 ] ]
		[ 0.25 [ 23 24 25 26 ] ]
		[ 0.2916667 [ 27 28 29 30 ] ]
		[ 0.3333333 [ 31 32 29 33 ] ]
		[ 0.375 [ 34 35 25 36 ] ]
		[ 0.4166667 [ 37 38 17 39 ] ]
		[ 0.4583333 [ 40 41 9 42 ] ]
		[ 0.5 [ 43 44 45 46 ] ]
		[ 0.5416667 [ 47 48 49 50 ] ]
		[ 0.5833333 [ 51 52 53 54 ] ]
		[ 0.625 [ 55 56 57 3 ] ]
		[ 0.6666667 [ 58 59 57 60 ] ]
		[ 0.7083333 [ 61 62 63 64 ] ]
		[ 0.75 [ 65 66 63 67 ] ]
		[ 0.7916667 [ 68 69 63 70 ] ]
		[ 0.8333333 [ 71 72 63 73 ] ]
		[ 0.875 [ 74 75 76 77 ] ]
		[ 0.9166667 [ 78 79 76 80 ] ]
		[ 0.9583333 [ 81 82 76 83 ] ]
		[ 1 [ 84 85 63 33 ] ]
		[ 1.041667 [ 86 87 57 88 ] ]
		[ 1.083333 [ 89 90 91 92 ] ]
		[ 1.125 [ 93 94 95 96 ] ]
		[ 1.166667 [ 97 98 99 100 ] ]
		[ 1.208333 [ 101 102 103 104 ] ]
	]
	"KneeL" [
		[ 0 [ 105 106 107 108 ] ]
		[ 0.04166667 [ 105 106 107 108 ] ]
		[ 0.08333334 [ 105 106 107 108 ] ]
		[ 0.125 [ 105 106 107 108 ] ]
		[ 0.1666667 [ 105 106 107 108 ] ]
		[ 0.2083333 [ 105 106 107 108 ] ]
		[ 0.25 [ 105 106 107 108 ] ]
		[ 0.2916667 [ 105 106 107 108 ] ]
		[ 0.3333333 [ 105 106 107 108 ] ]
		[ 0.375 [ 109 110 111 108 ] ]
		[ 0.4166667 [ 112 113 114 108 ] ]
		[ 0.4583333 [ 115 116 117 108 ] ]
		[ 0.5 [ 118 119 120 108 ] ]
		[ 0.5416667 [ 121 122 123 108 ] ]
		[ 0.5833333 [ 124 125 126 108 ] ]
		[ 0.625 [ 127 128 129 108 ] ]
		[ 0.6666667 [ 130 131 132 108 ] ]
		[ 0.7083333 [ 133 134 135 108 ] ]
		[ 0.75 [ 136 137 138 108 ] ]
		[ 0.7916667 [ 139 140 141 108 ] ]
		[ 0.8333333 [ 142 143 144 108 ] ]
		[ 0.875 [ 145 146 147 108 ] ]
		[ 0.9166667 [ 148 149 150 108 ] ]
		[ 0.9583333 [ 151 152 153 108 ] ]
		[ 1 [ 154 155 156 108 ] ]
		[ 1.041667 [ 157 158 159 108 ] ]
		[ 1.083333 [ 160 161 162 108 ] ]
		[ 1.125 [ 163 164 165 108 ] ]
		[ 1.166667 [ 166 167 107 108 ] ]
		[ 1.208333 [ 168 169 107 108 ] ]
	]
	"FootL" [
		[ 0 [ 170 171 172 173 ] ]
	]
	"FootL_end" [
		[ 0 [ 174 175 176 177 ] ]
	]
	"LegR" [
		[ 0 [ 178 179 180 181 ] ]
		[ 0.04166667 [ 182 183 184 185 ] ]
		[ 0.08333334 [ 186 187 188 189 ] ]
		[ 0.125 [ 190 191 192 193 ] ]
		[ 0.1666667 [ 194 195 196 197 ] ]
		[ 0.2083333 [ 198 199 200 201 ] ]
		[ 0.25 [ 202 203 204 205 ] ]
		[ 0.2916667 [ 206 207 208 209 ] ]
		[ 0.3333333 [ 210 211 212 213 ] ]
		[ 0.375 [ 214 215 216 217 ] ]
		[ 0.4166667 [ 218 219 220 221 ] ]
		[ 0.4583333 [ 222 223 224 225 ] ]
		[ 0.5 [ 226 227 228 229 ] ]
		[ 0.5416667 [ 230 231 232 233 ] ]
		[ 0.5833333 [ 234 235 236 237 ] ]
		[ 0.625 [ 238 239 240 181 ] ]
		[ 0.6666667 [ 241 242 243 244 ] ]
		[ 0.7083333 [ 245 246 247 248 ] ]
		[ 0.75 [ 249 250 247 251 ] ]
		[ 0.7916667 [ 252 253 254 255 ] ]
		[ 0.8333333 [ 256 257 258 259 ] ]
		[ 0.875 [ 260 261 258 262 ] ]
		[ 0.9166667 [ 263 264 265 266 ] ]
		[ 0.9583333 [ 267 268 269 270 ] ]
		[ 1 [ 271 272 273 213 ] ]
		[ 1.041667 [ 274 275 276 277 ] ]
		[ 1.083333 [ 278 279 280 281 ] ]
		[ 1.125 [ 282 283 284 285 ] ]
		[ 1.166667 [ 286 287 288 289 ] ]
		[ 1.208333 [ 290 291 292 293 ] ]
	]
	"KneeR" [
		[ 0 [ 294 295 296 297 ] ]
		[ 0.04166667 [ 298 299 300 297 ] ]
		[ 0.08333334 [ 301 302 303 297 ] ]
		[ 0.125 [ 304 305 306 297 ] ]
		[ 0.1666667 [ 307 308 309 297 ] ]
		[ 0.2083333 [ 310 311 312 297 ] ]
		[ 0.25 [ 313 314 315 297 ] ]
		[ 0.2916667 [ 316 317 318 297 ] ]
		[ 0.3333333 [ 319 320 321 297 ] ]
		[ 0.375 [ 322 323 324 297 ] ]
		[ 0.4166667 [ 325 326 327 297 ] ]
		[ 0.4583333 [ 328 329 330 297 ] ]
		[ 0.5 [ 331 332 333 297 ] ]
		[ 0.5416667 [ 334 335 336 297 ] ]
		[ 0.5833333 [ 337 338 339 297 ] ]
		[ 0.625 [ 340 341 342 297 ] ]
		[ 0.6666667 [ 343 344 345 297 ] ]
		[ 0.7083333 [ 346 347 348 297 ] ]
		[ 0.75 [ 349 350 351 297 ] ]
		[ 0.7916667 [ 349 350 351 297 ] ]
		[ 0.8333333 [ 349 350 352 297 ] ]
		[ 0.875 [ 349 350 352 297 ] ]
		[ 0.9166667 [ 349 350 352 297 ] ]
		[ 0.9583333 [ 349 350 352 297 ] ]
		[ 1 [ 353 354 355 297 ] ]
		[ 1.041667 [ 356 357 358 297 ] ]
		[ 1.083333 [ 359 360 361 297 ] ]
		[ 1.125 [ 362 363 364 297 ] ]
		[ 1.166667 [ 365 366 367 297 ] ]
		[ 1.208333 [ 368 369 370 297 ] ]
	]
	"FootR" [
		[ 0 [ 371 372 373 374 ] ]
	]
	"FootR_end" [
		[ 0 [ 174 175 176 375 ] ]
	]
	"Root" [
		[ 0 [ 174 176 376 377 ] ]
		[ 0.04166667 [ 174 176 376 378 ] ]
		[ 0.08333334 [ 174 176 376 379 ] ]
		[ 0.125 [ 174 176 376 380 ] ]
		[ 0.1666667 [ 174 176 376 381 ] ]
		[ 0.2083333 [ 174 176 376 382 ] ]
		[ 0.25 [ 174 176 376 383 ] ]
		[ 0.2916667 [ 174 176 376 384 ] ]
		[ 0.3333333 [ 174 176 376 385 ] ]
		[ 0.375 [ 174 176 376 386 ] ]
		[ 0.4166667 [ 174 176 376 387 ] ]
		[ 0.4583333 [ 174 176 376 388 ] ]
		[ 0.5 [ 174 176 376 389 ] ]
		[ 0.5416667 [ 174 176 376 390 ] ]
		[ 0.5833333 [ 174 176 376 391 ] ]
		[ 0.625 [ 174 176 376 377 ] ]
		[ 0.6666667 [ 174 176 376 392 ] ]
		[ 0.7083333 [ 174 176 376 393 ] ]
		[ 0.75 [ 174 176 376 394 ] ]
		[ 0.7916667 [ 174 176 376 395 ] ]
		[ 0.8333333 [ 174 176 376 396 ] ]
		[ 0.875 [ 174 176 376 397 ] ]
		[ 0.9166667 [ 174 176 376 398 ] ]
		[ 0.9583333 [ 174 176 376 399 ] ]
		[ 1 [ 174 176 376 385 ] ]
		[ 1.041667 [ 174 176 376 400 ] ]
		[ 1.083333 [ 174 176 376 401 ] ]
		[ 1.125 [ 174 176 376 402 ] ]
		[ 1.166667 [ 174 176 376 403 ] ]
		[ 1.208333 [ 174 176 376 404 ] ]
	]
	"Spine" [
		[ 0 [ 174 175 176 405 ] ]
		[ 0.04166667 [ 406 175 407 405 ] ]
		[ 0.08333334 [ 408 175 409 405 ] ]
		[ 0.125 [ 410 175 411 405 ] ]
		[ 0.1666667 [ 412 175 413 405 ] ]
		[ 0.2083333 [ 414 175 415 405 ] ]
		[ 0.25 [ 416 175 417 405 ] ]
		[ 0.2916667 [ 418 175 419 405 ] ]
		[ 0.3333333 [ 420 175 421 405 ] ]
		[ 0.375 [ 422 175 423 405 ] ]
		[ 0.4166667 [ 424 175 425 405 ] ]
		[ 0.4583333 [ 426 175 427 405 ] ]
		[ 0.5 [ 428 175 429 405 ] ]
		[ 0.5416667 [ 430 175 431 405 ] ]
		[ 0.5833333 [ 432 175 433 405 ] ]
		[ 0.625 [ 434 175 435 405 ] ]
		[ 0.6666667 [ 436 175 437 405 ] ]
		[ 0.7083333 [ 438 175 439 405 ] ]
		[ 0.75 [ 440 175 441 405 ] ]
		[ 0.7916667 [ 442 175 443 405 ] ]
		[ 0.8333333 [ 444 175 445 405 ] ]
		[ 0.875 [ 446 175 447 405 ] ]
		[ 0.9166667 [ 448 175 449 405 ] ]
		[ 0.9583333 [ 450 175 451 405 ] ]
		[ 1 [ 452 175 453 405 ] ]
		[ 1.041667 [ 454 175 455 405 ] ]
		[ 1.083333 [ 456 175 457 405 ] ]
		[ 1.125 [ 458 175 459 405 ] ]
		[ 1.166667 [ 460 175 461 405 ] ]
		[ 1.208333 [ 462 175 463 405 ] ]
	]
	"ArmL" [
		[ 0 [ 464 465 176 466 ] ]
		[ 0.04166667 [ 467 468 469 466 ] ]
		[ 0.08333334 [ 470 471 472 466 ] ]
		[ 0.125 [ 473 474 475 466 ] ]
		[ 0.1666667 [ 476 477 478 466 ] ]
		[ 0.2083333 [ 479 480 481 466 ] ]
		[ 0.25 [ 482 483 484 466 ] ]
		[ 0.2916667 [ 485 486 487 466 ] ]
		[ 0.3333333 [ 488 489 490 466 ] ]
		[ 0.375 [ 491 492 493 466 ] ]
		[ 0.4166667 [ 494 495 496 466 ] ]
		[ 0.4583333 [ 497 498 499 466 ] ]
		[ 0.5 [ 500 501 502 466 ] ]
		[ 0.5416667 [ 503 504 505 466 ] ]
		[ 0.5833333 [ 506 507 508 466 ] ]
		[ 0.625 [ 509 510 176 466 ] ]
		[ 0.6666667 [ 511 512 513 466 ] ]
		[ 0.7083333 [ 514 515 516 466 ] ]
		[ 0.75 [ 517 518 519 466 ] ]
		[ 0.7916667 [ 520 521 522 466 ] ]
		[ 0.8333333 [ 523 524 525 466 ] ]
		[ 0.875 [ 526 527 528 466 ] ]
		[ 0.9166667 [ 529 530 531 466 ] ]
		[ 0.9583333 [ 532 533 534 466 ] ]
		[ 1 [ 535 536 537 466 ] ]
		[ 1.041667 [ 538 539 540 466 ] ]
		[ 1.083333 [ 541 542 543 466 ] ]
		[ 1.125 [ 544 545 546 466 ] ]
		[ 1.166667 [ 547 548 549 466 ] ]
		[ 1.208333 [ 550 551 552 466 ] ]
	]
	"FArmL" [
		[ 0 [ 553 554 176 555 ] ]
		[ 0.04166667 [ 556 557 558 555 ] ]
		[ 0.08333334 [ 559 560 561 555 ] ]
		[ 0.125 [ 562 563 564 555 ] ]
		[ 0.1666667 [ 565 566 567 555 ] ]
		[ 0.2083333 [ 568 569 570 555 ] ]
		[ 0.25 [ 571 572 573 555 ] ]
		[ 0.2916667 [ 574 575 576 555 ] ]
		[ 0.3333333 [ 577 578 579 555 ] ]
		[ 0.375 [ 580 581 582 555 ] ]
		[ 0.4166667 [ 583 584 585 555 ] ]
		[ 0.4583333 [ 586 587 588 555 ] ]
		[ 0.5 [ 589 590 591 555 ] ]
		[ 0.5416667 [ 592 593 594 555 ] ]
		[ 0.5833333 [ 595 596 597 555 ] ]
		[ 0.625 [ 553 554 176 555 ] ]
		[ 0.6666667 [ 598 599 600 555 ] ]
		[ 0.7083333 [ 601 602 603 555 ] ]
		[ 0.75 [ 604 605 561 555 ] ]
		[ 0.7916667 [ 606 607 608 555 ] ]
		[ 0.8333333 [ 609 610 611 555 ] ]
		[ 0.875 [ 612 613 614 555 ] ]
		[ 0.9166667 [ 615 616 617 555 ] ]
		[ 0.9583333 [ 565 566 618 555 ] ]
		[ 1 [ 619 620 621 555 ] ]
		[ 1.041667 [ 622 623 624 555 ] ]
		[ 1.083333 [ 625 626 627 555 ] ]
		[ 1.125 [ 592 628 629 555 ] ]
		[ 1.166667 [ 630 631 632 555 ] ]
		[ 1.208333 [ 633 634 635 555 ] ]
	]
	"HandL" [
		[ 0 [ 636 637 176 638 ] ]
	]
	"HandL_end" [
		[ 0 [ 174 175 176 639 ] ]
	]
	"WingL" [
		[ 0 [ 640 176 641 642 ] ]
	]
	"WingL_end" [
		[ 0 [ 174 175 176 643 ] ]
	]
	"ArmR" [
		[ 0 [ 644 645 176 646 ] ]
		[ 0.04166667 [ 647 648 649 646 ] ]
		[ 0.08333334 [ 650 651 652 646 ] ]
		[ 0.125 [ 653 654 655 646 ] ]
		[ 0.1666667 [ 656 657 658 646 ] ]
		[ 0.2083333 [ 659 660 661 646 ] ]
		[ 0.25 [ 662 663 664 646 ] ]
		[ 0.2916667 [ 665 666 667 646 ] ]
		[ 0.3333333 [ 668 669 670 646 ] ]
		[ 0.375 [ 671 672 673 646 ] ]
		[ 0.4166667 [ 674 675 676 646 ] ]
		[ 0.4583333 [ 677 678 679 646 ] ]
		[ 0.5 [ 680 681 682 646 ] ]
		[ 0.5416667 [ 683 684 685 646 ] ]
		[ 0.5833333 [ 686 687 688 646 ] ]
		[ 0.625 [ 689 690 176 646 ] ]
		[ 0.6666667 [ 691 692 693 646 ] ]
		[ 0.7083333 [ 694 695 696 646 ] ]
		[ 0.75 [ 697 698 699 646 ] ]
		[ 0.7916667 [ 700 701 702 646 ] ]
		[ 0.8333333 [ 703 704 705 646 ] ]
		[ 0.875 [ 706 707 708 646 ] ]
		[ 0.9166667 [ 709 710 711 646 ] ]
		[ 0.9583333 [ 712 713 714 646 ] ]
		[ 1 [ 715 716 717 646 ] ]
		[ 1.041667 [ 718 719 720 646 ] ]
		[ 1.083333 [ 721 722 723 646 ] ]
		[ 1.125 [ 724 725 726 646 ] ]
		[ 1.166667 [ 727 728 729 646 ] ]
		[ 1.208333 [ 730 731 732 646 ] ]
	]
	"FArmR" [
		[ 0 [ 733 734 176 735 ] ]
		[ 0.04166667 [ 736 737 738 735 ] ]
		[ 0.08333334 [ 739 740 741 735 ] ]
		[ 0.125 [ 742 743 744 735 ] ]
		[ 0.1666667 [ 745 746 747 735 ] ]
		[ 0.2083333 [ 748 749 750 735 ] ]
		[ 0.25 [ 751 752 753 735 ] ]
		[ 0.2916667 [ 754 755 756 735 ] ]
		[ 0.3333333 [ 757 758 759 735 ] ]
		[ 0.375 [ 760 755 756 735 ] ]
		[ 0.4166667 [ 761 762 763 735 ] ]
		[ 0.4583333 [ 764 765 766 735 ] ]
		[ 0.5 [ 767 768 769 735 ] ]
		[ 0.5416667 [ 770 771 772 735 ] ]
		[ 0.5833333 [ 736 737 738 735 ] ]
		[ 0.625 [ 773 774 775 735 ] ]
		[ 0.6666667 [ 776 777 778 735 ] ]
		[ 0.7083333 [ 779 780 781 735 ] ]
		[ 0.75 [ 782 783 784 735 ] ]
		[ 0.7916667 [ 785 786 787 735 ] ]
		[ 0.8333333 [ 788 789 790 735 ] ]
		[ 0.875 [ 791 792 793 735 ] ]
		[ 0.9166667 [ 794 795 796 735 ] ]
		[ 0.9583333 [ 797 798 799 735 ] ]
		[ 1 [ 800 801 802 735 ] ]
		[ 1.041667 [ 803 804 805 735 ] ]
		[ 1.083333 [ 806 807 808 735 ] ]
		[ 1.125 [ 809 810 811 735 ] ]
		[ 1.166667 [ 812 813 814 735 ] ]
		[ 1.208333 [ 815 816 817 735 ] ]
	]
	"HandR" [
		[ 0 [ 818 819 176 820 ] ]
	]
	"HandR_end" [
		[ 0 [ 174 175 176 821 ] ]
	]
	"WingR" [
		[ 0 [ 822 176 823 824 ] ]
	]
	"WingR_end" [
		[ 0 [ 174 175 176 643 ] ]
	]
	"Neck" [
		[ 0 [ 174 175 176 825 ] ]
	]
	"Head" [
		[ 0 [ 174 175 176 826 ] ]
		[ 0.04166667 [ 827 175 828 826 ] ]
		[ 0.08333334 [ 829 175 830 826 ] ]
		[ 0.125 [ 831 175 832 826 ] ]
		[ 0.1666667 [ 833 175 834 826 ] ]
		[ 0.2083333 [ 835 175 836 826 ] ]
		[ 0.25 [ 837 175 838 826 ] ]
		[ 0.2916667 [ 839 175 840 826 ] ]
		[ 0.3333333 [ 841 175 842 826 ] ]
		[ 0.375 [ 843 175 844 826 ] ]
		[ 0.4166667 [ 845 175 846 826 ] ]
		[ 0.4583333 [ 847 175 848 826 ] ]
		[ 0.5 [ 849 175 850 826 ] ]
		[ 0.5416667 [ 851 175 852 826 ] ]
		[ 0.5833333 [ 853 175 854 826 ] ]
		[ 0.625 [ 855 175 856 826 ] ]
		[ 0.6666667 [ 857 175 858 826 ] ]
		[ 0.7083333 [ 859 175 860 826 ] ]
		[ 0.75 [ 861 175 862 826 ] ]
		[ 0.7916667 [ 422 175 423 826 ] ]
		[ 0.8333333 [ 863 175 864 826 ] ]
		[ 0.875 [ 865 175 866 826 ] ]
		[ 0.9166667 [ 867 175 868 826 ] ]
		[ 0.9583333 [ 869 175 870 826 ] ]
		[ 1 [ 871 175 872 826 ] ]
		[ 1.041667 [ 873 175 874 826 ] ]
		[ 1.083333 [ 875 175 876 826 ] ]
		[ 1.125 [ 877 175 878 826 ] ]
		[ 1.166667 [ 879 175 880 826 ] ]
		[ 1.208333 [ 881 175 882 826 ] ]
	]
	"Head_end" [
		[ 0 [ 174 175 176 883 ] ]
	]
	"WingBack" [
		[ 0 [ 175 176 174 884 ] ]
	]
	"WingBack_end" [
		[ 0 [ 174 175 176 643 ] ]
	]
	"Player" [
		[ 0 [ 885 886 887 888 ] ]
	]
	}
	:resources [
		[0.000 -1.000 0.029]
		[0.015 -0.029 -0.999]
		[1.000 0.000 0.015]
		[0.108 -0.025 0.930]
		[0.000 -0.998 0.055]
		[0.015 -0.055 -0.998]
		[0.108 -0.025 0.923]
		[0.000 -0.995 0.104]
		[0.015 -0.104 -0.994]
		[1.000 0.001 0.015]
		[0.108 -0.025 0.911]
		[0.000 -0.984 0.180]
		[0.015 -0.180 -0.983]
		[1.000 0.002 0.015]
		[0.108 -0.025 0.897]
		[0.000 -0.963 0.268]
		[0.015 -0.268 -0.963]
		[1.000 0.004 0.015]
		[0.108 -0.025 0.880]
		[0.000 -0.936 0.353]
		[0.015 -0.353 -0.935]
		[1.000 0.005 0.014]
		[0.108 -0.025 0.864]
		[0.000 -0.906 0.424]
		[0.015 -0.424 -0.905]
		[1.000 0.006 0.014]
		[0.108 -0.025 0.850]
		[0.000 -0.879 0.476]
		[0.015 -0.476 -0.879]
		[1.000 0.007 0.013]
		[0.108 -0.025 0.838]
		[0.000 -0.870 0.493]
		[0.015 -0.493 -0.870]
		[0.108 -0.025 0.831]
		[0.000 -0.895 0.446]
		[0.015 -0.446 -0.895]
		[0.108 -0.025 0.840]
		[0.000 -0.950 0.311]
		[0.015 -0.311 -0.950]
		[0.108 -0.025 0.854]
		[0.000 -0.994 0.109]
		[0.015 -0.109 -0.994]
		[0.108 -0.025 0.871]
		[0.000 -0.992 -0.129]
		[0.015 0.129 -0.992]
		[1.000 -0.002 0.015]
		[0.108 -0.025 0.890]
		[0.000 -0.938 -0.347]
		[0.015 0.347 -0.938]
		[1.000 -0.006 0.014]
		[0.108 -0.025 0.907]
		[0.000 -0.860 -0.511]
		[0.016 0.511 -0.859]
		[1.000 -0.008 0.013]
		[0.108 -0.025 0.921]
		[0.000 -0.803 -0.596]
		[0.016 0.596 -0.803]
		[1.000 -0.010 0.012]
		[0.000 -0.769 -0.639]
		[0.016 0.639 -0.769]
		[0.108 -0.025 0.922]
		[0.000 -0.743 -0.669]
		[0.016 0.669 -0.743]
		[1.000 -0.011 0.011]
		[0.108 -0.025 0.909]
		[0.000 -0.723 -0.691]
		[0.016 0.691 -0.723]
		[0.108 -0.025 0.893]
		[0.000 -0.708 -0.706]
		[0.016 0.706 -0.708]
		[0.108 -0.025 0.876]
		[0.000 -0.698 -0.716]
		[0.016 0.716 -0.698]
		[0.108 -0.025 0.858]
		[0.000 -0.693 -0.721]
		[0.016 0.721 -0.693]
		[1.000 -0.012 0.011]
		[0.108 -0.025 0.842]
		[0.000 -0.690 -0.724]
		[0.016 0.724 -0.690]
		[0.108 -0.025 0.829]
		[0.000 -0.691 -0.723]
		[0.016 0.723 -0.690]
		[0.108 -0.025 0.821]
		[0.000 -0.721 -0.693]
		[0.016 0.693 -0.721]
		[0.000 -0.799 -0.602]
		[0.016 0.602 -0.798]
		[0.108 -0.025 0.847]
		[0.000 -0.886 -0.463]
		[0.016 0.463 -0.886]
		[1.000 -0.008 0.014]
		[0.108 -0.025 0.865]
		[0.000 -0.955 -0.296]
		[0.015 0.296 -0.955]
		[1.000 -0.005 0.015]
		[0.108 -0.025 0.886]
		[0.000 -0.991 -0.135]
		[0.015 0.135 -0.991]
		[1.000 -0.003 0.015]
		[0.108 -0.025 0.905]
		[0.000 -1.000 -0.016]
		[0.015 0.016 -1.000]
		[1.000 -0.001 0.015]
		[0.108 -0.025 0.920]
		[0.998 0.056 -0.004]
		[-0.056 0.989 -0.138]
		[-0.004 0.138 0.990]
		[0.000 0.523 0.000]
		[0.999 -0.033 -0.002]
		[0.033 0.990 -0.138]
		[0.007 0.138 0.990]
		[0.961 -0.275 0.001]
		[0.273 0.952 -0.138]
		[0.037 0.133 0.990]
		[0.800 -0.600 0.006]
		[0.595 0.792 -0.135]
		[0.076 0.112 0.991]
		[0.492 -0.871 0.010]
		[0.864 0.487 -0.130]
		[0.109 0.073 0.991]
		[0.149 -0.989 0.012]
		[0.981 0.146 -0.125]
		[0.122 0.030 0.992]
		[-0.096 -0.995 0.012]
		[0.988 -0.097 -0.121]
		[0.122 0.000 0.993]
		[-0.184 -0.983 0.012]
		[0.976 -0.184 -0.120]
		[0.120 -0.011 0.993]
		[-0.124 -0.992 0.012]
		[0.985 -0.125 -0.121]
		[0.121 -0.003 0.993]
		[0.051 -0.999 0.012]
		[0.991 0.049 -0.124]
		[0.123 0.018 0.992]
		[0.307 -0.952 0.011]
		[0.944 0.303 -0.127]
		[0.118 0.050 0.992]
		[0.588 -0.809 0.009]
		[0.803 0.582 -0.132]
		[0.101 0.085 0.991]
		[0.813 -0.582 0.006]
		[0.577 0.806 -0.135]
		[0.074 0.113 0.991]
		[0.941 -0.339 0.002]
		[0.336 0.932 -0.137]
		[0.044 0.130 0.991]
		[0.990 -0.144 -0.001]
		[0.142 0.980 -0.138]
		[0.021 0.137 0.990]
		[0.999 -0.047 -0.002]
		[0.046 0.989 -0.138]
		[0.009 0.138 0.990]
		[1.000 -0.008 -0.003]
		[0.007 0.990 -0.138]
		[0.004 0.138 0.990]
		[1.000 0.019 -0.003]
		[-0.019 0.990 -0.138]
		[0.001 0.138 0.990]
		[0.999 0.037 -0.004]
		[-0.037 0.990 -0.138]
		[-0.002 0.138 0.990]
		[0.999 0.048 -0.004]
		[-0.048 0.989 -0.138]
		[-0.003 0.138 0.990]
		[0.999 0.053 -0.004]
		[-0.053 0.989 -0.138]
		[0.998 0.055 -0.004]
		[-0.055 0.989 -0.138]
		[0.114 0.993 -0.006]
		[-0.993 0.114 -0.007]
		[-0.007 0.007 1.000]
		[0.000 0.380 0.000]
		[1.000 0.000 0.000]
		[0.000 1.000 0.000]
		[0.000 0.000 1.000]
		[0.000 0.159 0.000]
		[-0.148 0.786 0.600]
		[-0.044 0.601 -0.798]
		[-0.988 -0.145 -0.055]
		[-0.109 -0.024 0.930]
		[-0.148 0.777 0.612]
		[-0.044 0.613 -0.789]
		[-0.988 -0.144 -0.057]
		[-0.109 -0.024 0.923]
		[-0.148 0.760 0.632]
		[-0.044 0.634 -0.772]
		[-0.988 -0.142 -0.061]
		[-0.109 -0.024 0.911]
		[-0.148 0.739 0.657]
		[-0.044 0.659 -0.751]
		[-0.988 -0.140 -0.065]
		[-0.109 -0.024 0.897]
		[-0.148 0.714 0.684]
		[-0.044 0.686 -0.726]
		[-0.988 -0.138 -0.070]
		[-0.109 -0.024 0.880]
		[-0.148 0.687 0.711]
		[-0.044 0.714 -0.699]
		[-0.988 -0.135 -0.076]
		[-0.109 -0.024 0.864]
		[-0.150 0.659 0.737]
		[-0.045 0.740 -0.671]
		[-0.988 -0.133 -0.081]
		[-0.109 -0.024 0.850]
		[-0.151 0.637 0.756]
		[-0.046 0.759 -0.649]
		[-0.987 -0.132 -0.086]
		[-0.109 -0.024 0.838]
		[-0.149 0.634 0.759]
		[-0.045 0.762 -0.646]
		[-0.988 -0.130 -0.086]
		[-0.109 -0.024 0.831]
		[-0.142 0.661 0.737]
		[-0.040 0.740 -0.672]
		[-0.989 -0.125 -0.079]
		[-0.109 -0.024 0.840]
		[-0.125 0.725 0.677]
		[-0.031 0.679 -0.733]
		[-0.992 -0.113 -0.062]
		[-0.109 -0.024 0.854]
		[-0.100 0.810 0.578]
		[-0.021 0.579 -0.815]
		[-0.995 -0.094 -0.041]
		[-0.109 -0.024 0.871]
		[-0.071 0.892 0.446]
		[-0.013 0.446 -0.895]
		[-0.997 -0.070 -0.020]
		[-0.109 -0.024 0.890]
		[-0.043 0.956 0.291]
		[-0.010 0.291 -0.957]
		[-0.999 -0.044 -0.004]
		[-0.109 -0.024 0.907]
		[-0.020 0.992 0.126]
		[-0.010 0.126 -0.992]
		[-1.000 -0.021 0.007]
		[-0.109 -0.024 0.921]
		[-0.006 1.000 -0.030]
		[-0.012 -0.030 -0.999]
		[-1.000 -0.005 0.013]
		[0.000 0.987 -0.164]
		[-0.014 -0.164 -0.986]
		[-1.000 0.003 0.014]
		[-0.109 -0.024 0.922]
		[0.002 0.962 -0.274]
		[-0.016 -0.274 -0.962]
		[-1.000 0.006 0.014]
		[-0.109 -0.024 0.909]
		[0.001 0.932 -0.363]
		[-0.016 -0.363 -0.932]
		[-0.109 -0.024 0.893]
		[-0.002 0.902 -0.432]
		[-0.015 -0.432 -0.902]
		[-1.000 0.005 0.014]
		[-0.109 -0.024 0.876]
		[-0.003 0.876 -0.483]
		[-0.014 -0.483 -0.875]
		[-1.000 0.004 0.014]
		[-0.109 -0.024 0.858]
		[-0.004 0.855 -0.518]
		[-0.013 -0.518 -0.855]
		[-0.109 -0.024 0.842]
		[-0.005 0.842 -0.540]
		[-0.013 -0.540 -0.842]
		[-1.000 0.003 0.013]
		[-0.109 -0.024 0.829]
		[-0.006 0.838 -0.546]
		[-0.011 -0.546 -0.837]
		[-1.000 0.001 0.013]
		[-0.109 -0.024 0.821]
		[-0.013 0.869 -0.495]
		[-0.008 -0.496 -0.869]
		[-1.000 -0.008 0.013]
		[-0.035 0.940 -0.338]
		[-0.002 -0.338 -0.941]
		[-0.999 -0.032 0.014]
		[-0.109 -0.024 0.847]
		[-0.066 0.993 -0.102]
		[-0.002 -0.102 -0.995]
		[-0.998 -0.065 0.008]
		[-0.109 -0.024 0.865]
		[-0.099 0.981 0.168]
		[-0.009 0.168 -0.986]
		[-0.995 -0.099 -0.007]
		[-0.109 -0.024 0.886]
		[-0.126 0.909 0.398]
		[-0.024 0.398 -0.917]
		[-0.992 -0.125 -0.029]
		[-0.109 -0.024 0.905]
		[-0.143 0.824 0.548]
		[-0.038 0.549 -0.835]
		[-0.989 -0.140 -0.047]
		[-0.109 -0.024 0.920]
		[-0.231 0.947 -0.223]
		[-0.969 -0.202 0.145]
		[0.093 0.249 0.964]
		[0.000 0.525 0.000]
		[-0.172 0.957 -0.232]
		[-0.979 -0.141 0.145]
		[0.106 0.252 0.962]
		[-0.004 0.966 -0.258]
		[-0.990 0.033 0.140]
		[0.144 0.256 0.956]
		[0.242 0.924 -0.295]
		[-0.950 0.288 0.124]
		[0.200 0.250 0.948]
		[0.518 0.788 -0.332]
		[-0.814 0.574 0.092]
		[0.263 0.222 0.939]
		[0.744 0.564 -0.357]
		[-0.589 0.807 0.048]
		[0.315 0.175 0.933]
		[0.873 0.321 -0.366]
		[-0.344 0.939 0.004]
		[0.345 0.122 0.931]
		[0.924 0.124 -0.363]
		[-0.144 0.989 -0.030]
		[0.355 0.080 0.931]
		[0.934 0.022 -0.355]
		[-0.042 0.998 -0.048]
		[0.354 0.060 0.933]
		[0.943 -0.020 -0.332]
		[0.000 0.998 -0.060]
		[0.333 0.057 0.941]
		[0.958 -0.047 -0.281]
		[0.027 0.997 -0.076]
		[0.284 0.066 0.957]
		[0.976 -0.062 -0.211]
		[0.043 0.995 -0.094]
		[0.216 0.082 0.973]
		[0.989 -0.067 -0.135]
		[0.053 0.993 -0.110]
		[0.141 0.102 0.985]
		[0.996 -0.066 -0.066]
		[0.057 0.991 -0.124]
		[0.073 0.120 0.990]
		[0.998 -0.063 -0.020]
		[0.060 0.989 -0.134]
		[0.028 0.132 0.991]
		[0.998 -0.061 0.003]
		[0.061 0.989 -0.138]
		[0.006 0.138 0.990]
		[0.998 -0.060 0.009]
		[0.061 0.988 -0.139]
		[0.000 0.140 0.990]
		[0.998 -0.060 0.007]
		[0.060 0.988 -0.139]
		[0.001 0.139 0.990]
		[0.998 -0.060 0.005]
		[0.060 0.989 -0.138]
		[0.003 0.139 0.990]
		[0.003 0.138 0.990]
		[0.999 0.029 -0.016]
		[-0.031 0.990 -0.138]
		[0.012 0.139 0.990]
		[0.960 0.270 -0.072]
		[-0.278 0.952 -0.128]
		[0.034 0.143 0.989]
		[0.790 0.595 -0.146]
		[-0.609 0.788 -0.088]
		[0.063 0.159 0.985]
		[0.467 0.860 -0.206]
		[-0.880 0.474 -0.013]
		[0.087 0.188 0.978]
		[0.109 0.967 -0.229]
		[-0.989 0.128 0.068]
		[0.095 0.219 0.971]
		[-0.141 0.964 -0.227]
		[-0.985 -0.115 0.125]
		[0.094 0.241 0.966]
		[0.105 -0.994 0.003]
		[0.994 0.105 -0.007]
		[0.006 0.004 1.000]
		[0.000 0.381 0.000]
		[0.000 0.158 0.000]
		[0.000 -1.000 0.000]
		[0.000 0.000 0.993]
		[0.000 0.000 0.986]
		[0.000 0.000 0.975]
		[0.000 0.000 0.960]
		[0.000 0.000 0.944]
		[0.000 0.000 0.928]
		[0.000 0.000 0.913]
		[0.000 0.000 0.902]
		[0.000 0.000 0.895]
		[0.000 0.000 0.903]
		[0.000 0.000 0.917]
		[0.000 0.000 0.935]
		[0.000 0.000 0.953]
		[0.000 0.000 0.970]
		[0.000 0.000 0.984]
		[0.000 0.000 0.985]
		[0.000 0.000 0.973]
		[0.000 0.000 0.957]
		[0.000 0.000 0.939]
		[0.000 0.000 0.921]
		[0.000 0.000 0.905]
		[0.000 0.000 0.893]
		[0.000 0.000 0.885]
		[0.000 0.000 0.910]
		[0.000 0.000 0.929]
		[0.000 0.000 0.949]
		[0.000 0.000 0.968]
		[0.000 0.000 0.983]
		[0.000 0.174 0.000]
		[1.000 0.000 -0.016]
		[0.016 0.000 1.000]
		[0.999 0.000 -0.042]
		[0.042 0.000 0.999]
		[0.997 0.000 -0.075]
		[0.075 0.000 0.997]
		[0.994 0.000 -0.112]
		[0.112 0.000 0.994]
		[0.989 0.000 -0.151]
		[0.151 0.000 0.989]
		[0.983 0.000 -0.182]
		[0.182 0.000 0.983]
		[0.979 0.000 -0.203]
		[0.203 0.000 0.979]
		[0.977 0.000 -0.212]
		[0.212 0.000 0.977]
		[0.978 0.000 -0.210]
		[0.210 0.000 0.978]
		[0.980 0.000 -0.197]
		[0.197 0.000 0.980]
		[0.985 0.000 -0.173]
		[0.173 0.000 0.985]
		[0.990 0.000 -0.140]
		[0.140 0.000 0.990]
		[0.995 0.000 -0.098]
		[0.098 0.000 0.995]
		[0.999 0.000 -0.050]
		[0.050 0.000 0.999]
		[1.000 0.000 0.003]
		[-0.003 0.000 1.000]
		[0.998 0.000 0.059]
		[-0.059 0.000 0.998]
		[0.993 0.000 0.116]
		[-0.116 0.000 0.993]
		[0.985 0.000 0.171]
		[-0.171 0.000 0.985]
		[0.974 0.000 0.224]
		[-0.224 0.000 0.974]
		[0.962 0.000 0.272]
		[-0.272 0.000 0.962]
		[0.951 0.000 0.309]
		[-0.309 0.000 0.951]
		[0.943 0.000 0.332]
		[-0.332 0.000 0.943]
		[0.942 0.000 0.336]
		[-0.336 0.000 0.942]
		[0.948 0.000 0.317]
		[-0.317 0.000 0.948]
		[0.963 0.000 0.271]
		[-0.271 0.000 0.963]
		[0.979 0.000 0.206]
		[-0.206 0.000 0.979]
		[0.991 0.000 0.133]
		[-0.133 0.000 0.991]
		[0.998 0.000 0.067]
		[-0.067 0.000 0.998]
		[1.000 0.000 0.024]
		[-0.024 0.000 1.000]
		[-0.987 -0.161 0.000]
		[0.161 -0.987 0.000]
		[0.242 0.254 0.000]
		[-0.987 -0.159 -0.006]
		[0.159 -0.987 -0.034]
		[0.000 -0.034 0.999]
		[-0.987 -0.157 -0.016]
		[0.158 -0.983 -0.098]
		[0.000 -0.099 0.995]
		[-0.987 -0.155 -0.032]
		[0.159 -0.967 -0.197]
		[0.000 -0.200 0.980]
		[-0.987 -0.152 -0.051]
		[0.160 -0.937 -0.311]
		[0.000 -0.315 0.949]
		[-0.987 -0.146 -0.068]
		[0.161 -0.894 -0.419]
		[0.000 -0.425 0.905]
		[-0.987 -0.139 -0.083]
		[0.162 -0.847 -0.507]
		[0.000 -0.513 0.858]
		[-0.987 -0.134 -0.092]
		[0.163 -0.808 -0.566]
		[0.001 -0.573 0.819]
		[-0.986 -0.133 -0.096]
		[0.164 -0.791 -0.589]
		[0.002 -0.597 0.802]
		[-0.986 -0.136 -0.094]
		[0.165 -0.800 -0.576]
		[0.003 -0.584 0.812]
		[-0.986 -0.140 -0.087]
		[0.165 -0.830 -0.533]
		[0.002 -0.540 0.842]
		[-0.986 -0.145 -0.075]
		[0.164 -0.871 -0.463]
		[0.002 -0.469 0.883]
		[-0.987 -0.150 -0.060]
		[0.162 -0.915 -0.369]
		[0.001 -0.374 0.927]
		[-0.987 -0.154 -0.042]
		[0.160 -0.953 -0.257]
		[0.000 -0.260 0.966]
		[-0.988 -0.156 -0.022]
		[0.157 -0.979 -0.132]
		[-0.001 -0.134 0.991]
		[-0.988 -0.156 0.000]
		[0.156 -0.988 0.000]
		[-0.987 -0.156 0.021]
		[0.158 -0.979 0.132]
		[0.000 0.134 0.991]
		[-0.987 -0.154 0.042]
		[0.160 -0.952 0.260]
		[0.000 0.263 0.965]
		[-0.987 -0.149 0.061]
		[0.161 -0.913 0.375]
		[0.000 0.380 0.925]
		[-0.987 -0.141 0.078]
		[0.161 -0.865 0.476]
		[0.000 0.482 0.876]
		[-0.987 -0.133 0.091]
		[0.161 -0.813 0.559]
		[0.000 0.567 0.824]
		[-0.987 -0.126 0.101]
		[0.161 -0.768 0.620]
		[0.000 0.629 0.778]
		[-0.987 -0.121 0.107]
		[0.161 -0.737 0.656]
		[0.000 0.665 0.747]
		[-0.987 -0.119 0.108]
		[0.161 -0.730 0.664]
		[0.000 0.672 0.740]
		[-0.987 -0.124 0.103]
		[0.161 -0.761 0.629]
		[0.000 0.637 0.771]
		[-0.987 -0.134 0.089]
		[0.161 -0.821 0.547]
		[0.000 0.555 0.832]
		[-0.987 -0.145 0.070]
		[0.161 -0.889 0.428]
		[0.000 0.433 0.901]
		[-0.987 -0.153 0.046]
		[0.160 -0.946 0.282]
		[0.000 0.286 0.958]
		[-0.987 -0.158 0.023]
		[0.159 -0.977 0.142]
		[0.000 0.144 0.990]
		[-0.987 -0.161 0.006]
		[0.161 -0.986 0.040]
		[0.000 0.040 0.999]
		[0.997 0.080 0.000]
		[-0.080 0.997 0.000]
		[0.000 0.254 0.000]
		[0.997 0.080 -0.009]
		[-0.080 0.996 -0.038]
		[0.006 0.038 0.999]
		[0.997 0.079 -0.027]
		[-0.081 0.991 -0.108]
		[0.018 0.109 0.994]
		[0.996 0.074 -0.054]
		[-0.084 0.972 -0.218]
		[0.036 0.221 0.975]
		[0.994 0.065 -0.085]
		[-0.090 0.935 -0.343]
		[0.057 0.349 0.936]
		[0.992 0.052 -0.114]
		[-0.099 0.882 -0.460]
		[0.076 0.468 0.881]
		[0.990 0.038 -0.137]
		[-0.108 0.825 -0.555]
		[0.092 0.564 0.821]
		[0.988 0.026 -0.153]
		[-0.116 0.777 -0.619]
		[0.103 0.629 0.771]
		[0.987 0.021 -0.158]
		[-0.119 0.759 -0.640]
		[0.106 0.651 0.752]
		[0.988 0.028 -0.150]
		[-0.115 0.785 -0.609]
		[0.101 0.619 0.779]
		[0.991 0.042 -0.130]
		[-0.105 0.842 -0.528]
		[0.088 0.537 0.839]
		[0.993 0.058 -0.102]
		[-0.095 0.907 -0.411]
		[0.068 0.418 0.906]
		[0.995 0.071 -0.067]
		[-0.086 0.959 -0.271]
		[0.045 0.275 0.960]
		[0.996 0.078 -0.034]
		[-0.082 0.987 -0.137]
		[0.023 0.139 0.990]
		[0.997 0.080 -0.010]
		[-0.080 0.996 -0.042]
		[0.007 0.043 0.999]
		[0.997 0.080 -0.002]
		[-0.080 0.997 -0.008]
		[0.001 0.008 1.000]
		[0.997 0.080 -0.012]
		[-0.080 0.996 -0.048]
		[0.008 0.048 0.999]
		[0.997 0.079 -0.026]
		[-0.081 0.991 -0.107]
		[0.996 0.076 -0.043]
		[-0.083 0.981 -0.175]
		[0.029 0.178 0.984]
		[0.996 0.073 -0.059]
		[-0.085 0.967 -0.239]
		[0.040 0.243 0.969]
		[0.995 0.069 -0.072]
		[-0.087 0.952 -0.292]
		[0.048 0.297 0.954]
		[0.994 0.066 -0.081]
		[-0.089 0.940 -0.329]
		[0.055 0.334 0.941]
		[0.057 0.348 0.936]
		[0.995 0.066 -0.081]
		[-0.089 0.941 -0.327]
		[0.054 0.333 0.942]
		[0.995 0.070 -0.069]
		[-0.087 0.956 -0.280]
		[0.046 0.285 0.958]
		[0.996 0.074 -0.052]
		[-0.084 0.974 -0.212]
		[0.035 0.216 0.976]
		[-0.082 0.987 -0.138]
		[0.023 0.140 0.990]
		[0.997 0.080 -0.017]
		[-0.081 0.994 -0.070]
		[0.012 0.071 0.997]
		[0.997 0.080 -0.006]
		[-0.080 0.996 -0.025]
		[0.004 0.025 1.000]
		[1.000 0.017 0.000]
		[-0.017 1.000 0.000]
		[0.000 0.310 0.000]
		[0.000 0.090 0.000]
		[0.614 -0.789 0.000]
		[-0.789 -0.614 0.000]
		[0.237 0.438 0.000]
		[0.000 0.500 0.000]
		[-0.982 0.189 0.000]
		[-0.189 -0.982 0.000]
		[-0.247 0.256 0.000]
		[-0.982 0.187 -0.006]
		[-0.187 -0.982 0.031]
		[0.000 0.032 0.999]
		[-0.983 0.185 -0.017]
		[-0.186 -0.978 0.089]
		[0.000 0.091 0.996]
		[-0.982 0.183 -0.035]
		[-0.187 -0.966 0.180]
		[0.000 0.183 0.983]
		[-0.982 0.180 -0.055]
		[-0.188 -0.940 0.284]
		[0.000 0.289 0.957]
		[-0.982 0.174 -0.074]
		[-0.189 -0.904 0.383]
		[0.000 0.390 0.921]
		[-0.982 0.167 -0.089]
		[-0.190 -0.865 0.465]
		[0.000 0.473 0.881]
		[-0.982 0.162 -0.100]
		[-0.191 -0.832 0.520]
		[0.001 0.530 0.848]
		[-0.981 0.161 -0.105]
		[-0.192 -0.818 0.543]
		[0.002 0.553 0.833]
		[-0.981 0.163 -0.102]
		[-0.193 -0.825 0.532]
		[0.002 0.542 0.841]
		[-0.981 0.167 -0.095]
		[-0.192 -0.848 0.494]
		[0.002 0.503 0.864]
		[-0.982 0.171 -0.083]
		[-0.190 -0.881 0.433]
		[0.001 0.440 0.898]
		[-0.982 0.176 -0.067]
		[-0.188 -0.918 0.349]
		[0.000 0.355 0.935]
		[-0.983 0.180 -0.047]
		[-0.186 -0.951 0.246]
		[0.000 0.250 0.968]
		[-0.983 0.182 -0.024]
		[-0.184 -0.975 0.128]
		[0.000 0.130 0.992]
		[-0.983 0.183 0.000]
		[-0.183 -0.983 0.000]
		[-0.983 0.182 0.025]
		[-0.184 -0.974 -0.133]
		[0.001 -0.136 0.991]
		[-0.983 0.179 0.051]
		[-0.186 -0.946 -0.266]
		[0.001 -0.270 0.963]
		[-0.982 0.173 0.075]
		[-0.188 -0.902 -0.389]
		[0.000 -0.396 0.918]
		[-0.982 0.163 0.096]
		[-0.189 -0.847 -0.496]
		[0.000 -0.505 0.863]
		[-0.982 0.153 0.113]
		[-0.190 -0.788 -0.585]
		[0.000 -0.596 0.803]
		[-0.982 0.144 0.126]
		[-0.191 -0.734 -0.652]
		[-0.001 -0.664 0.748]
		[-0.981 0.138 0.133]
		[-0.192 -0.696 -0.692]
		[-0.003 -0.705 0.709]
		[-0.981 0.136 0.135]
		[-0.192 -0.686 -0.702]
		[-0.003 -0.715 0.700]
		[-0.982 0.142 0.128]
		[-0.191 -0.720 -0.667]
		[-0.002 -0.679 0.734]
		[-0.982 0.153 0.112]
		[-0.190 -0.790 -0.582]
		[-0.001 -0.593 0.805]
		[-0.982 0.167 0.088]
		[-0.189 -0.869 -0.457]
		[0.000 -0.465 0.885]
		[-0.982 0.180 0.058]
		[-0.189 -0.934 -0.302]
		[0.000 -0.307 0.952]
		[-0.982 0.187 0.029]
		[-0.189 -0.970 -0.152]
		[0.000 -0.155 0.988]
		[-0.982 0.188 0.008]
		[-0.188 -0.981 -0.042]
		[0.000 -0.043 0.999]
		[0.996 -0.087 0.000]
		[0.087 0.996 0.000]
		[0.000 0.249 0.000]
		[0.996 -0.087 0.007]
		[0.087 0.996 -0.026]
		[-0.005 0.026 1.000]
		[0.996 -0.087 0.019]
		[0.088 0.994 -0.068]
		[-0.013 0.070 0.997]
		[0.996 -0.085 0.037]
		[0.089 0.988 -0.129]
		[-0.025 0.132 0.991]
		[0.995 -0.081 0.057]
		[0.091 0.975 -0.202]
		[-0.040 0.206 0.978]
		[0.994 -0.076 0.078]
		[0.095 0.957 -0.273]
		[-0.054 0.279 0.959]
		[0.993 -0.071 0.095]
		[0.099 0.937 -0.334]
		[-0.066 0.341 0.938]
		[0.992 -0.066 0.108]
		[0.102 0.921 -0.377]
		[-0.074 0.385 0.920]
		[0.992 -0.064 0.112]
		[0.103 0.913 -0.394]
		[-0.078 0.402 0.912]
		[0.992 -0.066 0.107]
		[0.993 -0.072 0.092]
		[0.098 0.941 -0.323]
		[-0.064 0.330 0.942]
		[0.994 -0.078 0.070]
		[0.093 0.965 -0.245]
		[-0.048 0.250 0.967]
		[0.995 -0.084 0.046]
		[0.090 0.983 -0.160]
		[-0.032 0.164 0.986]
		[0.996 -0.086 0.024]
		[0.088 0.993 -0.083]
		[-0.016 0.085 0.996]
		[0.996 -0.087 0.001]
		[0.087 0.996 -0.004]
		[-0.001 0.004 1.000]
		[0.996 -0.087 0.009]
		[0.087 0.996 -0.032]
		[-0.006 0.032 0.999]
		[0.996 -0.085 0.033]
		[0.089 0.989 -0.115]
		[-0.023 0.118 0.993]
		[0.995 -0.079 0.067]
		[0.093 0.968 -0.235]
		[-0.046 0.240 0.970]
		[0.992 -0.067 0.104]
		[0.101 0.925 -0.366]
		[-0.072 0.374 0.925]
		[0.989 -0.050 0.140]
		[0.113 0.865 -0.489]
		[-0.096 0.500 0.861]
		[0.985 -0.031 0.168]
		[0.126 0.798 -0.590]
		[-0.116 0.602 0.790]
		[0.982 -0.015 0.187]
		[0.136 0.743 -0.655]
		[-0.129 0.669 0.732]
		[0.981 -0.009 0.193]
		[0.140 0.722 -0.677]
		[-0.133 0.691 0.710]
		[0.983 -0.018 0.184]
		[0.134 0.752 -0.645]
		[-0.127 0.659 0.742]
		[0.986 -0.037 0.160]
		[0.122 0.818 -0.562]
		[-0.111 0.574 0.811]
		[0.990 -0.058 0.125]
		[0.107 0.892 -0.440]
		[-0.086 0.449 0.889]
		[0.994 -0.075 0.083]
		[0.096 0.952 -0.290]
		[-0.057 0.296 0.953]
		[0.996 -0.084 0.042]
		[0.089 0.985 -0.147]
		[-0.029 0.150 0.988]
		[0.996 -0.087 0.012]
		[0.088 0.995 -0.041]
		[-0.008 0.042 0.999]
		[1.000 0.018 0.000]
		[-0.018 1.000 0.000]
		[0.000 0.321 0.000]
		[0.000 0.088 0.000]
		[0.621 0.784 0.000]
		[0.784 -0.621 0.000]
		[-0.235 0.436 0.000]
		[0.000 0.402 0.000]
		[0.000 0.110 0.000]
		[1.000 0.000 0.017]
		[-0.017 0.000 1.000]
		[0.999 0.000 0.047]
		[-0.047 0.000 0.999]
		[0.996 0.000 0.084]
		[-0.084 0.000 0.996]
		[0.992 0.000 0.125]
		[-0.125 0.000 0.992]
		[0.986 0.000 0.168]
		[-0.168 0.000 0.986]
		[0.979 0.000 0.203]
		[-0.203 0.000 0.979]
		[0.974 0.000 0.227]
		[-0.227 0.000 0.974]
		[0.971 0.000 0.238]
		[-0.238 0.000 0.971]
		[0.972 0.000 0.235]
		[-0.235 0.000 0.972]
		[0.976 0.000 0.218]
		[-0.218 0.000 0.976]
		[0.982 0.000 0.189]
		[-0.189 0.000 0.982]
		[0.989 0.000 0.150]
		[-0.150 0.000 0.989]
		[0.995 0.000 0.105]
		[-0.105 0.000 0.995]
		[0.999 0.000 0.054]
		[-0.054 0.000 0.999]
		[1.000 0.000 -0.001]
		[0.001 0.000 1.000]
		[0.998 0.000 -0.056]
		[0.056 0.000 0.998]
		[0.994 0.000 -0.111]
		[0.111 0.000 0.994]
		[0.987 0.000 -0.163]
		[0.163 0.000 0.987]
		[0.968 0.000 -0.251]
		[0.251 0.000 0.968]
		[0.959 0.000 -0.282]
		[0.282 0.000 0.959]
		[0.954 0.000 -0.300]
		[0.300 0.000 0.954]
		[0.953 0.000 -0.303]
		[0.303 0.000 0.953]
		[0.958 0.000 -0.287]
		[0.287 0.000 0.958]
		[0.969 0.000 -0.248]
		[0.248 0.000 0.969]
		[0.982 0.000 -0.189]
		[0.189 0.000 0.982]
		[0.992 0.000 -0.123]
		[0.123 0.000 0.992]
		[0.998 0.000 -0.061]
		[0.061 0.000 0.998]
		[1.000 0.000 -0.017]
		[0.017 0.000 1.000]
		[0.000 0.251 0.000]
		[0.000 -0.711 0.000]
		[100.000 0.000 0.000]
		[0.000 0.000 -100.000]
		[0.000 100.000 0.000]
		[0.000 0.000 0.000]]
}