{ :name "Armature|riding" :length 2.458333 :bones { 
	"Skelet" [
		[ 0 [ 0 1 2 3 ] ]
	]
	"Bedro_L" [
		[ 0 [ 4 5 6 7 ] ]
	]
	"Koleno_L" [
		[ 0 [ 8 9 10 11 ] ]
	]
	"Koleno_L_end" [
		[ 0 [ 0 12 1 13 ] ]
	]
	"Bedro_P" [
		[ 0 [ 14 15 16 17 ] ]
	]
	"Koleno_P" [
		[ 0 [ 18 19 20 11 ] ]
	]
	"Koleno_P_end" [
		[ 0 [ 0 12 1 13 ] ]
	]
	"Tors" [
		[ 0 [ 0 21 22 23 ] ]
	]
	"Golova" [
		[ 0 [ 0 24 25 26 ] ]
	]
	"Golova_end" [
		[ 0 [ 0 12 1 27 ] ]
	]
	"Kluchitsa_L" [
		[ 0 [ 1 0 12 28 ] ]
	]
	"Kluchitsa_L_end" [
		[ 0 [ 0 12 1 29 ] ]
	]
	"Kluchitsa_P" [
		[ 0 [ 30 31 12 28 ] ]
	]
	"Kluchitsa_P_end" [
		[ 0 [ 0 12 1 29 ] ]
	]
	"Ruka_L" [
		[ 0 [ 32 33 34 35 ] ]
	]
	"Lokot_L" [
		[ 0 [ 36 37 38 39 ] ]
	]
	"Lokot_L_end" [
		[ 0 [ 0 12 1 40 ] ]
	]
	"Ruka_P" [
		[ 0 [ 41 42 43 44 ] ]
	]
	"Lokot_P" [
		[ 0 [ 45 46 47 39 ] ]
	]
	"Lokot_P_end" [
		[ 0 [ 0 12 1 40 ] ]
	]
	"Luchnik" [
		[ 0 [ 48 49 50 50 ] ]
	]
	"Weapon" [
		[ 0 [ 48 49 50 51 ] ]
	]
	"Kolchan" [
		[ 0 [ 52 53 54 55 ] ]
	]
	"Cylinder" [
		[ 0 [ 56 57 58 59 ] ]
	]
	}
	:resources [
		[1.000 0.000 0.000]
		[0.000 0.000 1.000]
		[0.000 -1.000 0.000]
		[0.000 0.000 -1.058]
		[0.039 -0.624 0.781]
		[0.522 -0.654 -0.548]
		[0.852 0.428 0.300]
		[0.123 -0.038 0.000]
		[-0.684 0.614 -0.394]
		[0.729 0.579 -0.364]
		[0.005 -0.537 -0.844]
		[0.000 0.532 0.000]
		[0.000 1.000 0.000]
		[0.000 0.578 0.000]
		[-0.029 -0.628 0.778]
		[-0.446 -0.688 -0.572]
		[0.895 -0.364 -0.259]
		[-0.123 -0.038 0.000]
		[-0.613 0.691 0.384]
		[0.785 0.588 0.195]
		[-0.092 0.421 -0.903]
		[0.000 0.866 -0.500]
		[0.000 0.500 0.866]
		[0.000 0.130 0.000]
		[0.000 0.906 0.423]
		[0.000 -0.423 0.906]
		[0.000 0.596 0.000]
		[0.000 0.315 0.000]
		[0.000 0.470 0.000]
		[0.000 0.300 0.000]
		[0.000 0.000 -1.000]
		[-1.000 0.000 0.000]
		[0.647 -0.745 0.163]
		[-0.144 -0.329 -0.933]
		[0.748 0.581 -0.320]
		[0.279 0.394 -0.035]
		[0.983 0.184 -0.001]
		[-0.184 0.983 -0.011]
		[-0.001 0.011 1.000]
		[0.000 0.316 0.000]
		[0.000 0.469 0.000]
		[-0.726 -0.676 0.127]
		[0.144 -0.329 -0.933]
		[0.673 -0.659 0.336]
		[-0.279 0.394 -0.035]
		[0.967 0.182 0.180]
		[-0.184 0.983 -0.009]
		[-0.179 -0.024 0.984]
		[100.000 0.000 0.000]
		[0.000 0.000 -100.000]
		[0.000 100.000 0.000]
		[0.000 0.000 0.000]
		[0.083 0.000 0.056]
		[0.011 0.088 -0.016]
		[-0.165 0.067 0.242]
		[-0.032 -0.004 0.687]
		[0.116 0.042 0.072]
		[0.015 -0.132 0.053]
		[0.082 -0.035 -0.111]
		[-0.194 0.016 0.836]]
}