{ :name "Armature|walk_crowd" :length 1.666667 :bones { 
	"Skelet" [
		[ 0 [ 0 1 2 3 ] ]
		[ 0.04166667 [ 4 5 2 6 ] ]
		[ 0.08333334 [ 7 8 2 9 ] ]
		[ 0.125 [ 10 11 2 12 ] ]
		[ 0.1666667 [ 13 14 2 15 ] ]
		[ 0.2083333 [ 16 17 2 18 ] ]
		[ 0.25 [ 19 20 2 21 ] ]
		[ 0.2916667 [ 22 23 2 24 ] ]
		[ 0.3333333 [ 25 26 2 27 ] ]
		[ 0.375 [ 28 29 2 30 ] ]
		[ 0.4166667 [ 31 32 2 33 ] ]
		[ 0.4583333 [ 31 32 2 34 ] ]
		[ 0.5 [ 35 36 2 37 ] ]
		[ 0.5416667 [ 38 39 2 40 ] ]
		[ 0.5833334 [ 41 42 2 43 ] ]
		[ 0.625 [ 44 45 2 46 ] ]
		[ 0.6666667 [ 47 48 2 49 ] ]
		[ 0.7083334 [ 50 51 2 52 ] ]
		[ 0.7500001 [ 53 54 2 55 ] ]
		[ 0.7916667 [ 56 57 2 58 ] ]
		[ 0.8333334 [ 59 60 2 3 ] ]
		[ 0.8750001 [ 61 62 2 63 ] ]
		[ 0.9166667 [ 64 65 2 6 ] ]
		[ 0.9583334 [ 66 67 2 68 ] ]
		[ 1 [ 69 70 2 46 ] ]
		[ 1.041667 [ 71 72 2 73 ] ]
		[ 1.083333 [ 74 75 2 76 ] ]
		[ 1.125 [ 77 78 2 79 ] ]
		[ 1.166667 [ 80 81 2 82 ] ]
		[ 1.208333 [ 83 84 2 85 ] ]
		[ 1.25 [ 86 87 2 88 ] ]
		[ 1.291667 [ 83 84 2 89 ] ]
		[ 1.333333 [ 90 91 2 92 ] ]
		[ 1.375 [ 93 94 2 95 ] ]
		[ 1.416667 [ 96 97 2 98 ] ]
		[ 1.458333 [ 99 100 2 34 ] ]
		[ 1.5 [ 101 102 2 103 ] ]
		[ 1.541667 [ 104 105 2 106 ] ]
		[ 1.583333 [ 64 65 2 107 ] ]
		[ 1.625 [ 61 62 2 52 ] ]
	]
	"Bedro_L" [
		[ 0 [ 108 109 110 111 ] ]
		[ 0.04166667 [ 112 113 114 111 ] ]
		[ 0.08333334 [ 115 116 117 111 ] ]
		[ 0.125 [ 118 119 120 111 ] ]
		[ 0.1666667 [ 121 122 123 111 ] ]
		[ 0.2083333 [ 124 125 126 111 ] ]
		[ 0.25 [ 127 128 129 111 ] ]
		[ 0.2916667 [ 130 131 132 111 ] ]
		[ 0.3333333 [ 133 134 135 111 ] ]
		[ 0.375 [ 136 137 138 111 ] ]
		[ 0.4166667 [ 139 140 141 111 ] ]
		[ 0.4583333 [ 142 143 144 111 ] ]
		[ 0.5 [ 145 146 141 111 ] ]
		[ 0.5416667 [ 147 148 149 111 ] ]
		[ 0.5833334 [ 150 151 152 111 ] ]
		[ 0.625 [ 153 154 155 111 ] ]
		[ 0.6666667 [ 156 157 158 111 ] ]
		[ 0.7083334 [ 159 160 161 111 ] ]
		[ 0.7500001 [ 162 163 164 111 ] ]
		[ 0.7916667 [ 165 166 167 111 ] ]
		[ 0.8333334 [ 168 169 170 111 ] ]
		[ 0.8750001 [ 171 172 173 111 ] ]
		[ 0.9166667 [ 174 175 176 111 ] ]
		[ 0.9583334 [ 177 178 179 111 ] ]
		[ 1 [ 180 181 182 111 ] ]
		[ 1.041667 [ 183 184 185 111 ] ]
		[ 1.083333 [ 186 187 188 111 ] ]
		[ 1.125 [ 189 190 191 111 ] ]
		[ 1.166667 [ 192 193 194 111 ] ]
		[ 1.208333 [ 195 196 197 111 ] ]
		[ 1.25 [ 198 199 200 111 ] ]
		[ 1.291667 [ 201 202 203 111 ] ]
		[ 1.333333 [ 204 205 206 111 ] ]
		[ 1.375 [ 207 208 209 111 ] ]
		[ 1.416667 [ 210 211 212 111 ] ]
		[ 1.458333 [ 213 214 215 111 ] ]
		[ 1.5 [ 216 217 218 111 ] ]
		[ 1.541667 [ 219 220 221 111 ] ]
		[ 1.583333 [ 222 223 224 111 ] ]
		[ 1.625 [ 225 226 227 111 ] ]
	]
	"Koleno_L" [
		[ 0 [ 228 229 230 231 ] ]
		[ 0.04166667 [ 228 229 232 231 ] ]
		[ 0.08333334 [ 233 229 232 231 ] ]
		[ 0.125 [ 234 229 235 231 ] ]
		[ 0.1666667 [ 234 229 236 231 ] ]
		[ 0.2083333 [ 237 229 236 231 ] ]
		[ 0.25 [ 238 229 239 231 ] ]
		[ 0.2916667 [ 238 229 240 231 ] ]
		[ 0.3333333 [ 241 229 240 231 ] ]
		[ 0.375 [ 242 229 243 231 ] ]
		[ 0.4166667 [ 244 245 246 231 ] ]
		[ 0.4583333 [ 247 248 246 231 ] ]
		[ 0.5 [ 249 250 251 231 ] ]
		[ 0.5416667 [ 252 253 254 231 ] ]
		[ 0.5833334 [ 255 256 257 231 ] ]
		[ 0.625 [ 258 259 260 231 ] ]
		[ 0.6666667 [ 261 262 263 231 ] ]
		[ 0.7083334 [ 264 265 266 231 ] ]
		[ 0.7500001 [ 267 268 269 231 ] ]
		[ 0.7916667 [ 270 271 269 231 ] ]
		[ 0.8333334 [ 272 273 274 231 ] ]
		[ 0.8750001 [ 275 276 277 231 ] ]
		[ 0.9166667 [ 278 279 280 231 ] ]
		[ 0.9583334 [ 281 282 283 231 ] ]
		[ 1 [ 284 285 260 231 ] ]
		[ 1.041667 [ 286 287 288 231 ] ]
		[ 1.083333 [ 289 290 291 231 ] ]
		[ 1.125 [ 292 293 240 231 ] ]
		[ 1.166667 [ 294 295 232 231 ] ]
		[ 1.208333 [ 296 297 298 231 ] ]
		[ 1.25 [ 299 300 298 231 ] ]
		[ 1.291667 [ 301 302 298 231 ] ]
		[ 1.333333 [ 303 304 230 231 ] ]
		[ 1.375 [ 305 306 230 231 ] ]
		[ 1.416667 [ 307 308 230 231 ] ]
		[ 1.458333 [ 309 310 230 231 ] ]
		[ 1.5 [ 311 312 230 231 ] ]
		[ 1.541667 [ 313 314 230 231 ] ]
		[ 1.583333 [ 315 316 230 231 ] ]
		[ 1.625 [ 317 318 230 231 ] ]
	]
	"Koleno_L_end" [
		[ 0 [ 0 319 1 320 ] ]
	]
	"Bedro_P" [
		[ 0 [ 321 322 323 324 ] ]
		[ 0.04166667 [ 325 326 327 324 ] ]
		[ 0.08333334 [ 328 329 330 324 ] ]
		[ 0.125 [ 331 332 333 324 ] ]
		[ 0.1666667 [ 334 335 336 324 ] ]
		[ 0.2083333 [ 337 338 339 324 ] ]
		[ 0.25 [ 340 341 342 324 ] ]
		[ 0.2916667 [ 343 344 345 324 ] ]
		[ 0.3333333 [ 346 347 348 324 ] ]
		[ 0.375 [ 349 350 351 324 ] ]
		[ 0.4166667 [ 352 353 354 324 ] ]
		[ 0.4583333 [ 355 356 357 324 ] ]
		[ 0.5 [ 358 359 360 324 ] ]
		[ 0.5416667 [ 361 362 363 324 ] ]
		[ 0.5833334 [ 364 365 366 324 ] ]
		[ 0.625 [ 367 368 369 324 ] ]
		[ 0.6666667 [ 370 371 372 324 ] ]
		[ 0.7083334 [ 373 374 375 324 ] ]
		[ 0.7500001 [ 376 377 378 324 ] ]
		[ 0.7916667 [ 379 380 381 324 ] ]
		[ 0.8333334 [ 382 383 384 324 ] ]
		[ 0.8750001 [ 385 386 387 324 ] ]
		[ 0.9166667 [ 388 389 390 324 ] ]
		[ 0.9583334 [ 391 392 393 324 ] ]
		[ 1 [ 394 395 396 324 ] ]
		[ 1.041667 [ 397 398 399 324 ] ]
		[ 1.083333 [ 400 401 402 324 ] ]
		[ 1.125 [ 403 404 405 324 ] ]
		[ 1.166667 [ 406 407 408 324 ] ]
		[ 1.208333 [ 409 410 411 324 ] ]
		[ 1.25 [ 412 413 414 324 ] ]
		[ 1.291667 [ 415 416 417 324 ] ]
		[ 1.333333 [ 418 419 420 324 ] ]
		[ 1.375 [ 421 422 423 324 ] ]
		[ 1.416667 [ 424 425 426 324 ] ]
		[ 1.458333 [ 427 428 429 324 ] ]
		[ 1.5 [ 430 431 432 324 ] ]
		[ 1.541667 [ 433 434 435 324 ] ]
		[ 1.583333 [ 436 437 438 324 ] ]
		[ 1.625 [ 439 440 441 324 ] ]
	]
	"Koleno_P" [
		[ 0 [ 442 443 444 231 ] ]
		[ 0.04166667 [ 445 446 447 231 ] ]
		[ 0.08333334 [ 448 449 450 231 ] ]
		[ 0.125 [ 451 452 453 231 ] ]
		[ 0.1666667 [ 454 455 456 231 ] ]
		[ 0.2083333 [ 457 458 459 231 ] ]
		[ 0.25 [ 460 461 462 231 ] ]
		[ 0.2916667 [ 463 464 465 231 ] ]
		[ 0.3333333 [ 466 467 468 231 ] ]
		[ 0.375 [ 469 470 471 231 ] ]
		[ 0.4166667 [ 472 473 471 231 ] ]
		[ 0.4583333 [ 472 473 468 231 ] ]
		[ 0.5 [ 474 475 468 231 ] ]
		[ 0.5416667 [ 476 477 465 231 ] ]
		[ 0.5833334 [ 478 479 465 231 ] ]
		[ 0.625 [ 480 481 465 231 ] ]
		[ 0.6666667 [ 482 483 484 231 ] ]
		[ 0.7083334 [ 485 486 484 231 ] ]
		[ 0.7500001 [ 487 488 462 231 ] ]
		[ 0.7916667 [ 489 490 462 231 ] ]
		[ 0.8333334 [ 491 492 462 231 ] ]
		[ 0.8750001 [ 493 494 495 231 ] ]
		[ 0.9166667 [ 493 494 495 231 ] ]
		[ 0.9583334 [ 228 494 496 231 ] ]
		[ 1 [ 228 494 496 231 ] ]
		[ 1.041667 [ 228 494 497 231 ] ]
		[ 1.083333 [ 228 494 497 231 ] ]
		[ 1.125 [ 233 494 497 231 ] ]
		[ 1.166667 [ 233 494 459 231 ] ]
		[ 1.208333 [ 233 494 459 231 ] ]
		[ 1.25 [ 498 499 459 231 ] ]
		[ 1.291667 [ 500 501 502 231 ] ]
		[ 1.333333 [ 503 504 502 231 ] ]
		[ 1.375 [ 505 506 507 231 ] ]
		[ 1.416667 [ 508 509 510 231 ] ]
		[ 1.458333 [ 511 512 456 231 ] ]
		[ 1.5 [ 513 514 515 231 ] ]
		[ 1.541667 [ 516 517 518 231 ] ]
		[ 1.583333 [ 519 520 521 231 ] ]
		[ 1.625 [ 522 523 524 231 ] ]
	]
	"Koleno_P_end" [
		[ 0 [ 0 319 1 320 ] ]
	]
	"Tors" [
		[ 0 [ 0 319 1 525 ] ]
		[ 0.04166667 [ 526 527 528 525 ] ]
		[ 0.08333334 [ 529 530 531 525 ] ]
		[ 0.125 [ 532 533 534 525 ] ]
		[ 0.1666667 [ 535 536 537 525 ] ]
		[ 0.2083333 [ 538 539 540 525 ] ]
		[ 0.25 [ 541 542 543 525 ] ]
		[ 0.2916667 [ 544 545 546 525 ] ]
		[ 0.3333333 [ 547 548 549 525 ] ]
		[ 0.375 [ 550 551 552 525 ] ]
		[ 0.4166667 [ 553 554 555 525 ] ]
		[ 0.4583333 [ 556 557 558 525 ] ]
		[ 0.5 [ 559 560 561 525 ] ]
		[ 0.5416667 [ 562 563 564 525 ] ]
		[ 0.5833334 [ 565 566 567 525 ] ]
		[ 0.625 [ 568 569 570 525 ] ]
		[ 0.6666667 [ 571 572 573 525 ] ]
		[ 0.7083334 [ 574 575 576 525 ] ]
		[ 0.7500001 [ 577 578 579 525 ] ]
		[ 0.7916667 [ 580 581 582 525 ] ]
		[ 0.8333334 [ 0 319 1 525 ] ]
		[ 0.8750001 [ 583 584 585 525 ] ]
		[ 0.9166667 [ 586 587 588 525 ] ]
		[ 0.9583334 [ 589 590 591 525 ] ]
		[ 1 [ 592 593 594 525 ] ]
		[ 1.041667 [ 595 596 597 525 ] ]
		[ 1.083333 [ 598 599 600 525 ] ]
		[ 1.125 [ 601 602 603 525 ] ]
		[ 1.166667 [ 604 605 606 525 ] ]
		[ 1.208333 [ 607 608 609 525 ] ]
		[ 1.25 [ 610 611 612 525 ] ]
		[ 1.291667 [ 613 614 615 525 ] ]
		[ 1.333333 [ 616 617 618 525 ] ]
		[ 1.375 [ 619 620 621 525 ] ]
		[ 1.416667 [ 622 623 624 525 ] ]
		[ 1.458333 [ 625 626 627 525 ] ]
		[ 1.5 [ 628 629 630 525 ] ]
		[ 1.541667 [ 631 632 633 525 ] ]
		[ 1.583333 [ 634 635 636 525 ] ]
		[ 1.625 [ 637 638 639 525 ] ]
	]
	"Golova" [
		[ 0 [ 0 319 1 640 ] ]
		[ 0.04166667 [ 641 642 643 640 ] ]
		[ 0.08333334 [ 644 645 646 640 ] ]
		[ 0.125 [ 647 648 649 640 ] ]
		[ 0.1666667 [ 650 651 652 640 ] ]
		[ 0.2083333 [ 653 654 655 640 ] ]
		[ 0.25 [ 656 657 658 640 ] ]
		[ 0.2916667 [ 659 660 661 640 ] ]
		[ 0.3333333 [ 662 663 664 640 ] ]
		[ 0.375 [ 665 666 667 640 ] ]
		[ 0.4166667 [ 668 666 669 640 ] ]
		[ 0.4583333 [ 670 671 672 640 ] ]
		[ 0.5 [ 673 674 675 640 ] ]
		[ 0.5416667 [ 676 677 678 640 ] ]
		[ 0.5833334 [ 679 680 681 640 ] ]
		[ 0.625 [ 682 683 684 640 ] ]
		[ 0.6666667 [ 685 686 687 640 ] ]
		[ 0.7083334 [ 688 689 690 640 ] ]
		[ 0.7500001 [ 691 692 693 640 ] ]
		[ 0.7916667 [ 694 695 696 640 ] ]
		[ 0.8333334 [ 697 319 698 640 ] ]
		[ 0.8750001 [ 699 700 701 640 ] ]
		[ 0.9166667 [ 702 703 704 640 ] ]
		[ 0.9583334 [ 705 706 707 640 ] ]
		[ 1 [ 708 709 710 640 ] ]
		[ 1.041667 [ 711 712 713 640 ] ]
		[ 1.083333 [ 714 715 716 640 ] ]
		[ 1.125 [ 717 718 719 640 ] ]
		[ 1.166667 [ 720 721 722 640 ] ]
		[ 1.208333 [ 723 724 725 640 ] ]
		[ 1.25 [ 726 727 728 640 ] ]
		[ 1.291667 [ 729 730 731 640 ] ]
		[ 1.333333 [ 732 733 734 640 ] ]
		[ 1.375 [ 735 736 737 640 ] ]
		[ 1.416667 [ 738 739 740 640 ] ]
		[ 1.458333 [ 741 742 743 640 ] ]
		[ 1.5 [ 744 745 746 640 ] ]
		[ 1.541667 [ 747 748 749 640 ] ]
		[ 1.583333 [ 750 751 752 640 ] ]
		[ 1.625 [ 753 754 755 640 ] ]
	]
	"Golova_end" [
		[ 0 [ 0 319 1 756 ] ]
	]
	"Kluchitsa_L" [
		[ 0 [ 1 0 319 757 ] ]
	]
	"Kluchitsa_L_end" [
		[ 0 [ 0 319 1 758 ] ]
	]
	"Kluchitsa_P" [
		[ 0 [ 759 760 319 757 ] ]
	]
	"Kluchitsa_P_end" [
		[ 0 [ 0 319 1 758 ] ]
	]
	"Ruka_L" [
		[ 0 [ 761 762 763 764 ] ]
		[ 0.04166667 [ 765 766 767 764 ] ]
		[ 0.08333334 [ 768 769 770 764 ] ]
		[ 0.125 [ 771 772 773 764 ] ]
		[ 0.1666667 [ 774 775 776 764 ] ]
		[ 0.2083333 [ 777 778 779 764 ] ]
		[ 0.25 [ 780 781 782 764 ] ]
		[ 0.2916667 [ 783 784 785 764 ] ]
		[ 0.3333333 [ 786 787 788 764 ] ]
		[ 0.375 [ 789 790 791 764 ] ]
		[ 0.4166667 [ 792 793 794 764 ] ]
		[ 0.4583333 [ 795 796 797 764 ] ]
		[ 0.5 [ 798 799 800 764 ] ]
		[ 0.5416667 [ 801 802 803 764 ] ]
		[ 0.5833334 [ 804 805 806 764 ] ]
		[ 0.625 [ 807 808 809 764 ] ]
		[ 0.6666667 [ 810 811 812 764 ] ]
		[ 0.7083334 [ 813 814 815 764 ] ]
		[ 0.7500001 [ 816 817 818 764 ] ]
		[ 0.7916667 [ 819 820 821 764 ] ]
		[ 0.8333334 [ 761 762 763 764 ] ]
		[ 0.8750001 [ 822 823 824 764 ] ]
		[ 0.9166667 [ 825 826 827 764 ] ]
		[ 0.9583334 [ 828 829 830 764 ] ]
		[ 1 [ 831 832 833 764 ] ]
		[ 1.041667 [ 834 835 836 764 ] ]
		[ 1.083333 [ 837 838 839 764 ] ]
		[ 1.125 [ 840 841 842 764 ] ]
		[ 1.166667 [ 843 844 845 764 ] ]
		[ 1.208333 [ 846 847 848 764 ] ]
		[ 1.25 [ 849 850 851 764 ] ]
		[ 1.291667 [ 852 853 854 764 ] ]
		[ 1.333333 [ 855 856 857 764 ] ]
		[ 1.375 [ 858 859 860 764 ] ]
		[ 1.416667 [ 861 862 863 764 ] ]
		[ 1.458333 [ 864 865 866 764 ] ]
		[ 1.5 [ 867 868 869 764 ] ]
		[ 1.541667 [ 870 871 872 764 ] ]
		[ 1.583333 [ 873 874 875 764 ] ]
		[ 1.625 [ 876 877 878 764 ] ]
	]
	"Lokot_L" [
		[ 0 [ 879 880 881 882 ] ]
		[ 0.04166667 [ 883 884 885 882 ] ]
		[ 0.08333334 [ 886 887 888 882 ] ]
		[ 0.125 [ 889 890 891 882 ] ]
		[ 0.1666667 [ 892 893 894 882 ] ]
		[ 0.2083333 [ 895 896 897 882 ] ]
		[ 0.25 [ 898 899 900 882 ] ]
		[ 0.2916667 [ 901 902 903 882 ] ]
		[ 0.3333333 [ 904 905 906 882 ] ]
		[ 0.375 [ 907 908 909 882 ] ]
		[ 0.4166667 [ 910 911 912 882 ] ]
		[ 0.4583333 [ 913 914 915 882 ] ]
		[ 0.5 [ 916 917 918 882 ] ]
		[ 0.5416667 [ 919 920 921 882 ] ]
		[ 0.5833334 [ 922 923 924 882 ] ]
		[ 0.625 [ 925 926 927 882 ] ]
		[ 0.6666667 [ 928 929 930 882 ] ]
		[ 0.7083334 [ 931 932 933 882 ] ]
		[ 0.7500001 [ 934 935 936 882 ] ]
		[ 0.7916667 [ 937 938 939 882 ] ]
		[ 0.8333334 [ 940 941 942 882 ] ]
		[ 0.8750001 [ 943 944 945 882 ] ]
		[ 0.9166667 [ 946 947 948 882 ] ]
		[ 0.9583334 [ 949 950 951 882 ] ]
		[ 1 [ 952 953 954 882 ] ]
		[ 1.041667 [ 955 956 957 882 ] ]
		[ 1.083333 [ 958 959 960 882 ] ]
		[ 1.125 [ 961 962 963 882 ] ]
		[ 1.166667 [ 964 965 966 882 ] ]
		[ 1.208333 [ 967 968 969 882 ] ]
		[ 1.25 [ 970 971 972 882 ] ]
		[ 1.291667 [ 973 974 975 882 ] ]
		[ 1.333333 [ 976 977 978 882 ] ]
		[ 1.375 [ 979 980 981 882 ] ]
		[ 1.416667 [ 982 983 984 882 ] ]
		[ 1.458333 [ 985 986 987 882 ] ]
		[ 1.5 [ 988 989 990 882 ] ]
		[ 1.541667 [ 991 992 993 882 ] ]
		[ 1.583333 [ 994 995 996 882 ] ]
		[ 1.625 [ 997 998 999 882 ] ]
	]
	"Lokot_L_end" [
		[ 0 [ 0 319 1 1000 ] ]
	]
	"Ruka_P" [
		[ 0 [ 1001 1002 1003 1004 ] ]
		[ 0.04166667 [ 1005 1006 1007 1004 ] ]
		[ 0.08333334 [ 1008 1009 1010 1004 ] ]
		[ 0.125 [ 1011 1012 1013 1004 ] ]
		[ 0.1666667 [ 1014 1015 1016 1004 ] ]
		[ 0.2083333 [ 1017 1018 1019 1004 ] ]
		[ 0.25 [ 1020 1021 1022 1004 ] ]
		[ 0.2916667 [ 1023 1024 1025 1004 ] ]
		[ 0.3333333 [ 1026 1027 1028 1004 ] ]
		[ 0.375 [ 1029 1030 1031 1004 ] ]
		[ 0.4166667 [ 1032 1033 1034 1004 ] ]
		[ 0.4583333 [ 1035 1036 1037 1004 ] ]
		[ 0.5 [ 1038 1039 1040 1004 ] ]
		[ 0.5416667 [ 1041 1042 1043 1004 ] ]
		[ 0.5833334 [ 1044 1045 1046 1004 ] ]
		[ 0.625 [ 1047 1048 1049 1004 ] ]
		[ 0.6666667 [ 1050 1051 1052 1004 ] ]
		[ 0.7083334 [ 1053 1054 1055 1004 ] ]
		[ 0.7500001 [ 1056 1057 1058 1004 ] ]
		[ 0.7916667 [ 1059 1060 1061 1004 ] ]
		[ 0.8333334 [ 1062 1063 1064 1004 ] ]
		[ 0.8750001 [ 1065 1066 1067 1004 ] ]
		[ 0.9166667 [ 1068 1069 1070 1004 ] ]
		[ 0.9583334 [ 1071 1072 1073 1004 ] ]
		[ 1 [ 1074 1075 1076 1004 ] ]
		[ 1.041667 [ 1077 1078 1079 1004 ] ]
		[ 1.083333 [ 1080 1081 1082 1004 ] ]
		[ 1.125 [ 1083 1084 1085 1004 ] ]
		[ 1.166667 [ 1086 1087 1088 1004 ] ]
		[ 1.208333 [ 1089 1090 1091 1004 ] ]
		[ 1.25 [ 1092 1093 1094 1004 ] ]
		[ 1.291667 [ 1095 1096 1097 1004 ] ]
		[ 1.333333 [ 1098 1099 1100 1004 ] ]
		[ 1.375 [ 1101 1102 1103 1004 ] ]
		[ 1.416667 [ 1104 1105 1106 1004 ] ]
		[ 1.458333 [ 1107 1108 1109 1004 ] ]
		[ 1.5 [ 1110 1111 1112 1004 ] ]
		[ 1.541667 [ 1113 1114 1115 1004 ] ]
		[ 1.583333 [ 1116 1117 1118 1004 ] ]
		[ 1.625 [ 1119 1120 1121 1004 ] ]
	]
	"Lokot_P" [
		[ 0 [ 1122 1123 1124 882 ] ]
		[ 0.04166667 [ 1125 1126 1127 882 ] ]
		[ 0.08333334 [ 1128 1129 1130 882 ] ]
		[ 0.125 [ 1131 1132 1133 882 ] ]
		[ 0.1666667 [ 1134 1135 1136 882 ] ]
		[ 0.2083333 [ 1137 1138 1139 882 ] ]
		[ 0.25 [ 1140 1141 1142 882 ] ]
		[ 0.2916667 [ 1143 1144 1145 882 ] ]
		[ 0.3333333 [ 1146 1147 1148 882 ] ]
		[ 0.375 [ 1149 1150 1151 882 ] ]
		[ 0.4166667 [ 1152 1153 1154 882 ] ]
		[ 0.4583333 [ 1155 1156 1157 882 ] ]
		[ 0.5 [ 1158 1159 1160 882 ] ]
		[ 0.5416667 [ 1161 1162 1163 882 ] ]
		[ 0.5833334 [ 1164 1165 1166 882 ] ]
		[ 0.625 [ 1167 1168 1169 882 ] ]
		[ 0.6666667 [ 1170 1171 1172 882 ] ]
		[ 0.7083334 [ 1173 1174 1175 882 ] ]
		[ 0.7500001 [ 1176 1177 1178 882 ] ]
		[ 0.7916667 [ 1179 1180 1181 882 ] ]
		[ 0.8333334 [ 1122 1123 1124 882 ] ]
		[ 0.8750001 [ 1182 1183 1184 882 ] ]
		[ 0.9166667 [ 1185 1186 1187 882 ] ]
		[ 0.9583334 [ 1188 1189 1190 882 ] ]
		[ 1 [ 1191 1192 1193 882 ] ]
		[ 1.041667 [ 1176 1194 1195 882 ] ]
		[ 1.083333 [ 1196 1197 1198 882 ] ]
		[ 1.125 [ 1199 1200 1201 882 ] ]
		[ 1.166667 [ 1202 1203 1204 882 ] ]
		[ 1.208333 [ 1205 1206 1207 882 ] ]
		[ 1.25 [ 1208 1209 1210 882 ] ]
		[ 1.291667 [ 1208 1211 1212 882 ] ]
		[ 1.333333 [ 1213 1214 1215 882 ] ]
		[ 1.375 [ 1216 1217 1218 882 ] ]
		[ 1.416667 [ 1219 1220 1221 882 ] ]
		[ 1.458333 [ 1222 1223 1224 882 ] ]
		[ 1.5 [ 1225 1226 1227 882 ] ]
		[ 1.541667 [ 1228 1229 1230 882 ] ]
		[ 1.583333 [ 1231 1232 1233 882 ] ]
		[ 1.625 [ 1234 1235 1236 882 ] ]
	]
	"Lokot_P_end" [
		[ 0 [ 0 319 1 1000 ] ]
	]
	"Luchnik" [
		[ 0 [ 1237 1238 1239 1239 ] ]
	]
	"Weapon" [
		[ 0 [ 1237 1238 1239 3 ] ]
	]
	"Kolchan" [
		[ 0 [ 1240 1241 1242 1243 ] ]
		[ 0.04166667 [ 1244 1245 1246 1247 ] ]
		[ 0.08333334 [ 1248 1249 1250 1251 ] ]
		[ 0.125 [ 1252 1253 1254 1255 ] ]
		[ 0.1666667 [ 1256 1257 1258 1259 ] ]
		[ 0.2083333 [ 1260 1261 1262 1263 ] ]
		[ 0.25 [ 1264 1265 1266 1267 ] ]
		[ 0.2916667 [ 1268 1269 1270 1271 ] ]
		[ 0.3333333 [ 1272 1273 1274 1275 ] ]
		[ 0.375 [ 1276 1277 1278 1279 ] ]
		[ 0.4166667 [ 1280 1281 1282 1283 ] ]
		[ 0.4583333 [ 1280 1281 1284 1285 ] ]
		[ 0.5 [ 1272 1273 1286 1287 ] ]
		[ 0.5416667 [ 1288 1289 1290 1291 ] ]
		[ 0.5833334 [ 1292 1293 1294 1295 ] ]
		[ 0.625 [ 1296 1297 1298 1299 ] ]
		[ 0.6666667 [ 1256 1300 1301 1302 ] ]
		[ 0.7083334 [ 1303 1304 1305 1306 ] ]
		[ 0.7500001 [ 1307 1249 1308 1309 ] ]
		[ 0.7916667 [ 1310 1245 1311 1312 ] ]
		[ 0.8333334 [ 1240 1241 1313 1243 ] ]
		[ 0.8750001 [ 1314 1315 1316 1317 ] ]
		[ 0.9166667 [ 1318 1319 1320 1321 ] ]
		[ 0.9583334 [ 1322 1323 1324 1325 ] ]
		[ 1 [ 1326 1327 1328 1329 ] ]
		[ 1.041667 [ 1330 1331 1332 1333 ] ]
		[ 1.083333 [ 1334 1335 1336 1337 ] ]
		[ 1.125 [ 1338 1339 1340 1341 ] ]
		[ 1.166667 [ 1342 1343 1344 1345 ] ]
		[ 1.208333 [ 1346 1347 1348 1349 ] ]
		[ 1.25 [ 1350 1351 1352 1353 ] ]
		[ 1.291667 [ 1346 1347 1348 1354 ] ]
		[ 1.333333 [ 1355 1343 1356 1357 ] ]
		[ 1.375 [ 1358 1359 1360 1361 ] ]
		[ 1.416667 [ 1362 1363 1364 1365 ] ]
		[ 1.458333 [ 1366 1367 1368 1369 ] ]
		[ 1.5 [ 1370 1371 1372 1373 ] ]
		[ 1.541667 [ 1374 1375 1376 1377 ] ]
		[ 1.583333 [ 1378 1379 1380 1381 ] ]
		[ 1.625 [ 1382 1383 1384 1385 ] ]
	]
	"Cylinder" [
		[ 0 [ 1386 1387 1388 1389 ] ]
		[ 0.04166667 [ 1390 1391 1392 1393 ] ]
		[ 0.08333334 [ 1394 1395 1396 1397 ] ]
		[ 0.125 [ 1398 1399 1400 1401 ] ]
		[ 0.1666667 [ 1402 1403 1404 1405 ] ]
		[ 0.2083333 [ 1406 1407 1408 1409 ] ]
		[ 0.25 [ 1410 1411 1412 1413 ] ]
		[ 0.2916667 [ 1414 1415 1416 1417 ] ]
		[ 0.3333333 [ 1418 1419 1420 1421 ] ]
		[ 0.375 [ 1422 1423 1424 1425 ] ]
		[ 0.4166667 [ 1426 1427 1428 1429 ] ]
		[ 0.4583333 [ 1430 1431 1424 1432 ] ]
		[ 0.5 [ 1433 1419 1420 1434 ] ]
		[ 0.5416667 [ 1435 1436 1437 1438 ] ]
		[ 0.5833334 [ 1410 1439 1412 1440 ] ]
		[ 0.625 [ 1441 1442 1443 1444 ] ]
		[ 0.6666667 [ 1402 1445 1446 1447 ] ]
		[ 0.7083334 [ 1398 1448 1449 1450 ] ]
		[ 0.7500001 [ 1394 1451 1452 1453 ] ]
		[ 0.7916667 [ 1390 1391 1392 1454 ] ]
		[ 0.8333334 [ 1386 1387 1388 1389 ] ]
		[ 0.8750001 [ 1455 1456 1457 1458 ] ]
		[ 0.9166667 [ 1459 1460 1461 1462 ] ]
		[ 0.9583334 [ 1463 1464 1465 1466 ] ]
		[ 1 [ 1467 1468 1469 1470 ] ]
		[ 1.041667 [ 1471 1472 1473 1474 ] ]
		[ 1.083333 [ 1475 1476 1477 1478 ] ]
		[ 1.125 [ 1479 1480 1481 1482 ] ]
		[ 1.166667 [ 1483 1484 1485 1486 ] ]
		[ 1.208333 [ 1487 1488 1489 1490 ] ]
		[ 1.25 [ 1491 1492 1493 1494 ] ]
		[ 1.291667 [ 1495 1488 1489 1496 ] ]
		[ 1.333333 [ 1483 1484 1497 1498 ] ]
		[ 1.375 [ 1479 1499 1500 1501 ] ]
		[ 1.416667 [ 1502 1503 1477 1504 ] ]
		[ 1.458333 [ 1505 1506 1507 1508 ] ]
		[ 1.5 [ 1509 1510 1511 1512 ] ]
		[ 1.541667 [ 1513 1514 1515 1516 ] ]
		[ 1.583333 [ 1517 1518 1519 1520 ] ]
		[ 1.625 [ 1521 1522 1523 1524 ] ]
	]
	}
	:resources [
		[1.000 0.000 0.000]
		[0.000 0.000 1.000]
		[0.000 -1.000 0.000]
		[0.000 0.000 0.000]
		[1.000 0.000 0.020]
		[-0.020 0.000 1.000]
		[0.000 0.000 -0.011]
		[0.999 0.000 0.040]
		[-0.040 0.000 0.999]
		[0.000 0.000 -0.021]
		[0.998 0.000 0.058]
		[-0.058 0.000 0.998]
		[0.000 0.000 -0.031]
		[0.997 0.000 0.075]
		[-0.075 0.000 0.997]
		[0.000 0.000 -0.041]
		[0.996 0.000 0.090]
		[-0.090 0.000 0.996]
		[0.000 0.000 -0.049]
		[0.995 0.000 0.104]
		[-0.104 0.000 0.995]
		[0.000 0.000 -0.057]
		[0.993 0.000 0.115]
		[-0.115 0.000 0.993]
		[0.000 0.000 -0.063]
		[0.992 0.000 0.123]
		[-0.123 0.000 0.992]
		[0.000 0.000 -0.068]
		[0.992 0.000 0.129]
		[-0.129 0.000 0.992]
		[0.000 0.000 -0.071]
		[0.991 0.000 0.132]
		[-0.132 0.000 0.991]
		[0.000 0.000 -0.072]
		[0.000 0.000 -0.070]
		[0.992 0.000 0.128]
		[-0.128 0.000 0.992]
		[0.000 0.000 -0.064]
		[0.993 0.000 0.121]
		[-0.121 0.000 0.993]
		[0.000 0.000 -0.056]
		[0.994 0.000 0.110]
		[-0.110 0.000 0.994]
		[0.000 0.000 -0.046]
		[0.995 0.000 0.095]
		[-0.095 0.000 0.995]
		[0.000 0.000 -0.036]
		[0.997 0.000 0.079]
		[-0.079 0.000 0.997]
		[0.000 0.000 -0.025]
		[0.998 0.000 0.061]
		[-0.061 0.000 0.998]
		[0.000 0.000 -0.015]
		[0.999 0.000 0.041]
		[-0.041 0.000 0.999]
		[0.000 0.000 -0.007]
		[1.000 0.000 0.021]
		[-0.021 0.000 1.000]
		[0.000 0.000 -0.002]
		[1.000 0.000 0.001]
		[-0.001 0.000 1.000]
		[1.000 0.000 -0.020]
		[0.020 0.000 1.000]
		[0.000 0.000 -0.003]
		[0.999 0.000 -0.040]
		[0.040 0.000 0.999]
		[0.998 0.000 -0.060]
		[0.060 0.000 0.998]
		[0.000 0.000 -0.022]
		[0.997 0.000 -0.078]
		[0.078 0.000 0.997]
		[0.996 0.000 -0.094]
		[0.094 0.000 0.996]
		[0.000 0.000 -0.051]
		[0.994 0.000 -0.108]
		[0.108 0.000 0.994]
		[0.000 0.000 -0.066]
		[0.993 0.000 -0.120]
		[0.120 0.000 0.993]
		[0.000 0.000 -0.079]
		[0.992 0.000 -0.129]
		[0.129 0.000 0.992]
		[0.000 0.000 -0.091]
		[0.991 0.000 -0.134]
		[0.134 0.000 0.991]
		[0.000 0.000 -0.098]
		[0.991 0.000 -0.136]
		[0.136 0.000 0.991]
		[0.000 0.000 -0.101]
		[0.000 0.000 -0.100]
		[0.992 0.000 -0.128]
		[0.128 0.000 0.992]
		[0.000 0.000 -0.096]
		[0.993 0.000 -0.119]
		[0.119 0.000 0.993]
		[0.000 0.000 -0.089]
		[0.994 0.000 -0.107]
		[0.107 0.000 0.994]
		[0.000 0.000 -0.080]
		[0.996 0.000 -0.093]
		[0.093 0.000 0.996]
		[0.997 0.000 -0.077]
		[0.077 0.000 0.997]
		[0.000 0.000 -0.058]
		[0.998 0.000 -0.059]
		[0.059 0.000 0.998]
		[0.000 0.000 -0.044]
		[0.000 0.000 -0.030]
		[0.001 -0.074 0.997]
		[0.010 -0.997 -0.074]
		[1.000 0.010 0.000]
		[0.123 -0.038 0.000]
		[0.005 -0.012 1.000]
		[-0.009 -1.000 -0.012]
		[1.000 -0.009 -0.005]
		[0.010 0.049 0.999]
		[-0.027 -0.998 0.049]
		[1.000 -0.028 -0.008]
		[0.016 0.108 0.994]
		[-0.045 -0.993 0.108]
		[0.999 -0.046 -0.011]
		[0.022 0.162 0.987]
		[-0.061 -0.985 0.163]
		[0.998 -0.063 -0.012]
		[0.029 0.211 0.977]
		[-0.075 -0.974 0.212]
		[0.997 -0.079 -0.012]
		[0.035 0.253 0.967]
		[-0.086 -0.963 0.255]
		[0.996 -0.092 -0.012]
		[0.040 0.288 0.957]
		[-0.096 -0.952 0.290]
		[0.995 -0.103 -0.011]
		[0.045 0.317 0.948]
		[-0.102 -0.942 0.320]
		[0.994 -0.111 -0.010]
		[0.048 0.337 0.940]
		[-0.105 -0.934 0.340]
		[0.993 -0.116 -0.010]
		[0.049 0.339 0.939]
		[-0.108 -0.933 0.342]
		[0.993 -0.118 -0.009]
		[0.046 0.313 0.949]
		[-0.110 -0.942 0.316]
		[0.993 -0.119 -0.009]
		[0.038 0.248 0.968]
		[-0.112 -0.961 0.251]
		[0.026 0.148 0.989]
		[-0.112 -0.982 0.150]
		[0.993 -0.115 -0.009]
		[0.011 0.023 1.000]
		[-0.110 -0.994 0.024]
		[0.994 -0.111 -0.008]
		[-0.004 -0.112 0.994]
		[-0.104 -0.988 -0.112]
		[0.995 -0.104 -0.007]
		[-0.019 -0.245 0.969]
		[-0.094 -0.965 -0.246]
		[0.995 -0.096 -0.005]
		[-0.031 -0.364 0.931]
		[-0.080 -0.927 -0.366]
		[0.996 -0.086 -0.001]
		[-0.038 -0.458 0.888]
		[-0.063 -0.886 -0.460]
		[0.997 -0.074 0.004]
		[-0.040 -0.517 0.855]
		[-0.045 -0.854 -0.519]
		[0.998 -0.059 0.011]
		[-0.037 -0.541 0.840]
		[-0.024 -0.840 -0.542]
		[0.999 -0.040 0.018]
		[-0.029 -0.542 0.840]
		[-0.002 -0.840 -0.542]
		[1.000 -0.018 0.024]
		[-0.019 -0.539 0.842]
		[0.021 -0.843 -0.538]
		[1.000 0.007 0.027]
		[-0.005 -0.538 0.843]
		[0.043 -0.842 -0.538]
		[0.999 0.034 0.028]
		[0.010 -0.537 0.843]
		[0.066 -0.841 -0.537]
		[0.998 0.061 0.028]
		[0.025 -0.535 0.844]
		[0.088 -0.840 -0.535]
		[0.996 0.088 0.027]
		[0.039 -0.532 0.846]
		[0.109 -0.839 -0.533]
		[0.993 0.113 0.025]
		[0.052 -0.527 0.848]
		[0.127 -0.839 -0.529]
		[0.991 0.135 0.023]
		[0.063 -0.521 0.851]
		[0.141 -0.840 -0.524]
		[0.988 0.153 0.021]
		[0.070 -0.512 0.856]
		[0.150 -0.843 -0.517]
		[0.986 0.165 0.018]
		[0.072 -0.502 0.862]
		[0.155 -0.848 -0.507]
		[0.985 0.170 0.017]
		[0.070 -0.487 0.871]
		[0.154 -0.857 -0.492]
		[0.986 0.168 0.015]
		[0.066 -0.464 0.883]
		[0.149 -0.871 -0.469]
		[0.987 0.162 0.012]
		[0.059 -0.434 0.899]
		[0.141 -0.888 -0.438]
		[0.988 0.152 0.009]
		[0.051 -0.398 0.916]
		[0.129 -0.907 -0.401]
		[0.990 0.138 0.005]
		[0.042 -0.355 0.934]
		[0.114 -0.927 -0.357]
		[0.993 0.122 0.002]
		[0.032 -0.307 0.951]
		[0.097 -0.946 -0.308]
		[0.995 0.102 -0.001]
		[0.023 -0.254 0.967]
		[0.078 -0.964 -0.255]
		[0.997 0.081 -0.002]
		[0.014 -0.196 0.980]
		[0.056 -0.979 -0.197]
		[0.998 0.058 -0.003]
		[0.007 -0.136 0.991]
		[0.034 -0.990 -0.136]
		[0.999 0.034 -0.002]
		[-0.990 0.142 -0.001]
		[0.142 0.990 -0.011]
		[-0.001 -0.011 -1.000]
		[0.000 0.532 0.000]
		[0.000 -0.011 -1.000]
		[-0.990 0.142 -0.002]
		[-0.990 0.142 -0.003]
		[0.001 -0.012 -1.000]
		[0.002 -0.012 -1.000]
		[-0.990 0.142 -0.004]
		[-0.990 0.142 -0.005]
		[0.003 -0.012 -1.000]
		[0.004 -0.012 -1.000]
		[-0.990 0.142 -0.006]
		[-0.990 0.142 -0.007]
		[0.005 -0.012 -1.000]
		[-0.989 0.148 -0.007]
		[0.148 0.989 -0.011]
		[0.006 -0.012 -1.000]
		[-0.984 0.178 -0.008]
		[0.178 0.984 -0.011]
		[-0.968 0.250 -0.009]
		[0.250 0.968 -0.011]
		[0.006 -0.013 -1.000]
		[-0.930 0.367 -0.011]
		[0.367 0.930 -0.010]
		[0.007 -0.013 -1.000]
		[-0.864 0.504 -0.015]
		[0.504 0.864 -0.008]
		[0.009 -0.014 -1.000]
		[-0.769 0.639 -0.020]
		[0.639 0.769 -0.004]
		[0.013 -0.016 -1.000]
		[-0.653 0.757 -0.024]
		[0.757 0.653 0.000]
		[0.016 -0.019 -1.000]
		[-0.530 0.847 -0.027]
		[0.848 0.531 0.004]
		[0.018 -0.021 -1.000]
		[-0.423 0.906 -0.027]
		[0.906 0.423 0.008]
		[0.019 -0.021 -1.000]
		[-0.350 0.936 -0.026]
		[0.936 0.351 0.010]
		[-0.323 0.946 -0.025]
		[0.946 0.324 0.011]
		[0.019 -0.020 -1.000]
		[-0.350 0.937 -0.024]
		[0.937 0.350 0.011]
		[0.018 -0.019 -1.000]
		[-0.430 0.903 -0.023]
		[0.903 0.430 0.008]
		[0.017 -0.017 -1.000]
		[-0.544 0.839 -0.021]
		[0.839 0.544 0.003]
		[0.015 -0.016 -1.000]
		[-0.671 0.741 -0.020]
		[0.741 0.672 -0.001]
		[-0.793 0.609 -0.018]
		[0.610 0.793 -0.005]
		[0.011 -0.015 -1.000]
		[-0.889 0.458 -0.013]
		[0.459 0.889 -0.008]
		[0.008 -0.013 -1.000]
		[-0.951 0.310 -0.007]
		[0.310 0.951 -0.010]
		[-0.983 0.183 -0.002]
		[0.183 0.983 -0.011]
		[-0.995 0.097 0.001]
		[0.097 0.995 -0.011]
		[-0.002 -0.011 -1.000]
		[-0.998 0.064 0.002]
		[0.064 0.998 -0.011]
		[-0.998 0.063 0.001]
		[0.063 0.998 -0.011]
		[-0.998 0.071 0.000]
		[0.071 0.997 -0.011]
		[-0.997 0.076 0.000]
		[0.076 0.997 -0.011]
		[-0.997 0.082 0.000]
		[0.082 0.997 -0.011]
		[-0.996 0.090 0.000]
		[0.090 0.996 -0.011]
		[-0.995 0.099 0.000]
		[0.099 0.995 -0.011]
		[-0.994 0.109 0.000]
		[0.109 0.994 -0.011]
		[-0.993 0.120 0.000]
		[0.120 0.993 -0.011]
		[-0.991 0.131 -0.001]
		[0.131 0.991 -0.011]
		[0.000 1.000 0.000]
		[0.000 0.578 0.000]
		[-0.002 -0.638 0.770]
		[0.007 -0.770 -0.638]
		[1.000 0.004 0.006]
		[-0.123 -0.038 0.000]
		[-0.013 -0.627 0.779]
		[-0.009 -0.779 -0.627]
		[1.000 -0.015 0.004]
		[-0.023 -0.615 0.788]
		[-0.024 -0.788 -0.616]
		[0.999 -0.033 0.003]
		[-0.032 -0.603 0.797]
		[-0.039 -0.796 -0.604]
		[0.999 -0.050 0.001]
		[-0.040 -0.589 0.807]
		[-0.053 -0.805 -0.591]
		[0.998 -0.066 0.001]
		[-0.047 -0.575 0.817]
		[-0.066 -0.814 -0.577]
		[0.997 -0.081 0.000]
		[-0.052 -0.559 0.828]
		[-0.078 -0.824 -0.561]
		[0.996 -0.094 0.000]
		[-0.056 -0.542 0.839]
		[-0.087 -0.834 -0.545]
		[0.995 -0.104 0.000]
		[-0.059 -0.523 0.850]
		[-0.095 -0.845 -0.526]
		[0.994 -0.112 0.000]
		[-0.060 -0.502 0.863]
		[-0.101 -0.857 -0.506]
		[0.993 -0.117 0.001]
		[-0.059 -0.480 0.875]
		[-0.104 -0.869 -0.483]
		[0.993 -0.119 0.001]
		[-0.056 -0.455 0.889]
		[-0.104 -0.883 -0.458]
		[0.993 -0.118 0.002]
		[-0.051 -0.427 0.903]
		[-0.101 -0.897 -0.430]
		[0.994 -0.113 0.003]
		[-0.044 -0.397 0.917]
		[-0.094 -0.912 -0.399]
		[0.995 -0.103 0.003]
		[-0.035 -0.363 0.931]
		[-0.082 -0.928 -0.364]
		[0.996 -0.090 0.003]
		[-0.026 -0.324 0.946]
		[-0.068 -0.943 -0.325]
		[0.997 -0.072 0.002]
		[-0.017 -0.281 0.960]
		[-0.051 -0.958 -0.282]
		[0.999 -0.053 0.002]
		[-0.009 -0.233 0.972]
		[-0.031 -0.972 -0.234]
		[0.999 -0.032 0.002]
		[-0.003 -0.182 0.983]
		[-0.010 -0.983 -0.182]
		[1.000 -0.011 0.001]
		[0.001 -0.126 0.992]
		[0.012 -0.992 -0.126]
		[1.000 0.012 0.000]
		[0.004 -0.067 0.998]
		[0.035 -0.997 -0.067]
		[0.999 0.035 -0.001]
		[0.004 -0.006 1.000]
		[0.057 -0.998 -0.007]
		[0.998 0.057 -0.003]
		[0.001 0.056 0.998]
		[0.079 -0.995 0.056]
		[0.997 0.079 -0.006]
		[-0.004 0.120 0.993]
		[0.100 -0.988 0.120]
		[0.995 0.100 -0.008]
		[-0.011 0.183 0.983]
		[0.119 -0.976 0.183]
		[0.993 0.119 -0.011]
		[-0.019 0.242 0.970]
		[0.136 -0.961 0.243]
		[0.991 0.136 -0.015]
		[-0.027 0.295 0.955]
		[0.150 -0.943 0.296]
		[0.988 0.151 -0.019]
		[-0.034 0.339 0.940]
		[0.161 -0.927 0.340]
		[0.986 0.163 -0.023]
		[-0.040 0.372 0.927]
		[0.169 -0.912 0.373]
		[0.985 0.172 -0.026]
		[-0.045 0.393 0.919]
		[0.174 -0.902 0.394]
		[0.984 0.178 -0.028]
		[-0.046 0.399 0.916]
		[0.176 -0.899 0.400]
		[0.983 0.179 -0.029]
		[-0.044 0.383 0.923]
		[0.174 -0.906 0.385]
		[0.984 0.178 -0.027]
		[-0.039 0.341 0.939]
		[0.169 -0.924 0.343]
		[0.985 0.172 -0.022]
		[-0.031 0.275 0.961]
		[0.161 -0.948 0.276]
		[0.986 0.164 -0.015]
		[-0.022 0.184 0.983]
		[0.149 -0.971 0.185]
		[0.989 0.151 -0.006]
		[-0.013 0.071 0.997]
		[0.133 -0.988 0.072]
		[0.991 0.134 0.003]
		[-0.004 -0.063 0.998]
		[0.113 -0.992 -0.062]
		[0.994 0.112 0.011]
		[0.003 -0.211 0.977]
		[0.088 -0.974 -0.210]
		[0.996 0.087 0.016]
		[0.005 -0.363 0.932]
		[0.061 -0.930 -0.363]
		[0.998 0.059 0.017]
		[0.004 -0.508 0.861]
		[0.033 -0.861 -0.508]
		[0.999 0.031 0.014]
		[-0.157 0.987 -0.011]
		[0.987 0.158 0.019]
		[0.021 -0.007 -1.000]
		[-0.347 0.938 -0.008]
		[0.938 0.347 0.017]
		[0.018 -0.002 -1.000]
		[-0.528 0.849 -0.006]
		[0.849 0.528 0.014]
		[0.015 0.002 -1.000]
		[-0.686 0.727 -0.004]
		[0.727 0.686 0.012]
		[0.012 0.006 -1.000]
		[-0.810 0.586 -0.001]
		[0.586 0.810 0.011]
		[0.008 0.008 -1.000]
		[-0.897 0.442 0.001]
		[0.442 0.897 0.011]
		[0.004 0.010 -1.000]
		[-0.951 0.308 0.002]
		[0.308 0.951 0.011]
		[0.001 0.011 -1.000]
		[-0.981 0.194 0.003]
		[0.194 0.981 0.011]
		[-0.001 0.011 -1.000]
		[-0.994 0.106 0.003]
		[0.106 0.994 0.011]
		[-0.002 0.011 -1.000]
		[-0.999 0.052 0.003]
		[0.052 0.999 0.011]
		[-0.003 0.011 -1.000]
		[-1.000 0.030 0.003]
		[0.030 0.999 0.011]
		[-0.999 0.042 0.002]
		[0.042 0.999 0.011]
		[-0.998 0.057 0.002]
		[0.057 0.998 0.011]
		[-0.997 0.071 0.002]
		[0.071 0.997 0.011]
		[-0.996 0.086 0.002]
		[0.086 0.996 0.011]
		[-0.995 0.100 0.001]
		[0.100 0.995 0.011]
		[0.000 0.011 -1.000]
		[-0.994 0.113 0.001]
		[0.113 0.994 0.011]
		[-0.992 0.125 0.001]
		[0.125 0.992 0.011]
		[-0.991 0.134 0.000]
		[0.134 0.991 0.011]
		[-0.990 0.140 0.000]
		[0.140 0.990 0.011]
		[-0.990 0.142 0.000]
		[0.142 0.990 0.011]
		[0.002 0.011 -1.000]
		[0.002 0.010 -1.000]
		[0.003 0.010 -1.000]
		[-0.989 0.145 -0.003]
		[0.145 0.989 0.011]
		[-0.987 0.163 -0.003]
		[0.163 0.987 0.011]
		[0.005 0.010 -1.000]
		[-0.978 0.208 -0.003]
		[0.208 0.978 0.011]
		[-0.958 0.287 -0.003]
		[0.287 0.958 0.011]
		[0.006 0.009 -1.000]
		[-0.921 0.391 -0.003]
		[0.391 0.920 0.011]
		[0.007 0.009 -1.000]
		[-0.860 0.511 -0.003]
		[0.511 0.860 0.011]
		[-0.771 0.637 -0.004]
		[0.637 0.771 0.012]
		[0.010 0.007 -1.000]
		[-0.652 0.758 -0.005]
		[0.758 0.652 0.013]
		[0.013 0.005 -1.000]
		[-0.503 0.864 -0.006]
		[0.864 0.503 0.015]
		[0.016 0.002 -1.000]
		[-0.334 0.943 -0.009]
		[0.942 0.334 0.017]
		[0.019 -0.002 -1.000]
		[0.000 0.130 0.000]
		[0.997 -0.028 -0.072]
		[0.028 1.000 0.005]
		[0.072 -0.007 0.997]
		[0.988 -0.054 -0.142]
		[0.056 0.998 0.008]
		[0.142 -0.016 0.990]
		[0.975 -0.079 -0.210]
		[0.083 0.997 0.009]
		[0.208 -0.026 0.978]
		[0.957 -0.101 -0.272]
		[0.108 0.994 0.008]
		[0.269 -0.037 0.962]
		[0.937 -0.121 -0.327]
		[0.130 0.991 0.006]
		[0.323 -0.049 0.945]
		[0.917 -0.138 -0.374]
		[0.150 0.989 0.004]
		[0.369 -0.059 0.928]
		[0.899 -0.150 -0.411]
		[0.165 0.986 0.001]
		[0.405 -0.069 0.912]
		[0.885 -0.160 -0.438]
		[0.177 0.984 -0.001]
		[0.432 -0.076 0.899]
		[0.875 -0.165 -0.456]
		[0.184 0.983 -0.003]
		[0.448 -0.081 0.890]
		[0.871 -0.168 -0.462]
		[0.187 0.982 -0.004]
		[0.455 -0.083 0.887]
		[0.874 -0.167 -0.457]
		[0.185 0.983 -0.005]
		[0.450 -0.081 0.889]
		[0.883 -0.162 -0.440]
		[0.178 0.984 -0.004]
		[0.434 -0.075 0.898]
		[0.899 -0.153 -0.411]
		[0.166 0.986 -0.003]
		[0.406 -0.065 0.911]
		[0.917 -0.141 -0.373]
		[0.150 0.989 -0.002]
		[0.369 -0.054 0.928]
		[0.937 -0.125 -0.325]
		[0.131 0.991 -0.002]
		[0.322 -0.041 0.946]
		[0.957 -0.105 -0.270]
		[0.109 0.994 -0.001]
		[0.268 -0.029 0.963]
		[0.975 -0.083 -0.208]
		[0.084 0.996 0.000]
		[0.207 -0.017 0.978]
		[0.988 -0.057 -0.141]
		[0.058 0.998 0.000]
		[0.141 -0.008 0.990]
		[0.997 -0.029 -0.072]
		[0.029 1.000 0.000]
		[0.071 -0.002 0.997]
		[0.997 0.030 0.072]
		[-0.030 1.000 0.001]
		[-0.072 -0.003 0.997]
		[0.988 0.060 0.142]
		[-0.061 0.998 0.002]
		[-0.142 -0.011 0.990]
		[0.974 0.089 0.210]
		[-0.091 0.996 0.003]
		[-0.208 -0.023 0.978]
		[0.955 0.115 0.272]
		[-0.121 0.993 0.005]
		[-0.270 -0.037 0.962]
		[0.934 0.138 0.329]
		[-0.148 0.989 0.005]
		[-0.324 -0.053 0.944]
		[0.913 0.157 0.377]
		[-0.172 0.985 0.005]
		[-0.371 -0.070 0.926]
		[0.892 0.173 0.417]
		[-0.192 0.981 0.005]
		[-0.408 -0.085 0.909]
		[0.876 0.183 0.445]
		[-0.207 0.978 0.005]
		[-0.435 -0.096 0.895]
		[0.867 0.189 0.462]
		[-0.216 0.976 0.005]
		[-0.450 -0.104 0.887]
		[0.863 0.191 0.467]
		[-0.219 0.976 0.005]
		[-0.455 -0.106 0.884]
		[0.867 0.189 0.461]
		[-0.216 0.976 0.006]
		[-0.449 -0.105 0.887]
		[0.877 0.183 0.445]
		[-0.208 0.978 0.008]
		[-0.434 -0.099 0.896]
		[0.892 0.173 0.418]
		[-0.195 0.981 0.010]
		[-0.408 -0.091 0.908]
		[0.911 0.158 0.380]
		[-0.176 0.984 0.013]
		[-0.372 -0.079 0.925]
		[0.933 0.140 0.332]
		[-0.153 0.988 0.015]
		[-0.326 -0.065 0.943]
		[0.954 0.117 0.275]
		[-0.126 0.992 0.016]
		[-0.271 -0.050 0.961]
		[0.973 0.091 0.212]
		[-0.097 0.995 0.016]
		[-0.210 -0.036 0.977]
		[0.988 0.063 0.144]
		[-0.065 0.998 0.013]
		[-0.143 -0.022 0.990]
		[0.997 0.032 0.073]
		[-0.033 0.999 0.008]
		[-0.072 -0.010 0.997]
		[0.000 0.596 0.000]
		[0.998 0.007 0.069]
		[-0.007 1.000 -0.001]
		[-0.069 0.001 0.998]
		[0.990 0.014 0.137]
		[-0.013 1.000 -0.003]
		[-0.137 0.001 0.991]
		[0.979 0.020 0.202]
		[-0.020 1.000 -0.005]
		[-0.202 0.001 0.979]
		[0.965 0.026 0.261]
		[-0.025 1.000 -0.007]
		[-0.262 0.000 0.965]
		[0.949 0.032 0.315]
		[-0.030 0.999 -0.010]
		[-0.315 0.000 0.949]
		[0.932 0.037 0.360]
		[-0.035 0.999 -0.012]
		[-0.361 -0.001 0.933]
		[0.917 0.040 0.397]
		[-0.038 0.999 -0.014]
		[-0.397 -0.002 0.918]
		[0.905 0.043 0.423]
		[-0.040 0.999 -0.016]
		[-0.423 -0.003 0.906]
		[0.898 0.045 0.438]
		[-0.042 0.999 -0.017]
		[-0.439 -0.004 0.899]
		[0.895 0.046 0.444]
		[-0.445 -0.004 0.896]
		[0.897 0.045 0.440]
		[-0.042 0.999 -0.016]
		[-0.441 -0.004 0.898]
		[0.904 0.044 0.426]
		[-0.041 0.999 -0.015]
		[-0.426 -0.004 0.905]
		[0.915 0.041 0.401]
		[-0.039 0.999 -0.014]
		[-0.401 -0.003 0.916]
		[0.930 0.038 0.366]
		[-0.036 0.999 -0.011]
		[-0.366 -0.003 0.931]
		[0.946 0.034 0.322]
		[-0.032 0.999 -0.009]
		[-0.322 -0.002 0.947]
		[0.963 0.028 0.270]
		[-0.028 1.000 -0.006]
		[-0.270 -0.002 0.963]
		[0.977 0.022 0.210]
		[-0.022 1.000 -0.003]
		[-0.210 -0.001 0.978]
		[0.989 0.015 0.144]
		[-0.015 1.000 -0.001]
		[-0.144 -0.001 0.990]
		[0.997 0.008 0.073]
		[-0.008 1.000 0.000]
		[-0.073 0.000 0.997]
		[1.000 0.000 -0.002]
		[0.002 0.000 1.000]
		[0.997 -0.009 -0.079]
		[0.009 1.000 -0.001]
		[0.079 0.000 0.997]
		[0.987 -0.018 -0.157]
		[0.018 1.000 -0.004]
		[0.157 0.001 0.988]
		[0.972 -0.028 -0.233]
		[0.027 1.000 -0.008]
		[0.233 0.001 0.972]
		[0.952 -0.037 -0.305]
		[0.035 0.999 -0.012]
		[0.305 0.001 0.952]
		[0.928 -0.046 -0.369]
		[0.043 0.999 -0.018]
		[0.370 0.001 0.929]
		[0.903 -0.054 -0.426]
		[0.049 0.999 -0.024]
		[0.426 0.001 0.905]
		[0.880 -0.061 -0.472]
		[0.054 0.998 -0.029]
		[0.473 0.000 0.881]
		[0.859 -0.067 -0.507]
		[0.058 0.998 -0.034]
		[0.508 0.000 0.861]
		[0.845 -0.070 -0.530]
		[0.060 0.998 -0.037]
		[0.531 0.000 0.847]
		[0.839 -0.072 -0.539]
		[0.061 0.997 -0.039]
		[0.541 0.000 0.841]
		[0.842 -0.071 -0.534]
		[0.060 0.997 -0.038]
		[0.536 0.000 0.845]
		[0.855 -0.069 -0.514]
		[0.058 0.998 -0.036]
		[0.515 0.001 0.857]
		[0.874 -0.064 -0.482]
		[0.055 0.998 -0.033]
		[0.483 0.002 0.876]
		[0.897 -0.058 -0.437]
		[0.050 0.998 -0.028]
		[0.438 0.003 0.899]
		[0.923 -0.050 -0.383]
		[0.044 0.999 -0.023]
		[0.383 0.004 0.924]
		[0.947 -0.041 -0.318]
		[0.037 0.999 -0.018]
		[0.319 0.005 0.948]
		[0.969 -0.031 -0.246]
		[0.029 0.999 -0.013]
		[0.246 0.005 0.969]
		[0.986 -0.021 -0.168]
		[0.020 1.000 -0.008]
		[0.168 0.004 0.986]
		[0.996 -0.011 -0.085]
		[0.010 1.000 -0.003]
		[0.085 0.003 0.996]
		[0.000 0.315 0.000]
		[0.000 0.470 0.000]
		[0.000 0.300 0.000]
		[0.000 0.000 -1.000]
		[-1.000 0.000 0.000]
		[-0.077 0.079 0.994]
		[0.696 -0.709 0.110]
		[0.714 0.700 0.000]
		[0.279 0.394 -0.035]
		[-0.080 0.094 0.992]
		[0.719 -0.684 0.123]
		[0.690 0.724 -0.012]
		[-0.084 0.108 0.991]
		[0.741 -0.658 0.135]
		[0.666 0.745 -0.024]
		[-0.089 0.121 0.989]
		[0.760 -0.633 0.146]
		[0.643 0.765 -0.036]
		[-0.093 0.134 0.987]
		[0.778 -0.609 0.156]
		[0.622 0.782 -0.047]
		[-0.097 0.145 0.985]
		[0.793 -0.587 0.165]
		[0.601 0.797 -0.058]
		[-0.101 0.154 0.983]
		[0.806 -0.567 0.172]
		[0.583 0.809 -0.067]
		[-0.104 0.162 0.981]
		[0.816 -0.550 0.178]
		[0.568 0.819 -0.075]
		[-0.106 0.168 0.980]
		[0.824 -0.537 0.181]
		[0.556 0.827 -0.081]
		[-0.107 0.172 0.979]
		[0.829 -0.528 0.183]
		[0.548 0.832 -0.086]
		[-0.107 0.173 0.979]
		[0.832 -0.524 0.183]
		[0.544 0.834 -0.088]
		[-0.104 0.172 0.980]
		[0.832 -0.525 0.180]
		[0.545 0.834 -0.088]
		[-0.100 0.167 0.981]
		[0.828 -0.532 0.175]
		[0.551 0.830 -0.086]
		[-0.093 0.160 0.983]
		[0.821 -0.546 0.167]
		[0.563 0.823 -0.080]
		[-0.085 0.149 0.985]
		[0.811 -0.564 0.156]
		[0.579 0.812 -0.073]
		[-0.076 0.137 0.988]
		[0.798 -0.586 0.143]
		[0.598 0.799 -0.064]
		[-0.069 0.123 0.990]
		[0.782 -0.610 0.130]
		[0.620 0.783 -0.054]
		[-0.064 0.109 0.992]
		[0.763 -0.635 0.119]
		[0.643 0.765 -0.043]
		[-0.062 0.096 0.993]
		[0.743 -0.660 0.111]
		[0.667 0.745 -0.030]
		[-0.067 0.086 0.994]
		[0.720 -0.685 0.107]
		[0.690 0.723 -0.016]
		[-0.100 0.080 0.992]
		[0.670 -0.731 0.127]
		[0.735 0.677 0.020]
		[-0.138 0.093 0.986]
		[0.642 -0.750 0.160]
		[0.755 0.655 0.044]
		[-0.185 0.115 0.976]
		[0.610 -0.765 0.206]
		[0.771 0.633 0.071]
		[-0.237 0.144 0.961]
		[0.576 -0.776 0.258]
		[0.783 0.614 0.101]
		[-0.290 0.176 0.941]
		[0.539 -0.782 0.313]
		[0.791 0.598 0.132]
		[-0.340 0.210 0.917]
		[0.502 -0.784 0.366]
		[0.795 0.585 0.161]
		[-0.383 0.240 0.892]
		[0.468 -0.782 0.412]
		[0.796 0.575 0.187]
		[-0.415 0.264 0.870]
		[0.440 -0.779 0.447]
		[0.796 0.569 0.207]
		[-0.437 0.281 0.854]
		[0.421 -0.775 0.471]
		[0.795 0.565 0.220]
		[-0.447 0.289 0.846]
		[0.412 -0.773 0.482]
		[0.794 0.565 0.226]
		[-0.445 0.288 0.848]
		[0.416 -0.772 0.481]
		[0.793 0.567 0.224]
		[-0.432 0.279 0.858]
		[0.431 -0.772 0.468]
		[0.792 0.572 0.213]
		[-0.411 0.263 0.873]
		[0.454 -0.771 0.446]
		[0.790 0.580 0.197]
		[-0.382 0.243 0.892]
		[0.484 -0.769 0.417]
		[0.787 0.591 0.176]
		[-0.345 0.220 0.912]
		[0.519 -0.765 0.381]
		[0.782 0.605 0.150]
		[-0.302 0.193 0.934]
		[0.556 -0.760 0.337]
		[0.774 0.621 0.122]
		[-0.252 0.165 0.954]
		[0.594 -0.751 0.287]
		[0.764 0.639 0.092]
		[-0.197 0.136 0.971]
		[0.631 -0.740 0.232]
		[0.750 0.659 0.060]
		[-0.139 0.107 0.985]
		[0.666 -0.726 0.173]
		[0.733 0.679 0.030]
		[0.990 0.119 -0.074]
		[-0.088 0.118 -0.989]
		[-0.109 0.986 0.127]
		[0.000 0.316 0.000]
		[0.987 0.132 -0.089]
		[-0.100 0.074 -0.992]
		[-0.124 0.989 0.086]
		[0.984 0.143 -0.106]
		[-0.111 0.031 -0.993]
		[-0.139 0.989 0.046]
		[0.981 0.154 -0.122]
		[-0.122 -0.011 -0.992]
		[-0.154 0.988 0.008]
		[0.977 0.163 -0.138]
		[-0.131 -0.050 -0.990]
		[-0.168 0.985 -0.027]
		[0.974 0.171 -0.152]
		[-0.139 -0.085 -0.987]
		[-0.181 0.982 -0.059]
		[0.970 0.177 -0.165]
		[-0.146 -0.116 -0.983]
		[-0.193 0.977 -0.087]
		[0.968 0.182 -0.175]
		[-0.151 -0.141 -0.978]
		[-0.203 0.973 -0.109]
		[0.966 0.185 -0.183]
		[-0.154 -0.161 -0.975]
		[-0.210 0.969 -0.127]
		[0.964 0.186 -0.187]
		[-0.155 -0.174 -0.973]
