{ :name "Attack" :length 1.975 :bones { 
	"Armature" [
		[0 [100.000 0.000 0.000 0.000 0.000 0.000 -100.000 0.000 0.000 100.000 0.000 0.000 0.000 120.000 0.000 1.000]]
	]
	"Skelet" [
		[0 [1.000 0.000 0.000 0.000 0.000 0.000 1.000 0.000 0.000 -1.000 0.000 0.000 0.000 0.000 0.000 1.000]]
	]
	"Bedro_L" [
		[0 [0.059 -0.337 0.940 0.000 0.163 -0.925 -0.342 0.000 0.985 0.174 0.000 0.000 0.123 -0.038 0.000 1.000]]
	]
	"Koleno_L" [
		[0 [-0.906 0.423 0.000 0.000 0.423 0.906 0.000 0.000 0.000 0.000 -1.000 0.000 0.000 0.532 0.000 1.000]]
	]
	"Koleno_L_end" [
		[0 [1.000 0.000 0.000 0.000 0.000 1.000 0.000 0.000 0.000 0.000 1.000 0.000 0.000 0.578 0.000 1.000]]
	]
	"Bedro_P" [
		[0 [0.682 -0.337 0.650 0.000 -0.367 -0.925 -0.095 0.000 0.633 -0.174 -0.754 0.000 -0.123 -0.038 0.000 1.000]]
	]
	"Koleno_P" [
		[0 [-0.906 0.423 0.000 0.000 0.423 0.906 0.000 0.000 0.000 0.000 -1.000 0.000 0.000 0.532 0.000 1.000]]
	]
	"Koleno_P_end" [
		[0 [1.000 0.000 0.000 0.000 0.000 1.000 0.000 0.000 0.000 0.000 1.000 0.000 0.000 0.578 0.000 1.000]]
	]
	"Tors" [
		[0 [1.000 0.000 0.000 0.000 0.000 0.940 -0.342 0.000 0.000 0.342 0.940 0.000 0.000 0.130 0.000 1.000]]
		[0.01265823 [1.000 0.000 0.002 0.000 0.001 0.939 -0.343 0.000 -0.002 0.343 0.939 0.000 0.000 0.130 0.000 1.000]]
		[0.02531646 [1.000 0.000 0.004 0.000 0.001 0.939 -0.343 0.000 -0.004 0.343 0.939 0.000 0.000 0.130 0.000 1.000]]
		[0.03797468 [1.000 0.000 0.007 0.000 0.002 0.939 -0.344 0.000 -0.006 0.344 0.939 0.000 0.000 0.130 0.000 1.000]]
		[0.05063291 [1.000 0.000 0.009 0.000 0.003 0.939 -0.345 0.000 -0.009 0.345 0.939 0.000 0.000 0.130 0.000 1.000]]
		[0.06329114 [1.000 0.000 0.012 0.000 0.004 0.938 -0.346 0.000 -0.011 0.346 0.938 0.000 0.000 0.130 0.000 1.000]]
		[0.07594936 [1.000 0.000 0.014 0.000 0.005 0.938 -0.347 0.000 -0.014 0.347 0.938 0.000 0.000 0.130 0.000 1.000]]
		[0.08860759 [1.000 0.000 0.017 0.000 0.006 0.938 -0.347 0.000 -0.016 0.347 0.938 0.000 0.000 0.130 0.000 1.000]]
		[0.1012658 [1.000 0.000 0.020 0.000 0.007 0.937 -0.348 0.000 -0.019 0.348 0.937 0.000 0.000 0.130 0.000 1.000]]
		[0.113924 [1.000 0.000 0.023 0.000 0.008 0.937 -0.349 0.000 -0.021 0.349 0.937 0.000 0.000 0.130 0.000 1.000]]
		[0.1265823 [1.000 0.000 0.026 0.000 0.009 0.937 -0.350 0.000 -0.024 0.350 0.936 0.000 0.000 0.130 0.000 1.000]]
		[0.1392405 [1.000 0.000 0.029 0.000 0.010 0.936 -0.351 0.000 -0.027 0.351 0.936 0.000 0.000 0.130 0.000 1.000]]
		[0.1518987 [1.000 0.000 0.031 0.000 0.011 0.936 -0.352 0.000 -0.029 0.352 0.936 0.000 0.000 0.130 0.000 1.000]]
		[0.164557 [0.999 0.000 0.034 0.000 0.012 0.936 -0.352 0.000 -0.032 0.353 0.935 0.000 0.000 0.130 0.000 1.000]]
		[0.1772152 [0.999 0.000 0.037 0.000 0.013 0.935 -0.353 0.000 -0.034 0.354 0.935 0.000 0.000 0.130 0.000 1.000]]
		[0.1898734 [0.999 0.000 0.040 0.000 0.014 0.935 -0.354 0.000 -0.037 0.354 0.934 0.000 0.000 0.130 0.000 1.000]]
		[0.2025317 [0.999 0.000 0.042 0.000 0.015 0.935 -0.355 0.000 -0.039 0.355 0.934 0.000 0.000 0.130 0.000 1.000]]
		[0.2151899 [0.999 0.000 0.045 0.000 0.016 0.935 -0.356 0.000 -0.042 0.356 0.934 0.000 0.000 0.130 0.000 1.000]]
		[0.2278481 [0.999 0.000 0.047 0.000 0.017 0.934 -0.356 0.000 -0.044 0.357 0.933 0.000 0.000 0.130 0.000 1.000]]
		[0.2405063 [0.999 0.000 0.049 0.000 0.018 0.934 -0.357 0.000 -0.046 0.357 0.933 0.000 0.000 0.130 0.000 1.000]]
		[0.2531646 [0.999 0.000 0.051 0.000 0.018 0.934 -0.358 0.000 -0.048 0.358 0.932 0.000 0.000 0.130 0.000 1.000]]
		[0.2658228 [0.999 0.000 0.053 0.000 0.019 0.933 -0.358 0.000 -0.050 0.359 0.932 0.000 0.000 0.130 0.000 1.000]]
		[0.278481 [0.999 0.000 0.055 0.000 0.020 0.933 -0.359 0.000 -0.051 0.359 0.932 0.000 0.000 0.130 0.000 1.000]]
		[0.2911392 [0.998 0.000 0.056 0.000 0.020 0.933 -0.359 0.000 -0.052 0.360 0.932 0.000 0.000 0.130 0.000 1.000]]
		[0.3037975 [0.998 0.000 0.057 0.000 0.021 0.933 -0.359 0.000 -0.054 0.360 0.931 0.000 0.000 0.130 0.000 1.000]]
		[0.3164557 [0.998 0.000 0.058 0.000 0.021 0.933 -0.360 0.000 -0.055 0.360 0.931 0.000 0.000 0.130 0.000 1.000]]
		[0.3291139 [0.998 0.000 0.059 0.000 0.021 0.933 -0.360 0.000 -0.055 0.361 0.931 0.000 0.000 0.130 0.000 1.000]]
		[0.3417721 [0.998 0.000 0.060 0.000 0.022 0.933 -0.360 0.000 -0.056 0.361 0.931 0.000 0.000 0.130 0.000 1.000]]
		[0.3544304 [0.998 0.000 0.060 0.000 0.022 0.933 -0.360 0.000 -0.056 0.361 0.931 0.000 0.000 0.130 0.000 1.000]]
		[0.3670886 [0.998 0.000 0.060 0.000 0.022 0.933 -0.360 0.000 -0.056 0.361 0.931 0.000 0.000 0.130 0.000 1.000]]
		[0.3797468 [0.998 0.000 0.059 0.000 0.021 0.933 -0.360 0.000 -0.055 0.361 0.931 0.000 0.000 0.130 0.000 1.000]]
		[0.3924051 [0.998 0.000 0.059 0.000 0.021 0.933 -0.360 0.000 -0.055 0.360 0.931 0.000 0.000 0.130 0.000 1.000]]
		[0.4050633 [0.998 0.000 0.059 0.000 0.021 0.933 -0.360 0.000 -0.055 0.360 0.931 0.000 0.000 0.130 0.000 1.000]]
		[0.4177215 [0.998 0.000 0.059 0.000 0.021 0.933 -0.360 0.000 -0.055 0.361 0.931 0.000 0.000 0.130 0.000 1.000]]
		[0.4303797 [0.998 0.000 0.059 0.000 0.021 0.933 -0.360 0.000 -0.055 0.361 0.931 0.000 0.000 0.130 0.000 1.000]]
		[0.443038 [0.998 0.000 0.060 0.000 0.022 0.933 -0.360 0.000 -0.056 0.361 0.931 0.000 0.000 0.130 0.000 1.000]]
		[0.4556962 [0.998 0.000 0.060 0.000 0.022 0.933 -0.360 0.000 -0.056 0.361 0.931 0.000 0.000 0.130 0.000 1.000]]
		[0.4683544 [0.998 0.000 0.060 0.000 0.021 0.933 -0.360 0.000 -0.056 0.361 0.931 0.000 0.000 0.130 0.000 1.000]]
		[0.4810127 [0.998 0.000 0.059 0.000 0.021 0.933 -0.360 0.000 -0.055 0.360 0.931 0.000 0.000 0.130 0.000 1.000]]
		[0.4936709 [0.998 0.000 0.058 0.000 0.021 0.933 -0.360 0.000 -0.054 0.360 0.931 0.000 0.000 0.130 0.000 1.000]]
		[0.5063291 [0.998 0.000 0.057 0.000 0.020 0.933 -0.359 0.000 -0.053 0.360 0.932 0.000 0.000 0.130 0.000 1.000]]
		[0.5189874 [0.999 0.000 0.054 0.000 0.020 0.933 -0.359 0.000 -0.051 0.359 0.932 0.000 0.000 0.130 0.000 1.000]]
		[0.5316456 [0.999 0.000 0.052 0.000 0.019 0.934 -0.358 0.000 -0.048 0.358 0.932 0.000 0.000 0.130 0.000 1.000]]
		[0.5443038 [0.999 0.000 0.048 0.000 0.017 0.934 -0.357 0.000 -0.045 0.357 0.933 0.000 0.000 0.130 0.000 1.000]]
		[0.556962 [0.999 0.000 0.044 0.000 0.016 0.935 -0.355 0.000 -0.041 0.356 0.934 0.000 0.000 0.130 0.000 1.000]]
		[0.5696203 [0.999 0.000 0.038 0.000 0.013 0.935 -0.354 0.000 -0.036 0.354 0.935 0.000 0.000 0.130 0.000 1.000]]
		[0.5822785 [1.000 0.000 0.032 0.000 0.011 0.936 -0.352 0.000 -0.029 0.352 0.936 0.000 0.000 0.130 0.000 1.000]]
		[0.5949367 [1.000 0.000 0.024 0.000 0.008 0.937 -0.349 0.000 -0.022 0.349 0.937 0.000 0.000 0.130 0.000 1.000]]
		[0.6075949 [1.000 0.000 0.015 0.000 0.005 0.938 -0.347 0.000 -0.014 0.347 0.938 0.000 0.000 0.130 0.000 1.000]]
		[0.6202531 [1.000 0.000 0.004 0.000 0.001 0.939 -0.343 0.000 -0.004 0.343 0.939 0.000 0.000 0.130 0.000 1.000]]
		[0.6329114 [1.000 0.000 -0.007 0.000 -0.003 0.941 -0.340 0.000 0.007 0.340 0.941 0.000 0.000 0.130 0.000 1.000]]
		[0.6455696 [1.000 0.000 -0.020 0.000 -0.007 0.942 -0.336 0.000 0.019 0.336 0.942 0.000 0.000 0.130 0.000 1.000]]
		[0.6582279 [0.999 0.000 -0.034 0.000 -0.011 0.944 -0.331 0.000 0.032 0.331 0.943 0.000 0.000 0.130 0.000 1.000]]
		[0.6708861 [0.999 0.000 -0.049 0.000 -0.016 0.945 -0.326 0.000 0.047 0.327 0.944 0.000 0.000 0.130 0.000 1.000]]
		[0.6835443 [0.998 0.000 -0.065 0.000 -0.021 0.947 -0.321 0.000 0.062 0.322 0.945 0.000 0.000 0.130 0.000 1.000]]
		[0.6962025 [0.997 0.000 -0.082 0.000 -0.026 0.949 -0.315 0.000 0.078 0.316 0.946 0.000 0.000 0.130 0.000 1.000]]
		[0.7088608 [0.995 0.000 -0.099 0.000 -0.031 0.951 -0.309 0.000 0.094 0.311 0.946 0.000 0.000 0.130 0.000 1.000]]
		[0.721519 [0.993 0.000 -0.118 0.000 -0.036 0.952 -0.303 0.000 0.112 0.305 0.946 0.000 0.000 0.130 0.000 1.000]]
		[0.7341772 [0.991 0.000 -0.137 0.000 -0.041 0.954 -0.296 0.000 0.130 0.299 0.945 0.000 0.000 0.130 0.000 1.000]]
		[0.7468355 [0.988 0.000 -0.156 0.000 -0.046 0.956 -0.289 0.000 0.149 0.292 0.945 0.000 0.000 0.130 0.000 1.000]]
		[0.7594936 [0.984 0.000 -0.176 0.000 -0.050 0.958 -0.282 0.000 0.169 0.286 0.943 0.000 0.000 0.130 0.000 1.000]]
		[0.7721519 [0.980 0.000 -0.197 0.000 -0.055 0.960 -0.274 0.000 0.189 0.279 0.941 0.000 0.000 0.130 0.000 1.000]]
		[0.7848101 [0.976 0.000 -0.218 0.000 -0.059 0.962 -0.266 0.000 0.209 0.272 0.939 0.000 0.000 0.130 0.000 1.000]]
		[0.7974684 [0.971 0.000 -0.239 0.000 -0.063 0.964 -0.258 0.000 0.230 0.265 0.936 0.000 0.000 0.130 0.000 1.000]]
		[0.8101266 [0.965 0.000 -0.261 0.000 -0.067 0.966 -0.249 0.000 0.252 0.258 0.933 0.000 0.000 0.130 0.000 1.000]]
		[0.8227848 [0.959 0.000 -0.283 0.000 -0.071 0.968 -0.241 0.000 0.274 0.251 0.929 0.000 0.000 0.130 0.000 1.000]]
		[0.835443 [0.952 0.000 -0.305 0.000 -0.074 0.970 -0.232 0.000 0.295 0.243 0.924 0.000 0.000 0.130 0.000 1.000]]
		[0.8481013 [0.945 0.000 -0.327 0.000 -0.077 0.972 -0.223 0.000 0.317 0.236 0.918 0.000 0.000 0.130 0.000 1.000]]
		[0.8607595 [0.937 0.000 -0.349 0.000 -0.080 0.974 -0.214 0.000 0.340 0.228 0.912 0.000 0.000 0.130 0.000 1.000]]
		[0.8734177 [0.929 0.000 -0.371 0.000 -0.082 0.975 -0.205 0.000 0.362 0.221 0.906 0.000 0.000 0.130 0.000 1.000]]
		[0.886076 [0.920 0.000 -0.393 0.000 -0.084 0.977 -0.196 0.000 0.384 0.213 0.899 0.000 0.000 0.130 0.000 1.000]]
		[0.8987342 [0.910 0.000 -0.415 0.000 -0.085 0.979 -0.187 0.000 0.406 0.205 0.891 0.000 0.000 0.130 0.000 1.000]]
		[0.9113924 [0.900 0.000 -0.436 0.000 -0.086 0.980 -0.178 0.000 0.428 0.197 0.882 0.000 0.000 0.130 0.000 1.000]]
		[0.9240506 [0.889 0.000 -0.457 0.000 -0.087 0.982 -0.169 0.000 0.449 0.190 0.873 0.000 0.000 0.130 0.000 1.000]]
		[0.9367089 [0.878 0.000 -0.478 0.000 -0.087 0.983 -0.160 0.000 0.470 0.182 0.864 0.000 0.000 0.130 0.000 1.000]]
		[0.9493671 [0.867 0.000 -0.499 0.000 -0.087 0.985 -0.151 0.000 0.491 0.174 0.853 0.000 0.000 0.130 0.000 1.000]]
		[0.9620253 [0.854 0.000 -0.520 0.000 -0.086 0.986 -0.142 0.000 0.513 0.166 0.842 0.000 0.000 0.130 0.000 1.000]]
		[0.9746835 [0.840 0.000 -0.542 0.000 -0.085 0.988 -0.132 0.000 0.535 0.157 0.830 0.000 0.000 0.130 0.000 1.000]]
		[0.9873418 [0.825 0.000 -0.565 0.000 -0.084 0.989 -0.122 0.000 0.559 0.148 0.816 0.000 0.000 0.130 0.000 1.000]]
	]
	"Golova" [
		[0 [1.000 0.000 0.000 0.000 0.000 0.940 0.342 0.000 0.000 -0.342 0.940 0.000 0.000 0.596 0.000 1.000]]
		[0.01265823 [1.000 0.000 -0.002 0.000 0.001 0.939 0.343 0.000 0.002 -0.343 0.939 0.000 0.000 0.596 0.000 1.000]]
		[0.02531646 [1.000 0.000 -0.004 0.000 0.001 0.939 0.343 0.000 0.004 -0.343 0.939 0.000 0.000 0.596 0.000 1.000]]
		[0.03797468 [1.000 0.000 -0.007 0.000 0.002 0.939 0.344 0.000 0.006 -0.344 0.939 0.000 0.000 0.596 0.000 1.000]]
		[0.05063291 [1.000 0.000 -0.009 0.000 0.003 0.939 0.345 0.000 0.009 -0.345 0.939 0.000 0.000 0.596 0.000 1.000]]
		[0.06329114 [1.000 0.000 -0.012 0.000 0.004 0.938 0.346 0.000 0.011 -0.346 0.938 0.000 0.000 0.596 0.000 1.000]]
		[0.07594936 [1.000 0.000 -0.014 0.000 0.005 0.938 0.347 0.000 0.014 -0.347 0.938 0.000 0.000 0.596 0.000 1.000]]
		[0.08860759 [1.000 0.000 -0.017 0.000 0.006 0.938 0.347 0.000 0.016 -0.347 0.938 0.000 0.000 0.596 0.000 1.000]]
		[0.1012658 [1.000 0.000 -0.020 0.000 0.007 0.937 0.348 0.000 0.019 -0.348 0.937 0.000 0.000 0.596 0.000 1.000]]
		[0.113924 [1.000 0.000 -0.023 0.000 0.008 0.937 0.349 0.000 0.021 -0.349 0.937 0.000 0.000 0.596 0.000 1.000]]
		[0.1265823 [1.000 0.000 -0.026 0.000 0.009 0.937 0.350 0.000 0.024 -0.350 0.936 0.000 0.000 0.596 0.000 1.000]]
		[0.1392405 [1.000 0.000 -0.029 0.000 0.010 0.936 0.351 0.000 0.027 -0.351 0.936 0.000 0.000 0.596 0.000 1.000]]
		[0.1518987 [1.000 0.000 -0.031 0.000 0.011 0.936 0.352 0.000 0.029 -0.352 0.936 0.000 0.000 0.596 0.000 1.000]]
		[0.164557 [0.999 0.000 -0.034 0.000 0.012 0.936 0.352 0.000 0.032 -0.353 0.935 0.000 0.000 0.596 0.000 1.000]]
		[0.1772152 [0.999 0.000 -0.037 0.000 0.013 0.935 0.353 0.000 0.034 -0.354 0.935 0.000 0.000 0.596 0.000 1.000]]
		[0.1898734 [0.999 0.000 -0.040 0.000 0.014 0.935 0.354 0.000 0.037 -0.354 0.934 0.000 0.000 0.596 0.000 1.000]]
		[0.2025317 [0.999 0.000 -0.042 0.000 0.015 0.935 0.355 0.000 0.039 -0.355 0.934 0.000 0.000 0.596 0.000 1.000]]
		[0.2151899 [0.999 0.000 -0.045 0.000 0.016 0.935 0.356 0.000 0.042 -0.356 0.934 0.000 0.000 0.596 0.000 1.000]]
		[0.2278481 [0.999 0.000 -0.047 0.000 0.017 0.934 0.356 0.000 0.044 -0.357 0.933 0.000 0.000 0.596 0.000 1.000]]
		[0.2405063 [0.999 0.000 -0.049 0.000 0.018 0.934 0.357 0.000 0.046 -0.357 0.933 0.000 0.000 0.596 0.000 1.000]]
		[0.2531646 [0.999 0.000 -0.051 0.000 0.018 0.934 0.358 0.000 0.048 -0.358 0.932 0.000 0.000 0.596 0.000 1.000]]
		[0.2658228 [0.999 0.000 -0.053 0.000 0.019 0.933 0.358 0.000 0.050 -0.359 0.932 0.000 0.000 0.596 0.000 1.000]]
		[0.278481 [0.999 0.000 -0.055 0.000 0.020 0.933 0.359 0.000 0.051 -0.359 0.932 0.000 0.000 0.596 0.000 1.000]]
		[0.2911392 [0.998 0.000 -0.056 0.000 0.020 0.933 0.359 0.000 0.052 -0.360 0.932 0.000 0.000 0.596 0.000 1.000]]
		[0.3037975 [0.998 0.000 -0.057 0.000 0.021 0.933 0.359 0.000 0.054 -0.360 0.931 0.000 0.000 0.596 0.000 1.000]]
		[0.3164557 [0.998 0.000 -0.058 0.000 0.021 0.933 0.360 0.000 0.055 -0.360 0.931 0.000 0.000 0.596 0.000 1.000]]
		[0.3291139 [0.998 0.000 -0.059 0.000 0.021 0.933 0.360 0.000 0.055 -0.361 0.931 0.000 0.000 0.596 0.000 1.000]]
		[0.3417721 [0.998 0.000 -0.060 0.000 0.022 0.933 0.360 0.000 0.056 -0.361 0.931 0.000 0.000 0.596 0.000 1.000]]
		[0.3544304 [0.998 0.000 -0.060 0.000 0.022 0.933 0.360 0.000 0.056 -0.361 0.931 0.000 0.000 0.596 0.000 1.000]]
		[0.3670886 [0.998 0.000 -0.060 0.000 0.022 0.933 0.360 0.000 0.056 -0.361 0.931 0.000 0.000 0.596 0.000 1.000]]
		[0.3797468 [0.998 0.000 -0.059 0.000 0.021 0.933 0.360 0.000 0.055 -0.361 0.931 0.000 0.000 0.596 0.000 1.000]]
		[0.3924051 [0.998 0.000 -0.059 0.000 0.021 0.933 0.360 0.000 0.055 -0.360 0.931 0.000 0.000 0.596 0.000 1.000]]
		[0.4050633 [0.998 0.000 -0.059 0.000 0.021 0.933 0.360 0.000 0.055 -0.360 0.931 0.000 0.000 0.596 0.000 1.000]]
		[0.4177215 [0.998 0.000 -0.059 0.000 0.021 0.933 0.360 0.000 0.055 -0.361 0.931 0.000 0.000 0.596 0.000 1.000]]
		[0.4303797 [0.998 0.000 -0.059 0.000 0.021 0.933 0.360 0.000 0.055 -0.361 0.931 0.000 0.000 0.596 0.000 1.000]]
		[0.443038 [0.998 0.000 -0.060 0.000 0.022 0.933 0.360 0.000 0.056 -0.361 0.931 0.000 0.000 0.596 0.000 1.000]]
		[0.4556962 [0.998 0.000 -0.060 0.000 0.022 0.933 0.360 0.000 0.056 -0.361 0.931 0.000 0.000 0.596 0.000 1.000]]
		[0.4683544 [0.998 0.000 -0.060 0.000 0.021 0.933 0.360 0.000 0.056 -0.361 0.931 0.000 0.000 0.596 0.000 1.000]]
		[0.4810127 [0.998 0.000 -0.059 0.000 0.021 0.933 0.360 0.000 0.055 -0.360 0.931 0.000 0.000 0.596 0.000 1.000]]
		[0.4936709 [0.998 0.000 -0.058 0.000 0.021 0.933 0.360 0.000 0.054 -0.360 0.931 0.000 0.000 0.596 0.000 1.000]]
		[0.5063291 [0.998 0.000 -0.057 0.000 0.020 0.933 0.359 0.000 0.053 -0.360 0.932 0.000 0.000 0.596 0.000 1.000]]
		[0.5189874 [0.999 0.000 -0.054 0.000 0.020 0.933 0.359 0.000 0.051 -0.359 0.932 0.000 0.000 0.596 0.000 1.000]]
		[0.5316456 [0.999 0.000 -0.052 0.000 0.019 0.934 0.358 0.000 0.048 -0.358 0.932 0.000 0.000 0.596 0.000 1.000]]
		[0.5443038 [0.999 0.000 -0.048 0.000 0.017 0.934 0.357 0.000 0.045 -0.357 0.933 0.000 0.000 0.596 0.000 1.000]]
		[0.556962 [0.999 0.000 -0.044 0.000 0.016 0.935 0.355 0.000 0.041 -0.356 0.934 0.000 0.000 0.596 0.000 1.000]]
		[0.5696203 [0.999 0.000 -0.038 0.000 0.013 0.935 0.354 0.000 0.036 -0.354 0.935 0.000 0.000 0.596 0.000 1.000]]
		[0.5822785 [1.000 0.000 -0.032 0.000 0.011 0.936 0.352 0.000 0.029 -0.352 0.936 0.000 0.000 0.596 0.000 1.000]]
		[0.5949367 [1.000 0.000 -0.024 0.000 0.008 0.937 0.349 0.000 0.022 -0.349 0.937 0.000 0.000 0.596 0.000 1.000]]
		[0.6075949 [1.000 0.000 -0.015 0.000 0.005 0.938 0.347 0.000 0.014 -0.347 0.938 0.000 0.000 0.596 0.000 1.000]]
		[0.6202531 [1.000 0.000 -0.004 0.000 0.001 0.939 0.343 0.000 0.004 -0.343 0.939 0.000 0.000 0.596 0.000 1.000]]
		[0.6329114 [1.000 0.000 0.007 0.000 -0.003 0.941 0.340 0.000 -0.007 -0.340 0.941 0.000 0.000 0.596 0.000 1.000]]
		[0.6455696 [1.000 0.000 0.020 0.000 -0.007 0.942 0.336 0.000 -0.019 -0.336 0.942 0.000 0.000 0.596 0.000 1.000]]
		[0.6582279 [0.999 0.000 0.034 0.000 -0.011 0.944 0.331 0.000 -0.032 -0.331 0.943 0.000 0.000 0.596 0.000 1.000]]
		[0.6708861 [0.999 0.000 0.049 0.000 -0.016 0.945 0.326 0.000 -0.047 -0.327 0.944 0.000 0.000 0.596 0.000 1.000]]
		[0.6835443 [0.998 0.000 0.065 0.000 -0.021 0.947 0.321 0.000 -0.062 -0.322 0.945 0.000 0.000 0.596 0.000 1.000]]
		[0.6962025 [0.997 0.000 0.082 0.000 -0.026 0.949 0.315 0.000 -0.078 -0.316 0.946 0.000 0.000 0.596 0.000 1.000]]
		[0.7088608 [0.995 0.000 0.099 0.000 -0.031 0.951 0.309 0.000 -0.094 -0.311 0.946 0.000 0.000 0.596 0.000 1.000]]
		[0.721519 [0.993 0.000 0.118 0.000 -0.036 0.952 0.303 0.000 -0.112 -0.305 0.946 0.000 0.000 0.596 0.000 1.000]]
		[0.7341772 [0.991 0.000 0.137 0.000 -0.041 0.954 0.296 0.000 -0.130 -0.299 0.945 0.000 0.000 0.596 0.000 1.000]]
		[0.7468355 [0.988 0.000 0.156 0.000 -0.046 0.956 0.289 0.000 -0.149 -0.292 0.945 0.000 0.000 0.596 0.000 1.000]]
		[0.7594936 [0.984 0.000 0.176 0.000 -0.050 0.958 0.282 0.000 -0.169 -0.286 0.943 0.000 0.000 0.596 0.000 1.000]]
		[0.7721519 [0.980 0.000 0.197 0.000 -0.055 0.960 0.274 0.000 -0.189 -0.279 0.941 0.000 0.000 0.596 0.000 1.000]]
		[0.7848101 [0.976 0.000 0.218 0.000 -0.059 0.962 0.266 0.000 -0.209 -0.272 0.939 0.000 0.000 0.596 0.000 1.000]]
		[0.7974684 [0.971 0.000 0.239 0.000 -0.063 0.964 0.258 0.000 -0.230 -0.265 0.936 0.000 0.000 0.596 0.000 1.000]]
		[0.8101266 [0.965 0.000 0.261 0.000 -0.067 0.966 0.249 0.000 -0.252 -0.258 0.933 0.000 0.000 0.596 0.000 1.000]]
		[0.8227848 [0.959 0.000 0.283 0.000 -0.071 0.968 0.241 0.000 -0.274 -0.251 0.929 0.000 0.000 0.596 0.000 1.000]]
		[0.835443 [0.952 0.000 0.305 0.000 -0.074 0.970 0.232 0.000 -0.295 -0.243 0.924 0.000 0.000 0.596 0.000 1.000]]
		[0.8481013 [0.945 0.000 0.327 0.000 -0.077 0.972 0.223 0.000 -0.317 -0.236 0.918 0.000 0.000 0.596 0.000 1.000]]
		[0.8607595 [0.937 0.000 0.349 0.000 -0.080 0.974 0.214 0.000 -0.340 -0.228 0.912 0.000 0.000 0.596 0.000 1.000]]
		[0.8734177 [0.929 0.000 0.371 0.000 -0.082 0.975 0.205 0.000 -0.362 -0.221 0.906 0.000 0.000 0.596 0.000 1.000]]
		[0.886076 [0.920 0.000 0.393 0.000 -0.084 0.977 0.196 0.000 -0.384 -0.213 0.899 0.000 0.000 0.596 0.000 1.000]]
		[0.8987342 [0.910 0.000 0.415 0.000 -0.085 0.979 0.187 0.000 -0.406 -0.205 0.891 0.000 0.000 0.596 0.000 1.000]]
		[0.9113924 [0.900 0.000 0.436 0.000 -0.086 0.980 0.178 0.000 -0.428 -0.197 0.882 0.000 0.000 0.596 0.000 1.000]]
		[0.9240506 [0.889 0.000 0.457 0.000 -0.087 0.982 0.169 0.000 -0.449 -0.190 0.873 0.000 0.000 0.596 0.000 1.000]]
		[0.9367089 [0.878 0.000 0.478 0.000 -0.087 0.983 0.160 0.000 -0.470 -0.182 0.864 0.000 0.000 0.596 0.000 1.000]]
		[0.9493671 [0.867 0.000 0.499 0.000 -0.087 0.985 0.151 0.000 -0.491 -0.174 0.853 0.000 0.000 0.596 0.000 1.000]]
		[0.9620253 [0.854 0.000 0.520 0.000 -0.086 0.986 0.142 0.000 -0.513 -0.166 0.842 0.000 0.000 0.596 0.000 1.000]]
		[0.9746835 [0.840 0.000 0.542 0.000 -0.085 0.988 0.132 0.000 -0.535 -0.157 0.830 0.000 0.000 0.596 0.000 1.000]]
		[0.9873418 [0.825 0.000 0.565 0.000 -0.084 0.989 0.122 0.000 -0.559 -0.148 0.816 0.000 0.000 0.596 0.000 1.000]]
	]
	"Golova_end" [
		[0 [1.000 0.000 0.000 0.000 0.000 1.000 0.000 0.000 0.000 0.000 1.000 0.000 0.000 0.315 0.000 1.000]]
	]
	"Kluchitsa_L" [
		[0 [0.000 0.000 1.000 0.000 1.000 0.000 0.000 0.000 0.000 1.000 0.000 0.000 0.000 0.470 0.000 1.000]]
	]
	"Kluchitsa_L_end" [
		[0 [1.000 0.000 0.000 0.000 0.000 1.000 0.000 0.000 0.000 0.000 1.000 0.000 0.000 0.300 0.000 1.000]]
	]
	"Kluchitsa_P" [
		[0 [0.000 0.000 -1.000 0.000 -1.000 0.000 0.000 0.000 0.000 1.000 0.000 0.000 0.000 0.470 0.000 1.000]]
	]
	"Kluchitsa_P_end" [
		[0 [1.000 0.000 0.000 0.000 0.000 1.000 0.000 0.000 0.000 0.000 1.000 0.000 0.000 0.300 0.000 1.000]]
	]
	"Ruka_L" [
		[0 [-0.040 0.557 0.830 0.000 0.580 -0.663 0.473 0.000 0.814 0.500 -0.296 0.000 0.279 0.394 -0.035 1.000]]
		[0.01265823 [-0.045 0.559 0.828 0.000 0.576 -0.663 0.479 0.000 0.816 0.498 -0.293 0.000 0.279 0.394 -0.035 1.000]]
		[0.02531646 [-0.049 0.562 0.826 0.000 0.572 -0.662 0.485 0.000 0.819 0.496 -0.289 0.000 0.279 0.394 -0.035 1.000]]
		[0.03797468 [-0.055 0.565 0.823 0.000 0.568 -0.661 0.491 0.000 0.821 0.494 -0.285 0.000 0.279 0.394 -0.035 1.000]]
		[0.05063291 [-0.060 0.568 0.821 0.000 0.563 -0.660 0.497 0.000 0.824 0.492 -0.280 0.000 0.279 0.394 -0.035 1.000]]
		[0.06329114 [-0.065 0.571 0.818 0.000 0.558 -0.659 0.504 0.000 0.827 0.490 -0.276 0.000 0.279 0.394 -0.035 1.000]]
		[0.07594936 [-0.071 0.574 0.816 0.000 0.553 -0.658 0.511 0.000 0.830 0.487 -0.271 0.000 0.279 0.394 -0.035 1.000]]
		[0.08860759 [-0.077 0.577 0.813 0.000 0.548 -0.657 0.518 0.000 0.833 0.485 -0.266 0.000 0.279 0.394 -0.035 1.000]]
		[0.1012658 [-0.083 0.581 0.810 0.000 0.542 -0.656 0.525 0.000 0.836 0.483 -0.261 0.000 0.279 0.394 -0.035 1.000]]
		[0.113924 [-0.088 0.584 0.807 0.000 0.537 -0.655 0.533 0.000 0.839 0.480 -0.256 0.000 0.279 0.394 -0.035 1.000]]
		[0.1265823 [-0.094 0.587 0.804 0.000 0.531 -0.653 0.540 0.000 0.842 0.478 -0.250 0.000 0.279 0.394 -0.035 1.000]]
		[0.1392405 [-0.100 0.591 0.801 0.000 0.525 -0.652 0.547 0.000 0.845 0.475 -0.245 0.000 0.279 0.394 -0.035 1.000]]
		[0.1518987 [-0.105 0.594 0.797 0.000 0.519 -0.651 0.554 0.000 0.848 0.473 -0.240 0.000 0.279 0.394 -0.035 1.000]]
		[0.164557 [-0.111 0.598 0.794 0.000 0.514 -0.650 0.560 0.000 0.851 0.470 -0.235 0.000 0.279 0.394 -0.035 1.000]]
		[0.1772152 [-0.116 0.601 0.791 0.000 0.508 -0.648 0.567 0.000 0.853 0.468 -0.230 0.000 0.279 0.394 -0.035 1.000]]
		[0.1898734 [-0.121 0.604 0.788 0.000 0.502 -0.647 0.573 0.000 0.856 0.465 -0.225 0.000 0.279 0.394 -0.035 1.000]]
		[0.2025317 [-0.126 0.607 0.785 0.000 0.497 -0.646 0.580 0.000 0.859 0.463 -0.220 0.000 0.279 0.394 -0.035 1.000]]
		[0.2151899 [-0.131 0.610 0.782 0.000 0.492 -0.645 0.585 0.000 0.861 0.461 -0.215 0.000 0.279 0.394 -0.035 1.000]]
		[0.2278481 [-0.135 0.613 0.779 0.000 0.486 -0.644 0.591 0.000 0.863 0.459 -0.211 0.000 0.279 0.394 -0.035 1.000]]
		[0.2405063 [-0.140 0.615 0.776 0.000 0.482 -0.643 0.596 0.000 0.865 0.457 -0.207 0.000 0.279 0.394 -0.035 1.000]]
		[0.2531646 [-0.143 0.618 0.773 0.000 0.477 -0.642 0.601 0.000 0.867 0.455 -0.203 0.000 0.279 0.394 -0.035 1.000]]
		[0.2658228 [-0.147 0.620 0.771 0.000 0.473 -0.641 0.605 0.000 0.869 0.453 -0.199 0.000 0.279 0.394 -0.035 1.000]]
		[0.278481 [-0.150 0.622 0.769 0.000 0.469 -0.640 0.609 0.000 0.870 0.452 -0.196 0.000 0.279 0.394 -0.035 1.000]]
		[0.2911392 [-0.152 0.623 0.767 0.000 0.466 -0.639 0.612 0.000 0.872 0.451 -0.193 0.000 0.279 0.394 -0.035 1.000]]
		[0.3037975 [-0.155 0.625 0.765 0.000 0.463 -0.638 0.615 0.000 0.873 0.449 -0.191 0.000 0.279 0.394 -0.035 1.000]]
		[0.3164557 [-0.157 0.626 0.764 0.000 0.461 -0.638 0.617 0.000 0.874 0.449 -0.189 0.000 0.279 0.394 -0.035 1.000]]
		[0.3291139 [-0.158 0.627 0.763 0.000 0.459 -0.637 0.619 0.000 0.874 0.448 -0.187 0.000 0.279 0.394 -0.035 1.000]]
		[0.3417721 [-0.159 0.628 0.762 0.000 0.458 -0.637 0.620 0.000 0.875 0.447 -0.186 0.000 0.279 0.394 -0.035 1.000]]
		[0.3544304 [-0.159 0.628 0.762 0.000 0.458 -0.637 0.620 0.000 0.875 0.447 -0.186 0.000 0.279 0.394 -0.035 1.000]]
		[0.3670886 [-0.159 0.627 0.762 0.000 0.458 -0.637 0.620 0.000 0.875 0.447 -0.186 0.000 0.279 0.394 -0.035 1.000]]
		[0.3797468 [-0.158 0.627 0.763 0.000 0.459 -0.637 0.619 0.000 0.874 0.448 -0.187 0.000 0.279 0.394 -0.035 1.000]]
		[0.3924051 [-0.158 0.627 0.763 0.000 0.459 -0.637 0.619 0.000 0.874 0.448 -0.187 0.000 0.279 0.394 -0.035 1.000]]
		[0.4050633 [-0.158 0.627 0.763 0.000 0.459 -0.637 0.619 0.000 0.874 0.448 -0.187 0.000 0.279 0.394 -0.035 1.000]]
		[0.4177215 [-0.158 0.627 0.763 0.000 0.459 -0.637 0.619 0.000 0.874 0.448 -0.187 0.000 0.279 0.394 -0.035 1.000]]
		[0.4303797 [-0.158 0.627 0.763 0.000 0.458 -0.637 0.620 0.000 0.875 0.448 -0.187 0.000 0.279 0.394 -0.035 1.000]]
		[0.443038 [-0.159 0.628 0.762 0.000 0.458 -0.637 0.620 0.000 0.875 0.447 -0.186 0.000 0.279 0.394 -0.035 1.000]]
		[0.4556962 [-0.159 0.628 0.762 0.000 0.458 -0.637 0.620 0.000 0.875 0.447 -0.186 0.000 0.279 0.394 -0.035 1.000]]
		[0.4683544 [-0.158 0.627 0.762 0.000 0.458 -0.637 0.620 0.000 0.875 0.448 -0.187 0.000 0.279 0.394 -0.035 1.000]]
		[0.4810127 [-0.157 0.627 0.763 0.000 0.460 -0.638 0.618 0.000 0.874 0.448 -0.188 0.000 0.279 0.394 -0.035 1.000]]
		[0.4936709 [-0.156 0.626 0.764 0.000 0.462 -0.638 0.616 0.000 0.873 0.449 -0.189 0.000 0.279 0.394 -0.035 1.000]]
		[0.5063291 [-0.153 0.624 0.766 0.000 0.465 -0.639 0.613 0.000 0.872 0.450 -0.192 0.000 0.279 0.394 -0.035 1.000]]
		[0.5189874 [-0.149 0.621 0.769 0.000 0.470 -0.640 0.608 0.000 0.870 0.452 -0.196 0.000 0.279 0.394 -0.035 1.000]]
		[0.5316456 [-0.144 0.618 0.773 0.000 0.476 -0.641 0.602 0.000 0.868 0.455 -0.202 0.000 0.279 0.394 -0.035 1.000]]
		[0.5443038 [-0.138 0.614 0.777 0.000 0.484 -0.643 0.594 0.000 0.864 0.458 -0.209 0.000 0.279 0.394 -0.035 1.000]]
		[0.556962 [-0.129 0.609 0.783 0.000 0.494 -0.645 0.583 0.000 0.860 0.462 -0.217 0.000 0.279 0.394 -0.035 1.000]]
		[0.5696203 [-0.119 0.602 0.789 0.000 0.505 -0.648 0.570 0.000 0.855 0.467 -0.227 0.000 0.279 0.394 -0.035 1.000]]
		[0.5822785 [-0.106 0.594 0.797 0.000 0.519 -0.651 0.554 0.000 0.848 0.472 -0.240 0.000 0.279 0.394 -0.035 1.000]]
		[0.5949367 [-0.090 0.585 0.806 0.000 0.535 -0.654 0.535 0.000 0.840 0.479 -0.254 0.000 0.279 0.394 -0.035 1.000]]
		[0.6075949 [-0.072 0.574 0.815 0.000 0.553 -0.658 0.512 0.000 0.830 0.487 -0.270 0.000 0.279 0.394 -0.035 1.000]]
		[0.6202531 [-0.050 0.562 0.826 0.000 0.572 -0.662 0.485 0.000 0.819 0.496 -0.288 0.000 0.279 0.394 -0.035 1.000]]
		[0.6329114 [-0.022 0.547 0.837 0.000 0.594 -0.666 0.451 0.000 0.805 0.506 -0.310 0.000 0.279 0.394 -0.035 1.000]]
		[0.6455696 [0.012 0.531 0.847 0.000 0.617 -0.671 0.412 0.000 0.787 0.518 -0.335 0.000 0.279 0.394 -0.035 1.000]]
		[0.6582279 [0.053 0.512 0.857 0.000 0.640 -0.676 0.364 0.000 0.766 0.529 -0.364 0.000 0.279 0.394 -0.035 1.000]]
		[0.6708861 [0.102 0.491 0.865 0.000 0.663 -0.682 0.309 0.000 0.742 0.542 -0.395 0.000 0.279 0.394 -0.035 1.000]]
		[0.6835443 [0.156 0.469 0.869 0.000 0.683 -0.687 0.248 0.000 0.713 0.555 -0.428 0.000 0.279 0.394 -0.035 1.000]]
		[0.6962025 [0.217 0.445 0.869 0.000 0.700 -0.691 0.179 0.000 0.681 0.569 -0.461 0.000 0.279 0.394 -0.035 1.000]]
		[0.7088608 [0.282 0.420 0.863 0.000 0.711 -0.695 0.106 0.000 0.644 0.584 -0.494 0.000 0.279 0.394 -0.035 1.000]]
		[0.721519 [0.350 0.393 0.850 0.000 0.715 -0.698 0.028 0.000 0.605 0.598 -0.526 0.000 0.279 0.394 -0.035 1.000]]
		[0.7341772 [0.421 0.366 0.830 0.000 0.712 -0.700 -0.053 0.000 0.562 0.614 -0.555 0.000 0.279 0.394 -0.035 1.000]]
		[0.7468355 [0.492 0.338 0.803 0.000 0.701 -0.700 -0.135 0.000 0.516 0.629 -0.581 0.000 0.279 0.394 -0.035 1.000]]
		[0.7594936 [0.562 0.309 0.767 0.000 0.681 -0.699 -0.217 0.000 0.469 0.645 -0.604 0.000 0.279 0.394 -0.035 1.000]]
		[0.7721519 [0.630 0.281 0.724 0.000 0.653 -0.696 -0.298 0.000 0.420 0.661 -0.622 0.000 0.279 0.394 -0.035 1.000]]
		[0.7848101 [0.694 0.252 0.674 0.000 0.616 -0.692 -0.376 0.000 0.371 0.677 -0.636 0.000 0.279 0.394 -0.035 1.000]]
		[0.7974684 [0.754 0.224 0.618 0.000 0.572 -0.686 -0.450 0.000 0.323 0.693 -0.645 0.000 0.279 0.394 -0.035 1.000]]
		[0.8101266 [0.807 0.197 0.557 0.000 0.522 -0.678 -0.518 0.000 0.275 0.708 -0.650 0.000 0.279 0.394 -0.035 1.000]]
		[0.8227848 [0.854 0.171 0.492 0.000 0.467 -0.668 -0.579 0.000 0.230 0.724 -0.650 0.000 0.279 0.394 -0.035 1.000]]
		[0.835443 [0.893 0.146 0.425 0.000 0.409 -0.657 -0.634 0.000 0.187 0.740 -0.646 0.000 0.279 0.394 -0.035 1.000]]
		[0.8481013 [0.926 0.122 0.359 0.000 0.349 -0.644 -0.681 0.000 0.148 0.755 -0.638 0.000 0.279 0.394 -0.035 1.000]]
		[0.8607595 [0.951 0.100 0.293 0.000 0.289 -0.629 -0.721 0.000 0.112 0.771 -0.627 0.000 0.279 0.394 -0.035 1.000]]
		[0.8734177 [0.970 0.080 0.231 0.000 0.230 -0.614 -0.755 0.000 0.082 0.786 -0.613 0.000 0.279 0.394 -0.035 1.000]]
		[0.886076 [0.983 0.061 0.173 0.000 0.175 -0.597 -0.783 0.000 0.055 0.800 -0.597 0.000 0.279 0.394 -0.035 1.000]]
		[0.8987342 [0.992 0.045 0.122 0.000 0.125 -0.579 -0.806 0.000 0.034 0.814 -0.580 0.000 0.279 0.394 -0.035 1.000]]
		[0.9113924 [0.997 0.031 0.077 0.000 0.081 -0.560 -0.824 0.000 0.018 0.828 -0.561 0.000 0.279 0.394 -0.035 1.000]]
		[0.9240506 [0.999 0.018 0.042 0.000 0.045 -0.541 -0.840 0.000 0.007 0.841 -0.541 0.000 0.279 0.394 -0.035 1.000]]
		[0.9367089 [1.000 0.008 0.016 0.000 0.018 -0.521 -0.853 0.000 0.001 0.853 -0.521 0.000 0.279 0.394 -0.035 1.000]]
		[0.9493671 [1.000 0.000 0.000 0.000 0.001 -0.501 -0.865 0.000 0.000 0.865 -0.501 0.000 0.279 0.394 -0.035 1.000]]
		[0.9620253 [1.000 -0.006 -0.001 0.000 -0.004 -0.480 -0.878 0.000 0.004 0.878 -0.480 0.000 0.279 0.394 -0.035 1.000]]
		[0.9746835 [1.000 -0.010 0.009 0.000 0.004 -0.457 -0.890 0.000 0.013 0.890 -0.457 0.000 0.279 0.394 -0.035 1.000]]
		[0.9873418 [0.999 -0.013 0.033 0.000 0.024 -0.432 -0.902 0.000 0.025 0.902 -0.431 0.000 0.279 0.394 -0.035 1.000]]
	]
	"Lokot_L" [
		[0 [0.000 1.000 0.000 0.000 -1.000 0.000 0.000 0.000 0.000 0.000 1.000 0.000 0.000 0.316 0.000 1.000]]
		[0.01265823 [-0.006 1.000 0.000 0.000 -1.000 -0.006 0.000 0.000 0.000 0.000 1.000 0.000 0.000 0.316 0.000 1.000]]
		[0.02531646 [-0.013 1.000 0.000 0.000 -1.000 -0.013 0.000 0.000 0.000 0.000 1.000 0.000 0.000 0.316 0.000 1.000]]
		[0.03797468 [-0.020 1.000 0.000 0.000 -1.000 -0.020 0.000 0.000 0.000 0.000 1.000 0.000 0.000 0.316 0.000 1.000]]
		[0.05063291 [-0.028 1.000 0.000 0.000 -1.000 -0.028 0.000 0.000 0.000 0.000 1.000 0.000 0.000 0.316 0.000 1.000]]
		[0.06329114 [-0.035 0.999 0.000 0.000 -0.999 -0.035 0.000 0.000 0.000 0.000 1.000 0.000 0.000 0.316 0.000 1.000]]
		[0.07594936 [-0.043 0.999 0.000 0.000 -0.999 -0.043 0.000 0.000 0.000 0.000 1.000 0.000 0.000 0.316 0.000 1.000]]
		[0.08860759 [-0.052 0.999 0.000 0.000 -0.999 -0.052 0.000 0.000 0.000 0.000 1.000 0.000 0.000 0.316 0.000 1.000]]
		[0.1012658 [-0.060 0.998 0.000 0.000 -0.998 -0.060 0.000 0.000 0.000 0.000 1.000 0.000 0.000 0.316 0.000 1.000]]
		[0.113924 [-0.069 0.998 0.000 0.000 -0.998 -0.069 0.000 0.000 0.000 0.000 1.000 0.000 0.000 0.316 0.000 1.000]]
		[0.1265823 [-0.077 0.997 0.000 0.000 -0.997 -0.077 0.000 0.000 0.000 0.000 1.000 0.000 0.000 0.316 0.000 1.000]]
		[0.1392405 [-0.086 0.996 0.000 0.000 -0.996 -0.086 0.000 0.000 0.000 0.000 1.000 0.000 0.000 0.316 0.000 1.000]]
		[0.1518987 [-0.094 0.996 0.000 0.000 -0.996 -0.094 0.000 0.000 0.000 0.000 1.000 0.000 0.000 0.316 0.000 1.000]]
		[0.164557 [-0.102 0.995 0.000 0.000 -0.995 -0.102 0.000 0.000 0.000 0.000 1.000 0.000 0.000 0.316 0.000 1.000]]
		[0.1772152 [-0.110 0.994 0.000 0.000 -0.994 -0.110 0.000 0.000 0.000 0.000 1.000 0.000 0.000 0.316 0.000 1.000]]
		[0.1898734 [-0.118 0.993 0.000 0.000 -0.993 -0.118 0.000 0.000 0.000 0.000 1.000 0.000 0.000 0.316 0.000 1.000]]
		[0.2025317 [-0.126 0.992 0.000 0.000 -0.992 -0.126 0.000 0.000 0.000 0.000 1.000 0.000 0.000 0.316 0.000 1.000]]
		[0.2151899 [-0.133 0.991 0.000 0.000 -0.991 -0.133 0.000 0.000 0.000 0.000 1.000 0.000 0.000 0.316 0.000 1.000]]
		[0.2278481 [-0.140 0.990 0.000 0.000 -0.990 -0.140 0.000 0.000 0.000 0.000 1.000 0.000 0.000 0.316 0.000 1.000]]
		[0.2405063 [-0.147 0.989 0.000 0.000 -0.989 -0.147 0.000 0.000 0.000 0.000 1.000 0.000 0.000 0.316 0.000 1.000]]
		[0.2531646 [-0.153 0.988 0.000 0.000 -0.988 -0.153 0.000 0.000 0.000 0.000 1.000 0.000 0.000 0.316 0.000 1.000]]
		[0.2658228 [-0.159 0.987 0.000 0.000 -0.987 -0.159 0.000 0.000 0.000 0.000 1.000 0.000 0.000 0.316 0.000 1.000]]
		[0.278481 [-0.163 0.987 0.000 0.000 -0.987 -0.163 0.000 0.000 0.000 0.000 1.000 0.000 0.000 0.316 0.000 1.000]]
		[0.2911392 [-0.168 0.986 0.000 0.000 -0.986 -0.168 0.000 0.000 0.000 0.000 1.000 0.000 0.000 0.316 0.000 1.000]]
		[0.3037975 [-0.172 0.985 0.000 0.000 -0.985 -0.172 0.000 0.000 0.000 0.000 1.000 0.000 0.000 0.316 0.000 1.000]]
		[0.3164557 [-0.175 0.985 0.000 0.000 -0.985 -0.175 0.000 0.000 0.000 0.000 1.000 0.000 0.000 0.316 0.000 1.000]]
		[0.3291139 [-0.177 0.984 0.000 0.000 -0.984 -0.177 0.000 0.000 0.000 0.000 1.000 0.000 0.000 0.316 0.000 1.000]]
		[0.3417721 [-0.178 0.984 0.000 0.000 -0.984 -0.178 0.000 0.000 0.000 0.000 1.000 0.000 0.000 0.316 0.000 1.000]]
		[0.3544304 [-0.179 0.984 0.000 0.000 -0.984 -0.179 0.000 0.000 0.000 0.000 1.000 0.000 0.000 0.316 0.000 1.000]]
		[0.3670886 [-0.178 0.984 0.000 0.000 -0.984 -0.178 0.000 0.000 0.000 0.000 1.000 0.000 0.000 0.316 0.000 1.000]]
		[0.3797468 [-0.177 0.984 0.000 0.000 -0.984 -0.177 0.000 0.000 0.000 0.000 1.000 0.000 0.000 0.316 0.000 1.000]]
		[0.3924051 [-0.177 0.984 0.000 0.000 -0.984 -0.177 0.000 0.000 0.000 0.000 1.000 0.000 0.000 0.316 0.000 1.000]]
		[0.4050633 [-0.176 0.984 0.000 0.000 -0.984 -0.176 0.000 0.000 0.000 0.000 1.000 0.000 0.000 0.316 0.000 1.000]]
		[0.4177215 [-0.177 0.984 0.000 0.000 -0.984 -0.177 0.000 0.000 0.000 0.000 1.000 0.000 0.000 0.316 0.000 1.000]]
		[0.4303797 [-0.178 0.984 0.000 0.000 -0.984 -0.178 0.000 0.000 0.000 0.000 1.000 0.000 0.000 0.316 0.000 1.000]]
		[0.443038 [-0.178 0.984 0.000 0.000 -0.984 -0.178 0.000 0.000 0.000 0.000 1.000 0.000 0.000 0.316 0.000 1.000]]
		[0.4556962 [-0.178 0.984 0.000 0.000 -0.984 -0.178 0.000 0.000 0.000 0.000 1.000 0.000 0.000 0.316 0.000 1.000]]
		[0.4683544 [-0.178 0.984 0.000 0.000 -0.984 -0.178 0.000 0.000 0.000 0.000 1.000 0.000 0.000 0.316 0.000 1.000]]
		[0.4810127 [-0.176 0.984 0.000 0.000 -0.984 -0.176 0.000 0.000 0.000 0.000 1.000 0.000 0.000 0.316 0.000 1.000]]
		[0.4936709 [-0.173 0.985 0.000 0.000 -0.985 -0.173 0.000 0.000 0.000 0.000 1.000 0.000 0.000 0.316 0.000 1.000]]
		[0.5063291 [-0.169 0.986 0.000 0.000 -0.986 -0.169 0.000 0.000 0.000 0.000 1.000 0.000 0.000 0.316 0.000 1.000]]
		[0.5189874 [-0.163 0.987 0.000 0.000 -0.987 -0.163 0.000 0.000 0.000 0.000 1.000 0.000 0.000 0.316 0.000 1.000]]
		[0.5316456 [-0.154 0.988 0.000 0.000 -0.988 -0.154 0.000 0.000 0.000 0.000 1.000 0.000 0.000 0.316 0.000 1.000]]
		[0.5443038 [-0.144 0.990 0.000 0.000 -0.990 -0.144 0.000 0.000 0.000 0.000 1.000 0.000 0.000 0.316 0.000 1.000]]
		[0.556962 [-0.130 0.991 0.000 0.000 -0.991 -0.130 0.000 0.000 0.000 0.000 1.000 0.000 0.000 0.316 0.000 1.000]]
		[0.5696203 [-0.114 0.993 0.000 0.000 -0.993 -0.114 0.000 0.000 0.000 0.000 1.000 0.000 0.000 0.316 0.000 1.000]]
		[0.5822785 [-0.094 0.996 0.000 0.000 -0.996 -0.094 0.000 0.000 0.000 0.000 1.000 0.000 0.000 0.316 0.000 1.000]]
		[0.5949367 [-0.071 0.997 0.000 0.000 -0.997 -0.071 0.000 0.000 0.000 0.000 1.000 0.000 0.000 0.316 0.000 1.000]]
		[0.6075949 [-0.044 0.999 0.000 0.000 -0.999 -0.044 0.000 0.000 0.000 0.000 1.000 0.000 0.000 0.316 0.000 1.000]]
		[0.6202531 [-0.013 1.000 0.000 0.000 -1.000 -0.013 0.000 0.000 0.000 0.000 1.000 0.000 0.000 0.316 0.000 1.000]]
		[0.6329114 [0.023 1.000 0.000 0.000 -1.000 0.023 0.000 0.000 0.000 0.000 1.000 0.000 0.000 0.316 0.000 1.000]]
		[0.6455696 [0.065 0.998 0.000 0.000 -0.998 0.065 0.000 0.000 0.000 0.000 1.000 0.000 0.000 0.316 0.000 1.000]]
		[0.6582279 [0.113 0.994 0.000 0.000 -0.994 0.113 0.000 0.000 0.000 0.000 1.000 0.000 0.000 0.316 0.000 1.000]]
		[0.6708861 [0.165 0.986 0.000 0.000 -0.986 0.165 0.000 0.000 0.000 0.000 1.000 0.000 0.000 0.316 0.000 1.000]]
		[0.6835443 [0.221 0.975 0.000 0.000 -0.975 0.221 0.000 0.000 0.000 0.000 1.000 0.000 0.000 0.316 0.000 1.000]]
		[0.6962025 [0.280 0.960 0.000 0.000 -0.960 0.280 0.000 0.000 0.000 0.000 1.000 0.000 0.000 0.316 0.000 1.000]]
		[0.7088608 [0.342 0.940 0.000 0.000 -0.940 0.342 0.000 0.000 0.000 0.000 1.000 0.000 0.000 0.316 0.000 1.000]]
		[0.721519 [0.405 0.914 0.000 0.000 -0.914 0.405 0.000 0.000 0.000 0.000 1.000 0.000 0.000 0.316 0.000 1.000]]
		[0.7341772 [0.468 0.884 0.000 0.000 -0.884 0.468 0.000 0.000 0.000 0.000 1.000 0.000 0.000 0.316 0.000 1.000]]
		[0.7468355 [0.531 0.847 0.000 0.000 -0.847 0.531 0.000 0.000 0.000 0.000 1.000 0.000 0.000 0.316 0.000 1.000]]
		[0.7594936 [0.592 0.806 0.000 0.000 -0.806 0.592 0.000 0.000 0.000 0.000 1.000 0.000 0.000 0.316 0.000 1.000]]
		[0.7721519 [0.651 0.759 0.000 0.000 -0.759 0.651 0.000 0.000 0.000 0.000 1.000 0.000 0.000 0.316 0.000 1.000]]
		[0.7848101 [0.706 0.708 0.000 0.000 -0.708 0.706 0.000 0.000 0.000 0.000 1.000 0.000 0.000 0.316 0.000 1.000]]
		[0.7974684 [0.757 0.653 0.000 0.000 -0.653 0.757 0.000 0.000 0.000 0.000 1.000 0.000 0.000 0.316 0.000 1.000]]
		[0.8101266 [0.804 0.595 0.000 0.000 -0.595 0.804 0.000 0.000 0.000 0.000 1.000 0.000 0.000 0.316 0.000 1.000]]
		[0.8227848 [0.845 0.534 0.000 0.000 -0.534 0.845 0.000 0.000 0.000 0.000 1.000 0.000 0.000 0.316 0.000 1.000]]
		[0.835443 [0.882 0.472 0.000 0.000 -0.472 0.882 0.000 0.000 0.000 0.000 1.000 0.000 0.000 0.316 0.000 1.000]]
		[0.8481013 [0.912 0.409 0.000 0.000 -0.409 0.912 0.000 0.000 0.000 0.000 1.000 0.000 0.000 0.316 0.000 1.000]]
		[0.8607595 [0.938 0.347 0.000 0.000 -0.347 0.938 0.000 0.000 0.000 0.000 1.000 0.000 0.000 0.316 0.000 1.000]]
		[0.8734177 [0.958 0.286 0.000 0.000 -0.286 0.958 0.000 0.000 0.000 0.000 1.000 0.000 0.000 0.316 0.000 1.000]]
		[0.886076 [0.974 0.228 0.000 0.000 -0.228 0.974 0.000 0.000 0.000 0.000 1.000 0.000 0.000 0.316 0.000 1.000]]
		[0.8987342 [0.985 0.173 0.000 0.000 -0.173 0.985 0.000 0.000 0.000 0.000 1.000 0.000 0.000 0.316 0.000 1.000]]
		[0.9113924 [0.993 0.122 0.000 0.000 -0.122 0.993 0.000 0.000 0.000 0.000 1.000 0.000 0.000 0.316 0.000 1.000]]
		[0.9240506 [0.997 0.076 0.000 0.000 -0.076 0.997 0.000 0.000 0.000 0.000 1.000 0.000 0.000 0.316 0.000 1.000]]
		[0.9367089 [0.999 0.036 0.000 0.000 -0.036 0.999 0.000 0.000 0.000 0.000 1.000 0.000 0.000 0.316 0.000 1.000]]
		[0.9493671 [1.000 0.002 0.000 0.000 -0.002 1.000 0.000 0.000 0.000 0.000 1.000 0.000 0.000 0.316 0.000 1.000]]
		[0.9620253 [1.000 -0.026 0.000 0.000 0.026 1.000 0.000 0.000 0.000 0.000 1.000 0.000 0.000 0.316 0.000 1.000]]
		[0.9746835 [0.999 -0.048 0.000 0.000 0.048 0.999 0.000 0.000 0.000 0.000 1.000 0.000 0.000 0.316 0.000 1.000]]
		[0.9873418 [0.998 -0.065 0.000 0.000 0.065 0.998 0.000 0.000 0.000 0.000 1.000 0.000 0.000 0.316 0.000 1.000]]
	]
	"Lokot_L_end" [
		[0 [1.000 0.000 0.000 0.000 0.000 1.000 0.000 0.000 0.000 0.000 1.000 0.000 0.000 0.469 0.000 1.000]]
	]
	"Armature.001" [
		[0 [0.054 -0.033 0.125 0.000 0.094 -0.083 -0.063 0.000 0.088 0.108 -0.010 0.000 -0.006 0.480 -0.012 1.000]]
	]
	"Bow" [
		[0 [1.000 0.000 0.000 0.000 0.000 0.000 1.000 0.000 0.000 -1.000 0.000 0.000 0.000 0.000 0.000 1.000]]
	]
	"Rope" [
		[0 [0.000 0.000 1.000 0.000 0.000 1.000 0.000 0.000 -1.000 0.000 0.000 0.000 0.000 -0.950 0.000 1.000]]
		[0.01265823 [0.000 0.000 1.000 0.000 0.000 1.000 0.000 0.000 -1.000 0.000 0.000 0.000 0.000 -0.942 0.000 1.000]]
		[0.02531646 [0.000 0.000 1.000 0.000 0.000 1.000 0.000 0.000 -1.000 0.000 0.000 0.000 0.000 -0.932 0.000 1.000]]
		[0.03797468 [0.000 0.000 1.000 0.000 0.000 1.000 0.000 0.000 -1.000 0.000 0.000 0.000 0.000 -0.923 0.000 1.000]]
		[0.05063291 [0.000 0.000 1.000 0.000 0.000 1.000 0.000 0.000 -1.000 0.000 0.000 0.000 0.000 -0.913 0.000 1.000]]
		[0.06329114 [0.000 0.000 1.000 0.000 0.000 1.000 0.000 0.000 -1.000 0.000 0.000 0.000 0.000 -0.902 0.000 1.000]]
		[0.07594936 [0.000 0.000 1.000 0.000 0.000 1.000 0.000 0.000 -1.000 0.000 0.000 0.000 0.000 -0.891 0.000 1.000]]
		[0.08860759 [0.000 0.000 1.000 0.000 0.000 1.000 0.000 0.000 -1.000 0.000 0.000 0.000 0.000 -0.880 0.000 1.000]]
		[0.1012658 [0.000 0.000 1.000 0.000 0.000 1.000 0.000 0.000 -1.000 0.000 0.000 0.000 0.000 -0.869 0.000 1.000]]
		[0.113924 [0.000 0.000 1.000 0.000 0.000 1.000 0.000 0.000 -1.000 0.000 0.000 0.000 0.000 -0.857 0.000 1.000]]
		[0.1265823 [0.000 0.000 1.000 0.000 0.000 1.000 0.000 0.000 -1.000 0.000 0.000 0.000 0.000 -0.846 0.000 1.000]]
		[0.1392405 [0.000 0.000 1.000 0.000 0.000 1.000 0.000 0.000 -1.000 0.000 0.000 0.000 0.000 -0.834 0.000 1.000]]
		[0.1518987 [0.000 0.000 1.000 0.000 0.000 1.000 0.000 0.000 -1.000 0.000 0.000 0.000 0.000 -0.823 0.000 1.000]]
		[0.164557 [0.000 0.000 1.000 0.000 0.000 1.000 0.000 0.000 -1.000 0.000 0.000 0.000 0.000 -0.812 0.000 1.000]]
