{ :name "Attack" :length 1.975 :bones { 
	"Skelet" [
		[ 0 [ 0 1 2 3 ] ]
	]
	"Bedro_L" [
		[ 0 [ 4 5 6 7 ] ]
	]
	"Koleno_L" [
		[ 0 [ 8 9 10 11 ] ]
	]
	"Koleno_L_end" [
		[ 0 [ 0 12 1 13 ] ]
	]
	"Bedro_P" [
		[ 0 [ 14 15 16 17 ] ]
	]
	"Koleno_P" [
		[ 0 [ 8 9 10 11 ] ]
	]
	"Koleno_P_end" [
		[ 0 [ 0 12 1 13 ] ]
	]
	"Tors" [
		[ 0 [ 0 18 19 20 ] ]
		[ 0.025 [ 21 22 23 20 ] ]
		[ 0.05 [ 24 25 26 20 ] ]
		[ 0.075 [ 27 28 29 20 ] ]
		[ 0.1 [ 30 31 32 20 ] ]
		[ 0.125 [ 33 34 35 20 ] ]
		[ 0.15 [ 36 37 38 20 ] ]
		[ 0.175 [ 39 40 41 20 ] ]
		[ 0.2 [ 42 43 44 20 ] ]
		[ 0.225 [ 45 46 47 20 ] ]
		[ 0.25 [ 48 49 50 20 ] ]
		[ 0.275 [ 51 52 53 20 ] ]
		[ 0.3 [ 54 55 56 20 ] ]
		[ 0.325 [ 57 58 59 20 ] ]
		[ 0.35 [ 60 61 62 20 ] ]
		[ 0.375 [ 57 58 63 20 ] ]
		[ 0.4 [ 57 58 59 20 ] ]
		[ 0.425 [ 57 58 63 20 ] ]
		[ 0.45 [ 60 61 62 20 ] ]
		[ 0.475 [ 57 58 63 20 ] ]
		[ 0.5 [ 54 55 64 20 ] ]
		[ 0.525 [ 65 52 66 20 ] ]
		[ 0.55 [ 45 67 68 20 ] ]
		[ 0.575 [ 69 70 71 20 ] ]
		[ 0.6 [ 30 31 32 20 ] ]
		[ 0.625 [ 0 18 19 20 ] ]
		[ 0.65 [ 72 73 74 20 ] ]
		[ 0.675 [ 75 76 77 20 ] ]
		[ 0.7 [ 78 79 80 20 ] ]
		[ 0.725 [ 81 82 83 20 ] ]
		[ 0.75 [ 84 85 86 20 ] ]
		[ 0.775 [ 87 88 89 20 ] ]
		[ 0.8 [ 90 91 92 20 ] ]
		[ 0.825 [ 93 94 95 20 ] ]
		[ 0.85 [ 96 97 98 20 ] ]
		[ 0.875 [ 99 100 101 20 ] ]
		[ 0.9 [ 102 103 104 20 ] ]
		[ 0.925 [ 105 106 107 20 ] ]
		[ 0.95 [ 108 109 110 20 ] ]
		[ 0.975 [ 111 112 113 20 ] ]
		[ 1 [ 114 115 116 20 ] ]
		[ 1.025 [ 117 118 119 20 ] ]
		[ 1.05 [ 120 121 122 20 ] ]
		[ 1.075 [ 123 124 125 20 ] ]
		[ 1.1 [ 126 127 128 20 ] ]
		[ 1.125 [ 129 130 131 20 ] ]
		[ 1.15 [ 132 133 134 20 ] ]
		[ 1.175 [ 135 136 137 20 ] ]
		[ 1.2 [ 138 12 139 20 ] ]
		[ 1.225 [ 140 141 142 20 ] ]
		[ 1.25 [ 143 144 145 20 ] ]
		[ 1.275 [ 146 147 148 20 ] ]
		[ 1.3 [ 149 147 150 20 ] ]
		[ 1.325 [ 143 144 145 20 ] ]
		[ 1.35 [ 151 152 153 20 ] ]
		[ 1.375 [ 154 155 156 20 ] ]
		[ 1.4 [ 157 158 159 20 ] ]
		[ 1.425 [ 160 161 162 20 ] ]
		[ 1.45 [ 138 12 139 20 ] ]
		[ 1.475 [ 138 12 139 20 ] ]
		[ 1.5 [ 138 12 139 20 ] ]
		[ 1.525 [ 138 12 139 20 ] ]
		[ 1.55 [ 138 12 139 20 ] ]
		[ 1.575 [ 163 158 164 20 ] ]
		[ 1.6 [ 165 152 166 20 ] ]
		[ 1.625 [ 167 168 169 20 ] ]
		[ 1.65 [ 170 171 172 20 ] ]
		[ 1.675 [ 173 174 175 20 ] ]
		[ 1.7 [ 176 177 178 20 ] ]
		[ 1.725 [ 179 180 181 20 ] ]
		[ 1.75 [ 182 183 184 20 ] ]
		[ 1.775 [ 138 12 139 20 ] ]
		[ 1.8 [ 185 186 187 20 ] ]
		[ 1.825 [ 188 189 190 20 ] ]
		[ 1.85 [ 191 192 193 20 ] ]
		[ 1.875 [ 194 195 196 20 ] ]
		[ 1.9 [ 197 198 199 20 ] ]
		[ 1.925 [ 200 201 202 20 ] ]
		[ 1.95 [ 203 204 205 20 ] ]
	]
	"Golova" [
		[ 0 [ 0 206 207 208 ] ]
		[ 0.025 [ 209 210 211 208 ] ]
		[ 0.05 [ 212 213 214 208 ] ]
		[ 0.075 [ 215 216 217 208 ] ]
		[ 0.1 [ 218 219 220 208 ] ]
		[ 0.125 [ 72 221 222 208 ] ]
		[ 0.15 [ 223 224 225 208 ] ]
		[ 0.175 [ 226 227 228 208 ] ]
		[ 0.2 [ 229 230 231 208 ] ]
		[ 0.225 [ 232 233 234 208 ] ]
		[ 0.25 [ 235 236 237 208 ] ]
		[ 0.275 [ 75 238 239 208 ] ]
		[ 0.3 [ 240 241 242 208 ] ]
		[ 0.325 [ 243 244 245 208 ] ]
		[ 0.35 [ 246 247 248 208 ] ]
		[ 0.375 [ 243 244 249 208 ] ]
		[ 0.4 [ 243 244 245 208 ] ]
		[ 0.425 [ 243 244 249 208 ] ]
		[ 0.45 [ 246 247 248 208 ] ]
		[ 0.475 [ 243 244 249 208 ] ]
		[ 0.5 [ 240 241 250 208 ] ]
		[ 0.525 [ 251 238 252 208 ] ]
		[ 0.55 [ 232 253 254 208 ] ]
		[ 0.575 [ 255 256 257 208 ] ]
		[ 0.6 [ 218 219 220 208 ] ]
		[ 0.625 [ 0 206 207 208 ] ]
		[ 0.65 [ 33 258 259 208 ] ]
		[ 0.675 [ 51 260 261 208 ] ]
		[ 0.7 [ 262 263 264 208 ] ]
		[ 0.725 [ 265 266 267 208 ] ]
		[ 0.75 [ 268 269 270 208 ] ]
		[ 0.775 [ 271 272 273 208 ] ]
		[ 0.8 [ 274 275 276 208 ] ]
		[ 0.825 [ 277 278 279 208 ] ]
		[ 0.85 [ 280 281 282 208 ] ]
		[ 0.875 [ 283 284 285 208 ] ]
		[ 0.9 [ 286 287 288 208 ] ]
		[ 0.925 [ 289 290 291 208 ] ]
		[ 0.95 [ 139 292 293 208 ] ]
		[ 0.975 [ 294 295 296 208 ] ]
		[ 1 [ 297 298 299 208 ] ]
		[ 1.025 [ 300 301 302 208 ] ]
		[ 1.05 [ 303 304 305 208 ] ]
		[ 1.075 [ 306 307 308 208 ] ]
		[ 1.1 [ 309 310 311 208 ] ]
		[ 1.125 [ 312 313 314 208 ] ]
		[ 1.15 [ 315 316 317 208 ] ]
		[ 1.175 [ 318 319 320 208 ] ]
		[ 1.2 [ 321 12 322 208 ] ]
		[ 1.225 [ 323 324 325 208 ] ]
		[ 1.25 [ 326 327 328 208 ] ]
		[ 1.275 [ 329 330 331 208 ] ]
		[ 1.3 [ 332 330 333 208 ] ]
		[ 1.325 [ 326 327 328 208 ] ]
		[ 1.35 [ 334 335 336 208 ] ]
		[ 1.375 [ 337 338 339 208 ] ]
		[ 1.4 [ 340 341 342 208 ] ]
		[ 1.425 [ 343 161 344 208 ] ]
		[ 1.45 [ 321 12 322 208 ] ]
		[ 1.475 [ 321 12 322 208 ] ]
		[ 1.5 [ 321 12 322 208 ] ]
		[ 1.525 [ 321 12 322 208 ] ]
		[ 1.55 [ 321 12 322 208 ] ]
		[ 1.575 [ 345 341 346 208 ] ]
		[ 1.6 [ 347 335 348 208 ] ]
		[ 1.625 [ 349 350 351 208 ] ]
		[ 1.65 [ 352 353 354 208 ] ]
		[ 1.675 [ 355 356 357 208 ] ]
		[ 1.7 [ 358 359 360 208 ] ]
		[ 1.725 [ 361 362 363 208 ] ]
		[ 1.75 [ 364 365 366 208 ] ]
		[ 1.775 [ 321 12 322 208 ] ]
		[ 1.8 [ 367 368 369 208 ] ]
		[ 1.825 [ 370 371 372 208 ] ]
		[ 1.85 [ 373 374 375 208 ] ]
		[ 1.875 [ 376 377 378 208 ] ]
		[ 1.9 [ 379 380 381 208 ] ]
		[ 1.925 [ 382 383 384 208 ] ]
		[ 1.95 [ 385 386 387 208 ] ]
	]
	"Golova_end" [
		[ 0 [ 0 12 1 388 ] ]
	]
	"Kluchitsa_L" [
		[ 0 [ 1 0 12 389 ] ]
	]
	"Kluchitsa_L_end" [
		[ 0 [ 0 12 1 390 ] ]
	]
	"Kluchitsa_P" [
		[ 0 [ 10 391 12 389 ] ]
	]
	"Kluchitsa_P_end" [
		[ 0 [ 0 12 1 390 ] ]
	]
	"Ruka_L" [
		[ 0 [ 392 393 394 395 ] ]
		[ 0.025 [ 396 397 398 395 ] ]
		[ 0.05 [ 399 400 401 395 ] ]
		[ 0.075 [ 402 403 404 395 ] ]
		[ 0.1 [ 405 406 407 395 ] ]
		[ 0.125 [ 408 409 410 395 ] ]
		[ 0.15 [ 411 412 413 395 ] ]
		[ 0.175 [ 414 415 416 395 ] ]
		[ 0.2 [ 417 418 419 395 ] ]
		[ 0.225 [ 420 421 422 395 ] ]
		[ 0.25 [ 423 424 425 395 ] ]
		[ 0.275 [ 426 427 428 395 ] ]
		[ 0.3 [ 429 430 431 395 ] ]
		[ 0.325 [ 432 433 434 395 ] ]
		[ 0.35 [ 435 436 437 395 ] ]
		[ 0.375 [ 438 439 440 395 ] ]
		[ 0.4 [ 438 441 442 395 ] ]
		[ 0.425 [ 438 443 442 395 ] ]
		[ 0.45 [ 435 436 437 395 ] ]
		[ 0.475 [ 438 443 442 395 ] ]
		[ 0.5 [ 444 445 446 395 ] ]
		[ 0.525 [ 447 448 449 395 ] ]
		[ 0.55 [ 450 451 452 395 ] ]
		[ 0.575 [ 453 454 455 395 ] ]
		[ 0.6 [ 456 457 458 395 ] ]
		[ 0.625 [ 392 393 394 395 ] ]
		[ 0.65 [ 459 460 461 395 ] ]
		[ 0.675 [ 462 463 464 395 ] ]
		[ 0.7 [ 465 466 467 395 ] ]
		[ 0.725 [ 468 469 470 395 ] ]
		[ 0.75 [ 471 472 473 395 ] ]
		[ 0.775 [ 474 475 476 395 ] ]
		[ 0.8 [ 477 478 479 395 ] ]
		[ 0.825 [ 480 481 482 395 ] ]
		[ 0.85 [ 483 484 485 395 ] ]
		[ 0.875 [ 486 487 488 395 ] ]
		[ 0.9 [ 489 490 491 395 ] ]
		[ 0.925 [ 492 493 494 395 ] ]
		[ 0.95 [ 0 495 496 395 ] ]
		[ 0.975 [ 497 498 499 395 ] ]
		[ 1 [ 500 501 502 395 ] ]
		[ 1.025 [ 503 504 505 395 ] ]
		[ 1.05 [ 506 507 508 395 ] ]
		[ 1.075 [ 509 510 511 395 ] ]
		[ 1.1 [ 512 513 514 395 ] ]
		[ 1.125 [ 515 516 517 395 ] ]
		[ 1.15 [ 518 519 520 395 ] ]
		[ 1.175 [ 315 521 522 395 ] ]
		[ 1.2 [ 321 108 12 395 ] ]
		[ 1.225 [ 523 524 525 395 ] ]
		[ 1.25 [ 526 527 528 395 ] ]
		[ 1.275 [ 529 530 531 395 ] ]
		[ 1.3 [ 532 533 534 395 ] ]
		[ 1.325 [ 535 536 537 395 ] ]
		[ 1.35 [ 538 539 540 395 ] ]
		[ 1.375 [ 326 541 542 395 ] ]
		[ 1.4 [ 543 544 545 395 ] ]
		[ 1.425 [ 546 547 548 395 ] ]
		[ 1.45 [ 321 108 12 395 ] ]
		[ 1.475 [ 321 549 550 395 ] ]
		[ 1.5 [ 321 551 552 395 ] ]
		[ 1.525 [ 321 553 554 395 ] ]
		[ 1.55 [ 321 108 12 395 ] ]
		[ 1.575 [ 555 556 557 395 ] ]
		[ 1.6 [ 558 559 560 395 ] ]
		[ 1.625 [ 561 562 563 395 ] ]
		[ 1.65 [ 564 565 566 395 ] ]
		[ 1.675 [ 567 568 569 395 ] ]
		[ 1.7 [ 570 571 572 395 ] ]
		[ 1.725 [ 573 574 575 395 ] ]
		[ 1.75 [ 576 577 578 395 ] ]
		[ 1.775 [ 321 579 580 395 ] ]
		[ 1.8 [ 581 582 583 395 ] ]
		[ 1.825 [ 584 585 586 395 ] ]
		[ 1.85 [ 587 588 589 395 ] ]
		[ 1.875 [ 590 591 592 395 ] ]
		[ 1.9 [ 593 594 595 395 ] ]
		[ 1.925 [ 596 597 598 395 ] ]
		[ 1.95 [ 599 600 601 395 ] ]
	]
	"Lokot_L" [
		[ 0 [ 12 391 1 602 ] ]
		[ 0.025 [ 603 604 1 602 ] ]
		[ 0.05 [ 605 606 1 602 ] ]
		[ 0.075 [ 607 608 1 602 ] ]
		[ 0.1 [ 609 610 1 602 ] ]
		[ 0.125 [ 611 612 1 602 ] ]
		[ 0.15 [ 613 614 1 602 ] ]
		[ 0.175 [ 615 616 1 602 ] ]
		[ 0.2 [ 617 618 1 602 ] ]
		[ 0.225 [ 619 620 1 602 ] ]
		[ 0.25 [ 621 622 1 602 ] ]
		[ 0.275 [ 623 624 1 602 ] ]
		[ 0.3 [ 625 626 1 602 ] ]
		[ 0.325 [ 627 628 1 602 ] ]
		[ 0.35 [ 629 630 1 602 ] ]
		[ 0.375 [ 631 632 1 602 ] ]
		[ 0.4 [ 627 628 1 602 ] ]
		[ 0.425 [ 633 634 1 602 ] ]
		[ 0.45 [ 631 632 1 602 ] ]
		[ 0.475 [ 633 634 1 602 ] ]
		[ 0.5 [ 625 626 1 602 ] ]
		[ 0.525 [ 635 636 1 602 ] ]
		[ 0.55 [ 637 638 1 602 ] ]
		[ 0.575 [ 639 640 1 602 ] ]
		[ 0.6 [ 641 642 1 602 ] ]
		[ 0.625 [ 12 391 1 602 ] ]
		[ 0.65 [ 643 644 1 602 ] ]
		[ 0.675 [ 645 646 1 602 ] ]
		[ 0.7 [ 647 648 1 602 ] ]
		[ 0.725 [ 649 650 1 602 ] ]
		[ 0.75 [ 651 652 1 602 ] ]
		[ 0.775 [ 653 654 1 602 ] ]
		[ 0.8 [ 655 656 1 602 ] ]
		[ 0.825 [ 657 658 1 602 ] ]
		[ 0.85 [ 659 660 1 602 ] ]
		[ 0.875 [ 661 662 1 602 ] ]
		[ 0.9 [ 663 664 1 602 ] ]
		[ 0.925 [ 665 666 1 602 ] ]
		[ 0.95 [ 0 12 1 602 ] ]
		[ 0.975 [ 667 668 1 602 ] ]
		[ 1 [ 669 670 1 602 ] ]
		[ 1.025 [ 671 672 1 602 ] ]
		[ 1.05 [ 673 674 1 602 ] ]
		[ 1.075 [ 675 676 1 602 ] ]
		[ 1.1 [ 677 678 1 602 ] ]
		[ 1.125 [ 679 680 1 602 ] ]
		[ 1.15 [ 681 682 1 602 ] ]
		[ 1.175 [ 683 684 1 602 ] ]
		[ 1.2 [ 0 12 1 602 ] ]
		[ 1.225 [ 0 12 1 602 ] ]
		[ 1.25 [ 0 12 1 602 ] ]
		[ 1.275 [ 0 12 1 602 ] ]
		[ 1.3 [ 0 12 1 602 ] ]
		[ 1.325 [ 0 12 1 602 ] ]
		[ 1.35 [ 0 12 1 602 ] ]
		[ 1.375 [ 0 12 1 602 ] ]
		[ 1.4 [ 0 12 1 602 ] ]
		[ 1.425 [ 0 12 1 602 ] ]
		[ 1.45 [ 0 12 1 602 ] ]
		[ 1.475 [ 0 12 1 602 ] ]
		[ 1.5 [ 0 12 1 602 ] ]
		[ 1.525 [ 0 12 1 602 ] ]
		[ 1.55 [ 0 12 1 602 ] ]
		[ 1.575 [ 685 686 1 602 ] ]
		[ 1.6 [ 687 688 1 602 ] ]
		[ 1.625 [ 689 690 1 602 ] ]
		[ 1.65 [ 691 692 1 602 ] ]
		[ 1.675 [ 693 694 1 602 ] ]
		[ 1.7 [ 695 696 1 602 ] ]
		[ 1.725 [ 697 698 1 602 ] ]
		[ 1.75 [ 669 670 1 602 ] ]
		[ 1.775 [ 0 12 1 602 ] ]
		[ 1.8 [ 699 700 1 602 ] ]
		[ 1.825 [ 661 662 1 602 ] ]
		[ 1.85 [ 701 702 1 602 ] ]
		[ 1.875 [ 703 704 1 602 ] ]
		[ 1.9 [ 705 706 1 602 ] ]
		[ 1.925 [ 707 708 1 602 ] ]
		[ 1.95 [ 709 710 1 602 ] ]
	]
	"Lokot_L_end" [
		[ 0 [ 0 12 1 711 ] ]
	]
	"Ruka_P" [
		[ 0 [ 712 713 714 715 ] ]
		[ 0.025 [ 716 717 718 715 ] ]
		[ 0.05 [ 719 720 721 715 ] ]
		[ 0.075 [ 722 723 724 715 ] ]
		[ 0.1 [ 725 726 727 715 ] ]
		[ 0.125 [ 728 729 730 715 ] ]
		[ 0.15 [ 731 732 733 715 ] ]
		[ 0.175 [ 734 735 736 715 ] ]
		[ 0.2 [ 737 738 739 715 ] ]
		[ 0.225 [ 740 741 742 715 ] ]
		[ 0.25 [ 743 744 745 715 ] ]
		[ 0.275 [ 746 747 748 715 ] ]
		[ 0.3 [ 749 750 751 715 ] ]
		[ 0.325 [ 752 753 754 715 ] ]
		[ 0.35 [ 755 756 757 715 ] ]
		[ 0.375 [ 758 759 760 715 ] ]
		[ 0.4 [ 761 762 763 715 ] ]
		[ 0.425 [ 764 765 766 715 ] ]
		[ 0.45 [ 767 768 769 715 ] ]
		[ 0.475 [ 770 771 772 715 ] ]
		[ 0.5 [ 773 774 775 715 ] ]
		[ 0.525 [ 776 777 778 715 ] ]
		[ 0.55 [ 779 780 781 715 ] ]
		[ 0.575 [ 782 783 784 715 ] ]
		[ 0.6 [ 785 786 787 715 ] ]
		[ 0.625 [ 712 713 714 715 ] ]
		[ 0.65 [ 788 789 790 715 ] ]
		[ 0.675 [ 791 792 793 715 ] ]
		[ 0.7 [ 794 795 796 715 ] ]
		[ 0.725 [ 797 798 799 715 ] ]
		[ 0.75 [ 800 801 802 715 ] ]
		[ 0.775 [ 803 804 805 715 ] ]
		[ 0.8 [ 806 807 808 715 ] ]
		[ 0.825 [ 809 810 811 715 ] ]
		[ 0.85 [ 812 813 814 715 ] ]
		[ 0.875 [ 815 816 817 715 ] ]
		[ 0.9 [ 818 819 820 715 ] ]
		[ 0.925 [ 821 822 823 715 ] ]
		[ 0.95 [ 824 825 826 715 ] ]
		[ 0.975 [ 827 828 829 715 ] ]
		[ 1 [ 830 831 832 715 ] ]
		[ 1.025 [ 833 834 835 715 ] ]
		[ 1.05 [ 836 837 838 715 ] ]
		[ 1.075 [ 839 840 841 715 ] ]
		[ 1.1 [ 842 843 844 715 ] ]
		[ 1.125 [ 845 846 847 715 ] ]
		[ 1.15 [ 848 849 850 715 ] ]
		[ 1.175 [ 851 852 853 715 ] ]
		[ 1.2 [ 854 855 2 715 ] ]
		[ 1.225 [ 856 857 858 715 ] ]
		[ 1.25 [ 859 860 861 715 ] ]
		[ 1.275 [ 862 863 864 715 ] ]
		[ 1.3 [ 865 866 867 715 ] ]
		[ 1.325 [ 868 869 870 715 ] ]
		[ 1.35 [ 871 872 873 715 ] ]
		[ 1.375 [ 874 875 876 715 ] ]
		[ 1.4 [ 877 878 879 715 ] ]
		[ 1.425 [ 880 881 882 715 ] ]
		[ 1.45 [ 854 855 2 715 ] ]
		[ 1.475 [ 883 884 885 715 ] ]
		[ 1.5 [ 886 887 888 715 ] ]
		[ 1.525 [ 889 890 891 715 ] ]
		[ 1.55 [ 892 893 894 715 ] ]
		[ 1.575 [ 895 896 897 715 ] ]
		[ 1.6 [ 898 899 900 715 ] ]
		[ 1.625 [ 901 902 903 715 ] ]
		[ 1.65 [ 904 905 906 715 ] ]
		[ 1.675 [ 907 908 909 715 ] ]
		[ 1.7 [ 910 911 912 715 ] ]
		[ 1.725 [ 913 914 915 715 ] ]
		[ 1.75 [ 916 917 918 715 ] ]
		[ 1.775 [ 892 893 894 715 ] ]
		[ 1.8 [ 919 920 921 715 ] ]
		[ 1.825 [ 922 923 924 715 ] ]
		[ 1.85 [ 925 926 927 715 ] ]
		[ 1.875 [ 928 929 930 715 ] ]
		[ 1.9 [ 931 932 933 715 ] ]
		[ 1.925 [ 934 935 936 715 ] ]
		[ 1.95 [ 937 938 939 715 ] ]
	]
	"Lokot_P" [
		[ 0 [ 940 941 1 602 ] ]
		[ 0.025 [ 942 943 1 602 ] ]
		[ 0.05 [ 944 945 1 602 ] ]
		[ 0.075 [ 946 947 1 602 ] ]
		[ 0.1 [ 948 949 1 602 ] ]
		[ 0.125 [ 950 951 1 602 ] ]
		[ 0.15 [ 952 953 1 602 ] ]
		[ 0.175 [ 954 955 1 602 ] ]
		[ 0.2 [ 956 957 1 602 ] ]
		[ 0.225 [ 958 959 1 602 ] ]
		[ 0.25 [ 960 961 1 602 ] ]
		[ 0.275 [ 962 963 1 602 ] ]
		[ 0.3 [ 964 965 1 602 ] ]
		[ 0.325 [ 966 967 1 602 ] ]
		[ 0.35 [ 968 969 1 602 ] ]
		[ 0.375 [ 970 971 1 602 ] ]
		[ 0.4 [ 972 973 1 602 ] ]
		[ 0.425 [ 974 975 1 602 ] ]
		[ 0.45 [ 976 977 1 602 ] ]
		[ 0.475 [ 978 979 1 602 ] ]
		[ 0.5 [ 637 638 1 602 ] ]
		[ 0.525 [ 980 981 1 602 ] ]
		[ 0.55 [ 982 983 1 602 ] ]
		[ 0.575 [ 984 985 1 602 ] ]
		[ 0.6 [ 986 987 1 602 ] ]
		[ 0.625 [ 940 941 1 602 ] ]
		[ 0.65 [ 988 989 1 602 ] ]
		[ 0.675 [ 990 991 1 602 ] ]
		[ 0.7 [ 992 993 1 602 ] ]
		[ 0.725 [ 994 995 1 602 ] ]
		[ 0.75 [ 996 997 1 602 ] ]
		[ 0.775 [ 998 999 1 602 ] ]
		[ 0.8 [ 1000 1001 1 602 ] ]
		[ 0.825 [ 1002 1003 1 602 ] ]
		[ 0.85 [ 1004 1005 1 602 ] ]
		[ 0.875 [ 1006 1007 1 602 ] ]
		[ 0.9 [ 1008 1009 1 602 ] ]
		[ 0.925 [ 1010 1011 1 602 ] ]
		[ 0.95 [ 940 941 1 602 ] ]
		[ 0.975 [ 1012 1013 1 602 ] ]
		[ 1 [ 1014 1015 1 602 ] ]
		[ 1.025 [ 1016 1017 1 602 ] ]
		[ 1.05 [ 1018 1019 1 602 ] ]
		[ 1.075 [ 9 8 1 602 ] ]
		[ 1.1 [ 1020 1021 1 602 ] ]
		[ 1.125 [ 1022 1023 1 602 ] ]
		[ 1.15 [ 1024 1025 1 602 ] ]
		[ 1.175 [ 1026 1027 1 602 ] ]
		[ 1.2 [ 1028 1029 1 602 ] ]
		[ 1.225 [ 1030 1031 1 602 ] ]
		[ 1.25 [ 1032 1033 1 602 ] ]
		[ 1.275 [ 1034 1035 1 602 ] ]
		[ 1.3 [ 1036 1037 1 602 ] ]
		[ 1.325 [ 1038 1039 1 602 ] ]
		[ 1.35 [ 1014 1015 1 602 ] ]
		[ 1.375 [ 1040 1041 1 602 ] ]
		[ 1.4 [ 1042 1043 1 602 ] ]
		[ 1.425 [ 9 8 1 602 ] ]
		[ 1.45 [ 1028 1029 1 602 ] ]
		[ 1.475 [ 1044 1045 1 602 ] ]
		[ 1.5 [ 1046 1047 1 602 ] ]
		[ 1.525 [ 1048 1049 1 602 ] ]
		[ 1.55 [ 1050 1051 1 602 ] ]
		[ 1.575 [ 1052 1053 1 602 ] ]
		[ 1.6 [ 1054 1055 1 602 ] ]
		[ 1.625 [ 1056 1057 1 602 ] ]
		[ 1.65 [ 1058 1059 1 602 ] ]
		[ 1.675 [ 1060 1061 1 602 ] ]
		[ 1.7 [ 1062 1063 1 602 ] ]
		[ 1.725 [ 1064 1065 1 602 ] ]
		[ 1.75 [ 1066 1067 1 602 ] ]
		[ 1.775 [ 1050 1051 1 602 ] ]
		[ 1.8 [ 976 977 1 602 ] ]
		[ 1.825 [ 1068 1069 1 602 ] ]
		[ 1.85 [ 1070 1071 1 602 ] ]
		[ 1.875 [ 1072 1073 1 602 ] ]
		[ 1.9 [ 1074 1075 1 602 ] ]
		[ 1.925 [ 1076 1077 1 602 ] ]
		[ 1.95 [ 1078 1079 1 602 ] ]
	]
	"Lokot_P_end" [
		[ 0 [ 0 12 1 711 ] ]
	]
	"Luchnik" [
		[ 0 [ 1080 1081 1082 1082 ] ]
	]
	"Weapon" [
		[ 0 [ 1080 1081 1082 3 ] ]
	]
	"Kolchan" [
		[ 0 [ 1083 1084 1085 1086 ] ]
		[ 0.025 [ 1083 1087 1088 1089 ] ]
		[ 0.05 [ 1090 1087 1091 1092 ] ]
		[ 0.075 [ 1090 1093 1094 1092 ] ]
		[ 0.1 [ 1090 1093 1095 1096 ] ]
		[ 0.125 [ 1097 1098 1099 1100 ] ]
		[ 0.15 [ 1097 1098 1101 1102 ] ]
		[ 0.175 [ 1097 1103 1104 1105 ] ]
		[ 0.2 [ 1106 1103 1107 1108 ] ]
		[ 0.225 [ 1106 1109 1110 1111 ] ]
		[ 0.25 [ 1106 1109 1112 1113 ] ]
		[ 0.275 [ 1114 1115 1116 1117 ] ]
		[ 0.3 [ 1114 1118 1119 1120 ] ]
		[ 0.325 [ 1114 1118 1119 1120 ] ]
		[ 0.35 [ 1114 1118 1119 1120 ] ]
		[ 0.375 [ 1114 1118 1119 1120 ] ]
		[ 0.4 [ 1114 1118 1119 1120 ] ]
		[ 0.425 [ 1114 1118 1119 1120 ] ]
		[ 0.45 [ 1114 1118 1119 1120 ] ]
		[ 0.475 [ 1114 1118 1119 1120 ] ]
		[ 0.5 [ 1114 1118 1119 1120 ] ]
		[ 0.525 [ 1106 1121 1116 1117 ] ]
		[ 0.55 [ 1106 1109 1110 1111 ] ]
		[ 0.575 [ 1097 1103 1122 1105 ] ]
		[ 0.6 [ 1090 1123 1095 1124 ] ]
		[ 0.625 [ 1083 1084 1085 1086 ] ]
		[ 0.65 [ 1125 1126 1127 1128 ] ]
		[ 0.675 [ 1129 1130 1131 1132 ] ]
		[ 0.7 [ 1133 1134 1135 1136 ] ]
		[ 0.725 [ 1137 1138 1139 1140 ] ]
		[ 0.75 [ 1141 1142 1143 1144 ] ]
		[ 0.775 [ 1145 1146 1147 1148 ] ]
		[ 0.8 [ 1149 1150 1151 1152 ] ]
		[ 0.825 [ 1153 1154 1155 1156 ] ]
		[ 0.85 [ 1157 1158 1159 1160 ] ]
		[ 0.875 [ 1161 1162 1163 1164 ] ]
		[ 0.9 [ 1165 1166 1167 1168 ] ]
		[ 0.925 [ 1169 1170 1171 1172 ] ]
		[ 0.95 [ 1173 1174 1175 1176 ] ]
		[ 0.975 [ 1177 1178 1179 1180 ] ]
		[ 1 [ 1181 1182 1183 1184 ] ]
		[ 1.025 [ 1185 1186 1187 1188 ] ]
		[ 1.05 [ 1189 1190 1191 1192 ] ]
		[ 1.075 [ 1193 1194 1195 1196 ] ]
		[ 1.1 [ 1197 1198 1199 1200 ] ]
		[ 1.125 [ 1201 1202 1203 1204 ] ]
		[ 1.15 [ 1205 1206 1207 1208 ] ]
		[ 1.175 [ 1209 1210 1211 1212 ] ]
		[ 1.2 [ 1213 1214 1215 1216 ] ]
		[ 1.225 [ 1217 1218 1219 1220 ] ]
		[ 1.25 [ 1221 1222 1223 1224 ] ]
		[ 1.275 [ 1225 1226 1227 1228 ] ]
		[ 1.3 [ 1221 1226 1229 1228 ] ]
		[ 1.325 [ 1221 1222 1223 1230 ] ]
		[ 1.35 [ 1231 1218 1232 1233 ] ]
		[ 1.375 [ 1234 1235 1236 1237 ] ]
		[ 1.4 [ 1238 1235 1239 1240 ] ]
		[ 1.425 [ 1213 1214 1241 1216 ] ]
		[ 1.45 [ 1213 1214 1215 1216 ] ]
		[ 1.475 [ 1213 1214 1215 1216 ] ]
		[ 1.5 [ 1213 1214 1215 1216 ] ]
		[ 1.525 [ 1213 1214 1215 1216 ] ]
		[ 1.55 [ 1213 1214 1215 1216 ] ]
		[ 1.575 [ 1238 1214 1239 1242 ] ]
		[ 1.6 [ 1217 1218 1232 1220 ] ]
		[ 1.625 [ 1225 1226 1243 1244 ] ]
		[ 1.65 [ 1245 1246 1247 1248 ] ]
		[ 1.675 [ 1249 1250 1251 1252 ] ]
		[ 1.7 [ 1249 1253 1254 1255 ] ]
		[ 1.725 [ 1249 1250 1251 1256 ] ]
		[ 1.75 [ 1225 1257 1258 1259 ] ]
		[ 1.775 [ 1213 1214 1215 1216 ] ]
		[ 1.8 [ 1205 1260 1261 1262 ] ]
		[ 1.825 [ 1263 1264 1265 1266 ] ]
		[ 1.85 [ 1267 1268 1269 1270 ] ]
		[ 1.875 [ 1271 1272 1273 1274 ] ]
		[ 1.9 [ 1275 1276 1277 1278 ] ]
		[ 1.925 [ 1153 1279 1280 1156 ] ]
		[ 1.95 [ 1281 1282 1283 1284 ] ]
	]
	"Cylinder" [
		[ 0 [ 1285 1286 1287 1288 ] ]
		[ 0.025 [ 1285 1289 1290 1291 ] ]
		[ 0.05 [ 1292 1293 1294 1295 ] ]
		[ 0.075 [ 1292 1296 1297 1298 ] ]
		[ 0.1 [ 1299 1300 1301 1302 ] ]
		[ 0.125 [ 1299 1303 1304 1305 ] ]
		[ 0.15 [ 1306 1307 1308 1309 ] ]
		[ 0.175 [ 1310 1311 1312 1313 ] ]
		[ 0.2 [ 1314 1315 1316 1317 ] ]
		[ 0.225 [ 1318 1319 1320 1321 ] ]
		[ 0.25 [ 1322 1323 1324 1325 ] ]
		[ 0.275 [ 1322 1326 1327 1328 ] ]
		[ 0.3 [ 1329 1330 1331 1332 ] ]
		[ 0.325 [ 1329 1333 1334 1335 ] ]
		[ 0.35 [ 1329 1333 1336 1337 ] ]
		[ 0.375 [ 1329 1333 1336 1337 ] ]
		[ 0.4 [ 1329 1333 1336 1337 ] ]
		[ 0.425 [ 1329 1333 1336 1337 ] ]
		[ 0.45 [ 1329 1333 1336 1337 ] ]
		[ 0.475 [ 1329 1333 1336 1337 ] ]
		[ 0.5 [ 1329 1330 1331 1332 ] ]
		[ 0.525 [ 1322 1338 1339 1328 ] ]
		[ 0.55 [ 1318 1319 1320 1321 ] ]
		[ 0.575 [ 1310 1311 1340 1341 ] ]
		[ 0.6 [ 1299 1342 1343 1302 ] ]
		[ 0.625 [ 1285 1286 1287 1288 ] ]
		[ 0.65 [ 1344 1345 1346 1347 ] ]
		[ 0.675 [ 1348 1349 1350 1351 ] ]
		[ 0.7 [ 1352 1353 1354 1355 ] ]
		[ 0.725 [ 1356 1357 1358 1359 ] ]
		[ 0.75 [ 1360 1361 1362 1363 ] ]
		[ 0.775 [ 1364 1365 1366 1367 ] ]
		[ 0.8 [ 1368 1369 1370 1371 ] ]
		[ 0.825 [ 1372 1373 1374 1375 ] ]
		[ 0.85 [ 1376 1377 1378 1379 ] ]
		[ 0.875 [ 1380 1381 1382 1383 ] ]
		[ 0.9 [ 1384 1385 1386 1387 ] ]
		[ 0.925 [ 1388 1389 1390 1391 ] ]
		[ 0.95 [ 1392 1393 1394 1395 ] ]
		[ 0.975 [ 1396 1397 1398 1399 ] ]
		[ 1 [ 1400 1401 1402 1403 ] ]
		[ 1.025 [ 1404 1405 1406 1407 ] ]
		[ 1.05 [ 1408 1409 1410 1411 ] ]
		[ 1.075 [ 1412 1413 1414 1415 ] ]
		[ 1.1 [ 1416 1417 1418 1419 ] ]
		[ 1.125 [ 1420 1421 1422 1423 ] ]
		[ 1.15 [ 1424 1425 1426 1427 ] ]
		[ 1.175 [ 1428 1429 1430 1431 ] ]
		[ 1.2 [ 1432 1433 1434 1435 ] ]
		[ 1.225 [ 1436 1437 1438 1439 ] ]
		[ 1.25 [ 1440 1441 1442 1443 ] ]
		[ 1.275 [ 1444 1441 1442 1445 ] ]
		[ 1.3 [ 1444 1441 1442 1445 ] ]
		[ 1.325 [ 1440 1446 1442 1447 ] ]
		[ 1.35 [ 1448 1449 1450 1451 ] ]
		[ 1.375 [ 1452 1437 1453 1454 ] ]
		[ 1.4 [ 1455 1456 1457 1458 ] ]
		[ 1.425 [ 1459 1433 1457 1460 ] ]
		[ 1.45 [ 1432 1433 1434 1435 ] ]
		[ 1.475 [ 1461 1456 1434 1462 ] ]
		[ 1.5 [ 1463 1464 1434 1465 ] ]
		[ 1.525 [ 1466 1464 1467 1468 ] ]
		[ 1.55 [ 1432 1433 1434 1435 ] ]
		[ 1.575 [ 1469 1470 1471 1472 ] ]
		[ 1.6 [ 1473 1474 1475 1476 ] ]
		[ 1.625 [ 1477 1478 1479 1480 ] ]
		[ 1.65 [ 1481 1482 1483 1484 ] ]
		[ 1.675 [ 1485 1486 1487 1488 ] ]
		[ 1.7 [ 1489 1490 1491 1492 ] ]
		[ 1.725 [ 1493 1494 1495 1496 ] ]
		[ 1.75 [ 1497 1498 1499 1500 ] ]
		[ 1.775 [ 1501 1502 1503 1504 ] ]
		[ 1.8 [ 1505 1506 1507 1508 ] ]
		[ 1.825 [ 1509 1510 1511 1512 ] ]
		[ 1.85 [ 1513 1514 1515 1516 ] ]
		[ 1.875 [ 1517 1518 1519 1520 ] ]
		[ 1.9 [ 1521 1522 1523 1524 ] ]
		[ 1.925 [ 1525 1526 1527 1528 ] ]
		[ 1.95 [ 1529 1530 1531 1532 ] ]
	]
	}
	:resources [
		[1.000 0.000 0.000]
		[0.000 0.000 1.000]
		[0.000 -1.000 0.000]
		[0.000 0.000 0.000]
		[0.059 -0.337 0.940]
		[0.163 -0.925 -0.342]
		[0.985 0.174 0.000]
		[0.123 -0.038 0.000]
		[-0.906 0.423 0.000]
		[0.423 0.906 0.000]
		[0.000 0.000 -1.000]
		[0.000 0.532 0.000]
		[0.000 1.000 0.000]
		[0.000 0.578 0.000]
		[0.682 -0.337 0.650]
		[-0.367 -0.925 -0.095]
		[0.633 -0.174 -0.754]
		[-0.123 -0.038 0.000]
		[0.000 0.940 -0.342]
		[0.000 0.342 0.940]
		[0.000 0.130 0.000]
		[1.000 0.000 0.004]
		[0.001 0.939 -0.343]
		[-0.004 0.343 0.939]
		[1.000 0.000 0.009]
		[0.003 0.939 -0.345]
		[-0.009 0.345 0.939]
		[1.000 0.000 0.014]
		[0.005 0.938 -0.346]
		[-0.013 0.346 0.938]
		[1.000 0.000 0.020]
		[0.007 0.937 -0.348]
		[-0.019 0.348 0.937]
		[1.000 0.000 0.025]
		[0.009 0.937 -0.350]
		[-0.024 0.350 0.936]
		[1.000 0.000 0.031]
		[0.011 0.936 -0.352]
		[-0.029 0.352 0.936]
		[0.999 0.000 0.036]
		[0.013 0.935 -0.353]
		[-0.034 0.353 0.935]
		[0.999 0.000 0.042]
		[0.015 0.935 -0.355]
		[-0.039 0.355 0.934]
		[0.999 0.000 0.046]
		[0.017 0.934 -0.356]
		[-0.043 0.357 0.933]
		[0.999 0.000 0.051]
		[0.018 0.934 -0.357]
		[-0.047 0.358 0.933]
		[0.999 0.000 0.054]
		[0.019 0.933 -0.358]
		[-0.051 0.359 0.932]
		[0.998 0.000 0.057]
		[0.021 0.933 -0.359]
		[-0.053 0.360 0.931]
		[0.998 0.000 0.059]
		[0.021 0.933 -0.360]
		[-0.055 0.360 0.931]
		[0.998 0.000 0.060]
		[0.022 0.933 -0.360]
		[-0.056 0.361 0.931]
		[-0.055 0.361 0.931]
		[-0.054 0.360 0.931]
		[0.999 0.000 0.053]
		[-0.050 0.359 0.932]
		[0.016 0.934 -0.356]
		[-0.043 0.356 0.933]
		[0.999 0.000 0.035]
		[0.013 0.936 -0.353]
		[-0.033 0.353 0.935]
		[1.000 0.000 -0.025]
		[-0.008 0.943 -0.334]
		[0.024 0.334 0.942]
		[0.999 0.000 -0.054]
		[-0.018 0.946 -0.324]
		[0.051 0.325 0.944]
		[0.996 0.000 -0.087]
		[-0.027 0.949 -0.313]
		[0.083 0.315 0.946]
		[0.992 0.000 -0.123]
		[-0.037 0.953 -0.301]
		[0.117 0.303 0.946]
		[0.987 0.000 -0.161]
		[-0.047 0.957 -0.287]
		[0.154 0.291 0.944]
		[0.980 0.000 -0.201]
		[-0.056 0.961 -0.272]
		[0.193 0.278 0.941]
		[0.970 0.000 -0.243]
		[-0.064 0.965 -0.256]
		[0.235 0.264 0.936]
		[0.958 0.000 -0.286]
		[-0.071 0.968 -0.239]
		[0.277 0.250 0.928]
		[0.944 0.000 -0.330]
		[-0.077 0.972 -0.222]
		[0.321 0.235 0.918]
		[0.928 0.000 -0.374]
		[-0.082 0.976 -0.204]
		[0.364 0.220 0.905]
		[0.909 0.000 -0.417]
		[-0.085 0.979 -0.186]
		[0.408 0.204 0.890]
		[0.888 0.000 -0.459]
		[-0.087 0.982 -0.168]
		[0.451 0.189 0.872]
		[0.866 0.000 -0.500]
		[-0.087 0.985 -0.150]
		[0.492 0.174 0.853]
		[0.840 0.000 -0.543]
		[-0.085 0.988 -0.132]
		[0.536 0.157 0.830]
		[0.809 0.000 -0.588]
		[-0.082 0.990 -0.112]
		[0.583 0.139 0.801]
		[0.772 0.000 -0.635]
		[-0.076 0.993 -0.092]
		[0.631 0.119 0.767]
		[0.732 0.000 -0.681]
		[-0.067 0.995 -0.073]
		[0.678 0.099 0.728]
		[0.689 0.000 -0.725]
		[-0.057 0.997 -0.054]
		[0.722 0.079 0.687]
		[0.645 0.000 -0.764]
		[-0.045 0.998 -0.038]
		[0.763 0.059 0.644]
		[0.602 0.000 -0.798]
		[-0.033 0.999 -0.025]
		[0.798 0.041 0.601]
		[0.562 0.000 -0.827]
		[-0.020 1.000 -0.014]
		[0.827 0.024 0.562]
		[0.527 0.000 -0.850]
		[-0.009 1.000 -0.006]
		[0.850 0.011 0.527]
		[0.500 0.000 -0.866]
		[0.866 0.000 0.500]
		[0.482 0.000 -0.876]
		[0.006 1.000 0.003]
		[0.876 -0.007 0.482]
		[0.471 0.000 -0.882]
		[0.010 1.000 0.005]
		[0.882 -0.011 0.471]
		[0.466 0.000 -0.885]
		[0.011 1.000 0.006]
		[0.885 -0.013 0.466]
		[0.467 0.000 -0.884]
		[0.884 -0.013 0.467]
		[0.478 0.000 -0.878]
		[0.007 1.000 0.004]
		[0.878 -0.008 0.478]
		[0.486 0.000 -0.874]
		[0.005 1.000 0.003]
		[0.874 -0.005 0.486]
		[0.493 0.000 -0.870]
		[0.002 1.000 0.001]
		[0.870 -0.003 0.493]
		[0.498 0.000 -0.867]
		[0.001 1.000 0.000]
		[0.867 -0.001 0.498]
		[0.494 0.000 -0.869]
		[0.869 -0.002 0.494]
		[0.480 0.000 -0.877]
		[0.877 -0.008 0.480]
		[0.462 0.000 -0.887]
		[0.013 1.000 0.007]
		[0.887 -0.015 0.462]
		[0.443 0.000 -0.897]
		[0.019 1.000 0.010]
		[0.896 -0.022 0.443]
		[0.428 0.000 -0.904]
		[0.024 1.000 0.012]
		[0.903 -0.027 0.428]
		[0.423 0.000 -0.906]
		[0.026 1.000 0.012]
		[0.906 -0.029 0.422]
		[0.430 0.000 -0.903]
		[0.024 1.000 0.011]
		[0.903 -0.026 0.430]
		[0.455 0.000 -0.891]
		[0.015 1.000 0.008]
		[0.891 -0.017 0.454]
		[0.568 0.000 -0.823]
		[-0.022 1.000 -0.015]
		[0.823 0.027 0.568]
		[0.653 0.000 -0.757]
		[-0.047 0.998 -0.041]
		[0.756 0.063 0.652]
		[0.744 0.000 -0.668]
		[-0.070 0.994 -0.078]
		[0.664 0.105 0.740]
		[0.831 0.000 -0.556]
		[-0.085 0.988 -0.126]
		[0.549 0.152 0.822]
		[0.905 0.000 -0.425]
		[-0.086 0.980 -0.182]
		[0.416 0.201 0.887]
		[0.959 0.000 -0.282]
		[-0.071 0.968 -0.241]
		[0.273 0.251 0.929]
		[0.990 0.000 -0.138]
		[-0.041 0.954 -0.296]
		[0.131 0.298 0.945]
		[0.000 0.940 0.342]
		[0.000 -0.342 0.940]
		[0.000 0.596 0.000]
		[1.000 0.000 -0.004]
		[0.001 0.939 0.343]
		[0.004 -0.343 0.939]
		[1.000 0.000 -0.009]
		[0.003 0.939 0.345]
		[0.009 -0.345 0.939]
		[1.000 0.000 -0.014]
		[0.005 0.938 0.346]
		[0.013 -0.346 0.938]
		[1.000 0.000 -0.020]
		[0.007 0.937 0.348]
		[0.019 -0.348 0.937]
		[0.009 0.937 0.350]
		[0.024 -0.350 0.936]
		[1.000 0.000 -0.031]
		[0.011 0.936 0.352]
		[0.029 -0.352 0.936]
		[0.999 0.000 -0.036]
		[0.013 0.935 0.353]
		[0.034 -0.353 0.935]
		[0.999 0.000 -0.042]
		[0.015 0.935 0.355]
		[0.039 -0.355 0.934]
		[0.999 0.000 -0.046]
		[0.017 0.934 0.356]
		[0.043 -0.357 0.933]
		[0.999 0.000 -0.051]
		[0.018 0.934 0.357]
		[0.047 -0.358 0.933]
		[0.019 0.933 0.358]
		[0.051 -0.359 0.932]
		[0.998 0.000 -0.057]
		[0.021 0.933 0.359]
		[0.053 -0.360 0.931]
		[0.998 0.000 -0.059]
		[0.021 0.933 0.360]
		[0.055 -0.360 0.931]
		[0.998 0.000 -0.060]
		[0.022 0.933 0.360]
		[0.056 -0.361 0.931]
		[0.055 -0.361 0.931]
		[0.054 -0.360 0.931]
		[0.999 0.000 -0.053]
		[0.050 -0.359 0.932]
		[0.016 0.934 0.356]
		[0.043 -0.356 0.933]
		[0.999 0.000 -0.035]
		[0.013 0.936 0.353]
		[0.033 -0.353 0.935]
		[-0.008 0.943 0.334]
		[-0.024 -0.334 0.942]
		[-0.018 0.946 0.324]
		[-0.051 -0.325 0.944]
		[0.996 0.000 0.087]
		[-0.027 0.949 0.313]
		[-0.083 -0.315 0.946]
		[0.992 0.000 0.123]
		[-0.037 0.953 0.301]
		[-0.117 -0.303 0.946]
		[0.987 0.000 0.161]
		[-0.047 0.957 0.287]
		[-0.154 -0.291 0.944]
		[0.980 0.000 0.201]
		[-0.056 0.961 0.272]
		[-0.193 -0.278 0.941]
		[0.970 0.000 0.243]
		[-0.064 0.965 0.256]
		[-0.235 -0.264 0.936]
		[0.958 0.000 0.286]
		[-0.071 0.968 0.239]
		[-0.277 -0.250 0.928]
		[0.944 0.000 0.330]
		[-0.077 0.972 0.222]
		[-0.321 -0.235 0.918]
		[0.928 0.000 0.374]
		[-0.082 0.976 0.204]
		[-0.364 -0.220 0.905]
		[0.909 0.000 0.417]
		[-0.085 0.979 0.186]
		[-0.408 -0.204 0.890]
		[0.888 0.000 0.459]
		[-0.087 0.982 0.168]
		[-0.451 -0.189 0.872]
		[-0.087 0.985 0.150]
		[-0.492 -0.174 0.853]
		[0.840 0.000 0.543]
		[-0.085 0.988 0.132]
		[-0.536 -0.157 0.830]
		[0.809 0.000 0.588]
		[-0.082 0.990 0.112]
		[-0.583 -0.139 0.801]
		[0.772 0.000 0.635]
		[-0.076 0.993 0.092]
		[-0.631 -0.119 0.767]
		[0.732 0.000 0.681]
		[-0.067 0.995 0.073]
		[-0.678 -0.099 0.728]
		[0.689 0.000 0.725]
		[-0.057 0.997 0.054]
		[-0.722 -0.079 0.687]
		[0.645 0.000 0.764]
		[-0.045 0.998 0.038]
		[-0.763 -0.059 0.644]
		[0.602 0.000 0.798]
		[-0.033 0.999 0.025]
		[-0.798 -0.041 0.601]
		[0.562 0.000 0.827]
		[-0.020 1.000 0.014]
		[-0.827 -0.024 0.562]
		[0.527 0.000 0.850]
		[-0.009 1.000 0.006]
		[-0.850 -0.011 0.527]
		[0.500 0.000 0.866]
		[-0.866 0.000 0.500]
		[0.482 0.000 0.876]
		[0.006 1.000 -0.003]
		[-0.876 0.007 0.482]
		[0.471 0.000 0.882]
		[0.010 1.000 -0.005]
		[-0.882 0.011 0.471]
		[0.466 0.000 0.885]
		[0.011 1.000 -0.006]
		[-0.885 0.013 0.466]
		[0.467 0.000 0.884]
		[-0.884 0.013 0.467]
		[0.478 0.000 0.878]
		[0.007 1.000 -0.004]
		[-0.878 0.008 0.478]
		[0.486 0.000 0.874]
		[0.005 1.000 -0.003]
		[-0.874 0.005 0.486]
		[0.493 0.000 0.870]
		[0.002 1.000 -0.001]
		[-0.870 0.003 0.493]
		[0.498 0.000 0.867]
		[-0.867 0.001 0.498]
		[0.494 0.000 0.869]
		[-0.869 0.002 0.494]
		[0.480 0.000 0.877]
		[-0.877 0.008 0.480]
		[0.462 0.000 0.887]
		[0.013 1.000 -0.007]
		[-0.887 0.015 0.462]
		[0.443 0.000 0.897]
		[0.019 1.000 -0.010]
		[-0.896 0.022 0.443]
		[0.428 0.000 0.904]
		[0.024 1.000 -0.012]
		[-0.903 0.027 0.428]
		[0.423 0.000 0.906]
		[0.026 1.000 -0.012]
		[-0.906 0.029 0.422]
		[0.430 0.000 0.903]
		[0.024 1.000 -0.011]
		[-0.903 0.026 0.430]
		[0.455 0.000 0.891]
		[0.015 1.000 -0.008]
		[-0.891 0.017 0.454]
		[0.568 0.000 0.823]
		[-0.022 1.000 0.015]
		[-0.823 -0.027 0.568]
		[0.653 0.000 0.757]
		[-0.047 0.998 0.041]
		[-0.756 -0.063 0.652]
		[0.744 0.000 0.668]
		[-0.070 0.994 0.078]
		[-0.664 -0.105 0.740]
		[0.831 0.000 0.556]
		[-0.085 0.988 0.126]
		[-0.549 -0.152 0.822]
		[0.905 0.000 0.425]
		[-0.086 0.980 0.182]
		[-0.416 -0.201 0.887]
		[0.959 0.000 0.282]
		[-0.071 0.968 0.241]
		[-0.273 -0.251 0.929]
		[0.990 0.000 0.138]
		[-0.041 0.954 0.296]
		[-0.131 -0.298 0.945]
		[0.000 0.315 0.000]
		[0.000 0.470 0.000]
		[0.000 0.300 0.000]
		[-1.000 0.000 0.000]
		[-0.040 0.557 0.830]
		[0.580 -0.663 0.473]
		[0.814 0.500 -0.296]
		[0.279 0.394 -0.035]
		[-0.049 0.562 0.826]
		[0.572 -0.662 0.484]
		[0.819 0.496 -0.289]
		[-0.060 0.568 0.821]
		[0.563 -0.660 0.497]
		[0.824 0.492 -0.280]
		[-0.071 0.574 0.816]
		[0.553 -0.658 0.511]
		[0.830 0.488 -0.271]
		[-0.082 0.580 0.810]
		[0.543 -0.656 0.525]
		[0.836 0.483 -0.261]
		[-0.093 0.587 0.804]
		[0.532 -0.653 0.539]
		[0.842 0.478 -0.251]
		[-0.105 0.594 0.798]
		[0.520 -0.651 0.553]
		[0.848 0.473 -0.241]
		[-0.115 0.600 0.792]
		[0.509 -0.649 0.566]
		[0.853 0.468 -0.231]
		[-0.125 0.606 0.785]
		[0.498 -0.646 0.578]
		[0.858 0.464 -0.221]
		[-0.134 0.612 0.779]
		[0.488 -0.644 0.590]
		[0.863 0.459 -0.212]
		[-0.142 0.617 0.774]
		[0.478 -0.642 0.600]
		[0.867 0.455 -0.204]
		[-0.149 0.621 0.769]
		[0.470 -0.640 0.608]
		[0.870 0.452 -0.197]
		[-0.154 0.625 0.766]
		[0.464 -0.639 0.614]
		[0.872 0.450 -0.191]
		[-0.157 0.627 0.763]
		[0.459 -0.638 0.618]
		[0.874 0.448 -0.188]
		[-0.159 0.628 0.762]
		[0.458 -0.637 0.620]
		[0.875 0.447 -0.186]
		[-0.158 0.627 0.763]
		[0.458 -0.637 0.619]
		[0.875 0.448 -0.187]
		[0.459 -0.638 0.619]
		[0.874 0.448 -0.187]
		[0.459 -0.637 0.619]
		[-0.155 0.625 0.765]
		[0.463 -0.638 0.615]
		[0.873 0.449 -0.191]
		[-0.147 0.620 0.771]
		[0.472 -0.640 0.605]
		[0.869 0.453 -0.199]
		[-0.134 0.612 0.780]
		[0.488 -0.644 0.589]
		[0.862 0.459 -0.212]
		[-0.113 0.599 0.793]
		[0.511 -0.649 0.564]
		[0.852 0.469 -0.232]
		[-0.083 0.581 0.810]
		[0.542 -0.656 0.526]
		[0.836 0.482 -0.260]
		[0.025 0.524 0.851]
		[0.625 -0.673 0.396]
		[0.780 0.522 -0.345]
		[0.119 0.484 0.867]
		[0.670 -0.683 0.290]
		[0.733 0.546 -0.406]
		[0.236 0.437 0.868]
		[0.704 -0.693 0.158]
		[0.670 0.573 -0.471]
		[0.369 0.386 0.846]
		[0.715 -0.699 0.006]
		[0.593 0.603 -0.534]
		[0.510 0.331 0.794]
		[0.697 -0.700 -0.156]
		[0.505 0.633 -0.587]
		[0.645 0.274 0.713]
		[0.645 -0.695 -0.316]
		[0.409 0.664 -0.626]
		[0.765 0.219 0.606]
		[0.563 -0.684 -0.464]
		[0.313 0.696 -0.647]
		[0.861 0.166 0.480]
		[0.457 -0.666 -0.589]
		[0.222 0.727 -0.650]
		[0.930 0.119 0.349]
		[0.340 -0.642 -0.688]
		[0.142 0.758 -0.637]
		[0.972 0.077 0.223]
		[0.223 -0.612 -0.759]
		[0.078 0.787 -0.612]
		[0.992 0.043 0.117]
		[0.120 -0.577 -0.808]
		[0.032 0.815 -0.578]
		[0.999 0.018 0.039]
		[0.043 -0.540 -0.841]
		[0.007 0.842 -0.540]
		[0.000 -0.500 -0.866]
		[0.000 0.866 -0.500]
		[1.000 -0.010 0.010]
		[0.004 -0.456 -0.890]
		[0.013 0.890 -0.456]
		[0.998 -0.014 0.068]
		[0.056 -0.406 -0.912]
		[0.040 0.914 -0.404]
		[0.986 -0.014 0.163]
		[0.148 -0.351 -0.925]
		[0.070 0.936 -0.344]
		[0.958 -0.011 0.285]
		[0.269 -0.293 -0.917]
		[0.094 0.956 -0.278]
		[0.908 -0.008 0.419]
		[0.406 -0.234 -0.884]
		[0.105 0.972 -0.210]
		[0.835 -0.005 0.550]
		[0.541 -0.177 -0.822]
		[0.101 0.984 -0.145]
		[0.745 -0.002 0.667]
		[0.662 -0.122 -0.739]
		[0.083 0.993 -0.090]
		[0.649 -0.001 0.761]
		[0.759 -0.073 -0.647]
		[0.056 0.997 -0.047]
		[0.826 -0.032 -0.562]
		[0.026 0.999 -0.018]
		[0.463 0.000 0.886]
		[0.886 0.021 -0.463]
		[-0.019 1.000 0.010]
		[0.441 0.000 0.898]
		[0.897 0.034 -0.441]
		[-0.030 0.999 0.015]
		[0.432 0.000 0.902]
		[0.901 0.038 -0.432]
		[-0.035 0.999 0.017]
		[0.433 0.000 0.901]
		[0.901 0.038 -0.433]
		[-0.034 0.999 0.016]
		[0.442 0.000 0.897]
		[0.896 0.033 -0.442]
		[-0.029 0.999 0.014]
		[0.456 0.000 0.890]
		[0.890 0.025 -0.456]
		[-0.022 1.000 0.011]
		[0.882 0.016 -0.471]
		[-0.015 1.000 0.008]
		[0.485 0.000 0.874]
		[0.874 0.008 -0.485]
		[-0.007 1.000 0.004]
		[0.496 0.000 0.868]
		[0.868 0.002 -0.496]
		[-0.002 1.000 0.001]
		[0.866 0.011 -0.500]
		[-0.009 1.000 0.005]
		[0.866 0.029 -0.500]
		[-0.025 1.000 0.015]
		[0.866 0.033 -0.500]
		[-0.028 0.999 0.016]
		[0.505 0.000 0.863]
		[0.861 -0.076 -0.503]
		[0.066 0.997 -0.038]
		[0.516 -0.003 0.857]
		[0.842 -0.181 -0.508]
		[0.157 0.983 -0.091]
		[0.530 -0.009 0.848]
		[0.806 -0.305 -0.507]
		[0.263 0.952 -0.155]
		[0.542 -0.019 0.840]
		[0.752 -0.436 -0.495]
		[0.375 0.900 -0.222]
		[0.549 -0.030 0.835]
		[0.682 -0.561 -0.469]
		[0.482 0.828 -0.287]
		[0.549 -0.039 0.835]
		[0.605 -0.671 -0.429]
		[0.577 0.741 -0.344]
		[0.540 -0.040 0.841]
		[0.530 -0.760 -0.377]
		[0.654 0.649 -0.389]
		[0.524 -0.028 0.851]
		[0.469 -0.825 -0.316]
		[0.711 0.564 -0.419]
		[0.433 -0.866 -0.250]
		[0.750 0.500 -0.433]
		[0.466 0.048 0.884]
		[0.428 -0.886 -0.178]
		[0.774 0.461 -0.433]
		[0.420 0.112 0.901]
		[0.446 -0.890 -0.097]
		[0.790 0.442 -0.424]
		[0.362 0.188 0.913]
		[0.478 -0.878 -0.009]
		[0.800 0.440 -0.407]
		[0.291 0.269 0.918]
		[0.516 -0.852 0.086]
		[0.806 0.449 -0.386]
		[0.209 0.350 0.913]
		[0.551 -0.814 0.185]
		[0.808 0.464 -0.363]
		[0.122 0.426 0.896]
		[0.575 -0.766 0.286]
		[0.809 0.481 -0.339]
		[0.036 0.495 0.868]
		[0.586 -0.714 0.383]
		[0.810 0.494 -0.316]
		[0.000 0.316 0.000]
		[-0.013 1.000 0.000]
		[-1.000 -0.013 0.000]
		[-0.027 1.000 0.000]
		[-1.000 -0.027 0.000]
		[-0.043 0.999 0.000]
		[-0.999 -0.043 0.000]
		[-0.059 0.998 0.000]
		[-0.998 -0.059 0.000]
		[-0.076 0.997 0.000]
		[-0.997 -0.076 0.000]
		[-0.093 0.996 0.000]
		[-0.996 -0.093 0.000]
		[-0.109 0.994 0.000]
		[-0.994 -0.109 0.000]
		[-0.124 0.992 0.000]
		[-0.992 -0.124 0.000]
		[-0.139 0.990 0.000]
		[-0.990 -0.139 0.000]
		[-0.151 0.988 0.000]
		[-0.988 -0.151 0.000]
		[-0.162 0.987 0.000]
		[-0.987 -0.162 0.000]
		[-0.171 0.985 0.000]
		[-0.985 -0.171 0.000]
		[-0.176 0.984 0.000]
		[-0.984 -0.176 0.000]
		[-0.179 0.984 0.000]
		[-0.984 -0.179 0.000]
		[-0.178 0.984 0.000]
		[-0.984 -0.178 0.000]
		[-0.177 0.984 0.000]
		[-0.984 -0.177 0.000]
		[-0.159 0.987 0.000]
		[-0.987 -0.159 0.000]
		[-0.138 0.990 0.000]
		[-0.990 -0.138 0.000]
		[-0.106 0.994 0.000]
		[-0.994 -0.106 0.000]
		[-0.061 0.998 0.000]
		[-0.998 -0.061 0.000]
		[0.081 0.997 0.000]
		[-0.997 0.081 0.000]
		[0.183 0.983 0.000]
		[-0.983 0.183 0.000]
		[0.299 0.954 0.000]
		[-0.954 0.299 0.000]
		[0.422 0.906 0.000]
		[-0.906 0.422 0.000]
		[0.546 0.837 0.000]
		[-0.837 0.546 0.000]
		[0.664 0.748 0.000]
		[-0.748 0.664 0.000]
		[0.767 0.642 0.000]
		[-0.642 0.767 0.000]
		[0.852 0.523 0.000]
		[-0.523 0.852 0.000]
		[0.917 0.400 0.000]
		[-0.400 0.917 0.000]
		[0.960 0.279 0.000]
		[-0.279 0.960 0.000]
		[0.986 0.168 0.000]
		[-0.168 0.986 0.000]
		[0.997 0.073 0.000]
		[-0.073 0.997 0.000]
		[0.999 -0.049 0.000]
		[0.049 0.999 0.000]
		[0.997 -0.077 0.000]
		[0.077 0.997 0.000]
		[0.996 -0.089 0.000]
		[0.089 0.996 0.000]
		[0.996 -0.087 0.000]
		[0.087 0.996 0.000]
		[0.997 -0.075 0.000]
		[0.075 0.997 0.000]
		[0.998 -0.058 0.000]
		[0.058 0.998 0.000]
		[0.999 -0.038 0.000]
		[0.038 0.999 0.000]
		[1.000 -0.019 0.000]
		[0.019 1.000 0.000]
		[1.000 -0.005 0.000]
		[0.005 1.000 0.000]
		[1.000 -0.010 0.000]
		[0.010 1.000 0.000]
		[0.999 -0.034 0.000]
		[0.034 0.999 0.000]
		[0.998 -0.065 0.000]
		[0.065 0.998 0.000]
		[0.995 -0.097 0.000]
		[0.097 0.995 0.000]
		[0.993 -0.121 0.000]
		[0.121 0.993 0.000]
		[0.991 -0.131 0.000]
		[0.131 0.991 0.000]
		[0.993 -0.119 0.000]
		[0.119 0.993 0.000]
		[0.993 0.121 0.000]
		[-0.121 0.993 0.000]
		[0.890 0.456 0.000]
		[-0.456 0.890 0.000]
		[0.773 0.634 0.000]
		[-0.634 0.773 0.000]
		[0.612 0.791 0.000]
		[-0.791 0.612 0.000]
		[0.416 0.909 0.000]
		[-0.909 0.416 0.000]
		[0.206 0.979 0.000]
		[-0.979 0.206 0.000]
		[0.000 0.469 0.000]
		[-0.106 0.621 0.777]
		[-0.406 -0.740 0.536]
		[0.908 -0.259 0.330]
		[-0.279 0.394 -0.035]
		[-0.123 0.477 0.870]
		[-0.308 -0.852 0.423]
		[0.943 -0.216 0.252]
		[-0.106 0.290 0.951]
		[-0.206 -0.942 0.264]
		[0.973 -0.168 0.160]
		[-0.048 0.069 0.996]
		[-0.118 -0.991 0.063]
		[0.992 -0.115 0.055]
		[0.046 -0.170 0.984]
		[-0.068 -0.984 -0.166]
		[0.997 -0.059 -0.056]
		[0.155 -0.405 0.901]
		[-0.070 -0.914 -0.399]
		[0.985 -0.002 -0.170]
		[0.255 -0.615 0.746]
		[-0.132 -0.787 -0.603]
		[0.958 0.056 -0.282]
		[0.321 -0.781 0.536]
		[-0.241 -0.615 -0.751]
		[0.916 0.112 -0.386]
		[0.336 -0.893 0.299]
		[-0.377 -0.419 -0.826]
		[0.863 0.165 -0.477]
		[0.299 -0.952 0.067]
		[-0.514 -0.220 -0.829]
		[0.804 0.213 -0.555]
		[0.222 -0.966 -0.133]
		[-0.630 -0.037 -0.776]
		[0.745 0.256 -0.617]
		[0.125 -0.950 -0.287]
		[-0.713 0.115 -0.691]
		[0.689 0.291 -0.663]
		[0.033 -0.920 -0.391]
		[-0.764 0.229 -0.603]
		[0.644 0.319 -0.695]
		[-0.037 -0.891 -0.452]
		[-0.790 0.303 -0.533]
		[0.612 0.337 -0.715]
		[-0.069 -0.877 -0.476]
		[-0.799 0.335 -0.500]
		[0.598 0.345 -0.723]
		[-0.055 -0.883 -0.466]
		[-0.795 0.321 -0.514]
		[0.604 0.342 -0.720]
		[0.029 -0.918 -0.396]
		[-0.769 0.233 -0.595]
		[0.639 0.322 -0.699]
		[0.173 -0.958 -0.230]
		[-0.691 0.048 -0.721]
		[0.702 0.284 -0.654]
		[0.312 -0.949 0.044]
		[-0.540 -0.216 -0.813]
		[0.782 0.230 -0.580]
		[0.374 -0.842 0.389]
		[-0.337 -0.514 -0.789]
		[0.864 0.164 -0.477]
		[0.325 -0.618 0.716]
		[-0.149 -0.781 -0.607]
		[0.934 0.090 -0.346]
		[0.190 -0.307 0.932]
		[-0.049 -0.952 -0.303]
		[0.980 0.012 -0.196]
		[0.043 0.027 0.999]
		[-0.065 -0.997 0.030]
		[0.997 -0.067 -0.041]
		[-0.057 0.315 0.947]
		[-0.167 -0.939 0.302]
		[0.984 -0.140 0.106]
		[-0.097 0.516 0.851]
		[-0.295 -0.832 0.471]
		[0.951 -0.206 0.233]
		[-0.122 0.657 0.744]
		[-0.491 -0.691 0.531]
		[0.863 -0.300 0.407]
		[-0.159 0.657 0.737]
		[-0.558 -0.675 0.482]
		[0.814 -0.335 0.474]
		[-0.221 0.627 0.747]
		[-0.606 -0.688 0.399]
		[0.765 -0.364 0.532]
		[-0.308 0.572 0.760]
		[-0.629 -0.722 0.288]
		[0.714 -0.389 0.582]
		[-0.415 0.493 0.765]
		[-0.623 -0.766 0.157]
		[0.663 -0.411 0.625]
		[-0.531 0.394 0.750]
		[-0.585 -0.811 0.012]
		[0.613 -0.432 0.662]
		[-0.647 0.280 0.709]
		[-0.515 -0.846 -0.136]
		[0.562 -0.453 0.692]
		[-0.750 0.157 0.642]
		[-0.418 -0.865 -0.276]
		[0.512 -0.476 0.715]
		[-0.834 0.036 0.551]
		[-0.302 -0.865 -0.400]
		[0.462 -0.500 0.732]
		[-0.893 -0.074 0.443]
		[-0.179 -0.846 -0.503]
		[0.412 -0.529 0.742]
		[-0.930 -0.165 0.328]
		[-0.061 -0.811 -0.582]
		[0.362 -0.561 0.744]
		[-0.949 -0.229 0.215]
		[0.040 -0.767 -0.640]
		[0.312 -0.599 0.737]
		[-0.958 -0.262 0.115]
		[0.115 -0.720 -0.685]
		[0.262 -0.643 0.720]
		[-0.963 -0.268 0.027]
		[0.166 -0.668 -0.726]
		[0.212 -0.694 0.688]
		[-0.965 -0.257 -0.054]
		[0.204 -0.606 -0.769]
		[0.165 -0.753 0.637]
		[-0.965 -0.232 -0.124]
		[0.233 -0.535 -0.812]
		[0.121 -0.812 0.571]
		[-0.963 -0.197 -0.184]
		[0.256 -0.457 -0.852]
		[0.084 -0.868 0.490]
