{ :name "Attack" :length 1.975 :bones { 
	"Skelet" [
		[ 0 [ 0 1 2 3 ] ]
	]
	"Bedro_L" [
		[ 0 [ 4 5 6 7 ] ]
	]
	"Koleno_L" [
		[ 0 [ 8 9 10 11 ] ]
	]
	"Koleno_L_end" [
		[ 0 [ 0 12 1 13 ] ]
	]
	"Bedro_P" [
		[ 0 [ 14 15 16 17 ] ]
	]
	"Koleno_P" [
		[ 0 [ 8 9 10 11 ] ]
	]
	"Koleno_P_end" [
		[ 0 [ 0 12 1 13 ] ]
	]
	"Tors" [
		[ 0 [ 0 18 19 20 ] ]
		[ 0.01265823 [ 21 22 23 20 ] ]
		[ 0.02531646 [ 24 22 25 20 ] ]
		[ 0.03797468 [ 26 27 28 20 ] ]
		[ 0.05063291 [ 29 30 31 20 ] ]
		[ 0.06329114 [ 32 33 34 20 ] ]
		[ 0.07594936 [ 35 36 37 20 ] ]
		[ 0.08860759 [ 38 39 40 20 ] ]
		[ 0.1012658 [ 41 42 43 20 ] ]
		[ 0.113924 [ 44 45 46 20 ] ]
		[ 0.1265823 [ 47 48 49 20 ] ]
		[ 0.1392405 [ 50 51 52 20 ] ]
		[ 0.1518987 [ 53 54 55 20 ] ]
		[ 0.164557 [ 56 57 58 20 ] ]
		[ 0.1772152 [ 59 60 61 20 ] ]
		[ 0.1898734 [ 62 63 64 20 ] ]
		[ 0.2025317 [ 65 66 67 20 ] ]
		[ 0.2151899 [ 68 69 70 20 ] ]
		[ 0.2278481 [ 71 72 73 20 ] ]
		[ 0.2405063 [ 74 75 76 20 ] ]
		[ 0.2531646 [ 77 78 79 20 ] ]
		[ 0.2658228 [ 80 81 82 20 ] ]
		[ 0.278481 [ 83 84 85 20 ] ]
		[ 0.2911392 [ 86 84 87 20 ] ]
		[ 0.3037975 [ 88 89 90 20 ] ]
		[ 0.3164557 [ 91 92 93 20 ] ]
		[ 0.3291139 [ 94 92 95 20 ] ]
		[ 0.3417721 [ 96 97 98 20 ] ]
		[ 0.3544304 [ 96 97 98 20 ] ]
		[ 0.3670886 [ 96 97 98 20 ] ]
		[ 0.3797468 [ 94 92 95 20 ] ]
		[ 0.3924051 [ 94 92 93 20 ] ]
		[ 0.4050633 [ 94 92 93 20 ] ]
		[ 0.4177215 [ 94 92 95 20 ] ]
		[ 0.4303797 [ 94 92 95 20 ] ]
		[ 0.443038 [ 96 97 98 20 ] ]
		[ 0.4556962 [ 96 97 98 20 ] ]
		[ 0.4683544 [ 96 92 98 20 ] ]
		[ 0.4810127 [ 94 92 93 20 ] ]
		[ 0.4936709 [ 91 92 90 20 ] ]
		[ 0.5063291 [ 88 84 99 20 ] ]
		[ 0.5189874 [ 100 84 85 20 ] ]
		[ 0.5316456 [ 101 102 79 20 ] ]
		[ 0.5443038 [ 103 104 105 20 ] ]
		[ 0.556962 [ 106 107 108 20 ] ]
		[ 0.5696203 [ 109 110 111 20 ] ]
		[ 0.5822785 [ 112 54 55 20 ] ]
		[ 0.5949367 [ 113 45 114 20 ] ]
		[ 0.6075949 [ 115 36 37 20 ] ]
		[ 0.6202531 [ 24 22 25 20 ] ]
		[ 0.6329114 [ 116 117 118 20 ] ]
		[ 0.6455696 [ 119 120 121 20 ] ]
		[ 0.6582279 [ 122 123 124 20 ] ]
		[ 0.6708861 [ 125 126 127 20 ] ]
		[ 0.6835443 [ 128 129 130 20 ] ]
		[ 0.6962025 [ 131 132 133 20 ] ]
		[ 0.7088608 [ 134 135 136 20 ] ]
		[ 0.721519 [ 137 138 139 20 ] ]
		[ 0.7341772 [ 140 141 142 20 ] ]
		[ 0.7468355 [ 143 144 145 20 ] ]
		[ 0.7594936 [ 146 147 148 20 ] ]
		[ 0.7721519 [ 149 150 151 20 ] ]
		[ 0.7848101 [ 152 153 154 20 ] ]
		[ 0.7974684 [ 155 156 157 20 ] ]
		[ 0.8101266 [ 158 159 160 20 ] ]
		[ 0.8227848 [ 161 162 163 20 ] ]
		[ 0.835443 [ 164 165 166 20 ] ]
		[ 0.8481013 [ 167 168 169 20 ] ]
		[ 0.8607595 [ 170 171 172 20 ] ]
		[ 0.8734177 [ 173 174 175 20 ] ]
		[ 0.886076 [ 176 177 178 20 ] ]
		[ 0.8987342 [ 179 180 181 20 ] ]
		[ 0.9113924 [ 182 183 184 20 ] ]
		[ 0.9240506 [ 185 186 187 20 ] ]
		[ 0.9367089 [ 188 189 190 20 ] ]
		[ 0.9493671 [ 191 192 193 20 ] ]
		[ 0.9620253 [ 194 195 196 20 ] ]
		[ 0.9746835 [ 197 198 199 20 ] ]
		[ 0.9873418 [ 200 201 202 20 ] ]
	]
	"Golova" [
		[ 0 [ 0 203 204 205 ] ]
		[ 0.01265823 [ 206 207 208 205 ] ]
		[ 0.02531646 [ 209 207 210 205 ] ]
		[ 0.03797468 [ 116 211 212 205 ] ]
		[ 0.05063291 [ 213 214 215 205 ] ]
		[ 0.06329114 [ 216 217 218 205 ] ]
		[ 0.07594936 [ 219 220 221 205 ] ]
		[ 0.08860759 [ 222 223 224 205 ] ]
		[ 0.1012658 [ 119 225 226 205 ] ]
		[ 0.113924 [ 227 228 229 205 ] ]
		[ 0.1265823 [ 230 231 232 205 ] ]
		[ 0.1392405 [ 233 234 235 205 ] ]
		[ 0.1518987 [ 236 237 238 205 ] ]
		[ 0.164557 [ 122 239 240 205 ] ]
		[ 0.1772152 [ 241 242 243 205 ] ]
		[ 0.1898734 [ 244 245 246 205 ] ]
		[ 0.2025317 [ 247 248 249 205 ] ]
		[ 0.2151899 [ 250 251 252 205 ] ]
		[ 0.2278481 [ 253 254 255 205 ] ]
		[ 0.2405063 [ 125 256 257 205 ] ]
		[ 0.2531646 [ 258 259 260 205 ] ]
		[ 0.2658228 [ 261 262 263 205 ] ]
		[ 0.278481 [ 264 265 266 205 ] ]
		[ 0.2911392 [ 267 265 268 205 ] ]
		[ 0.3037975 [ 269 270 271 205 ] ]
		[ 0.3164557 [ 272 273 274 205 ] ]
		[ 0.3291139 [ 275 273 276 205 ] ]
		[ 0.3417721 [ 277 278 279 205 ] ]
		[ 0.3544304 [ 277 278 279 205 ] ]
		[ 0.3670886 [ 277 278 279 205 ] ]
		[ 0.3797468 [ 275 273 276 205 ] ]
		[ 0.3924051 [ 275 273 274 205 ] ]
		[ 0.4050633 [ 275 273 274 205 ] ]
		[ 0.4177215 [ 275 273 276 205 ] ]
		[ 0.4303797 [ 275 273 276 205 ] ]
		[ 0.443038 [ 277 278 279 205 ] ]
		[ 0.4556962 [ 277 278 279 205 ] ]
		[ 0.4683544 [ 277 273 279 205 ] ]
		[ 0.4810127 [ 275 273 274 205 ] ]
		[ 0.4936709 [ 272 273 271 205 ] ]
		[ 0.5063291 [ 269 265 280 205 ] ]
		[ 0.5189874 [ 281 265 266 205 ] ]
		[ 0.5316456 [ 282 283 260 205 ] ]
		[ 0.5443038 [ 284 285 286 205 ] ]
		[ 0.556962 [ 287 288 289 205 ] ]
		[ 0.5696203 [ 290 291 292 205 ] ]
		[ 0.5822785 [ 293 237 238 205 ] ]
		[ 0.5949367 [ 294 228 295 205 ] ]
		[ 0.6075949 [ 296 220 221 205 ] ]
		[ 0.6202531 [ 209 207 210 205 ] ]
		[ 0.6329114 [ 26 297 298 205 ] ]
		[ 0.6455696 [ 41 299 300 205 ] ]
		[ 0.6582279 [ 56 301 302 205 ] ]
		[ 0.6708861 [ 74 303 304 205 ] ]
		[ 0.6835443 [ 305 306 307 205 ] ]
		[ 0.6962025 [ 308 309 310 205 ] ]
		[ 0.7088608 [ 311 312 313 205 ] ]
		[ 0.721519 [ 314 315 316 205 ] ]
		[ 0.7341772 [ 317 318 319 205 ] ]
		[ 0.7468355 [ 320 321 322 205 ] ]
		[ 0.7594936 [ 323 324 325 205 ] ]
		[ 0.7721519 [ 326 327 328 205 ] ]
		[ 0.7848101 [ 329 330 331 205 ] ]
		[ 0.7974684 [ 332 333 334 205 ] ]
		[ 0.8101266 [ 335 336 337 205 ] ]
		[ 0.8227848 [ 338 339 340 205 ] ]
		[ 0.835443 [ 341 342 343 205 ] ]
		[ 0.8481013 [ 344 345 346 205 ] ]
		[ 0.8607595 [ 347 348 349 205 ] ]
		[ 0.8734177 [ 350 351 352 205 ] ]
		[ 0.886076 [ 353 354 355 205 ] ]
		[ 0.8987342 [ 356 357 358 205 ] ]
		[ 0.9113924 [ 359 360 361 205 ] ]
		[ 0.9240506 [ 362 363 364 205 ] ]
		[ 0.9367089 [ 365 366 367 205 ] ]
		[ 0.9493671 [ 368 369 370 205 ] ]
		[ 0.9620253 [ 371 372 373 205 ] ]
		[ 0.9746835 [ 374 375 376 205 ] ]
		[ 0.9873418 [ 377 378 379 205 ] ]
	]
	"Golova_end" [
		[ 0 [ 0 12 1 380 ] ]
	]
	"Kluchitsa_L" [
		[ 0 [ 1 0 12 381 ] ]
	]
	"Kluchitsa_L_end" [
		[ 0 [ 0 12 1 382 ] ]
	]
	"Kluchitsa_P" [
		[ 0 [ 10 383 12 381 ] ]
	]
	"Kluchitsa_P_end" [
		[ 0 [ 0 12 1 382 ] ]
	]
	"Ruka_L" [
		[ 0 [ 384 385 386 387 ] ]
		[ 0.01265823 [ 388 389 390 387 ] ]
		[ 0.02531646 [ 391 392 393 387 ] ]
		[ 0.03797468 [ 394 395 396 387 ] ]
		[ 0.05063291 [ 397 398 399 387 ] ]
		[ 0.06329114 [ 400 401 402 387 ] ]
		[ 0.07594936 [ 403 404 405 387 ] ]
		[ 0.08860759 [ 406 407 408 387 ] ]
		[ 0.1012658 [ 409 410 411 387 ] ]
		[ 0.113924 [ 412 413 414 387 ] ]
		[ 0.1265823 [ 415 416 417 387 ] ]
		[ 0.1392405 [ 418 419 420 387 ] ]
		[ 0.1518987 [ 421 422 423 387 ] ]
		[ 0.164557 [ 424 425 426 387 ] ]
		[ 0.1772152 [ 427 428 429 387 ] ]
		[ 0.1898734 [ 430 431 432 387 ] ]
		[ 0.2025317 [ 433 434 435 387 ] ]
		[ 0.2151899 [ 436 437 438 387 ] ]
		[ 0.2278481 [ 439 440 441 387 ] ]
		[ 0.2405063 [ 442 443 444 387 ] ]
		[ 0.2531646 [ 445 446 447 387 ] ]
		[ 0.2658228 [ 448 449 450 387 ] ]
		[ 0.278481 [ 451 452 453 387 ] ]
		[ 0.2911392 [ 454 455 456 387 ] ]
		[ 0.3037975 [ 457 458 459 387 ] ]
		[ 0.3164557 [ 460 461 462 387 ] ]
		[ 0.3291139 [ 463 464 465 387 ] ]
		[ 0.3417721 [ 466 467 468 387 ] ]
		[ 0.3544304 [ 466 467 468 387 ] ]
		[ 0.3670886 [ 469 467 468 387 ] ]
		[ 0.3797468 [ 463 464 465 387 ] ]
		[ 0.3924051 [ 463 464 465 387 ] ]
		[ 0.4050633 [ 463 464 465 387 ] ]
		[ 0.4177215 [ 463 464 465 387 ] ]
		[ 0.4303797 [ 463 467 470 387 ] ]
		[ 0.443038 [ 466 467 468 387 ] ]
		[ 0.4556962 [ 466 467 468 387 ] ]
		[ 0.4683544 [ 471 467 470 387 ] ]
		[ 0.4810127 [ 472 473 474 387 ] ]
		[ 0.4936709 [ 475 476 477 387 ] ]
		[ 0.5063291 [ 478 479 480 387 ] ]
		[ 0.5189874 [ 481 482 453 387 ] ]
		[ 0.5316456 [ 483 484 485 387 ] ]
		[ 0.5443038 [ 486 487 488 387 ] ]
		[ 0.556962 [ 489 490 491 387 ] ]
		[ 0.5696203 [ 492 493 494 387 ] ]
		[ 0.5822785 [ 495 422 496 387 ] ]
		[ 0.5949367 [ 497 498 499 387 ] ]
		[ 0.6075949 [ 500 501 502 387 ] ]
		[ 0.6202531 [ 503 392 504 387 ] ]
		[ 0.6329114 [ 505 506 507 387 ] ]
		[ 0.6455696 [ 508 509 510 387 ] ]
		[ 0.6582279 [ 511 512 513 387 ] ]
		[ 0.6708861 [ 514 515 516 387 ] ]
		[ 0.6835443 [ 517 518 519 387 ] ]
		[ 0.6962025 [ 520 521 522 387 ] ]
		[ 0.7088608 [ 523 524 525 387 ] ]
		[ 0.721519 [ 526 527 528 387 ] ]
		[ 0.7341772 [ 529 530 531 387 ] ]
		[ 0.7468355 [ 532 533 534 387 ] ]
		[ 0.7594936 [ 535 536 537 387 ] ]
		[ 0.7721519 [ 538 539 540 387 ] ]
		[ 0.7848101 [ 541 542 543 387 ] ]
		[ 0.7974684 [ 544 545 546 387 ] ]
		[ 0.8101266 [ 547 548 549 387 ] ]
		[ 0.8227848 [ 550 551 552 387 ] ]
		[ 0.835443 [ 553 554 555 387 ] ]
		[ 0.8481013 [ 556 557 558 387 ] ]
		[ 0.8607595 [ 559 560 561 387 ] ]
		[ 0.8734177 [ 562 563 564 387 ] ]
		[ 0.886076 [ 565 566 567 387 ] ]
		[ 0.8987342 [ 568 569 570 387 ] ]
		[ 0.9113924 [ 571 572 573 387 ] ]
		[ 0.9240506 [ 574 575 576 387 ] ]
		[ 0.9367089 [ 577 578 579 387 ] ]
		[ 0.9493671 [ 0 580 581 387 ] ]
		[ 0.9620253 [ 582 583 584 387 ] ]
		[ 0.9746835 [ 585 586 587 387 ] ]
		[ 0.9873418 [ 588 589 590 387 ] ]
	]
	"Lokot_L" [
		[ 0 [ 12 383 1 591 ] ]
		[ 0.01265823 [ 592 593 1 591 ] ]
		[ 0.02531646 [ 594 595 1 591 ] ]
		[ 0.03797468 [ 596 597 1 591 ] ]
		[ 0.05063291 [ 598 599 1 591 ] ]
		[ 0.06329114 [ 600 601 1 591 ] ]
		[ 0.07594936 [ 602 603 1 591 ] ]
		[ 0.08860759 [ 604 605 1 591 ] ]
		[ 0.1012658 [ 606 607 1 591 ] ]
		[ 0.113924 [ 608 609 1 591 ] ]
		[ 0.1265823 [ 610 611 1 591 ] ]
		[ 0.1392405 [ 612 613 1 591 ] ]
		[ 0.1518987 [ 614 615 1 591 ] ]
		[ 0.164557 [ 616 617 1 591 ] ]
		[ 0.1772152 [ 618 619 1 591 ] ]
		[ 0.1898734 [ 620 621 1 591 ] ]
		[ 0.2025317 [ 622 623 1 591 ] ]
		[ 0.2151899 [ 624 625 1 591 ] ]
		[ 0.2278481 [ 626 627 1 591 ] ]
		[ 0.2405063 [ 628 629 1 591 ] ]
		[ 0.2531646 [ 630 631 1 591 ] ]
		[ 0.2658228 [ 632 633 1 591 ] ]
		[ 0.278481 [ 634 635 1 591 ] ]
		[ 0.2911392 [ 636 637 1 591 ] ]
		[ 0.3037975 [ 638 639 1 591 ] ]
		[ 0.3164557 [ 640 641 1 591 ] ]
		[ 0.3291139 [ 642 643 1 591 ] ]
		[ 0.3417721 [ 644 645 1 591 ] ]
		[ 0.3544304 [ 646 647 1 591 ] ]
		[ 0.3670886 [ 644 645 1 591 ] ]
		[ 0.3797468 [ 642 643 1 591 ] ]
		[ 0.3924051 [ 642 643 1 591 ] ]
		[ 0.4050633 [ 648 649 1 591 ] ]
		[ 0.4177215 [ 642 643 1 591 ] ]
		[ 0.4303797 [ 644 645 1 591 ] ]
		[ 0.443038 [ 644 645 1 591 ] ]
		[ 0.4556962 [ 644 645 1 591 ] ]
		[ 0.4683544 [ 644 645 1 591 ] ]
		[ 0.4810127 [ 648 649 1 591 ] ]
		[ 0.4936709 [ 650 651 1 591 ] ]
		[ 0.5063291 [ 652 653 1 591 ] ]
		[ 0.5189874 [ 634 635 1 591 ] ]
		[ 0.5316456 [ 654 655 1 591 ] ]
		[ 0.5443038 [ 656 657 1 591 ] ]
		[ 0.556962 [ 658 659 1 591 ] ]
		[ 0.5696203 [ 660 661 1 591 ] ]
		[ 0.5822785 [ 614 615 1 591 ] ]
		[ 0.5949367 [ 662 663 1 591 ] ]
		[ 0.6075949 [ 664 665 1 591 ] ]
		[ 0.6202531 [ 594 595 1 591 ] ]
		[ 0.6329114 [ 666 667 1 591 ] ]
		[ 0.6455696 [ 668 669 1 591 ] ]
		[ 0.6582279 [ 670 671 1 591 ] ]
		[ 0.6708861 [ 672 673 1 591 ] ]
		[ 0.6835443 [ 674 675 1 591 ] ]
		[ 0.6962025 [ 676 677 1 591 ] ]
		[ 0.7088608 [ 678 679 1 591 ] ]
		[ 0.721519 [ 680 681 1 591 ] ]
		[ 0.7341772 [ 682 683 1 591 ] ]
		[ 0.7468355 [ 684 685 1 591 ] ]
		[ 0.7594936 [ 686 687 1 591 ] ]
		[ 0.7721519 [ 688 689 1 591 ] ]
		[ 0.7848101 [ 690 691 1 591 ] ]
		[ 0.7974684 [ 692 693 1 591 ] ]
		[ 0.8101266 [ 694 695 1 591 ] ]
		[ 0.8227848 [ 696 697 1 591 ] ]
		[ 0.835443 [ 698 699 1 591 ] ]
		[ 0.8481013 [ 700 701 1 591 ] ]
		[ 0.8607595 [ 702 703 1 591 ] ]
		[ 0.8734177 [ 704 705 1 591 ] ]
		[ 0.886076 [ 706 707 1 591 ] ]
		[ 0.8987342 [ 708 650 1 591 ] ]
		[ 0.9113924 [ 709 710 1 591 ] ]
		[ 0.9240506 [ 711 712 1 591 ] ]
		[ 0.9367089 [ 713 714 1 591 ] ]
		[ 0.9493671 [ 715 716 1 591 ] ]
		[ 0.9620253 [ 717 718 1 591 ] ]
		[ 0.9746835 [ 719 720 1 591 ] ]
		[ 0.9873418 [ 721 668 1 591 ] ]
	]
	"Lokot_L_end" [
		[ 0 [ 0 12 1 722 ] ]
	]
	"Ruka_P" [
		[ 0 [ 723 724 725 726 ] ]
		[ 0.01265823 [ 727 728 729 726 ] ]
		[ 0.02531646 [ 730 731 732 726 ] ]
		[ 0.03797468 [ 733 734 735 726 ] ]
		[ 0.05063291 [ 736 737 738 726 ] ]
		[ 0.06329114 [ 739 740 741 726 ] ]
		[ 0.07594936 [ 742 743 744 726 ] ]
		[ 0.08860759 [ 745 746 747 726 ] ]
		[ 0.1012658 [ 748 749 750 726 ] ]
		[ 0.113924 [ 751 752 753 726 ] ]
		[ 0.1265823 [ 754 755 756 726 ] ]
		[ 0.1392405 [ 757 758 759 726 ] ]
		[ 0.1518987 [ 760 761 762 726 ] ]
		[ 0.164557 [ 763 764 765 726 ] ]
		[ 0.1772152 [ 766 767 768 726 ] ]
		[ 0.1898734 [ 769 770 771 726 ] ]
		[ 0.2025317 [ 772 773 774 726 ] ]
		[ 0.2151899 [ 775 776 777 726 ] ]
		[ 0.2278481 [ 778 779 780 726 ] ]
		[ 0.2405063 [ 781 782 783 726 ] ]
		[ 0.2531646 [ 784 785 786 726 ] ]
		[ 0.2658228 [ 787 788 789 726 ] ]
		[ 0.278481 [ 790 791 792 726 ] ]
		[ 0.2911392 [ 793 794 795 726 ] ]
		[ 0.3037975 [ 796 797 798 726 ] ]
		[ 0.3164557 [ 799 800 801 726 ] ]
		[ 0.3291139 [ 802 803 804 726 ] ]
		[ 0.3417721 [ 805 806 807 726 ] ]
		[ 0.3544304 [ 808 809 810 726 ] ]
		[ 0.3670886 [ 811 812 813 726 ] ]
		[ 0.3797468 [ 802 803 814 726 ] ]
		[ 0.3924051 [ 815 816 817 726 ] ]
		[ 0.4050633 [ 818 819 820 726 ] ]
		[ 0.4177215 [ 821 822 823 726 ] ]
		[ 0.4303797 [ 824 825 826 726 ] ]
		[ 0.443038 [ 827 828 829 726 ] ]
		[ 0.4556962 [ 830 831 832 726 ] ]
		[ 0.4683544 [ 833 834 835 726 ] ]
		[ 0.4810127 [ 836 837 838 726 ] ]
		[ 0.4936709 [ 839 840 841 726 ] ]
		[ 0.5063291 [ 842 843 844 726 ] ]
		[ 0.5189874 [ 845 846 847 726 ] ]
		[ 0.5316456 [ 848 849 850 726 ] ]
		[ 0.5443038 [ 851 852 853 726 ] ]
		[ 0.556962 [ 854 855 856 726 ] ]
		[ 0.5696203 [ 857 858 859 726 ] ]
		[ 0.5822785 [ 860 861 862 726 ] ]
		[ 0.5949367 [ 863 864 865 726 ] ]
		[ 0.6075949 [ 866 867 868 726 ] ]
		[ 0.6202531 [ 869 870 871 726 ] ]
		[ 0.6329114 [ 872 873 874 726 ] ]
		[ 0.6455696 [ 875 876 877 726 ] ]
		[ 0.6582279 [ 878 879 880 726 ] ]
		[ 0.6708861 [ 881 882 883 726 ] ]
		[ 0.6835443 [ 884 885 886 726 ] ]
		[ 0.6962025 [ 887 888 889 726 ] ]
		[ 0.7088608 [ 890 891 892 726 ] ]
		[ 0.721519 [ 893 894 895 726 ] ]
		[ 0.7341772 [ 896 897 898 726 ] ]
		[ 0.7468355 [ 899 900 901 726 ] ]
		[ 0.7594936 [ 902 903 904 726 ] ]
		[ 0.7721519 [ 905 906 907 726 ] ]
		[ 0.7848101 [ 908 909 910 726 ] ]
		[ 0.7974684 [ 911 912 913 726 ] ]
		[ 0.8101266 [ 914 915 916 726 ] ]
		[ 0.8227848 [ 917 918 919 726 ] ]
		[ 0.835443 [ 920 921 922 726 ] ]
		[ 0.8481013 [ 923 924 925 726 ] ]
		[ 0.8607595 [ 926 927 928 726 ] ]
		[ 0.8734177 [ 929 930 931 726 ] ]
		[ 0.886076 [ 932 933 934 726 ] ]
		[ 0.8987342 [ 935 936 937 726 ] ]
		[ 0.9113924 [ 938 939 940 726 ] ]
		[ 0.9240506 [ 941 942 943 726 ] ]
		[ 0.9367089 [ 944 945 946 726 ] ]
		[ 0.9493671 [ 947 948 949 726 ] ]
		[ 0.9620253 [ 950 951 952 726 ] ]
		[ 0.9746835 [ 953 954 955 726 ] ]
		[ 0.9873418 [ 956 957 958 726 ] ]
	]
	"Lokot_P" [
		[ 0 [ 959 960 1 591 ] ]
		[ 0.01265823 [ 961 962 1 591 ] ]
		[ 0.02531646 [ 963 964 1 591 ] ]
		[ 0.03797468 [ 965 966 1 591 ] ]
		[ 0.05063291 [ 967 968 1 591 ] ]
		[ 0.06329114 [ 969 970 1 591 ] ]
		[ 0.07594936 [ 971 972 1 591 ] ]
		[ 0.08860759 [ 973 974 1 591 ] ]
		[ 0.1012658 [ 975 976 1 591 ] ]
		[ 0.113924 [ 977 978 1 591 ] ]
		[ 0.1265823 [ 979 980 1 591 ] ]
		[ 0.1392405 [ 981 982 1 591 ] ]
		[ 0.1518987 [ 983 984 1 591 ] ]
		[ 0.164557 [ 642 643 1 591 ] ]
		[ 0.1772152 [ 985 986 1 591 ] ]
		[ 0.1898734 [ 987 988 1 591 ] ]
		[ 0.2025317 [ 989 990 1 591 ] ]
		[ 0.2151899 [ 991 992 1 591 ] ]
		[ 0.2278481 [ 993 994 1 591 ] ]
		[ 0.2405063 [ 995 996 1 591 ] ]
		[ 0.2531646 [ 997 998 1 591 ] ]
		[ 0.2658228 [ 999 1000 1 591 ] ]
		[ 0.278481 [ 1001 1002 1 591 ] ]
		[ 0.2911392 [ 1003 1004 1 591 ] ]
		[ 0.3037975 [ 1005 1006 1 591 ] ]
		[ 0.3164557 [ 1007 1008 1 591 ] ]
		[ 0.3291139 [ 1009 1010 1 591 ] ]
		[ 0.3417721 [ 1011 1012 1 591 ] ]
		[ 0.3544304 [ 1013 1014 1 591 ] ]
		[ 0.3670886 [ 1015 1016 1 591 ] ]
		[ 0.3797468 [ 1009 1010 1 591 ] ]
		[ 0.3924051 [ 1017 1018 1 591 ] ]
		[ 0.4050633 [ 1019 1020 1 591 ] ]
		[ 0.4177215 [ 1021 1022 1 591 ] ]
		[ 0.4303797 [ 1023 1024 1 591 ] ]
		[ 0.443038 [ 1025 1026 1 591 ] ]
		[ 0.4556962 [ 1027 1028 1 591 ] ]
		[ 0.4683544 [ 1029 1030 1 591 ] ]
		[ 0.4810127 [ 1031 1032 1 591 ] ]
		[ 0.4936709 [ 644 645 1 591 ] ]
		[ 0.5063291 [ 1033 1034 1 591 ] ]
		[ 0.5189874 [ 1035 1036 1 591 ] ]
		[ 0.5316456 [ 1037 1038 1 591 ] ]
		[ 0.5443038 [ 1039 1040 1 591 ] ]
		[ 0.556962 [ 1041 1042 1 591 ] ]
		[ 0.5696203 [ 1043 1044 1 591 ] ]
		[ 0.5822785 [ 1045 1046 1 591 ] ]
		[ 0.5949367 [ 1047 1048 1 591 ] ]
		[ 0.6075949 [ 1049 1050 1 591 ] ]
		[ 0.6202531 [ 1051 1052 1 591 ] ]
		[ 0.6329114 [ 1053 1054 1 591 ] ]
		[ 0.6455696 [ 1055 1056 1 591 ] ]
		[ 0.6582279 [ 1057 1058 1 591 ] ]
		[ 0.6708861 [ 1059 1060 1 591 ] ]
		[ 0.6835443 [ 1061 1062 1 591 ] ]
		[ 0.6962025 [ 686 687 1 591 ] ]
		[ 0.7088608 [ 1063 1064 1 591 ] ]
		[ 0.721519 [ 1065 1066 1 591 ] ]
		[ 0.7341772 [ 1067 1068 1 591 ] ]
		[ 0.7468355 [ 1067 1068 1 591 ] ]
		[ 0.7594936 [ 1069 1070 1 591 ] ]
		[ 0.7721519 [ 1071 1072 1 591 ] ]
		[ 0.7848101 [ 1073 1074 1 591 ] ]
		[ 0.7974684 [ 1075 1076 1 591 ] ]
		[ 0.8101266 [ 1077 1078 1 591 ] ]
		[ 0.8227848 [ 1079 1080 1 591 ] ]
		[ 0.835443 [ 1081 1082 1 591 ] ]
		[ 0.8481013 [ 1083 1084 1 591 ] ]
		[ 0.8607595 [ 1085 1086 1 591 ] ]
		[ 0.8734177 [ 1087 1088 1 591 ] ]
		[ 0.886076 [ 1089 1090 1 591 ] ]
		[ 0.8987342 [ 1091 1092 1 591 ] ]
		[ 0.9113924 [ 1093 1094 1 591 ] ]
		[ 0.9240506 [ 1095 1096 1 591 ] ]
		[ 0.9367089 [ 1097 1098 1 591 ] ]
		[ 0.9493671 [ 959 960 1 591 ] ]
		[ 0.9620253 [ 1099 1100 1 591 ] ]
		[ 0.9746835 [ 1101 1102 1 591 ] ]
		[ 0.9873418 [ 1103 1104 1 591 ] ]
	]
	"Lokot_P_end" [
		[ 0 [ 0 12 1 722 ] ]
	]
	"Luchnik" [
		[ 0 [ 1105 1106 1107 1107 ] ]
	]
	"Weapon" [
		[ 0 [ 1105 1106 1107 3 ] ]
	]
	"Armature.001" [
		[ 0 [ 1108 1109 1110 1111 ] ]
		[ 0.01265823 [ 1112 1113 1110 1114 ] ]
		[ 0.02531646 [ 1115 1116 1117 1118 ] ]
		[ 0.03797468 [ 1119 1120 1117 1121 ] ]
		[ 0.05063291 [ 1122 1123 1117 1124 ] ]
		[ 0.06329114 [ 1125 1126 1127 1128 ] ]
		[ 0.07594936 [ 1129 1130 1131 1132 ] ]
		[ 0.08860759 [ 1133 1134 1131 1135 ] ]
		[ 0.1012658 [ 1136 1137 1131 1138 ] ]
		[ 0.113924 [ 1139 1140 1141 1142 ] ]
		[ 0.1265823 [ 1143 1144 1145 1146 ] ]
		[ 0.1392405 [ 1147 1148 1145 1149 ] ]
		[ 0.1518987 [ 1150 1151 1145 1152 ] ]
		[ 0.164557 [ 1153 1154 1155 1156 ] ]
		[ 0.1772152 [ 1157 1158 1155 1159 ] ]
		[ 0.1898734 [ 1160 1161 1155 1162 ] ]
		[ 0.2025317 [ 1163 1164 1155 1165 ] ]
		[ 0.2151899 [ 1166 1167 1168 1169 ] ]
		[ 0.2278481 [ 1170 1171 1168 1172 ] ]
		[ 0.2405063 [ 1173 1174 1168 1175 ] ]
		[ 0.2531646 [ 1176 1177 1168 1178 ] ]
		[ 0.2658228 [ 1179 1180 1168 1181 ] ]
		[ 0.278481 [ 1182 1180 1168 1183 ] ]
		[ 0.2911392 [ 1184 1185 1186 1187 ] ]
		[ 0.3037975 [ 1184 1188 1186 1187 ] ]
		[ 0.3164557 [ 1189 1188 1186 1190 ] ]
		[ 0.3291139 [ 1189 1188 1186 1191 ] ]
		[ 0.3417721 [ 1189 1188 1192 1191 ] ]
		[ 0.3544304 [ 1189 1188 1192 1191 ] ]
		[ 0.3670886 [ 1189 1188 1192 1191 ] ]
		[ 0.3797468 [ 1189 1188 1192 1191 ] ]
		[ 0.3924051 [ 1189 1188 1186 1191 ] ]
		[ 0.4050633 [ 1189 1188 1186 1191 ] ]
		[ 0.4177215 [ 1189 1188 1192 1191 ] ]
		[ 0.4303797 [ 1189 1188 1192 1191 ] ]
		[ 0.443038 [ 1189 1188 1192 1191 ] ]
		[ 0.4556962 [ 1189 1188 1192 1191 ] ]
		[ 0.4683544 [ 1189 1188 1192 1191 ] ]
		[ 0.4810127 [ 1189 1188 1186 1193 ] ]
		[ 0.4936709 [ 1189 1188 1186 1194 ] ]
		[ 0.5063291 [ 1184 1185 1186 1187 ] ]
		[ 0.5189874 [ 1195 1180 1168 1196 ] ]
		[ 0.5316456 [ 1179 1177 1168 1197 ] ]
		[ 0.5443038 [ 1170 1198 1168 1199 ] ]
		[ 0.556962 [ 1163 1200 1168 1201 ] ]
		[ 0.5696203 [ 1202 1161 1155 1203 ] ]
		[ 0.5822785 [ 1150 1151 1145 1152 ] ]
		[ 0.5949367 [ 1139 1204 1141 1205 ] ]
		[ 0.6075949 [ 1129 1130 1131 1132 ] ]
		[ 0.6202531 [ 1115 1116 1117 1206 ] ]
		[ 0.6329114 [ 1207 1208 1209 1210 ] ]
		[ 0.6455696 [ 1211 1212 1213 1214 ] ]
		[ 0.6582279 [ 1215 1216 1217 1218 ] ]
		[ 0.6708861 [ 1219 1220 1221 1222 ] ]
		[ 0.6835443 [ 1223 1224 1225 1226 ] ]
		[ 0.6962025 [ 1227 1228 1229 1230 ] ]
		[ 0.7088608 [ 1231 1232 1233 1234 ] ]
		[ 0.721519 [ 1235 1236 1237 1238 ] ]
		[ 0.7341772 [ 1239 1240 1241 1242 ] ]
		[ 0.7468355 [ 1243 1244 1245 1246 ] ]
		[ 0.7594936 [ 1247 1248 1249 1250 ] ]
		[ 0.7721519 [ 1251 1252 1253 1254 ] ]
		[ 0.7848101 [ 1255 1256 1257 1258 ] ]
		[ 0.7974684 [ 1259 1260 1261 1262 ] ]
		[ 0.8101266 [ 1263 1264 1265 1266 ] ]
		[ 0.8227848 [ 1267 1268 1269 1270 ] ]
		[ 0.835443 [ 1271 1272 1273 1274 ] ]
		[ 0.8481013 [ 1275 1276 1277 1278 ] ]
		[ 0.8607595 [ 1279 1280 1281 1282 ] ]
		[ 0.8734177 [ 1283 1284 1285 1286 ] ]
		[ 0.886076 [ 1287 1288 1289 1290 ] ]
		[ 0.8987342 [ 1291 1292 1293 1294 ] ]
		[ 0.9113924 [ 1295 1296 1297 1298 ] ]
		[ 0.9240506 [ 1299 1300 1301 1302 ] ]
		[ 0.9367089 [ 1303 1304 1305 1306 ] ]
		[ 0.9493671 [ 1307 1308 1309 1310 ] ]
		[ 0.9620253 [ 1311 1312 1313 1314 ] ]
		[ 0.9746835 [ 1315 1316 1317 1318 ] ]
		[ 0.9873418 [ 1319 1320 1321 1322 ] ]
	]
	"Bow" [
		[ 0 [ 0 1 2 3 ] ]
	]
	"Rope" [
		[ 0 [ 1 12 383 1323 ] ]
	]
	"Rope_end" [
		[ 0 [ 0 12 1 1324 ] ]
	]
	"Rope_end_end" [
		[ 0 [ 0 12 1 1324 ] ]
	]
	"Bow_1" [
		[ 0 [ 383 1325 1326 1327 ] ]
	]
	"Bow_1_end" [
		[ 0 [ 0 12 1 1328 ] ]
	]
	"Bow_1_end_end" [
		[ 0 [ 0 12 1 1328 ] ]
	]
	"Bow_2" [
		[ 0 [ 0 1329 1330 1331 ] ]
	]
	"Bow_2_end" [
		[ 0 [ 0 12 1 1328 ] ]
	]
	"Bow_2_end_end" [
		[ 0 [ 0 12 1 1328 ] ]
	]
	"Kolchan" [
		[ 0 [ 1332 1333 1334 1335 ] ]
		[ 0.01265823 [ 1332 1336 1334 1335 ] ]
		[ 0.02531646 [ 1332 1336 1337 1338 ] ]
		[ 0.03797468 [ 1332 1336 1337 1339 ] ]
		[ 0.05063291 [ 1340 1336 1341 1342 ] ]
		[ 0.06329114 [ 1340 1343 1344 1342 ] ]
		[ 0.07594936 [ 1340 1343 1345 1342 ] ]
		[ 0.08860759 [ 1340 1343 1346 1347 ] ]
		[ 0.1012658 [ 1340 1343 1348 1347 ] ]
		[ 0.113924 [ 1349 1350 1348 1351 ] ]
		[ 0.1265823 [ 1349 1352 1353 1351 ] ]
		[ 0.1392405 [ 1349 1352 1354 1355 ] ]
		[ 0.1518987 [ 1349 1352 1354 1355 ] ]
		[ 0.164557 [ 1349 1356 1357 1358 ] ]
		[ 0.1772152 [ 1349 1356 1359 1360 ] ]
		[ 0.1898734 [ 1361 1356 1359 1362 ] ]
		[ 0.2025317 [ 1361 1356 1363 1362 ] ]
		[ 0.2151899 [ 1361 1356 1364 1365 ] ]
		[ 0.2278481 [ 1361 1366 1364 1365 ] ]
		[ 0.2405063 [ 1361 1366 1367 1365 ] ]
		[ 0.2531646 [ 1361 1366 1367 1368 ] ]
		[ 0.2658228 [ 1361 1369 1370 1371 ] ]
		[ 0.278481 [ 1372 1373 1370 1371 ] ]
		[ 0.2911392 [ 1372 1373 1374 1375 ] ]
		[ 0.3037975 [ 1372 1376 1374 1375 ] ]
		[ 0.3164557 [ 1372 1376 1374 1375 ] ]
		[ 0.3291139 [ 1372 1376 1374 1375 ] ]
		[ 0.3417721 [ 1372 1376 1374 1375 ] ]
		[ 0.3544304 [ 1372 1376 1374 1375 ] ]
		[ 0.3670886 [ 1372 1376 1374 1375 ] ]
		[ 0.3797468 [ 1372 1376 1374 1375 ] ]
		[ 0.3924051 [ 1372 1376 1374 1375 ] ]
		[ 0.4050633 [ 1372 1376 1374 1375 ] ]
		[ 0.4177215 [ 1372 1376 1374 1375 ] ]
		[ 0.4303797 [ 1372 1376 1374 1375 ] ]
		[ 0.443038 [ 1372 1376 1374 1375 ] ]
		[ 0.4556962 [ 1372 1376 1374 1375 ] ]
		[ 0.4683544 [ 1372 1376 1374 1375 ] ]
		[ 0.4810127 [ 1372 1376 1374 1375 ] ]
		[ 0.4936709 [ 1372 1376 1374 1375 ] ]
		[ 0.5063291 [ 1372 1373 1374 1375 ] ]
		[ 0.5189874 [ 1372 1373 1370 1371 ] ]
		[ 0.5316456 [ 1361 1366 1367 1371 ] ]
		[ 0.5443038 [ 1361 1366 1367 1365 ] ]
		[ 0.556962 [ 1361 1356 1363 1362 ] ]
		[ 0.5696203 [ 1349 1356 1359 1360 ] ]
		[ 0.5822785 [ 1349 1352 1354 1355 ] ]
		[ 0.5949367 [ 1349 1352 1353 1351 ] ]
		[ 0.6075949 [ 1340 1343 1345 1342 ] ]
		[ 0.6202531 [ 1332 1336 1337 1338 ] ]
		[ 0.6329114 [ 1377 1333 1378 1379 ] ]
		[ 0.6455696 [ 1380 1381 1382 1383 ] ]
		[ 0.6582279 [ 1384 1385 1386 1387 ] ]
		[ 0.6708861 [ 1388 1389 1390 1391 ] ]
		[ 0.6835443 [ 1392 1393 1394 1395 ] ]
		[ 0.6962025 [ 1396 1397 1398 1399 ] ]
		[ 0.7088608 [ 1400 1401 1402 1403 ] ]
		[ 0.721519 [ 1404 1405 1406 1407 ] ]
		[ 0.7341772 [ 1408 1409 1410 1411 ] ]
		[ 0.7468355 [ 1412 1413 1414 1415 ] ]
		[ 0.7594936 [ 1416 1417 1418 1419 ] ]
		[ 0.7721519 [ 1420 1421 1422 1423 ] ]
		[ 0.7848101 [ 1424 1425 1426 1427 ] ]
		[ 0.7974684 [ 1428 1429 1430 1431 ] ]
		[ 0.8101266 [ 1432 1433 1434 1435 ] ]
		[ 0.8227848 [ 1436 1437 1438 1439 ] ]
		[ 0.835443 [ 1440 1441 1442 1443 ] ]
		[ 0.8481013 [ 1444 1445 1446 1447 ] ]
		[ 0.8607595 [ 1448 1449 1450 1451 ] ]
		[ 0.8734177 [ 1452 1453 1454 1455 ] ]
		[ 0.886076 [ 1456 1457 1458 1459 ] ]
		[ 0.8987342 [ 1460 1461 1462 1463 ] ]
		[ 0.9113924 [ 1464 1465 1466 1467 ] ]
		[ 0.9240506 [ 1468 1469 1470 1471 ] ]
		[ 0.9367089 [ 1472 1473 1474 1475 ] ]
		[ 0.9493671 [ 1476 1477 1478 1479 ] ]
		[ 0.9620253 [ 1480 1481 1482 1483 ] ]
		[ 0.9746835 [ 1484 1485 1486 1487 ] ]
		[ 0.9873418 [ 1488 1489 1490 1491 ] ]
	]
	}
	:resources [
		[1.000 0.000 0.000]
		[0.000 0.000 1.000]
		[0.000 -1.000 0.000]
		[0.000 0.000 0.000]
		[0.059 -0.337 0.940]
		[0.163 -0.925 -0.342]
		[0.985 0.174 0.000]
		[0.123 -0.038 0.000]
		[-0.906 0.423 0.000]
		[0.423 0.906 0.000]
		[0.000 0.000 -1.000]
		[0.000 0.532 0.000]
		[0.000 1.000 0.000]
		[0.000 0.578 0.000]
		[0.682 -0.337 0.650]
		[-0.367 -0.925 -0.095]
		[0.633 -0.174 -0.754]
		[-0.123 -0.038 0.000]
		[0.000 0.940 -0.342]
		[0.000 0.342 0.940]
		[0.000 0.130 0.000]
		[1.000 0.000 0.002]
		[0.001 0.939 -0.343]
		[-0.002 0.343 0.939]
		[1.000 0.000 0.004]
		[-0.004 0.343 0.939]
		[1.000 0.000 0.007]
		[0.002 0.939 -0.344]
		[-0.006 0.344 0.939]
		[1.000 0.000 0.009]
		[0.003 0.939 -0.345]
		[-0.009 0.345 0.939]
		[1.000 0.000 0.012]
		[0.004 0.938 -0.346]
		[-0.011 0.346 0.938]
		[1.000 0.000 0.014]
		[0.005 0.938 -0.347]
		[-0.014 0.347 0.938]
		[1.000 0.000 0.017]
		[0.006 0.938 -0.347]
		[-0.016 0.347 0.938]
		[1.000 0.000 0.020]
		[0.007 0.937 -0.348]
		[-0.019 0.348 0.937]
		[1.000 0.000 0.023]
		[0.008 0.937 -0.349]
		[-0.021 0.349 0.937]
		[1.000 0.000 0.026]
		[0.009 0.937 -0.350]
		[-0.024 0.350 0.936]
		[1.000 0.000 0.029]
		[0.010 0.936 -0.351]
		[-0.027 0.351 0.936]
		[1.000 0.000 0.031]
		[0.011 0.936 -0.352]
		[-0.029 0.352 0.936]
		[0.999 0.000 0.034]
		[0.012 0.936 -0.352]
		[-0.032 0.353 0.935]
		[0.999 0.000 0.037]
		[0.013 0.935 -0.353]
		[-0.034 0.354 0.935]
		[0.999 0.000 0.040]
		[0.014 0.935 -0.354]
		[-0.037 0.354 0.934]
		[0.999 0.000 0.042]
		[0.015 0.935 -0.355]
		[-0.039 0.355 0.934]
		[0.999 0.000 0.045]
		[0.016 0.935 -0.356]
		[-0.042 0.356 0.934]
		[0.999 0.000 0.047]
		[0.017 0.934 -0.356]
		[-0.044 0.357 0.933]
		[0.999 0.000 0.049]
		[0.018 0.934 -0.357]
		[-0.046 0.357 0.933]
		[0.999 0.000 0.051]
		[0.018 0.934 -0.358]
		[-0.048 0.358 0.932]
		[0.999 0.000 0.053]
		[0.019 0.933 -0.358]
		[-0.050 0.359 0.932]
		[0.999 0.000 0.055]
		[0.020 0.933 -0.359]
		[-0.051 0.359 0.932]
		[0.998 0.000 0.056]
		[-0.052 0.360 0.932]
		[0.998 0.000 0.057]
		[0.021 0.933 -0.359]
		[-0.054 0.360 0.931]
		[0.998 0.000 0.058]
		[0.021 0.933 -0.360]
		[-0.055 0.360 0.931]
		[0.998 0.000 0.059]
		[-0.055 0.361 0.931]
		[0.998 0.000 0.060]
		[0.022 0.933 -0.360]
		[-0.056 0.361 0.931]
		[-0.053 0.360 0.932]
		[0.999 0.000 0.054]
		[0.999 0.000 0.052]
		[0.019 0.934 -0.358]
		[0.999 0.000 0.048]
		[0.017 0.934 -0.357]
		[-0.045 0.357 0.933]
		[0.999 0.000 0.044]
		[0.016 0.935 -0.355]
		[-0.041 0.356 0.934]
		[0.999 0.000 0.038]
		[0.013 0.935 -0.354]
		[-0.036 0.354 0.935]
		[1.000 0.000 0.032]
		[1.000 0.000 0.024]
		[-0.022 0.349 0.937]
		[1.000 0.000 0.015]
		[1.000 0.000 -0.007]
		[-0.003 0.941 -0.340]
		[0.007 0.340 0.941]
		[1.000 0.000 -0.020]
		[-0.007 0.942 -0.336]
		[0.019 0.336 0.942]
		[0.999 0.000 -0.034]
		[-0.011 0.944 -0.331]
		[0.032 0.331 0.943]
		[0.999 0.000 -0.049]
		[-0.016 0.945 -0.326]
		[0.047 0.327 0.944]
		[0.998 0.000 -0.065]
		[-0.021 0.947 -0.321]
		[0.062 0.322 0.945]
		[0.997 0.000 -0.082]
		[-0.026 0.949 -0.315]
		[0.078 0.316 0.946]
		[0.995 0.000 -0.099]
		[-0.031 0.951 -0.309]
		[0.094 0.311 0.946]
		[0.993 0.000 -0.118]
		[-0.036 0.952 -0.303]
		[0.112 0.305 0.946]
		[0.991 0.000 -0.137]
		[-0.041 0.954 -0.296]
		[0.130 0.299 0.945]
		[0.988 0.000 -0.156]
		[-0.046 0.956 -0.289]
		[0.149 0.292 0.945]
		[0.984 0.000 -0.176]
		[-0.050 0.958 -0.282]
		[0.169 0.286 0.943]
		[0.980 0.000 -0.197]
		[-0.055 0.960 -0.274]
		[0.189 0.279 0.941]
		[0.976 0.000 -0.218]
		[-0.059 0.962 -0.266]
		[0.209 0.272 0.939]
		[0.971 0.000 -0.239]
		[-0.063 0.964 -0.258]
		[0.230 0.265 0.936]
		[0.965 0.000 -0.261]
		[-0.067 0.966 -0.249]
		[0.252 0.258 0.933]
		[0.959 0.000 -0.283]
		[-0.071 0.968 -0.241]
		[0.274 0.251 0.929]
		[0.952 0.000 -0.305]
		[-0.074 0.970 -0.232]
		[0.295 0.243 0.924]
		[0.945 0.000 -0.327]
		[-0.077 0.972 -0.223]
		[0.317 0.236 0.918]
		[0.937 0.000 -0.349]
		[-0.080 0.974 -0.214]
		[0.340 0.228 0.912]
		[0.929 0.000 -0.371]
		[-0.082 0.975 -0.205]
		[0.362 0.221 0.906]
		[0.920 0.000 -0.393]
		[-0.084 0.977 -0.196]
		[0.384 0.213 0.899]
		[0.910 0.000 -0.415]
		[-0.085 0.979 -0.187]
		[0.406 0.205 0.891]
		[0.900 0.000 -0.436]
		[-0.086 0.980 -0.178]
		[0.428 0.197 0.882]
		[0.889 0.000 -0.457]
		[-0.087 0.982 -0.169]
		[0.449 0.190 0.873]
		[0.878 0.000 -0.478]
		[-0.087 0.983 -0.160]
		[0.470 0.182 0.864]
		[0.867 0.000 -0.499]
		[-0.087 0.985 -0.151]
		[0.491 0.174 0.853]
		[0.854 0.000 -0.520]
		[-0.086 0.986 -0.142]
		[0.513 0.166 0.842]
		[0.840 0.000 -0.542]
		[-0.085 0.988 -0.132]
		[0.535 0.157 0.830]
		[0.825 0.000 -0.565]
		[-0.084 0.989 -0.122]
		[0.559 0.148 0.816]
		[0.000 0.940 0.342]
		[0.000 -0.342 0.940]
		[0.000 0.596 0.000]
		[1.000 0.000 -0.002]
		[0.001 0.939 0.343]
		[0.002 -0.343 0.939]
		[1.000 0.000 -0.004]
		[0.004 -0.343 0.939]
		[0.002 0.939 0.344]
		[0.006 -0.344 0.939]
		[1.000 0.000 -0.009]
		[0.003 0.939 0.345]
		[0.009 -0.345 0.939]
		[1.000 0.000 -0.012]
		[0.004 0.938 0.346]
		[0.011 -0.346 0.938]
		[1.000 0.000 -0.014]
		[0.005 0.938 0.347]
		[0.014 -0.347 0.938]
		[1.000 0.000 -0.017]
		[0.006 0.938 0.347]
		[0.016 -0.347 0.938]
		[0.007 0.937 0.348]
		[0.019 -0.348 0.937]
		[1.000 0.000 -0.023]
		[0.008 0.937 0.349]
		[0.021 -0.349 0.937]
		[1.000 0.000 -0.026]
		[0.009 0.937 0.350]
		[0.024 -0.350 0.936]
		[1.000 0.000 -0.029]
		[0.010 0.936 0.351]
		[0.027 -0.351 0.936]
		[1.000 0.000 -0.031]
		[0.011 0.936 0.352]
		[0.029 -0.352 0.936]
		[0.012 0.936 0.352]
		[0.032 -0.353 0.935]
		[0.999 0.000 -0.037]
		[0.013 0.935 0.353]
		[0.034 -0.354 0.935]
		[0.999 0.000 -0.040]
		[0.014 0.935 0.354]
		[0.037 -0.354 0.934]
		[0.999 0.000 -0.042]
		[0.015 0.935 0.355]
		[0.039 -0.355 0.934]
		[0.999 0.000 -0.045]
		[0.016 0.935 0.356]
		[0.042 -0.356 0.934]
		[0.999 0.000 -0.047]
		[0.017 0.934 0.356]
		[0.044 -0.357 0.933]
		[0.018 0.934 0.357]
		[0.046 -0.357 0.933]
		[0.999 0.000 -0.051]
		[0.018 0.934 0.358]
		[0.048 -0.358 0.932]
		[0.999 0.000 -0.053]
		[0.019 0.933 0.358]
		[0.050 -0.359 0.932]
		[0.999 0.000 -0.055]
		[0.020 0.933 0.359]
		[0.051 -0.359 0.932]
		[0.998 0.000 -0.056]
		[0.052 -0.360 0.932]
		[0.998 0.000 -0.057]
		[0.021 0.933 0.359]
		[0.054 -0.360 0.931]
		[0.998 0.000 -0.058]
		[0.021 0.933 0.360]
		[0.055 -0.360 0.931]
		[0.998 0.000 -0.059]
		[0.055 -0.361 0.931]
		[0.998 0.000 -0.060]
		[0.022 0.933 0.360]
		[0.056 -0.361 0.931]
		[0.053 -0.360 0.932]
		[0.999 0.000 -0.054]
		[0.999 0.000 -0.052]
		[0.019 0.934 0.358]
		[0.999 0.000 -0.048]
		[0.017 0.934 0.357]
		[0.045 -0.357 0.933]
		[0.999 0.000 -0.044]
		[0.016 0.935 0.355]
		[0.041 -0.356 0.934]
		[0.999 0.000 -0.038]
		[0.013 0.935 0.354]
		[0.036 -0.354 0.935]
		[1.000 0.000 -0.032]
		[1.000 0.000 -0.024]
		[0.022 -0.349 0.937]
		[1.000 0.000 -0.015]
		[-0.003 0.941 0.340]
		[-0.007 -0.340 0.941]
		[-0.007 0.942 0.336]
		[-0.019 -0.336 0.942]
		[-0.011 0.944 0.331]
		[-0.032 -0.331 0.943]
		[-0.016 0.945 0.326]
		[-0.047 -0.327 0.944]
		[0.998 0.000 0.065]
		[-0.021 0.947 0.321]
		[-0.062 -0.322 0.945]
		[0.997 0.000 0.082]
		[-0.026 0.949 0.315]
		[-0.078 -0.316 0.946]
		[0.995 0.000 0.099]
		[-0.031 0.951 0.309]
		[-0.094 -0.311 0.946]
		[0.993 0.000 0.118]
		[-0.036 0.952 0.303]
		[-0.112 -0.305 0.946]
		[0.991 0.000 0.137]
		[-0.041 0.954 0.296]
		[-0.130 -0.299 0.945]
		[0.988 0.000 0.156]
		[-0.046 0.956 0.289]
		[-0.149 -0.292 0.945]
		[0.984 0.000 0.176]
		[-0.050 0.958 0.282]
		[-0.169 -0.286 0.943]
		[0.980 0.000 0.197]
		[-0.055 0.960 0.274]
		[-0.189 -0.279 0.941]
		[0.976 0.000 0.218]
		[-0.059 0.962 0.266]
		[-0.209 -0.272 0.939]
		[0.971 0.000 0.239]
		[-0.063 0.964 0.258]
		[-0.230 -0.265 0.936]
		[0.965 0.000 0.261]
		[-0.067 0.966 0.249]
		[-0.252 -0.258 0.933]
		[0.959 0.000 0.283]
		[-0.071 0.968 0.241]
		[-0.274 -0.251 0.929]
		[0.952 0.000 0.305]
		[-0.074 0.970 0.232]
		[-0.295 -0.243 0.924]
		[0.945 0.000 0.327]
		[-0.077 0.972 0.223]
		[-0.317 -0.236 0.918]
		[0.937 0.000 0.349]
		[-0.080 0.974 0.214]
		[-0.340 -0.228 0.912]
		[0.929 0.000 0.371]
		[-0.082 0.975 0.205]
		[-0.362 -0.221 0.906]
		[0.920 0.000 0.393]
		[-0.084 0.977 0.196]
		[-0.384 -0.213 0.899]
		[0.910 0.000 0.415]
		[-0.085 0.979 0.187]
		[-0.406 -0.205 0.891]
		[0.900 0.000 0.436]
		[-0.086 0.980 0.178]
		[-0.428 -0.197 0.882]
		[0.889 0.000 0.457]
		[-0.087 0.982 0.169]
		[-0.449 -0.190 0.873]
		[0.878 0.000 0.478]
		[-0.087 0.983 0.160]
		[-0.470 -0.182 0.864]
		[0.867 0.000 0.499]
		[-0.087 0.985 0.151]
		[-0.491 -0.174 0.853]
		[0.854 0.000 0.520]
		[-0.086 0.986 0.142]
		[-0.513 -0.166 0.842]
		[0.840 0.000 0.542]
		[-0.085 0.988 0.132]
		[-0.535 -0.157 0.830]
		[0.825 0.000 0.565]
		[-0.084 0.989 0.122]
		[-0.559 -0.148 0.816]
		[0.000 0.315 0.000]
		[0.000 0.470 0.000]
		[0.000 0.300 0.000]
		[-1.000 0.000 0.000]
		[-0.040 0.557 0.830]
		[0.580 -0.663 0.473]
		[0.814 0.500 -0.296]
		[0.279 0.394 -0.035]
		[-0.045 0.559 0.828]
		[0.576 -0.663 0.479]
		[0.816 0.498 -0.293]
		[-0.049 0.562 0.826]
		[0.572 -0.662 0.485]
		[0.819 0.496 -0.289]
		[-0.055 0.565 0.823]
		[0.568 -0.661 0.491]
		[0.821 0.494 -0.285]
		[-0.060 0.568 0.821]
		[0.563 -0.660 0.497]
		[0.824 0.492 -0.280]
		[-0.065 0.571 0.818]
		[0.558 -0.659 0.504]
		[0.827 0.490 -0.276]
		[-0.071 0.574 0.816]
		[0.553 -0.658 0.511]
		[0.830 0.487 -0.271]
		[-0.077 0.577 0.813]
		[0.548 -0.657 0.518]
		[0.833 0.485 -0.266]
		[-0.083 0.581 0.810]
		[0.542 -0.656 0.525]
		[0.836 0.483 -0.261]
		[-0.088 0.584 0.807]
		[0.537 -0.655 0.533]
		[0.839 0.480 -0.256]
		[-0.094 0.587 0.804]
		[0.531 -0.653 0.540]
		[0.842 0.478 -0.250]
		[-0.100 0.591 0.801]
		[0.525 -0.652 0.547]
		[0.845 0.475 -0.245]
		[-0.105 0.594 0.797]
		[0.519 -0.651 0.554]
		[0.848 0.473 -0.240]
		[-0.111 0.598 0.794]
		[0.514 -0.650 0.560]
		[0.851 0.470 -0.235]
		[-0.116 0.601 0.791]
		[0.508 -0.648 0.567]
		[0.853 0.468 -0.230]
		[-0.121 0.604 0.788]
		[0.502 -0.647 0.573]
		[0.856 0.465 -0.225]
		[-0.126 0.607 0.785]
		[0.497 -0.646 0.580]
		[0.859 0.463 -0.220]
		[-0.131 0.610 0.782]
		[0.492 -0.645 0.585]
		[0.861 0.461 -0.215]
		[-0.135 0.613 0.779]
		[0.486 -0.644 0.591]
		[0.863 0.459 -0.211]
		[-0.140 0.615 0.776]
		[0.482 -0.643 0.596]
		[0.865 0.457 -0.207]
		[-0.143 0.618 0.773]
		[0.477 -0.642 0.601]
		[0.867 0.455 -0.203]
		[-0.147 0.620 0.771]
		[0.473 -0.641 0.605]
		[0.869 0.453 -0.199]
		[-0.150 0.622 0.769]
		[0.469 -0.640 0.609]
		[0.870 0.452 -0.196]
		[-0.152 0.623 0.767]
		[0.466 -0.639 0.612]
		[0.872 0.451 -0.193]
		[-0.155 0.625 0.765]
		[0.463 -0.638 0.615]
		[0.873 0.449 -0.191]
		[-0.157 0.626 0.764]
		[0.461 -0.638 0.617]
		[0.874 0.449 -0.189]
		[-0.158 0.627 0.763]
		[0.459 -0.637 0.619]
		[0.874 0.448 -0.187]
		[-0.159 0.628 0.762]
		[0.458 -0.637 0.620]
		[0.875 0.447 -0.186]
		[-0.159 0.627 0.762]
		[0.875 0.448 -0.187]
		[-0.158 0.627 0.762]
		[-0.157 0.627 0.763]
		[0.460 -0.638 0.618]
		[0.874 0.448 -0.188]
		[-0.156 0.626 0.764]
		[0.462 -0.638 0.616]
		[0.873 0.449 -0.189]
		[-0.153 0.624 0.766]
		[0.465 -0.639 0.613]
		[0.872 0.450 -0.192]
		[-0.149 0.621 0.769]
		[0.470 -0.640 0.608]
		[-0.144 0.618 0.773]
		[0.476 -0.641 0.602]
		[0.868 0.455 -0.202]
		[-0.138 0.614 0.777]
		[0.484 -0.643 0.594]
		[0.864 0.458 -0.209]
		[-0.129 0.609 0.783]
		[0.494 -0.645 0.583]
		[0.860 0.462 -0.217]
		[-0.119 0.602 0.789]
		[0.505 -0.648 0.570]
		[0.855 0.467 -0.227]
		[-0.106 0.594 0.797]
		[0.848 0.472 -0.240]
		[-0.090 0.585 0.806]
		[0.535 -0.654 0.535]
		[0.840 0.479 -0.254]
		[-0.072 0.574 0.815]
		[0.553 -0.658 0.512]
		[0.830 0.487 -0.270]
		[-0.050 0.562 0.826]
		[0.819 0.496 -0.288]
		[-0.022 0.547 0.837]
		[0.594 -0.666 0.451]
		[0.805 0.506 -0.310]
		[0.012 0.531 0.847]
		[0.617 -0.671 0.412]
		[0.787 0.518 -0.335]
		[0.053 0.512 0.857]
		[0.640 -0.676 0.364]
		[0.766 0.529 -0.364]
		[0.102 0.491 0.865]
		[0.663 -0.682 0.309]
		[0.742 0.542 -0.395]
		[0.156 0.469 0.869]
		[0.683 -0.687 0.248]
		[0.713 0.555 -0.428]
		[0.217 0.445 0.869]
		[0.700 -0.691 0.179]
		[0.681 0.569 -0.461]
		[0.282 0.420 0.863]
		[0.711 -0.695 0.106]
		[0.644 0.584 -0.494]
		[0.350 0.393 0.850]
		[0.715 -0.698 0.028]
		[0.605 0.598 -0.526]
		[0.421 0.366 0.830]
		[0.712 -0.700 -0.053]
		[0.562 0.614 -0.555]
		[0.492 0.338 0.803]
		[0.701 -0.700 -0.135]
		[0.516 0.629 -0.581]
		[0.562 0.309 0.767]
		[0.681 -0.699 -0.217]
		[0.469 0.645 -0.604]
		[0.630 0.281 0.724]
		[0.653 -0.696 -0.298]
		[0.420 0.661 -0.622]
		[0.694 0.252 0.674]
		[0.616 -0.692 -0.376]
		[0.371 0.677 -0.636]
		[0.754 0.224 0.618]
		[0.572 -0.686 -0.450]
		[0.323 0.693 -0.645]
		[0.807 0.197 0.557]
		[0.522 -0.678 -0.518]
		[0.275 0.708 -0.650]
		[0.854 0.171 0.492]
		[0.467 -0.668 -0.579]
		[0.230 0.724 -0.650]
		[0.893 0.146 0.425]
		[0.409 -0.657 -0.634]
		[0.187 0.740 -0.646]
		[0.926 0.122 0.359]
		[0.349 -0.644 -0.681]
		[0.148 0.755 -0.638]
		[0.951 0.100 0.293]
		[0.289 -0.629 -0.721]
		[0.112 0.771 -0.627]
		[0.970 0.080 0.231]
		[0.230 -0.614 -0.755]
		[0.082 0.786 -0.613]
		[0.983 0.061 0.173]
		[0.175 -0.597 -0.783]
		[0.055 0.800 -0.597]
		[0.992 0.045 0.122]
		[0.125 -0.579 -0.806]
		[0.034 0.814 -0.580]
		[0.997 0.031 0.077]
		[0.081 -0.560 -0.824]
		[0.018 0.828 -0.561]
		[0.999 0.018 0.042]
		[0.045 -0.541 -0.840]
		[0.007 0.841 -0.541]
		[1.000 0.008 0.016]
		[0.018 -0.521 -0.853]
		[0.001 0.853 -0.521]
		[0.001 -0.501 -0.865]
		[0.000 0.865 -0.501]
		[1.000 -0.006 -0.001]
		[-0.004 -0.480 -0.878]
		[0.004 0.878 -0.480]
		[1.000 -0.010 0.009]
		[0.004 -0.457 -0.890]
		[0.013 0.890 -0.457]
		[0.999 -0.013 0.033]
		[0.024 -0.432 -0.902]
		[0.025 0.902 -0.431]
		[0.000 0.316 0.000]
		[-0.006 1.000 0.000]
		[-1.000 -0.006 0.000]
		[-0.013 1.000 0.000]
		[-1.000 -0.013 0.000]
		[-0.020 1.000 0.000]
		[-1.000 -0.020 0.000]
		[-0.028 1.000 0.000]
		[-1.000 -0.028 0.000]
		[-0.035 0.999 0.000]
		[-0.999 -0.035 0.000]
		[-0.043 0.999 0.000]
		[-0.999 -0.043 0.000]
		[-0.052 0.999 0.000]
		[-0.999 -0.052 0.000]
		[-0.060 0.998 0.000]
		[-0.998 -0.060 0.000]
		[-0.069 0.998 0.000]
		[-0.998 -0.069 0.000]
		[-0.077 0.997 0.000]
		[-0.997 -0.077 0.000]
		[-0.086 0.996 0.000]
		[-0.996 -0.086 0.000]
		[-0.094 0.996 0.000]
		[-0.996 -0.094 0.000]
		[-0.102 0.995 0.000]
		[-0.995 -0.102 0.000]
		[-0.110 0.994 0.000]
		[-0.994 -0.110 0.000]
		[-0.118 0.993 0.000]
		[-0.993 -0.118 0.000]
		[-0.126 0.992 0.000]
		[-0.992 -0.126 0.000]
		[-0.133 0.991 0.000]
		[-0.991 -0.133 0.000]
		[-0.140 0.990 0.000]
		[-0.990 -0.140 0.000]
		[-0.147 0.989 0.000]
		[-0.989 -0.147 0.000]
		[-0.153 0.988 0.000]
		[-0.988 -0.153 0.000]
		[-0.159 0.987 0.000]
		[-0.987 -0.159 0.000]
		[-0.163 0.987 0.000]
		[-0.987 -0.163 0.000]
		[-0.168 0.986 0.000]
		[-0.986 -0.168 0.000]
		[-0.172 0.985 0.000]
		[-0.985 -0.172 0.000]
		[-0.175 0.985 0.000]
		[-0.985 -0.175 0.000]
		[-0.177 0.984 0.000]
		[-0.984 -0.177 0.000]
		[-0.178 0.984 0.000]
		[-0.984 -0.178 0.000]
		[-0.179 0.984 0.000]
		[-0.984 -0.179 0.000]
		[-0.176 0.984 0.000]
		[-0.984 -0.176 0.000]
		[-0.173 0.985 0.000]
		[-0.985 -0.173 0.000]
		[-0.169 0.986 0.000]
		[-0.986 -0.169 0.000]
		[-0.154 0.988 0.000]
		[-0.988 -0.154 0.000]
		[-0.144 0.990 0.000]
		[-0.990 -0.144 0.000]
		[-0.130 0.991 0.000]
		[-0.991 -0.130 0.000]
		[-0.114 0.993 0.000]
		[-0.993 -0.114 0.000]
		[-0.071 0.997 0.000]
		[-0.997 -0.071 0.000]
		[-0.044 0.999 0.000]
		[-0.999 -0.044 0.000]
		[0.023 1.000 0.000]
		[-1.000 0.023 0.000]
		[0.065 0.998 0.000]
		[-0.998 0.065 0.000]
		[0.113 0.994 0.000]
		[-0.994 0.113 0.000]
		[0.165 0.986 0.000]
		[-0.986 0.165 0.000]
		[0.221 0.975 0.000]
		[-0.975 0.221 0.000]
		[0.280 0.960 0.000]
		[-0.960 0.280 0.000]
		[0.342 0.940 0.000]
		[-0.940 0.342 0.000]
		[0.405 0.914 0.000]
		[-0.914 0.405 0.000]
		[0.468 0.884 0.000]
		[-0.884 0.468 0.000]
		[0.531 0.847 0.000]
		[-0.847 0.531 0.000]
		[0.592 0.806 0.000]
		[-0.806 0.592 0.000]
		[0.651 0.759 0.000]
		[-0.759 0.651 0.000]
