{ :name "Dead" :length 0 :bones { 
	"Skelet" [
		[0 [1.000 0.000 0.000 0.000 0.000 -1.000 0.000 0.000 0.000 0.000 -1.000 0.000 0.000 0.000 -1.050 1.000]]
	]
	"Bedro_L" [
		[0 [-0.308 -0.171 0.936 0.000 0.220 -0.970 -0.105 0.000 0.925 0.174 0.337 0.000 0.123 -0.038 0.000 1.000]]
	]
	"Koleno_L" [
		[0 [-0.940 0.342 -0.004 0.000 0.342 0.940 -0.011 0.000 0.000 -0.011 -1.000 0.000 0.000 0.532 0.000 1.000]]
	]
	"Koleno_L_end" [
		[0 [1.000 0.000 0.000 0.000 0.000 1.000 0.000 0.000 0.000 0.000 1.000 0.000 0.000 0.578 0.000 1.000]]
	]
	"Bedro_P" [
		[0 [0.308 -0.171 0.936 0.000 -0.220 -0.970 -0.105 0.000 0.925 -0.174 -0.337 0.000 -0.123 -0.038 0.000 1.000]]
	]
	"Koleno_P" [
		[0 [-0.940 0.342 0.000 0.000 0.342 0.940 0.000 0.000 0.000 0.000 -1.000 0.000 0.000 0.532 0.000 1.000]]
	]
	"Koleno_P_end" [
		[0 [1.000 0.000 0.000 0.000 0.000 1.000 0.000 0.000 0.000 0.000 1.000 0.000 0.000 0.578 0.000 1.000]]
	]
	"Tors" [
		[0 [1.000 0.000 0.000 0.000 0.000 1.000 0.000 0.000 0.000 0.000 1.000 0.000 0.000 0.130 0.000 1.000]]
	]
	"Golova" [
		[0 [0.500 0.000 0.866 0.000 0.000 1.000 0.000 0.000 -0.866 0.000 0.500 0.000 0.000 0.596 0.000 1.000]]
	]
	"Golova_end" [
		[0 [1.000 0.000 0.000 0.000 0.000 1.000 0.000 0.000 0.000 0.000 1.000 0.000 0.000 0.315 0.000 1.000]]
	]
	"Kluchitsa_L" [
		[0 [0.000 0.000 1.000 0.000 1.000 0.000 0.000 0.000 0.000 1.000 0.000 0.000 0.000 0.470 0.000 1.000]]
	]
	"Kluchitsa_L_end" [
		[0 [1.000 0.000 0.000 0.000 0.000 1.000 0.000 0.000 0.000 0.000 1.000 0.000 0.000 0.300 0.000 1.000]]
	]
	"Kluchitsa_P" [
		[0 [0.000 0.000 -1.000 0.000 -1.000 0.000 0.000 0.000 0.000 1.000 0.000 0.000 0.000 0.470 0.000 1.000]]
	]
	"Kluchitsa_P_end" [
		[0 [1.000 0.000 0.000 0.000 0.000 1.000 0.000 0.000 0.000 0.000 1.000 0.000 0.000 0.300 0.000 1.000]]
	]
	"Ruka_L" [
		[0 [0.000 0.000 1.000 0.000 0.866 -0.500 0.000 0.000 0.500 0.866 0.000 0.000 0.279 0.394 -0.035 1.000]]
	]
	"Lokot_L" [
		[0 [1.000 0.000 0.000 0.000 0.000 1.000 0.000 0.000 0.000 0.000 1.000 0.000 0.000 0.316 0.000 1.000]]
	]
	"Lokot_L_end" [
		[0 [1.000 0.000 0.000 0.000 0.000 1.000 0.000 0.000 0.000 0.000 1.000 0.000 0.000 0.469 0.000 1.000]]
	]
	"Ruka_P" [
		[0 [0.000 0.000 1.000 0.000 -0.866 -0.500 0.000 0.000 0.500 -0.866 0.000 0.000 -0.279 0.394 -0.035 1.000]]
	]
	"Lokot_P" [
		[0 [1.000 0.000 0.000 0.000 0.000 1.000 0.000 0.000 0.000 0.000 1.000 0.000 0.000 0.316 0.000 1.000]]
	]
	"Lokot_P_end" [
		[0 [1.000 0.000 0.000 0.000 0.000 1.000 0.000 0.000 0.000 0.000 1.000 0.000 0.000 0.469 0.000 1.000]]
	]
	"Luchnik" [
		[0 [100.000 0.000 0.000 0.000 0.000 0.000 -100.000 0.000 0.000 100.000 0.000 0.000 0.000 100.000 0.000 1.000]]
	]
	"Weapon" [
		[0 [100.000 0.000 0.000 0.000 0.000 0.000 -100.000 0.000 0.000 100.000 0.000 0.000 0.000 0.000 0.000 1.000]]
	]
	"Armature.001" [
		[0 [0.033 -0.125 -0.054 0.000 -0.103 0.013 -0.094 0.000 0.089 0.062 -0.088 0.000 0.962 -0.116 0.191 1.000]]
	]
	"Bow" [
		[0 [1.000 0.000 0.000 0.000 0.000 0.000 1.000 0.000 0.000 -1.000 0.000 0.000 0.000 0.000 0.000 1.000]]
	]
	"Rope" [
		[0 [0.000 0.000 1.000 0.000 0.000 1.000 0.000 0.000 -1.000 0.000 0.000 0.000 0.000 -0.633 0.000 1.000]]
	]
	"Rope_end" [
		[0 [1.000 0.000 0.000 0.000 0.000 1.000 0.000 0.000 0.000 0.000 1.000 0.000 0.000 0.133 0.000 1.000]]
	]
	"Rope_end_end" [
		[0 [1.000 0.000 0.000 0.000 0.000 1.000 0.000 0.000 0.000 0.000 1.000 0.000 0.000 0.133 0.000 1.000]]
	]
	"Bow_1" [
		[0 [-1.000 0.000 0.000 0.000 0.000 -0.980 -0.197 0.000 0.000 -0.197 0.980 0.000 0.000 -0.500 0.000 1.000]]
	]
	"Bow_1_end" [
		[0 [1.000 0.000 0.000 0.000 0.000 1.000 0.000 0.000 0.000 0.000 1.000 0.000 0.000 2.550 0.000 1.000]]
	]
	"Bow_1_end_end" [
		[0 [1.000 0.000 0.000 0.000 0.000 1.000 0.000 0.000 0.000 0.000 1.000 0.000 0.000 2.550 0.000 1.000]]
	]
	"Bow_2" [
		[0 [1.000 0.000 0.000 0.000 0.000 0.980 -0.197 0.000 0.000 0.197 0.980 0.000 0.000 0.500 0.000 1.000]]
	]
	"Bow_2_end" [
		[0 [1.000 0.000 0.000 0.000 0.000 1.000 0.000 0.000 0.000 0.000 1.000 0.000 0.000 2.550 0.000 1.000]]
	]
	"Bow_2_end_end" [
		[0 [1.000 0.000 0.000 0.000 0.000 1.000 0.000 0.000 0.000 0.000 1.000 0.000 0.000 2.550 0.000 1.000]]
	]
	"Kolchan" [
		[0 [0.083 -0.049 -0.028 0.000 0.011 -0.030 0.084 0.000 -0.165 -0.243 -0.063 0.000 -0.032 -0.487 -0.061 1.000]]
	]
} }