{ :name "Death" :length 0.4833333 :bones { 
	"Skelet" [
		[ 0 [ 0 1 2 3 ] ]
		[ 0.0172619 [ 0 4 5 6 ] ]
		[ 0.03452381 [ 0 7 8 9 ] ]
		[ 0.05178571 [ 0 10 11 12 ] ]
		[ 0.06904761 [ 0 13 14 15 ] ]
		[ 0.08630952 [ 0 16 17 18 ] ]
		[ 0.1035714 [ 0 19 20 21 ] ]
		[ 0.1208333 [ 0 22 23 24 ] ]
		[ 0.1380952 [ 0 25 26 27 ] ]
		[ 0.1553571 [ 0 28 29 30 ] ]
		[ 0.172619 [ 0 31 32 33 ] ]
		[ 0.189881 [ 0 34 35 36 ] ]
		[ 0.2071428 [ 0 37 38 39 ] ]
		[ 0.2244048 [ 0 40 41 42 ] ]
		[ 0.2416667 [ 0 43 44 45 ] ]
		[ 0.2589286 [ 0 46 47 48 ] ]
		[ 0.2761905 [ 0 49 50 51 ] ]
		[ 0.2934524 [ 0 52 53 54 ] ]
		[ 0.3107143 [ 0 55 56 57 ] ]
		[ 0.3279762 [ 0 58 59 60 ] ]
		[ 0.3452381 [ 0 61 62 60 ] ]
		[ 0.3625 [ 0 63 64 65 ] ]
		[ 0.3797619 [ 0 66 67 68 ] ]
		[ 0.3970238 [ 0 69 70 71 ] ]
		[ 0.4142857 [ 0 2 71 72 ] ]
		[ 0.4315476 [ 0 2 71 73 ] ]
		[ 0.4488095 [ 0 2 71 74 ] ]
		[ 0.4660714 [ 0 2 71 75 ] ]
	]
	"Bedro_L" [
		[ 0 [ 76 77 78 79 ] ]
		[ 0.0172619 [ 80 81 82 79 ] ]
		[ 0.03452381 [ 83 84 85 79 ] ]
		[ 0.05178571 [ 86 87 88 79 ] ]
		[ 0.06904761 [ 89 90 91 79 ] ]
		[ 0.08630952 [ 92 93 94 79 ] ]
		[ 0.1035714 [ 95 96 97 79 ] ]
		[ 0.1208333 [ 98 99 100 79 ] ]
		[ 0.1380952 [ 101 102 103 79 ] ]
		[ 0.1553571 [ 104 105 106 79 ] ]
		[ 0.172619 [ 107 108 109 79 ] ]
		[ 0.189881 [ 110 111 112 79 ] ]
		[ 0.2071428 [ 113 114 115 79 ] ]
		[ 0.2244048 [ 116 117 118 79 ] ]
		[ 0.2416667 [ 119 120 121 79 ] ]
		[ 0.2589286 [ 122 123 124 79 ] ]
		[ 0.2761905 [ 125 126 127 79 ] ]
		[ 0.2934524 [ 128 129 130 79 ] ]
		[ 0.3107143 [ 131 132 133 79 ] ]
		[ 0.3279762 [ 134 135 133 79 ] ]
		[ 0.3452381 [ 136 137 133 79 ] ]
		[ 0.3625 [ 138 139 133 79 ] ]
		[ 0.3797619 [ 140 141 133 79 ] ]
		[ 0.3970238 [ 142 143 133 79 ] ]
		[ 0.4142857 [ 144 145 133 79 ] ]
		[ 0.4315476 [ 146 147 133 79 ] ]
		[ 0.4488095 [ 148 149 133 79 ] ]
		[ 0.4660714 [ 150 151 133 79 ] ]
	]
	"Koleno_L" [
		[ 0 [ 152 153 71 154 ] ]
		[ 0.0172619 [ 155 156 157 154 ] ]
		[ 0.03452381 [ 158 159 160 154 ] ]
		[ 0.05178571 [ 161 162 163 154 ] ]
		[ 0.06904761 [ 164 165 166 154 ] ]
		[ 0.08630952 [ 167 168 169 154 ] ]
		[ 0.1035714 [ 170 171 172 154 ] ]
		[ 0.1208333 [ 173 174 175 154 ] ]
		[ 0.1380952 [ 176 177 178 154 ] ]
		[ 0.1553571 [ 179 180 178 154 ] ]
		[ 0.172619 [ 181 182 183 154 ] ]
		[ 0.189881 [ 184 185 183 154 ] ]
		[ 0.2071428 [ 186 187 183 154 ] ]
		[ 0.2244048 [ 184 185 183 154 ] ]
		[ 0.2416667 [ 188 189 183 154 ] ]
		[ 0.2589286 [ 190 191 183 154 ] ]
		[ 0.2761905 [ 192 193 183 154 ] ]
		[ 0.2934524 [ 194 195 178 154 ] ]
		[ 0.3107143 [ 196 197 178 154 ] ]
		[ 0.3279762 [ 194 195 178 154 ] ]
		[ 0.3452381 [ 198 199 178 154 ] ]
		[ 0.3625 [ 200 201 178 154 ] ]
		[ 0.3797619 [ 200 201 178 154 ] ]
		[ 0.3970238 [ 202 203 178 154 ] ]
		[ 0.4142857 [ 204 205 178 154 ] ]
		[ 0.4315476 [ 206 207 178 154 ] ]
		[ 0.4488095 [ 208 209 178 154 ] ]
		[ 0.4660714 [ 210 211 178 154 ] ]
	]
	"Koleno_L_end" [
		[ 0 [ 0 212 1 213 ] ]
	]
	"Bedro_P" [
		[ 0 [ 214 215 216 217 ] ]
		[ 0.0172619 [ 218 219 220 217 ] ]
		[ 0.03452381 [ 221 222 223 217 ] ]
		[ 0.05178571 [ 224 225 226 217 ] ]
		[ 0.06904761 [ 227 228 229 217 ] ]
		[ 0.08630952 [ 230 231 232 217 ] ]
		[ 0.1035714 [ 233 234 235 217 ] ]
		[ 0.1208333 [ 236 237 238 217 ] ]
		[ 0.1380952 [ 239 240 241 217 ] ]
		[ 0.1553571 [ 242 243 244 217 ] ]
		[ 0.172619 [ 245 246 247 217 ] ]
		[ 0.189881 [ 248 249 250 217 ] ]
		[ 0.2071428 [ 251 252 253 217 ] ]
		[ 0.2244048 [ 254 255 256 217 ] ]
		[ 0.2416667 [ 257 258 259 217 ] ]
		[ 0.2589286 [ 260 261 262 217 ] ]
		[ 0.2761905 [ 263 264 265 217 ] ]
		[ 0.2934524 [ 266 267 268 217 ] ]
		[ 0.3107143 [ 269 270 271 217 ] ]
		[ 0.3279762 [ 272 273 274 217 ] ]
		[ 0.3452381 [ 275 276 274 217 ] ]
		[ 0.3625 [ 277 278 274 217 ] ]
		[ 0.3797619 [ 279 280 274 217 ] ]
		[ 0.3970238 [ 281 282 274 217 ] ]
		[ 0.4142857 [ 283 284 274 217 ] ]
		[ 0.4315476 [ 285 286 274 217 ] ]
		[ 0.4488095 [ 287 288 274 217 ] ]
		[ 0.4660714 [ 289 290 274 217 ] ]
	]
	"Koleno_P" [
		[ 0 [ 152 153 71 154 ] ]
		[ 0.0172619 [ 291 292 71 154 ] ]
		[ 0.03452381 [ 293 294 71 154 ] ]
		[ 0.05178571 [ 295 296 71 154 ] ]
		[ 0.06904761 [ 297 298 71 154 ] ]
		[ 0.08630952 [ 299 300 71 154 ] ]
		[ 0.1035714 [ 301 302 71 154 ] ]
		[ 0.1208333 [ 303 304 71 154 ] ]
		[ 0.1380952 [ 305 306 71 154 ] ]
		[ 0.1553571 [ 307 308 71 154 ] ]
		[ 0.172619 [ 309 310 71 154 ] ]
		[ 0.189881 [ 311 312 71 154 ] ]
		[ 0.2071428 [ 313 314 71 154 ] ]
		[ 0.2244048 [ 311 312 71 154 ] ]
		[ 0.2416667 [ 315 316 71 154 ] ]
		[ 0.2589286 [ 317 318 71 154 ] ]
		[ 0.2761905 [ 319 320 71 154 ] ]
		[ 0.2934524 [ 321 322 71 154 ] ]
		[ 0.3107143 [ 323 324 71 154 ] ]
		[ 0.3279762 [ 321 322 71 154 ] ]
		[ 0.3452381 [ 325 326 71 154 ] ]
		[ 0.3625 [ 327 328 71 154 ] ]
		[ 0.3797619 [ 327 328 71 154 ] ]
		[ 0.3970238 [ 329 330 71 154 ] ]
		[ 0.4142857 [ 331 332 71 154 ] ]
		[ 0.4315476 [ 333 334 71 154 ] ]
		[ 0.4488095 [ 335 336 71 154 ] ]
		[ 0.4660714 [ 337 338 71 154 ] ]
	]
	"Koleno_P_end" [
		[ 0 [ 0 212 1 213 ] ]
	]
	"Tors" [
		[ 0 [ 0 339 340 341 ] ]
		[ 0.0172619 [ 0 342 343 341 ] ]
		[ 0.03452381 [ 0 344 345 341 ] ]
		[ 0.05178571 [ 0 346 347 341 ] ]
		[ 0.06904761 [ 0 348 349 341 ] ]
		[ 0.08630952 [ 0 350 351 341 ] ]
		[ 0.1035714 [ 0 352 353 341 ] ]
		[ 0.1208333 [ 0 354 355 341 ] ]
		[ 0.1380952 [ 0 356 357 341 ] ]
		[ 0.1553571 [ 0 352 353 341 ] ]
		[ 0.172619 [ 0 358 359 341 ] ]
		[ 0.189881 [ 0 360 361 341 ] ]
		[ 0.2071428 [ 0 362 363 341 ] ]
		[ 0.2244048 [ 0 364 365 341 ] ]
		[ 0.2416667 [ 0 366 367 341 ] ]
		[ 0.2589286 [ 0 368 369 341 ] ]
		[ 0.2761905 [ 0 370 371 341 ] ]
		[ 0.2934524 [ 0 372 373 341 ] ]
		[ 0.3107143 [ 0 374 375 341 ] ]
		[ 0.3279762 [ 0 376 377 341 ] ]
		[ 0.3452381 [ 0 378 379 341 ] ]
		[ 0.3625 [ 0 380 381 341 ] ]
		[ 0.3797619 [ 0 382 383 341 ] ]
		[ 0.3970238 [ 0 212 1 341 ] ]
		[ 0.4142857 [ 0 212 1 341 ] ]
		[ 0.4315476 [ 0 212 1 341 ] ]
		[ 0.4488095 [ 0 212 1 341 ] ]
		[ 0.4660714 [ 0 212 1 341 ] ]
	]
	"Golova" [
		[ 0 [ 0 384 385 386 ] ]
		[ 0.0172619 [ 0 387 388 386 ] ]
		[ 0.03452381 [ 0 389 390 386 ] ]
		[ 0.05178571 [ 0 391 392 386 ] ]
		[ 0.06904761 [ 0 393 394 386 ] ]
		[ 0.08630952 [ 0 395 396 386 ] ]
		[ 0.1035714 [ 0 397 398 386 ] ]
		[ 0.1208333 [ 0 399 400 386 ] ]
		[ 0.1380952 [ 0 401 402 386 ] ]
		[ 0.1553571 [ 0 403 404 386 ] ]
		[ 0.172619 [ 0 405 406 386 ] ]
		[ 0.189881 [ 0 407 408 386 ] ]
		[ 0.2071428 [ 0 409 410 386 ] ]
		[ 0.2244048 [ 0 411 412 386 ] ]
		[ 0.2416667 [ 0 413 414 386 ] ]
		[ 0.2589286 [ 0 415 416 386 ] ]
		[ 0.2761905 [ 0 417 418 386 ] ]
		[ 0.2934524 [ 0 419 420 386 ] ]
		[ 0.3107143 [ 421 422 423 386 ] ]
		[ 0.3279762 [ 424 425 426 386 ] ]
		[ 0.3452381 [ 427 428 429 386 ] ]
		[ 0.3625 [ 430 431 432 386 ] ]
		[ 0.3797619 [ 433 434 435 386 ] ]
		[ 0.3970238 [ 436 437 438 386 ] ]
		[ 0.4142857 [ 439 440 441 386 ] ]
		[ 0.4315476 [ 442 443 444 386 ] ]
		[ 0.4488095 [ 445 446 447 386 ] ]
		[ 0.4660714 [ 448 449 450 386 ] ]
	]
	"Golova_end" [
		[ 0 [ 0 212 1 451 ] ]
	]
	"Kluchitsa_L" [
		[ 0 [ 1 0 212 452 ] ]
	]
	"Kluchitsa_L_end" [
		[ 0 [ 0 212 1 453 ] ]
	]
	"Kluchitsa_P" [
		[ 0 [ 71 454 212 452 ] ]
	]
	"Kluchitsa_P_end" [
		[ 0 [ 0 212 1 453 ] ]
	]
	"Ruka_L" [
		[ 0 [ 455 456 457 458 ] ]
		[ 0.0172619 [ 459 460 461 458 ] ]
		[ 0.03452381 [ 462 463 464 458 ] ]
		[ 0.05178571 [ 465 466 467 458 ] ]
		[ 0.06904761 [ 468 469 470 458 ] ]
		[ 0.08630952 [ 471 472 473 458 ] ]
		[ 0.1035714 [ 474 475 476 458 ] ]
		[ 0.1208333 [ 477 478 479 458 ] ]
		[ 0.1380952 [ 480 481 482 458 ] ]
		[ 0.1553571 [ 483 484 485 458 ] ]
		[ 0.172619 [ 486 487 488 458 ] ]
		[ 0.189881 [ 489 490 491 458 ] ]
		[ 0.2071428 [ 492 493 494 458 ] ]
		[ 0.2244048 [ 495 496 497 458 ] ]
		[ 0.2416667 [ 498 499 500 458 ] ]
		[ 0.2589286 [ 501 502 503 458 ] ]
		[ 0.2761905 [ 504 505 506 458 ] ]
		[ 0.2934524 [ 507 508 509 458 ] ]
		[ 0.3107143 [ 510 511 512 458 ] ]
		[ 0.3279762 [ 513 514 515 458 ] ]
		[ 0.3452381 [ 516 517 518 458 ] ]
		[ 0.3625 [ 519 520 521 458 ] ]
		[ 0.3797619 [ 522 523 524 458 ] ]
		[ 0.3970238 [ 525 526 527 458 ] ]
		[ 0.4142857 [ 528 529 530 458 ] ]
		[ 0.4315476 [ 531 532 533 458 ] ]
		[ 0.4488095 [ 534 535 536 458 ] ]
		[ 0.4660714 [ 537 538 539 458 ] ]
	]
	"Lokot_L" [
		[ 0 [ 212 454 1 540 ] ]
		[ 0.0172619 [ 541 542 1 540 ] ]
		[ 0.03452381 [ 543 544 1 540 ] ]
		[ 0.05178571 [ 545 546 1 540 ] ]
		[ 0.06904761 [ 547 548 1 540 ] ]
		[ 0.08630952 [ 549 550 1 540 ] ]
		[ 0.1035714 [ 551 552 1 540 ] ]
		[ 0.1208333 [ 553 554 1 540 ] ]
		[ 0.1380952 [ 555 556 1 540 ] ]
		[ 0.1553571 [ 557 558 1 540 ] ]
		[ 0.172619 [ 296 295 1 540 ] ]
		[ 0.189881 [ 559 560 1 540 ] ]
		[ 0.2071428 [ 561 562 1 540 ] ]
		[ 0.2244048 [ 563 564 1 540 ] ]
		[ 0.2416667 [ 565 566 1 540 ] ]
		[ 0.2589286 [ 567 568 1 540 ] ]
		[ 0.2761905 [ 569 570 1 540 ] ]
		[ 0.2934524 [ 571 572 1 540 ] ]
		[ 0.3107143 [ 573 574 1 540 ] ]
		[ 0.3279762 [ 575 576 1 540 ] ]
		[ 0.3452381 [ 577 578 1 540 ] ]
		[ 0.3625 [ 579 580 1 540 ] ]
		[ 0.3797619 [ 581 582 1 540 ] ]
		[ 0.3970238 [ 583 584 1 540 ] ]
		[ 0.4142857 [ 585 586 1 540 ] ]
		[ 0.4315476 [ 587 588 1 540 ] ]
		[ 0.4488095 [ 589 590 1 540 ] ]
		[ 0.4660714 [ 591 592 1 540 ] ]
	]
	"Lokot_L_end" [
		[ 0 [ 0 212 1 593 ] ]
	]
	"Ruka_P" [
		[ 0 [ 594 595 596 597 ] ]
		[ 0.0172619 [ 598 599 600 597 ] ]
		[ 0.03452381 [ 601 602 603 597 ] ]
		[ 0.05178571 [ 604 605 606 597 ] ]
		[ 0.06904761 [ 607 608 609 597 ] ]
		[ 0.08630952 [ 610 611 612 597 ] ]
		[ 0.1035714 [ 613 614 615 597 ] ]
		[ 0.1208333 [ 616 617 618 597 ] ]
		[ 0.1380952 [ 619 620 621 597 ] ]
		[ 0.1553571 [ 622 623 624 597 ] ]
		[ 0.172619 [ 625 626 627 597 ] ]
		[ 0.189881 [ 628 629 630 597 ] ]
		[ 0.2071428 [ 631 632 633 597 ] ]
		[ 0.2244048 [ 634 635 636 597 ] ]
		[ 0.2416667 [ 637 638 639 597 ] ]
		[ 0.2589286 [ 640 641 642 597 ] ]
		[ 0.2761905 [ 643 644 645 597 ] ]
		[ 0.2934524 [ 646 647 648 597 ] ]
		[ 0.3107143 [ 649 650 651 597 ] ]
		[ 0.3279762 [ 652 653 654 597 ] ]
		[ 0.3452381 [ 655 656 657 597 ] ]
		[ 0.3625 [ 658 659 660 597 ] ]
		[ 0.3797619 [ 661 662 663 597 ] ]
		[ 0.3970238 [ 664 665 666 597 ] ]
		[ 0.4142857 [ 667 668 669 597 ] ]
		[ 0.4315476 [ 670 671 672 597 ] ]
		[ 0.4488095 [ 673 674 675 597 ] ]
		[ 0.4660714 [ 676 677 678 597 ] ]
	]
	"Lokot_P" [
		[ 0 [ 679 680 1 540 ] ]
		[ 0.0172619 [ 679 680 1 540 ] ]
		[ 0.03452381 [ 679 680 1 540 ] ]
		[ 0.05178571 [ 679 680 1 540 ] ]
		[ 0.06904761 [ 679 680 1 540 ] ]
		[ 0.08630952 [ 679 680 1 540 ] ]
		[ 0.1035714 [ 679 680 1 540 ] ]
		[ 0.1208333 [ 679 680 1 540 ] ]
		[ 0.1380952 [ 679 680 1 540 ] ]
		[ 0.1553571 [ 681 682 1 540 ] ]
		[ 0.172619 [ 683 684 1 540 ] ]
		[ 0.189881 [ 685 686 1 540 ] ]
		[ 0.2071428 [ 687 688 1 540 ] ]
		[ 0.2244048 [ 689 690 1 540 ] ]
		[ 0.2416667 [ 691 692 1 540 ] ]
		[ 0.2589286 [ 693 694 1 540 ] ]
		[ 0.2761905 [ 695 696 1 540 ] ]
		[ 0.2934524 [ 697 698 1 540 ] ]
		[ 0.3107143 [ 561 562 1 540 ] ]
		[ 0.3279762 [ 575 576 1 540 ] ]
		[ 0.3452381 [ 577 578 1 540 ] ]
		[ 0.3625 [ 579 580 1 540 ] ]
		[ 0.3797619 [ 581 582 1 540 ] ]
		[ 0.3970238 [ 583 584 1 540 ] ]
		[ 0.4142857 [ 585 586 1 540 ] ]
		[ 0.4315476 [ 587 588 1 540 ] ]
		[ 0.4488095 [ 589 590 1 540 ] ]
		[ 0.4660714 [ 591 592 1 540 ] ]
	]
	"Lokot_P_end" [
		[ 0 [ 0 212 1 593 ] ]
	]
	"Luchnik" [
		[ 0 [ 699 700 701 701 ] ]
	]
	"Weapon" [
		[ 0 [ 699 700 701 702 ] ]
	]
	"Kolchan" [
		[ 0 [ 703 704 705 706 ] ]
		[ 0.0172619 [ 707 708 709 710 ] ]
		[ 0.03452381 [ 711 712 713 714 ] ]
		[ 0.05178571 [ 715 716 717 718 ] ]
		[ 0.06904761 [ 719 720 721 722 ] ]
		[ 0.08630952 [ 723 724 725 726 ] ]
		[ 0.1035714 [ 727 728 729 730 ] ]
		[ 0.1208333 [ 731 732 733 734 ] ]
		[ 0.1380952 [ 735 736 737 738 ] ]
		[ 0.1553571 [ 739 740 741 742 ] ]
		[ 0.172619 [ 743 744 745 746 ] ]
		[ 0.189881 [ 747 748 749 750 ] ]
		[ 0.2071428 [ 751 752 753 754 ] ]
		[ 0.2244048 [ 755 756 757 758 ] ]
		[ 0.2416667 [ 759 760 761 762 ] ]
		[ 0.2589286 [ 763 764 765 766 ] ]
		[ 0.2761905 [ 767 768 769 770 ] ]
		[ 0.2934524 [ 771 772 773 774 ] ]
		[ 0.3107143 [ 775 776 777 778 ] ]
		[ 0.3279762 [ 779 780 781 782 ] ]
		[ 0.3452381 [ 783 784 785 786 ] ]
		[ 0.3625 [ 779 780 787 788 ] ]
		[ 0.3797619 [ 789 790 791 792 ] ]
		[ 0.3970238 [ 793 794 795 796 ] ]
		[ 0.4142857 [ 793 794 797 798 ] ]
		[ 0.4315476 [ 793 794 797 799 ] ]
		[ 0.4488095 [ 793 794 797 800 ] ]
		[ 0.4660714 [ 793 794 797 801 ] ]
	]
	"Cylinder" [
		[ 0 [ 802 803 804 805 ] ]
		[ 0.0172619 [ 806 807 808 809 ] ]
		[ 0.03452381 [ 810 811 812 813 ] ]
		[ 0.05178571 [ 814 815 816 817 ] ]
		[ 0.06904761 [ 818 819 820 821 ] ]
		[ 0.08630952 [ 822 823 824 825 ] ]
		[ 0.1035714 [ 826 827 828 829 ] ]
		[ 0.1208333 [ 830 831 832 833 ] ]
		[ 0.1380952 [ 834 835 836 837 ] ]
		[ 0.1553571 [ 838 839 832 840 ] ]
		[ 0.172619 [ 841 842 843 844 ] ]
		[ 0.189881 [ 845 846 847 848 ] ]
		[ 0.2071428 [ 849 850 851 852 ] ]
		[ 0.2244048 [ 853 854 855 856 ] ]
		[ 0.2416667 [ 857 858 859 860 ] ]
		[ 0.2589286 [ 861 862 863 864 ] ]
		[ 0.2761905 [ 865 866 867 868 ] ]
		[ 0.2934524 [ 869 870 871 872 ] ]
		[ 0.3107143 [ 873 874 875 876 ] ]
		[ 0.3279762 [ 877 878 879 880 ] ]
		[ 0.3452381 [ 881 882 883 884 ] ]
		[ 0.3625 [ 885 886 887 888 ] ]
		[ 0.3797619 [ 889 890 891 892 ] ]
		[ 0.3970238 [ 893 894 895 896 ] ]
		[ 0.4142857 [ 897 898 899 900 ] ]
		[ 0.4315476 [ 901 902 903 904 ] ]
		[ 0.4488095 [ 905 906 907 908 ] ]
		[ 0.4660714 [ 909 910 911 912 ] ]
	]
	}
	:resources [
		[1.000 0.000 0.000]
		[0.000 0.000 1.000]
		[0.000 -1.000 0.000]
		[0.000 0.000 -0.040]
		[0.000 -0.080 0.997]
		[0.000 -0.997 -0.080]
		[0.000 0.000 -0.030]
		[0.000 -0.158 0.987]
		[0.000 -0.987 -0.158]
		[0.000 0.000 -0.011]
		[0.000 -0.235 0.972]
		[0.000 -0.972 -0.235]
		[0.000 0.000 0.012]
		[0.000 -0.311 0.950]
		[0.000 -0.950 -0.311]
		[0.000 0.000 0.035]
		[0.000 -0.385 0.923]
		[0.000 -0.923 -0.385]
		[0.000 0.000 0.052]
		[0.000 -0.458 0.889]
		[0.000 -0.889 -0.458]
		[0.000 0.000 0.060]
		[0.000 -0.529 0.849]
		[0.000 -0.849 -0.529]
		[0.000 0.000 0.054]
		[0.000 -0.597 0.802]
		[0.000 -0.802 -0.597]
		[0.000 0.000 0.030]
		[0.000 -0.663 0.748]
		[0.000 -0.748 -0.663]
		[0.000 0.000 -0.018]
		[0.000 -0.730 0.683]
		[0.000 -0.683 -0.730]
		[0.000 0.000 -0.096]
		[0.000 -0.795 0.606]
		[0.000 -0.606 -0.795]
		[0.000 0.000 -0.201]
		[0.000 -0.854 0.520]
		[0.000 -0.520 -0.854]
		[0.000 0.000 -0.323]
		[0.000 -0.904 0.427]
		[0.000 -0.427 -0.904]
		[0.000 0.000 -0.457]
		[0.000 -0.943 0.332]
		[0.000 -0.332 -0.943]
		[0.000 0.000 -0.595]
		[0.000 -0.971 0.239]
		[0.000 -0.239 -0.971]
		[0.000 0.000 -0.728]
		[0.000 -0.988 0.153]
		[0.000 -0.153 -0.988]
		[0.000 0.000 -0.851]
		[0.000 -0.997 0.077]
		[0.000 -0.077 -0.997]
		[0.000 0.000 -0.954]
		[0.000 -1.000 0.016]
		[0.000 -0.016 -1.000]
		[0.000 0.000 -1.031]
		[0.000 -1.000 -0.022]
		[0.000 0.022 -1.000]
		[0.000 0.000 -1.072]
		[0.000 -0.999 -0.032]
		[0.000 0.032 -0.999]
		[0.000 -1.000 -0.024]
		[0.000 0.024 -1.000]
		[0.000 0.000 -1.048]
		[0.000 -1.000 -0.010]
		[0.000 0.010 -1.000]
		[0.000 0.000 -1.018]
		[0.000 -1.000 -0.001]
		[0.000 0.001 -1.000]
		[0.000 0.000 -1.000]
		[0.000 0.000 -1.003]
		[0.000 0.000 -1.012]
		[0.000 0.000 -1.024]
		[0.000 0.000 -1.038]
		[0.059 -0.337 0.940]
		[0.163 -0.925 -0.342]
		[0.985 0.174 0.000]
		[0.123 -0.038 0.000]
		[0.027 -0.372 0.928]
		[0.177 -0.912 -0.371]
		[0.984 0.174 0.042]
		[-0.008 -0.405 0.914]
		[0.194 -0.898 -0.396]
		[0.981 0.174 0.086]
		[-0.044 -0.436 0.899]
		[0.214 -0.883 -0.418]
		[0.976 0.174 0.132]
		[-0.077 -0.467 0.881]
		[0.236 -0.867 -0.439]
		[0.969 0.174 0.177]
		[-0.107 -0.498 0.860]
		[0.259 -0.850 -0.460]
		[0.960 0.174 0.220]
		[-0.132 -0.531 0.837]
		[0.283 -0.829 -0.482]
		[0.950 0.174 0.260]
		[-0.149 -0.566 0.811]
		[0.307 -0.806 -0.506]
		[0.940 0.174 0.294]
		[-0.157 -0.604 0.781]
		[0.330 -0.777 -0.535]
		[0.931 0.174 0.322]
		[-0.155 -0.648 0.746]
		[0.351 -0.742 -0.571]
		[0.923 0.174 0.342]
		[-0.138 -0.701 0.700]
		[0.370 -0.692 -0.620]
		[0.919 0.174 0.355]
		[-0.107 -0.762 0.638]
		[0.386 -0.623 -0.680]
		[0.916 0.174 0.362]
		[-0.068 -0.823 0.565]
		[0.397 -0.541 -0.741]
		[0.915 0.174 0.363]
		[-0.025 -0.875 0.483]
		[0.400 -0.452 -0.798]
		[0.916 0.174 0.361]
		[0.018 -0.916 0.400]
		[0.396 -0.361 -0.844]
		[0.918 0.174 0.357]
		[0.055 -0.945 0.323]
		[0.388 -0.278 -0.879]
		[0.920 0.174 0.351]
		[0.083 -0.962 0.261]
		[0.377 -0.212 -0.902]
		[0.922 0.174 0.345]
		[0.100 -0.970 0.223]
		[0.368 -0.172 -0.914]
		[0.924 0.174 0.340]
		[0.104 -0.971 0.216]
		[0.365 -0.165 -0.916]
		[0.925 0.174 0.337]
		[0.092 -0.965 0.246]
		[0.368 -0.197 -0.909]
		[0.066 -0.949 0.309]
		[0.373 -0.264 -0.889]
		[0.028 -0.917 0.397]
		[0.378 -0.358 -0.854]
		[-0.020 -0.866 0.500]
		[0.378 -0.469 -0.798]
		[-0.073 -0.790 0.609]
		[0.372 -0.588 -0.719]
		[-0.129 -0.691 0.712]
		[0.356 -0.702 -0.617]
		[-0.184 -0.571 0.800]
		[0.331 -0.803 -0.496]
		[-0.234 -0.437 0.868]
		[0.298 -0.882 -0.364]
		[-0.276 -0.301 0.913]
		[0.260 -0.938 -0.230]
		[-0.906 0.423 0.000]
		[0.423 0.906 0.000]
		[0.000 0.532 0.000]
		[-0.892 0.451 -0.001]
		[0.451 0.892 -0.001]
		[0.000 -0.001 -1.000]
		[-0.877 0.481 -0.001]
		[0.481 0.877 -0.002]
		[0.000 -0.003 -1.000]
		[-0.859 0.511 -0.002]
		[0.511 0.859 -0.004]
		[0.000 -0.004 -1.000]
		[-0.841 0.541 -0.003]
		[0.541 0.841 -0.005]
		[0.000 -0.006 -1.000]
		[-0.822 0.569 -0.004]
		[0.569 0.822 -0.006]
		[0.000 -0.007 -1.000]
		[-0.804 0.594 -0.005]
		[0.594 0.804 -0.007]
		[0.000 -0.009 -1.000]
		[-0.788 0.616 -0.006]
		[0.616 0.788 -0.008]
		[0.000 -0.010 -1.000]
		[-0.774 0.634 -0.007]
		[0.634 0.774 -0.008]
		[0.000 -0.011 -1.000]
		[-0.763 0.646 -0.007]
		[0.646 0.763 -0.009]
		[-0.756 0.654 -0.008]
		[0.654 0.756 -0.009]
		[0.000 -0.012 -1.000]
		[-0.753 0.658 -0.008]
		[0.658 0.753 -0.009]
		[-0.752 0.659 -0.008]
		[0.659 0.752 -0.009]
		[-0.756 0.655 -0.008]
		[0.655 0.755 -0.009]
		[-0.759 0.651 -0.008]
		[0.651 0.759 -0.009]
		[-0.762 0.648 -0.007]
		[0.648 0.762 -0.009]
		[-0.764 0.645 -0.007]
		[0.645 0.764 -0.009]
		[-0.766 0.643 -0.007]
		[0.643 0.766 -0.009]
		[-0.757 0.653 -0.007]
		[0.653 0.757 -0.009]
		[-0.750 0.661 -0.007]
		[0.661 0.750 -0.008]
		[-0.762 0.647 -0.007]
		[0.647 0.762 -0.009]
		[-0.791 0.612 -0.007]
		[0.612 0.791 -0.009]
		[-0.830 0.557 -0.006]
		[0.558 0.830 -0.009]
		[-0.872 0.489 -0.006]
		[0.489 0.872 -0.010]
		[-0.910 0.414 -0.005]
		[0.414 0.910 -0.010]
		[0.000 1.000 0.000]
		[0.000 0.578 0.000]
		[0.682 -0.337 0.650]
		[-0.367 -0.925 -0.095]
		[0.633 -0.174 -0.754]
		[-0.123 -0.038 0.000]
		[0.625 -0.372 0.686]
		[-0.385 -0.912 -0.144]
		[0.679 -0.174 -0.713]
		[0.563 -0.405 0.720]
		[-0.394 -0.898 -0.196]
		[0.726 -0.174 -0.665]
		[0.498 -0.436 0.750]
		[-0.397 -0.883 -0.250]
		[0.771 -0.174 -0.613]
		[0.431 -0.467 0.772]
		[-0.394 -0.867 -0.304]
		[0.812 -0.174 -0.557]
		[0.364 -0.498 0.787]
		[-0.387 -0.850 -0.359]
		[0.847 -0.174 -0.502]
		[0.300 -0.531 0.792]
		[-0.376 -0.829 -0.414]
		[0.877 -0.174 -0.448]
		[0.241 -0.566 0.788]
		[-0.363 -0.806 -0.468]
		[0.900 -0.174 -0.400]
		[0.189 -0.604 0.774]
		[-0.351 -0.777 -0.522]
		[0.917 -0.174 -0.359]
		[0.144 -0.648 0.748]
		[-0.343 -0.742 -0.576]
		[0.928 -0.174 -0.329]
		[0.103 -0.701 0.705]
		[-0.339 -0.692 -0.638]
		[0.935 -0.174 -0.309]
		[0.064 -0.762 0.644]
		[-0.340 -0.623 -0.704]
		[0.938 -0.174 -0.299]
		[0.027 -0.823 0.568]
		[-0.343 -0.541 -0.768]
		[0.939 -0.174 -0.297]
		[-0.007 -0.875 0.484]
		[-0.346 -0.452 -0.822]
		[0.938 -0.174 -0.300]
		[-0.039 -0.916 0.399]
		[-0.350 -0.361 -0.864]
		[0.936 -0.174 -0.307]
		[-0.067 -0.945 0.321]
		[-0.354 -0.278 -0.893]
		[0.933 -0.174 -0.316]
		[-0.089 -0.962 0.259]
		[-0.357 -0.212 -0.909]
		[0.930 -0.174 -0.325]
		[-0.102 -0.970 0.222]
		[-0.361 -0.172 -0.917]
		[0.927 -0.174 -0.332]
		[-0.104 -0.971 0.216]
		[-0.364 -0.165 -0.917]
		[0.926 -0.174 -0.336]
		[-0.092 -0.965 0.246]
		[-0.368 -0.197 -0.909]
		[0.925 -0.174 -0.337]
		[-0.066 -0.949 0.309]
		[-0.373 -0.264 -0.889]
		[-0.028 -0.917 0.397]
		[-0.378 -0.358 -0.854]
		[0.020 -0.866 0.500]
		[-0.378 -0.469 -0.798]
		[0.073 -0.790 0.609]
		[-0.372 -0.588 -0.719]
		[0.129 -0.691 0.712]
		[-0.356 -0.702 -0.617]
		[0.184 -0.571 0.800]
		[-0.331 -0.803 -0.496]
		[0.234 -0.437 0.868]
		[-0.298 -0.882 -0.364]
		[0.276 -0.301 0.913]
		[-0.260 -0.938 -0.230]
		[-0.892 0.451 0.000]
		[0.451 0.892 0.000]
		[-0.877 0.481 0.000]
		[0.481 0.877 0.000]
		[-0.859 0.511 0.000]
		[0.511 0.859 0.000]
		[-0.841 0.541 0.000]
		[0.541 0.841 0.000]
		[-0.822 0.569 0.000]
		[0.569 0.822 0.000]
		[-0.804 0.594 0.000]
		[0.594 0.804 0.000]
		[-0.788 0.616 0.000]
		[0.616 0.788 0.000]
		[-0.774 0.634 0.000]
		[0.634 0.774 0.000]
		[-0.763 0.646 0.000]
		[0.646 0.763 0.000]
		[-0.756 0.654 0.000]
		[0.654 0.756 0.000]
		[-0.753 0.658 0.000]
		[0.658 0.753 0.000]
		[-0.752 0.659 0.000]
		[0.659 0.752 0.000]
		[-0.756 0.655 0.000]
		[0.655 0.756 0.000]
		[-0.759 0.651 0.000]
		[0.651 0.759 0.000]
		[-0.762 0.648 0.000]
		[0.648 0.762 0.000]
		[-0.764 0.645 0.000]
		[0.645 0.764 0.000]
		[-0.766 0.643 0.000]
		[0.643 0.766 0.000]
		[-0.757 0.653 0.000]
		[0.653 0.757 0.000]
		[-0.750 0.661 0.000]
		[0.661 0.750 0.000]
		[-0.762 0.647 0.000]
		[0.647 0.762 0.000]
		[-0.791 0.612 0.000]
		[0.612 0.791 0.000]
		[-0.830 0.558 0.000]
		[0.558 0.830 0.000]
		[-0.872 0.489 0.000]
		[0.489 0.872 0.000]
		[-0.910 0.414 0.000]
		[0.414 0.910 0.000]
		[0.000 0.940 -0.342]
		[0.000 0.342 0.940]
		[0.000 0.130 0.000]
		[0.000 0.931 -0.364]
		[0.000 0.364 0.931]
		[0.000 0.920 -0.392]
		[0.000 0.392 0.920]
		[0.000 0.907 -0.421]
		[0.000 0.421 0.907]
		[0.000 0.893 -0.450]
		[0.000 0.450 0.893]
		[0.000 0.880 -0.475]
		[0.000 0.475 0.880]
		[0.000 0.869 -0.494]
		[0.000 0.494 0.869]
		[0.000 0.863 -0.506]
		[0.000 0.506 0.863]
		[0.000 0.862 -0.507]
		[0.000 0.507 0.862]
		[0.000 0.885 -0.466]
		[0.000 0.466 0.885]
		[0.000 0.906 -0.423]
		[0.000 0.423 0.906]
		[0.000 0.930 -0.368]
		[0.000 0.368 0.930]
		[0.000 0.952 -0.305]
		[0.000 0.305 0.952]
		[0.000 0.971 -0.238]
		[0.000 0.238 0.971]
		[0.000 0.985 -0.170]
		[0.000 0.170 0.985]
		[0.000 0.994 -0.107]
		[0.000 0.107 0.994]
		[0.000 0.999 -0.052]
		[0.000 0.052 0.999]
		[0.000 1.000 -0.010]
		[0.000 0.010 1.000]
		[0.000 1.000 0.013]
		[0.000 -0.013 1.000]
		[0.000 1.000 0.019]
		[0.000 -0.019 1.000]
		[0.000 1.000 0.014]
		[0.000 -0.014 1.000]
		[0.000 1.000 0.006]
		[0.000 -0.006 1.000]
		[0.000 0.940 0.342]
		[0.000 -0.342 0.940]
		[0.000 0.596 0.000]
		[0.000 0.959 0.282]
		[0.000 -0.282 0.959]
		[0.000 0.976 0.216]
		[0.000 -0.216 0.976]
		[0.000 0.989 0.147]
		[0.000 -0.147 0.989]
		[0.000 0.997 0.078]
		[0.000 -0.078 0.997]
		[0.000 1.000 0.011]
		[0.000 -0.011 1.000]
		[0.000 0.999 -0.051]
		[0.000 0.051 0.999]
		[0.000 0.994 -0.106]
		[0.000 0.106 0.994]
		[0.000 0.989 -0.150]
		[0.000 0.150 0.989]
		[0.000 0.983 -0.183]
		[0.000 0.183 0.983]
		[0.000 0.978 -0.208]
		[0.000 0.208 0.978]
		[0.000 0.974 -0.228]
		[0.000 0.228 0.974]
		[0.000 0.970 -0.242]
		[0.000 0.242 0.970]
		[0.000 0.968 -0.250]
		[0.000 0.250 0.968]
		[0.000 0.968 -0.252]
		[0.000 0.252 0.968]
		[0.000 0.969 -0.246]
		[0.000 0.246 0.969]
		[0.000 0.972 -0.234]
		[0.000 0.234 0.972]
		[0.000 0.977 -0.214]
		[0.000 0.214 0.977]
		[1.000 0.000 0.001]
		[0.000 0.982 -0.187]
		[-0.001 0.187 0.982]
		[1.000 0.000 -0.010]
		[-0.001 0.991 -0.133]
		[0.009 0.133 0.991]
		[0.999 0.000 -0.041]
		[-0.001 0.999 -0.033]
		[0.041 0.033 0.999]
		[0.997 0.000 -0.072]
		[0.006 0.997 0.081]
		[0.071 -0.082 0.994]
		[0.997 0.000 -0.073]
		[0.012 0.986 0.166]
		[0.072 -0.167 0.983]
		[1.000 0.001 -0.017]
		[0.002 0.983 0.185]
		[0.017 -0.185 0.983]
		[0.993 0.000 0.118]
		[-0.003 1.000 0.027]
		[-0.118 -0.028 0.993]
		[0.949 -0.001 0.315]
		[0.052 0.987 -0.154]
		[-0.310 0.163 0.937]
		[0.847 0.000 0.532]
		[0.091 0.985 -0.144]
		[-0.524 0.170 0.834]
		[0.688 0.000 0.726]
		[0.063 0.996 -0.060]
		[-0.723 0.087 0.685]
		[0.000 0.315 0.000]
		[0.000 0.470 0.000]
		[0.000 0.300 0.000]
		[-1.000 0.000 0.000]
		[-0.040 0.557 0.830]
		[0.580 -0.663 0.473]
		[0.814 0.500 -0.296]
		[0.279 0.394 -0.035]
		[-0.085 0.458 0.885]
		[0.646 -0.651 0.400]
		[0.759 0.605 -0.240]
		[-0.117 0.353 0.928]
		[0.721 -0.612 0.324]
		[0.683 0.707 -0.183]
		[-0.132 0.251 0.959]
		[0.799 -0.546 0.252]
		[0.587 0.799 -0.128]
		[-0.127 0.160 0.979]
		[0.870 -0.457 0.187]
		[0.477 0.875 -0.081]
		[-0.107 0.089 0.990]
		[0.927 -0.352 0.132]
		[0.360 0.932 -0.045]
		[-0.077 0.040 0.996]
		[0.967 -0.241 0.085]
		[0.244 0.970 -0.020]
		[-0.045 0.013 0.999]
		[0.990 -0.137 0.046]
		[0.137 0.991 -0.006]
		[-0.016 0.001 1.000]
		[0.999 -0.048 0.016]
		[0.048 0.999 -0.001]
		[0.006 0.000 1.000]
		[1.000 0.018 -0.006]
		[-0.018 1.000 0.000]
		[0.022 0.003 1.000]
		[0.997 0.067 -0.022]
		[-0.067 0.998 -0.001]
		[0.034 0.006 0.999]
		[0.994 0.103 -0.035]
		[-0.103 0.995 -0.002]
		[0.042 0.007 0.999]
		[0.991 0.126 -0.042]
		[-0.126 0.992 -0.002]
		[0.045 0.007 0.999]
		[0.990 0.137 -0.046]
		[-0.137 0.991 -0.001]
		[0.045 0.006 0.999]
		[0.990 0.136 -0.045]
		[-0.136 0.991 0.000]
		[0.041 0.004 0.999]
		[0.992 0.123 -0.041]
		[-0.123 0.992 0.001]
		[0.033 0.002 0.999]
		[0.995 0.099 -0.033]
		[-0.099 0.995 0.002]
		[0.021 0.000 1.000]
		[0.998 0.064 -0.021]
		[-0.064 0.998 0.001]
		[0.007 0.000 1.000]
		[1.000 0.020 -0.007]
		[-0.020 1.000 0.000]
		[-0.018 0.000 1.000]
		[0.999 -0.050 0.018]
		[0.050 0.999 0.001]
		[-0.061 0.000 0.998]
		[0.985 -0.161 0.060]
		[0.160 0.987 0.010]
		[-0.110 0.000 0.994]
		[0.951 -0.291 0.105]
		[0.289 0.957 0.032]
		[-0.152 0.000 0.988]
		[0.902 -0.409 0.139]
		[0.404 0.912 0.062]
		[-0.173 0.000 0.985]
		[0.858 -0.490 0.151]
		[0.483 0.871 0.085]
		[-0.164 0.000 0.986]
		[0.839 -0.526 0.140]
		[0.519 0.850 0.086]
		[-0.133 0.000 0.991]
		[0.839 -0.533 0.113]
		[0.528 0.846 0.071]
		[-0.090 0.000 0.996]
		[0.849 -0.523 0.076]
		[0.520 0.853 0.047]
		[-0.042 0.000 0.999]
		[0.861 -0.508 0.036]
		[0.507 0.862 0.021]
		[0.000 0.316 0.000]
		[0.063 0.998 0.000]
		[-0.998 0.063 0.000]
		[0.131 0.991 0.000]
		[-0.991 0.131 0.000]
		[0.200 0.980 0.000]
		[-0.980 0.200 0.000]
		[0.268 0.964 0.000]
		[-0.964 0.268 0.000]
		[0.332 0.943 0.000]
		[-0.943 0.332 0.000]
		[0.390 0.921 0.000]
		[-0.921 0.390 0.000]
		[0.439 0.898 0.000]
		[-0.898 0.439 0.000]
		[0.479 0.878 0.000]
		[-0.878 0.479 0.000]
		[0.506 0.863 0.000]
		[-0.863 0.506 0.000]
		[0.495 0.869 0.000]
		[-0.869 0.495 0.000]
		[0.467 0.884 0.000]
		[-0.884 0.467 0.000]
		[0.433 0.901 0.000]
		[-0.901 0.433 0.000]
		[0.402 0.916 0.000]
		[-0.916 0.402 0.000]
		[0.382 0.924 0.000]
		[-0.924 0.382 0.000]
		[0.381 0.925 0.000]
		[-0.925 0.381 0.000]
		[0.408 0.913 0.000]
		[-0.913 0.408 0.000]
		[0.468 0.884 0.000]
		[-0.884 0.468 0.000]
		[0.584 0.812 0.000]
		[-0.812 0.584 0.000]
		[0.749 0.663 0.000]
		[-0.663 0.749 0.000]
		[0.897 0.442 0.000]
		[-0.442 0.897 0.000]
		[0.979 0.203 0.000]
		[-0.203 0.979 0.000]
		[1.000 0.022 0.000]
		[-0.022 1.000 0.000]
		[0.998 -0.061 0.000]
		[0.061 0.998 0.000]
		[0.997 -0.076 0.000]
		[0.076 0.997 0.000]
		[0.999 -0.052 0.000]
		[0.052 0.999 0.000]
		[1.000 -0.018 0.000]
		[0.018 1.000 0.000]
		[0.000 0.469 0.000]
		[-0.106 0.621 0.777]
		[-0.406 -0.740 0.536]
		[0.908 -0.259 0.330]
		[-0.279 0.394 -0.035]
		[-0.023 0.526 0.850]
		[-0.492 -0.746 0.448]
		[0.870 -0.408 0.276]
		[0.044 0.415 0.909]
		[-0.595 -0.720 0.358]
		[0.803 -0.556 0.215]
		[0.088 0.301 0.950]
		[-0.704 -0.656 0.273]
		[0.705 -0.692 0.154]
		[0.105 0.195 0.975]
		[-0.806 -0.557 0.198]
		[0.582 -0.807 0.099]
		[0.098 0.110 0.989]
		[-0.891 -0.434 0.136]
		[0.444 -0.894 0.055]
		[0.075 0.050 0.996]
		[-0.950 -0.300 0.086]
		[0.303 -0.953 0.025]
		[0.045 0.016 0.999]
		[-0.984 -0.171 0.047]
		[0.171 -0.985 0.008]
		[0.016 0.002 1.000]
		[-0.998 -0.060 0.016]
		[0.060 -0.998 0.001]
		[-0.006 0.000 1.000]
		[-1.000 0.023 -0.006]
		[-0.023 -1.000 0.000]
		[-0.022 0.003 1.000]
		[-0.996 0.082 -0.022]
		[-0.082 -0.997 0.001]
		[-0.034 0.007 0.999]
		[-0.992 0.123 -0.035]
		[-0.123 -0.992 0.002]
		[-0.042 0.008 0.999]
		[-0.988 0.147 -0.042]
		[-0.148 -0.989 0.002]
		[-0.045 0.008 0.999]
		[-0.987 0.156 -0.046]
		[-0.157 -0.988 0.001]
		[-0.045 0.007 0.999]
		[-0.987 0.152 -0.045]
		[-0.152 -0.988 0.000]
		[-0.041 0.004 0.999]
		[-0.990 0.134 -0.041]
		[-0.134 -0.991 -0.001]
		[-0.033 0.002 0.999]
		[-0.994 0.105 -0.033]
		[-0.105 -0.994 -0.002]
		[-0.021 0.000 1.000]
		[-0.998 0.066 -0.021]
		[-0.066 -0.998 -0.001]
		[-0.007 0.000 1.000]
		[-1.000 0.020 -0.007]
		[-0.020 -1.000 0.000]
		[0.018 0.000 1.000]
		[-0.999 -0.050 0.018]
		[0.050 -0.999 -0.001]
		[0.061 0.000 0.998]
		[-0.985 -0.161 0.060]
		[0.160 -0.987 -0.010]
		[0.110 0.000 0.994]
		[-0.951 -0.291 0.105]
		[0.289 -0.957 -0.032]
		[0.152 0.000 0.988]
		[-0.902 -0.409 0.139]
		[0.404 -0.912 -0.062]
		[0.173 0.000 0.985]
		[-0.858 -0.490 0.151]
		[0.483 -0.871 -0.085]
		[0.164 0.000 0.986]
		[-0.839 -0.526 0.140]
		[0.519 -0.850 -0.086]
		[0.133 0.000 0.991]
		[-0.839 -0.533 0.113]
		[0.528 -0.846 -0.071]
		[0.090 0.000 0.996]
		[-0.849 -0.523 0.076]
		[0.520 -0.853 -0.047]
		[0.042 0.000 0.999]
		[-0.861 -0.508 0.036]
		[0.507 -0.862 -0.021]
		[0.500 0.866 0.000]
		[-0.866 0.500 0.000]
		[0.498 0.867 0.000]
		[-0.867 0.498 0.000]
		[0.486 0.874 0.000]
		[-0.874 0.486 0.000]
		[0.460 0.888 0.000]
		[-0.888 0.460 0.000]
		[0.428 0.904 0.000]
		[-0.904 0.428 0.000]
		[0.397 0.918 0.000]
		[-0.918 0.397 0.000]
		[0.372 0.928 0.000]
		[-0.928 0.372 0.000]
		[0.360 0.933 0.000]
		[-0.933 0.360 0.000]
		[0.369 0.929 0.000]
		[-0.929 0.369 0.000]
		[0.404 0.915 0.000]
		[-0.915 0.404 0.000]
		[100.000 0.000 0.000]
		[0.000 0.000 -100.000]
		[0.000 100.000 0.000]
		[0.000 0.000 0.000]
		[0.083 -0.010 0.056]
		[0.011 0.089 -0.001]
		[-0.165 0.024 0.250]
		[-0.032 -0.076 1.698]
		[0.083 -0.013 0.055]
		[0.011 0.089 0.004]
		[-0.165 0.010 0.250]
		[-0.032 -0.109 1.703]
		[0.083 -0.016 0.054]
		[0.011 0.089 0.009]
		[-0.165 -0.003 0.251]
		[-0.032 -0.139 1.715]
		[0.083 -0.018 0.053]
		[0.011 0.088 0.013]
		[-0.165 -0.014 0.250]
		[-0.032 -0.168 1.730]
		[0.083 -0.021 0.052]
		[0.011 0.088 0.017]
		[-0.165 -0.026 0.249]
		[-0.032 -0.196 1.743]
		[0.083 -0.023 0.051]
		[0.011 0.087 0.021]
		[-0.165 -0.039 0.248]
		[-0.032 -0.225 1.749]
		[0.083 -0.026 0.050]
		[0.011 0.085 0.026]
		[-0.165 -0.053 0.245]
		[-0.032 -0.255 1.742]
		[0.083 -0.030 0.048]
		[0.011 0.083 0.032]
		[-0.165 -0.070 0.241]
		[-0.032 -0.289 1.716]
		[0.083 -0.034 0.045]
		[0.011 0.080 0.039]
		[-0.165 -0.089 0.234]
		[-0.032 -0.326 1.667]
		[0.083 -0.038 0.042]
		[0.011 0.076 0.046]
		[-0.165 -0.112 0.224]
		[-0.032 -0.367 1.585]
		[0.083 -0.043 0.037]
		[0.011 0.070 0.056]
		[-0.165 -0.139 0.209]
		[-0.032 -0.411 1.461]
		[0.083 -0.048 0.030]
		[0.011 0.061 0.065]
		[-0.165 -0.168 0.186]
		[-0.032 -0.456 1.297]
		[0.083 -0.052 0.022]
		[0.011 0.049 0.074]
		[-0.165 -0.197 0.156]
		[-0.032 -0.495 1.102]
		[0.083 -0.055 0.013]
		[0.011 0.036 0.082]
		[-0.165 -0.220 0.120]
		[-0.032 -0.523 0.888]
		[0.083 -0.056 0.003]
		[0.011 0.021 0.087]
		[-0.165 -0.238 0.080]
		[-0.032 -0.537 0.667]
		[0.083 -0.056 -0.007]
		[0.011 0.007 0.089]
		[-0.165 -0.248 0.039]
		[-0.032 -0.538 0.453]
		[0.083 -0.054 -0.015]
		[0.011 -0.007 0.089]
		[-0.165 -0.251 0.001]
		[-0.032 -0.528 0.257]
		[0.083 -0.052 -0.022]
		[0.011 -0.019 0.087]
		[-0.165 -0.249 -0.031]
		[-0.032 -0.511 0.093]
		[0.083 -0.049 -0.027]
		[0.011 -0.027 0.085]
		[-0.165 -0.244 -0.057]
		[-0.032 -0.493 -0.030]
		[0.083 -0.048 -0.030]
		[0.011 -0.033 0.083]
		[-0.165 -0.240 -0.071]
		[-0.032 -0.480 -0.098]
		[0.083 -0.047 -0.031]
		[0.011 -0.034 0.083]
		[-0.165 -0.239 -0.075]
		[-0.032 -0.476 -0.105]
		[-0.165 -0.240 -0.072]
		[-0.032 -0.479 -0.075]
		[0.083 -0.048 -0.029]
		[0.011 -0.031 0.084]
		[-0.165 -0.242 -0.067]
		[-0.032 -0.484 -0.036]
		[0.083 -0.049 -0.028]
		[0.011 -0.030 0.084]
		[-0.165 -0.242 -0.063]
		[-0.032 -0.487 -0.012]
		[-0.165 -0.243 -0.063]
		[-0.032 -0.487 -0.014]
		[-0.032 -0.487 -0.023]
		[-0.032 -0.487 -0.035]
		[-0.032 -0.487 -0.049]
		[-0.015 -0.062 0.128]
		[-0.121 -0.061 -0.044]
		[0.074 -0.113 -0.046]
		[0.468 0.237 1.113]
		[-0.029 -0.076 0.117]
		[-0.114 -0.056 -0.065]
		[0.080 -0.107 -0.050]
		[0.530 0.281 1.155]
		[-0.043 -0.088 0.104]
		[-0.105 -0.049 -0.084]
		[0.087 -0.102 -0.050]
		[0.595 0.321 1.221]
		[-0.056 -0.097 0.089]
		[-0.092 -0.040 -0.102]
		[0.094 -0.097 -0.047]
		[0.658 0.354 1.307]
		[-0.067 -0.104 0.071]
		[-0.077 -0.030 -0.116]
		[0.100 -0.093 -0.042]
		[0.713 0.378 1.405]
		[-0.077 -0.108 0.053]
		[-0.061 -0.020 -0.128]
		[0.104 -0.091 -0.035]
		[0.758 0.389 1.507]
		[-0.083 -0.111 0.035]
		[-0.045 -0.009 -0.135]
		[0.107 -0.090 -0.029]
		[0.791 0.386 1.602]
		[-0.088 -0.111 0.017]
		[-0.030 0.002 -0.140]
		[0.108 -0.090 -0.025]
		[0.813 0.367 1.682]
		[-0.091 -0.110 -0.001]
		[-0.017 0.015 -0.141]
		[0.108 -0.090 -0.023]
		[0.825 0.332 1.736]
		[-0.093 -0.107 -0.017]
		[-0.008 0.029 -0.140]
		[0.830 0.278 1.757]
		[-0.092 -0.104 -0.035]
		[-0.001 0.046 -0.135]
		[0.109 -0.087 -0.030]
		[0.825 0.206 1.740]
		[-0.088 -0.098 -0.054]
		[0.004 0.065 -0.127]
		[0.112 -0.080 -0.038]
		[0.811 0.114 1.685]
		[-0.084 -0.090 -0.073]
		[0.008 0.085 -0.115]
		[0.115 -0.071 -0.045]
		[0.792 0.007 1.592]
		[-0.079 -0.078 -0.090]
		[0.009 0.103 -0.098]
		[0.119 -0.060 -0.052]
		[0.774 -0.109 1.466]
		[-0.075 -0.064 -0.104]
		[0.009 0.118 -0.079]
		[0.121 -0.048 -0.058]
		[0.759 -0.224 1.311]
		[-0.073 -0.047 -0.113]
		[0.007 0.130 -0.059]
		[0.123 -0.036 -0.064]
		[0.751 -0.329 1.138]
		[-0.074 -0.031 -0.118]
		[0.004 0.138 -0.038]
		[0.122 -0.023 -0.070]
		[0.756 -0.416 0.960]
		[-0.079 -0.017 -0.118]
		[-0.001 0.141 -0.020]
		[0.119 -0.010 -0.078]
		[0.775 -0.477 0.792]
		[-0.088 -0.008 -0.112]
		[-0.007 0.143 -0.004]
		[0.112 0.003 -0.088]
		[0.811 -0.510 0.647]
		[-0.104 -0.009 -0.097]
		[-0.017 0.142 0.006]
		[0.096 0.016 -0.104]
		[0.876 -0.497 0.531]
		[-0.124 -0.023 -0.067]
		[-0.032 0.139 0.012]
		[0.063 0.026 -0.125]
		[0.958 -0.420 0.427]
		[-0.133 -0.045 -0.026]
		[-0.049 0.133 0.016]
		[0.019 0.024 -0.140]
		[1.007 -0.303 0.316]
		[-0.126 -0.065 0.015]
		[-0.063 0.127 0.019]
		[-0.022 0.010 -0.141]
		[0.997 -0.192 0.209]
		[-0.114 -0.075 0.043]
		[-0.072 0.121 0.022]
		[-0.048 -0.005 -0.134]
		[0.959 -0.123 0.132]
		[-0.107 -0.079 0.053]
		[-0.076 0.119 0.022]
		[-0.056 -0.012 -0.131]
		[0.936 -0.095 0.099]
		[-0.107 -0.079 0.051]
		[-0.078 0.118 0.020]
		[-0.053 -0.013 -0.132]
		[0.935 -0.090 0.104]
		[-0.111 -0.078 0.043]
		[-0.077 0.119 0.016]
		[-0.045 -0.011 -0.135]
		[0.946 -0.098 0.132]
		[-0.116 -0.077 0.033]
		[-0.076 0.120 0.012]
		[-0.035 -0.008 -0.138]
		[0.958 -0.110 0.166]]
}