{ :name "Idle" :length 2 :bones { 
	"Skelet" [
		[0 [1.000 0.000 0.000 0.000 0.000 0.000 1.000 0.000 0.000 -1.000 0.000 0.000 0.000 0.000 -0.040 1.000]]
	]
	"Bedro_L" [
		[0 [0.059 -0.337 0.940 0.000 0.163 -0.925 -0.342 0.000 0.985 0.174 0.000 0.000 0.123 -0.038 0.000 1.000]]
	]
	"Koleno_L" [
		[0 [-0.906 0.423 0.000 0.000 0.423 0.906 0.000 0.000 0.000 0.000 -1.000 0.000 0.000 0.532 0.000 1.000]]
	]
	"Koleno_L_end" [
		[0 [1.000 0.000 0.000 0.000 0.000 1.000 0.000 0.000 0.000 0.000 1.000 0.000 0.000 0.578 0.000 1.000]]
	]
	"Bedro_P" [
		[0 [0.682 -0.337 0.650 0.000 -0.367 -0.925 -0.095 0.000 0.633 -0.174 -0.754 0.000 -0.123 -0.038 0.000 1.000]]
	]
	"Koleno_P" [
		[0 [-0.906 0.423 0.000 0.000 0.423 0.906 0.000 0.000 0.000 0.000 -1.000 0.000 0.000 0.532 0.000 1.000]]
	]
	"Koleno_P_end" [
		[0 [1.000 0.000 0.000 0.000 0.000 1.000 0.000 0.000 0.000 0.000 1.000 0.000 0.000 0.578 0.000 1.000]]
	]
	"Tors" [
		[0 [1.000 0.000 0.000 0.000 0.000 0.940 -0.342 0.000 0.000 0.342 0.940 0.000 0.000 0.130 0.000 1.000]]
		[0.05 [1.000 0.000 0.000 0.000 0.000 0.938 -0.346 0.000 0.000 0.346 0.938 0.000 0.000 0.130 0.000 1.000]]
		[0.1 [1.000 0.000 0.000 0.000 0.000 0.936 -0.351 0.000 0.000 0.351 0.936 0.000 0.000 0.130 0.000 1.000]]
		[0.15 [1.000 0.000 0.000 0.000 0.000 0.935 -0.356 0.000 0.000 0.356 0.935 0.000 0.000 0.130 0.000 1.000]]
		[0.2 [1.000 0.000 0.000 0.000 0.000 0.933 -0.361 0.000 0.000 0.361 0.933 0.000 0.000 0.130 0.000 1.000]]
		[0.25 [1.000 0.000 0.000 0.000 0.000 0.931 -0.366 0.000 0.000 0.366 0.931 0.000 0.000 0.130 0.000 1.000]]
		[0.3 [1.000 0.000 0.000 0.000 0.000 0.928 -0.372 0.000 0.000 0.372 0.928 0.000 0.000 0.130 0.000 1.000]]
		[0.35 [1.000 0.000 0.000 0.000 0.000 0.926 -0.377 0.000 0.000 0.377 0.926 0.000 0.000 0.130 0.000 1.000]]
		[0.4 [1.000 0.000 0.000 0.000 0.000 0.924 -0.382 0.000 0.000 0.382 0.924 0.000 0.000 0.130 0.000 1.000]]
		[0.45 [1.000 0.000 0.000 0.000 0.000 0.922 -0.388 0.000 0.000 0.388 0.922 0.000 0.000 0.130 0.000 1.000]]
		[0.5 [1.000 0.000 0.000 0.000 0.000 0.920 -0.393 0.000 0.000 0.393 0.920 0.000 0.000 0.130 0.000 1.000]]
		[0.55 [1.000 0.000 0.000 0.000 0.000 0.918 -0.398 0.000 0.000 0.398 0.918 0.000 0.000 0.130 0.000 1.000]]
		[0.6 [1.000 0.000 0.000 0.000 0.000 0.916 -0.402 0.000 0.000 0.402 0.916 0.000 0.000 0.130 0.000 1.000]]
		[0.65 [1.000 0.000 0.000 0.000 0.000 0.914 -0.407 0.000 0.000 0.407 0.914 0.000 0.000 0.130 0.000 1.000]]
		[0.7 [1.000 0.000 0.000 0.000 0.000 0.912 -0.410 0.000 0.000 0.410 0.912 0.000 0.000 0.130 0.000 1.000]]
		[0.75 [1.000 0.000 0.000 0.000 0.000 0.910 -0.414 0.000 0.000 0.414 0.910 0.000 0.000 0.130 0.000 1.000]]
		[0.8 [1.000 0.000 0.000 0.000 0.000 0.909 -0.417 0.000 0.000 0.417 0.909 0.000 0.000 0.130 0.000 1.000]]
		[0.85 [1.000 0.000 0.000 0.000 0.000 0.908 -0.419 0.000 0.000 0.419 0.908 0.000 0.000 0.130 0.000 1.000]]
		[0.9 [1.000 0.000 0.000 0.000 0.000 0.907 -0.421 0.000 0.000 0.421 0.907 0.000 0.000 0.130 0.000 1.000]]
		[0.95 [1.000 0.000 0.000 0.000 0.000 0.906 -0.422 0.000 0.000 0.422 0.906 0.000 0.000 0.130 0.000 1.000]]
	]
	"Golova" [
		[0 [1.000 0.000 0.000 0.000 0.000 0.940 0.342 0.000 0.000 -0.342 0.940 0.000 0.000 0.596 0.000 1.000]]
		[0.05 [1.000 0.000 0.000 0.000 0.000 0.938 0.346 0.000 0.000 -0.346 0.938 0.000 0.000 0.596 0.000 1.000]]
		[0.1 [1.000 0.000 0.000 0.000 0.000 0.936 0.351 0.000 0.000 -0.351 0.936 0.000 0.000 0.596 0.000 1.000]]
		[0.15 [1.000 0.000 0.000 0.000 0.000 0.935 0.356 0.000 0.000 -0.356 0.935 0.000 0.000 0.596 0.000 1.000]]
		[0.2 [1.000 0.000 0.000 0.000 0.000 0.933 0.361 0.000 0.000 -0.361 0.933 0.000 0.000 0.596 0.000 1.000]]
		[0.25 [1.000 0.000 0.000 0.000 0.000 0.931 0.366 0.000 0.000 -0.366 0.931 0.000 0.000 0.596 0.000 1.000]]
		[0.3 [1.000 0.000 0.000 0.000 0.000 0.928 0.372 0.000 0.000 -0.372 0.928 0.000 0.000 0.596 0.000 1.000]]
		[0.35 [1.000 0.000 0.000 0.000 0.000 0.926 0.377 0.000 0.000 -0.377 0.926 0.000 0.000 0.596 0.000 1.000]]
		[0.4 [1.000 0.000 0.000 0.000 0.000 0.924 0.382 0.000 0.000 -0.382 0.924 0.000 0.000 0.596 0.000 1.000]]
		[0.45 [1.000 0.000 0.000 0.000 0.000 0.922 0.388 0.000 0.000 -0.388 0.922 0.000 0.000 0.596 0.000 1.000]]
		[0.5 [1.000 0.000 0.000 0.000 0.000 0.920 0.393 0.000 0.000 -0.393 0.920 0.000 0.000 0.596 0.000 1.000]]
		[0.55 [1.000 0.000 0.000 0.000 0.000 0.918 0.398 0.000 0.000 -0.398 0.918 0.000 0.000 0.596 0.000 1.000]]
		[0.6 [1.000 0.000 0.000 0.000 0.000 0.916 0.402 0.000 0.000 -0.402 0.916 0.000 0.000 0.596 0.000 1.000]]
		[0.65 [1.000 0.000 0.000 0.000 0.000 0.914 0.407 0.000 0.000 -0.407 0.914 0.000 0.000 0.596 0.000 1.000]]
		[0.7 [1.000 0.000 0.000 0.000 0.000 0.912 0.410 0.000 0.000 -0.410 0.912 0.000 0.000 0.596 0.000 1.000]]
		[0.75 [1.000 0.000 0.000 0.000 0.000 0.910 0.414 0.000 0.000 -0.414 0.910 0.000 0.000 0.596 0.000 1.000]]
		[0.8 [1.000 0.000 0.000 0.000 0.000 0.909 0.417 0.000 0.000 -0.417 0.909 0.000 0.000 0.596 0.000 1.000]]
		[0.85 [1.000 0.000 0.000 0.000 0.000 0.908 0.419 0.000 0.000 -0.419 0.908 0.000 0.000 0.596 0.000 1.000]]
		[0.9 [1.000 0.000 0.000 0.000 0.000 0.907 0.421 0.000 0.000 -0.421 0.907 0.000 0.000 0.596 0.000 1.000]]
		[0.95 [1.000 0.000 0.000 0.000 0.000 0.906 0.422 0.000 0.000 -0.422 0.906 0.000 0.000 0.596 0.000 1.000]]
	]
	"Golova_end" [
		[0 [1.000 0.000 0.000 0.000 0.000 1.000 0.000 0.000 0.000 0.000 1.000 0.000 0.000 0.315 0.000 1.000]]
	]
	"Kluchitsa_L" [
		[0 [0.000 0.000 1.000 0.000 1.000 0.000 0.000 0.000 0.000 1.000 0.000 0.000 0.000 0.470 0.000 1.000]]
	]
	"Kluchitsa_L_end" [
		[0 [1.000 0.000 0.000 0.000 0.000 1.000 0.000 0.000 0.000 0.000 1.000 0.000 0.000 0.300 0.000 1.000]]
	]
	"Kluchitsa_P" [
		[0 [0.000 0.000 -1.000 0.000 -1.000 0.000 0.000 0.000 0.000 1.000 0.000 0.000 0.000 0.470 0.000 1.000]]
	]
	"Kluchitsa_P_end" [
		[0 [1.000 0.000 0.000 0.000 0.000 1.000 0.000 0.000 0.000 0.000 1.000 0.000 0.000 0.300 0.000 1.000]]
	]
	"Ruka_L" [
		[0 [-0.040 0.557 0.830 0.000 0.580 -0.663 0.473 0.000 0.814 0.500 -0.296 0.000 0.279 0.394 -0.035 1.000]]
		[0.05 [-0.037 0.554 0.832 0.000 0.580 -0.666 0.469 0.000 0.814 0.500 -0.296 0.000 0.279 0.394 -0.035 1.000]]
		[0.1 [-0.034 0.550 0.834 0.000 0.580 -0.669 0.465 0.000 0.814 0.500 -0.296 0.000 0.279 0.394 -0.035 1.000]]
		[0.15 [-0.031 0.547 0.837 0.000 0.580 -0.672 0.461 0.000 0.814 0.500 -0.296 0.000 0.279 0.394 -0.035 1.000]]
		[0.2 [-0.028 0.543 0.839 0.000 0.580 -0.675 0.456 0.000 0.814 0.500 -0.296 0.000 0.279 0.394 -0.035 1.000]]
		[0.25 [-0.025 0.539 0.842 0.000 0.581 -0.678 0.451 0.000 0.814 0.500 -0.296 0.000 0.279 0.394 -0.035 1.000]]
		[0.3 [-0.022 0.535 0.844 0.000 0.581 -0.681 0.447 0.000 0.814 0.500 -0.296 0.000 0.279 0.394 -0.035 1.000]]
		[0.35 [-0.018 0.531 0.847 0.000 0.581 -0.684 0.442 0.000 0.814 0.500 -0.296 0.000 0.279 0.394 -0.035 1.000]]
		[0.4 [-0.015 0.527 0.849 0.000 0.581 -0.687 0.437 0.000 0.814 0.500 -0.296 0.000 0.279 0.394 -0.035 1.000]]
		[0.45 [-0.012 0.524 0.852 0.000 0.581 -0.690 0.432 0.000 0.814 0.500 -0.296 0.000 0.279 0.394 -0.035 1.000]]
		[0.5 [-0.008 0.520 0.854 0.000 0.581 -0.693 0.427 0.000 0.814 0.500 -0.296 0.000 0.279 0.394 -0.035 1.000]]
		[0.55 [-0.005 0.516 0.857 0.000 0.581 -0.696 0.423 0.000 0.814 0.500 -0.296 0.000 0.279 0.394 -0.035 1.000]]
		[0.6 [-0.002 0.512 0.859 0.000 0.581 -0.698 0.418 0.000 0.814 0.500 -0.296 0.000 0.279 0.394 -0.035 1.000]]
		[0.65 [0.000 0.509 0.861 0.000 0.581 -0.701 0.414 0.000 0.814 0.500 -0.296 0.000 0.279 0.394 -0.035 1.000]]
		[0.7 [0.003 0.506 0.862 0.000 0.581 -0.703 0.410 0.000 0.814 0.500 -0.296 0.000 0.279 0.394 -0.035 1.000]]
		[0.75 [0.005 0.503 0.864 0.000 0.581 -0.705 0.407 0.000 0.814 0.500 -0.296 0.000 0.279 0.394 -0.035 1.000]]
		[0.8 [0.007 0.501 0.865 0.000 0.581 -0.706 0.404 0.000 0.814 0.500 -0.296 0.000 0.279 0.394 -0.035 1.000]]
		[0.85 [0.009 0.499 0.866 0.000 0.581 -0.708 0.402 0.000 0.814 0.500 -0.296 0.000 0.279 0.394 -0.035 1.000]]
		[0.9 [0.010 0.498 0.867 0.000 0.581 -0.709 0.400 0.000 0.814 0.500 -0.296 0.000 0.279 0.394 -0.035 1.000]]
		[0.95 [0.010 0.497 0.868 0.000 0.581 -0.709 0.399 0.000 0.814 0.500 -0.296 0.000 0.279 0.394 -0.035 1.000]]
	]
	"Lokot_L" [
		[0 [0.000 1.000 0.000 0.000 -1.000 0.000 0.000 0.000 0.000 0.000 1.000 0.000 0.000 0.316 0.000 1.000]]
	]
	"Lokot_L_end" [
		[0 [1.000 0.000 0.000 0.000 0.000 1.000 0.000 0.000 0.000 0.000 1.000 0.000 0.000 0.469 0.000 1.000]]
	]
	"Ruka_P" [
		[0 [-0.106 0.621 0.777 0.000 -0.406 -0.740 0.536 0.000 0.908 -0.259 0.330 0.000 -0.279 0.394 -0.035 1.000]]
		[0.05 [-0.108 0.617 0.779 0.000 -0.406 -0.743 0.533 0.000 0.908 -0.259 0.330 0.000 -0.279 0.394 -0.035 1.000]]
		[0.1 [-0.110 0.614 0.782 0.000 -0.405 -0.746 0.529 0.000 0.908 -0.259 0.330 0.000 -0.279 0.394 -0.035 1.000]]
		[0.15 [-0.112 0.610 0.785 0.000 -0.405 -0.749 0.525 0.000 0.908 -0.259 0.330 0.000 -0.279 0.394 -0.035 1.000]]
		[0.2 [-0.114 0.606 0.787 0.000 -0.404 -0.752 0.520 0.000 0.908 -0.259 0.330 0.000 -0.279 0.394 -0.035 1.000]]
		[0.25 [-0.116 0.602 0.790 0.000 -0.403 -0.756 0.516 0.000 0.908 -0.259 0.330 0.000 -0.279 0.394 -0.035 1.000]]
		[0.3 [-0.118 0.597 0.793 0.000 -0.403 -0.759 0.511 0.000 0.908 -0.259 0.330 0.000 -0.279 0.394 -0.035 1.000]]
		[0.35 [-0.121 0.593 0.796 0.000 -0.402 -0.763 0.507 0.000 0.908 -0.259 0.330 0.000 -0.279 0.394 -0.035 1.000]]
		[0.4 [-0.123 0.588 0.799 0.000 -0.401 -0.766 0.502 0.000 0.908 -0.259 0.330 0.000 -0.279 0.394 -0.035 1.000]]
		[0.45 [-0.125 0.584 0.802 0.000 -0.400 -0.769 0.498 0.000 0.908 -0.259 0.330 0.000 -0.279 0.394 -0.035 1.000]]
		[0.5 [-0.128 0.580 0.805 0.000 -0.400 -0.773 0.493 0.000 0.908 -0.259 0.330 0.000 -0.279 0.394 -0.035 1.000]]
		[0.55 [-0.130 0.575 0.807 0.000 -0.399 -0.776 0.489 0.000 0.908 -0.259 0.330 0.000 -0.279 0.394 -0.035 1.000]]
		[0.6 [-0.132 0.572 0.810 0.000 -0.398 -0.779 0.485 0.000 0.908 -0.259 0.330 0.000 -0.279 0.394 -0.035 1.000]]
		[0.65 [-0.134 0.568 0.812 0.000 -0.398 -0.781 0.481 0.000 0.908 -0.259 0.330 0.000 -0.279 0.394 -0.035 1.000]]
		[0.7 [-0.135 0.565 0.814 0.000 -0.397 -0.784 0.477 0.000 0.908 -0.259 0.330 0.000 -0.279 0.394 -0.035 1.000]]
		[0.75 [-0.137 0.562 0.816 0.000 -0.397 -0.786 0.474 0.000 0.908 -0.259 0.330 0.000 -0.279 0.394 -0.035 1.000]]
		[0.8 [-0.138 0.559 0.818 0.000 -0.396 -0.788 0.472 0.000 0.908 -0.259 0.330 0.000 -0.279 0.394 -0.035 1.000]]
		[0.85 [-0.139 0.557 0.819 0.000 -0.396 -0.789 0.469 0.000 0.908 -0.259 0.330 0.000 -0.279 0.394 -0.035 1.000]]
		[0.9 [-0.140 0.555 0.820 0.000 -0.396 -0.790 0.468 0.000 0.908 -0.259 0.330 0.000 -0.279 0.394 -0.035 1.000]]
		[0.95 [-0.140 0.554 0.820 0.000 -0.395 -0.791 0.467 0.000 0.908 -0.259 0.330 0.000 -0.279 0.394 -0.035 1.000]]
	]
	"Lokot_P" [
		[0 [0.500 0.866 0.000 0.000 -0.866 0.500 0.000 0.000 0.000 0.000 1.000 0.000 0.000 0.316 0.000 1.000]]
	]
	"Lokot_P_end" [
		[0 [1.000 0.000 0.000 0.000 0.000 1.000 0.000 0.000 0.000 0.000 1.000 0.000 0.000 0.469 0.000 1.000]]
	]
	"Luchnik" [
		[0 [100.000 0.000 0.000 0.000 0.000 0.000 -100.000 0.000 0.000 100.000 0.000 0.000 0.000 100.000 0.000 1.000]]
	]
	"Weapon" [
		[0 [100.000 0.000 0.000 0.000 0.000 0.000 -100.000 0.000 0.000 100.000 0.000 0.000 0.000 0.000 0.000 1.000]]
	]
	"Armature.001" [
		[0 [0.132 0.000 0.048 0.000 0.000 -0.140 0.000 0.000 0.048 0.000 -0.132 0.000 0.468 0.237 1.113 1.000]]
		[0.05 [0.132 0.000 0.048 0.000 0.000 -0.140 0.000 0.000 0.048 0.000 -0.132 0.000 0.467 0.239 1.112 1.000]]
		[0.1 [0.132 0.001 0.047 0.000 0.000 -0.140 0.000 0.000 0.047 0.000 -0.132 0.000 0.465 0.240 1.111 1.000]]
		[0.15 [0.132 0.001 0.047 0.000 0.001 -0.140 0.000 0.000 0.047 0.000 -0.132 0.000 0.464 0.242 1.109 1.000]]
		[0.2 [0.132 0.001 0.047 0.000 0.001 -0.140 0.001 0.000 0.047 0.000 -0.132 0.000 0.463 0.244 1.108 1.000]]
		[0.25 [0.132 0.001 0.046 0.000 0.001 -0.140 0.001 0.000 0.046 0.000 -0.132 0.000 0.461 0.246 1.106 1.000]]
		[0.3 [0.132 0.002 0.046 0.000 0.002 -0.140 0.001 0.000 0.046 0.000 -0.132 0.000 0.459 0.248 1.105 1.000]]
		[0.35 [0.132 0.002 0.046 0.000 0.002 -0.140 0.001 0.000 0.046 0.000 -0.132 0.000 0.458 0.249 1.103 1.000]]
		[0.4 [0.132 0.002 0.045 0.000 0.002 -0.140 0.001 0.000 0.045 0.000 -0.132 0.000 0.456 0.251 1.102 1.000]]
		[0.45 [0.133 0.003 0.045 0.000 0.002 -0.140 0.001 0.000 0.045 0.000 -0.133 0.000 0.455 0.253 1.100 1.000]]
		[0.5 [0.133 0.003 0.045 0.000 0.003 -0.140 0.001 0.000 0.045 0.000 -0.133 0.000 0.453 0.255 1.098 1.000]]
		[0.55 [0.133 0.003 0.044 0.000 0.003 -0.140 0.002 0.000 0.044 0.000 -0.133 0.000 0.452 0.256 1.097 1.000]]
		[0.6 [0.133 0.004 0.044 0.000 0.003 -0.140 0.002 0.000 0.044 -0.001 -0.133 0.000 0.450 0.258 1.096 1.000]]
		[0.65 [0.133 0.004 0.044 0.000 0.003 -0.140 0.002 0.000 0.044 -0.001 -0.133 0.000 0.449 0.259 1.094 1.000]]
		[0.7 [0.133 0.004 0.043 0.000 0.004 -0.140 0.002 0.000 0.043 -0.001 -0.133 0.000 0.448 0.261 1.093 1.000]]
		[0.75 [0.133 0.004 0.043 0.000 0.004 -0.140 0.002 0.000 0.043 -0.001 -0.133 0.000 0.447 0.262 1.092 1.000]]
		[0.8 [0.133 0.004 0.043 0.000 0.004 -0.140 0.002 0.000 0.043 -0.001 -0.133 0.000 0.446 0.263 1.091 1.000]]
		[0.85 [0.133 0.005 0.043 0.000 0.004 -0.140 0.002 0.000 0.043 -0.001 -0.133 0.000 0.445 0.263 1.090 1.000]]
		[0.9 [0.133 0.005 0.043 0.000 0.004 -0.140 0.002 0.000 0.043 -0.001 -0.133 0.000 0.445 0.264 1.090 1.000]]
		[0.95 [0.133 0.005 0.042 0.000 0.004 -0.140 0.002 0.000 0.043 -0.001 -0.133 0.000 0.444 0.264 1.089 1.000]]
	]
	"Bow" [
		[0 [1.000 0.000 0.000 0.000 0.000 0.000 1.000 0.000 0.000 -1.000 0.000 0.000 0.000 0.000 0.000 1.000]]
	]
	"Rope" [
		[0 [0.000 0.000 1.000 0.000 0.000 1.000 0.000 0.000 -1.000 0.000 0.000 0.000 0.000 -0.633 0.000 1.000]]
	]
	"Rope_end" [
		[0 [1.000 0.000 0.000 0.000 0.000 1.000 0.000 0.000 0.000 0.000 1.000 0.000 0.000 0.133 0.000 1.000]]
	]
	"Rope_end_end" [
		[0 [1.000 0.000 0.000 0.000 0.000 1.000 0.000 0.000 0.000 0.000 1.000 0.000 0.000 0.133 0.000 1.000]]
	]
	"Bow_1" [
		[0 [-1.000 0.000 0.000 0.000 0.000 -0.980 -0.197 0.000 0.000 -0.197 0.980 0.000 0.000 -0.500 0.000 1.000]]
	]
	"Bow_1_end" [
		[0 [1.000 0.000 0.000 0.000 0.000 1.000 0.000 0.000 0.000 0.000 1.000 0.000 0.000 2.550 0.000 1.000]]
	]
	"Bow_1_end_end" [
		[0 [1.000 0.000 0.000 0.000 0.000 1.000 0.000 0.000 0.000 0.000 1.000 0.000 0.000 2.550 0.000 1.000]]
	]
	"Bow_2" [
		[0 [1.000 0.000 0.000 0.000 0.000 0.980 -0.197 0.000 0.000 0.197 0.980 0.000 0.000 0.500 0.000 1.000]]
	]
	"Bow_2_end" [
		[0 [1.000 0.000 0.000 0.000 0.000 1.000 0.000 0.000 0.000 0.000 1.000 0.000 0.000 2.550 0.000 1.000]]
	]
	"Bow_2_end_end" [
		[0 [1.000 0.000 0.000 0.000 0.000 1.000 0.000 0.000 0.000 0.000 1.000 0.000 0.000 2.550 0.000 1.000]]
	]
	"Kolchan" [
		[0 [0.083 -0.010 0.056 0.000 0.011 0.089 -0.001 0.000 -0.165 0.024 0.250 0.000 -0.032 -0.076 1.698 1.000]]
		[0.05 [0.083 -0.010 0.056 0.000 0.011 0.089 -0.001 0.000 -0.165 0.025 0.249 0.000 -0.032 -0.074 1.698 1.000]]
		[0.1 [0.083 -0.010 0.056 0.000 0.011 0.089 -0.002 0.000 -0.165 0.026 0.249 0.000 -0.032 -0.072 1.699 1.000]]
		[0.15 [0.083 -0.009 0.056 0.000 0.011 0.089 -0.002 0.000 -0.165 0.027 0.249 0.000 -0.032 -0.070 1.699 1.000]]
		[0.2 [0.083 -0.009 0.056 0.000 0.011 0.089 -0.003 0.000 -0.165 0.029 0.249 0.000 -0.032 -0.068 1.699 1.000]]
		[0.25 [0.083 -0.009 0.056 0.000 0.011 0.089 -0.003 0.000 -0.165 0.030 0.249 0.000 -0.032 -0.065 1.700 1.000]]
		[0.3 [0.083 -0.008 0.056 0.000 0.011 0.089 -0.004 0.000 -0.165 0.032 0.249 0.000 -0.032 -0.063 1.700 1.000]]
		[0.35 [0.083 -0.008 0.056 0.000 0.011 0.089 -0.004 0.000 -0.165 0.033 0.248 0.000 -0.032 -0.061 1.701 1.000]]
		[0.4 [0.083 -0.008 0.056 0.000 0.011 0.089 -0.005 0.000 -0.165 0.034 0.248 0.000 -0.032 -0.058 1.701 1.000]]
		[0.45 [0.083 -0.007 0.056 0.000 0.011 0.089 -0.005 0.000 -0.165 0.036 0.248 0.000 -0.032 -0.056 1.701 1.000]]
		[0.5 [0.083 -0.007 0.056 0.000 0.011 0.089 -0.006 0.000 -0.165 0.037 0.248 0.000 -0.032 -0.054 1.702 1.000]]
		[0.55 [0.083 -0.007 0.056 0.000 0.011 0.089 -0.006 0.000 -0.165 0.039 0.248 0.000 -0.032 -0.051 1.702 1.000]]
		[0.6 [0.083 -0.006 0.056 0.000 0.011 0.089 -0.007 0.000 -0.165 0.040 0.247 0.000 -0.032 -0.049 1.702 1.000]]
		[0.65 [0.083 -0.006 0.056 0.000 0.011 0.089 -0.007 0.000 -0.165 0.041 0.247 0.000 -0.032 -0.047 1.702 1.000]]
		[0.7 [0.083 -0.006 0.056 0.000 0.011 0.089 -0.007 0.000 -0.165 0.042 0.247 0.000 -0.032 -0.046 1.702 1.000]]
		[0.75 [0.083 -0.006 0.056 0.000 0.011 0.089 -0.008 0.000 -0.165 0.043 0.247 0.000 -0.032 -0.044 1.703 1.000]]
		[0.8 [0.083 -0.006 0.056 0.000 0.011 0.089 -0.008 0.000 -0.165 0.044 0.247 0.000 -0.032 -0.043 1.703 1.000]]
		[0.85 [0.083 -0.005 0.056 0.000 0.011 0.089 -0.008 0.000 -0.165 0.044 0.247 0.000 -0.032 -0.042 1.703 1.000]]
		[0.9 [0.083 -0.005 0.056 0.000 0.011 0.089 -0.009 0.000 -0.165 0.045 0.247 0.000 -0.032 -0.041 1.703 1.000]]
		[0.95 [0.083 -0.005 0.056 0.000 0.011 0.089 -0.009 0.000 -0.165 0.045 0.247 0.000 -0.032 -0.040 1.703 1.000]]
	]
} }