{ :name "Walk" :length 0.6666667 :bones { 
	"Skelet" [
		[0 [1.000 0.000 0.000 0.000 0.000 0.000 1.000 0.000 0.000 -1.000 0.000 0.000 0.000 0.000 0.000 1.000]]
		[0.0125 [1.000 0.000 0.000 0.000 0.000 0.000 1.000 0.000 0.000 -1.000 0.000 0.000 0.000 0.000 0.008 1.000]]
		[0.025 [1.000 0.000 0.000 0.000 0.000 0.000 1.000 0.000 0.000 -1.000 0.000 0.000 0.000 0.000 0.017 1.000]]
		[0.0375 [1.000 0.000 0.000 0.000 0.000 0.000 1.000 0.000 0.000 -1.000 0.000 0.000 0.000 0.000 0.026 1.000]]
		[0.05 [1.000 0.000 0.000 0.000 0.000 0.000 1.000 0.000 0.000 -1.000 0.000 0.000 0.000 0.000 0.036 1.000]]
		[0.0625 [1.000 0.000 0.000 0.000 0.000 0.000 1.000 0.000 0.000 -1.000 0.000 0.000 0.000 0.000 0.046 1.000]]
		[0.075 [1.000 0.000 0.000 0.000 0.000 0.000 1.000 0.000 0.000 -1.000 0.000 0.000 0.000 0.000 0.056 1.000]]
		[0.0875 [1.000 0.000 0.000 0.000 0.000 0.000 1.000 0.000 0.000 -1.000 0.000 0.000 0.000 0.000 0.066 1.000]]
		[0.1 [1.000 0.000 0.000 0.000 0.000 0.000 1.000 0.000 0.000 -1.000 0.000 0.000 0.000 0.000 0.074 1.000]]
		[0.1125 [1.000 0.000 0.000 0.000 0.000 0.000 1.000 0.000 0.000 -1.000 0.000 0.000 0.000 0.000 0.082 1.000]]
		[0.125 [1.000 0.000 0.000 0.000 0.000 0.000 1.000 0.000 0.000 -1.000 0.000 0.000 0.000 0.000 0.089 1.000]]
		[0.1375 [1.000 0.000 0.000 0.000 0.000 0.000 1.000 0.000 0.000 -1.000 0.000 0.000 0.000 0.000 0.094 1.000]]
		[0.15 [1.000 0.000 0.000 0.000 0.000 0.000 1.000 0.000 0.000 -1.000 0.000 0.000 0.000 0.000 0.098 1.000]]
		[0.1625 [1.000 0.000 0.000 0.000 0.000 0.000 1.000 0.000 0.000 -1.000 0.000 0.000 0.000 0.000 0.100 1.000]]
		[0.175 [1.000 0.000 0.000 0.000 0.000 0.000 1.000 0.000 0.000 -1.000 0.000 0.000 0.000 0.000 0.099 1.000]]
		[0.1875 [1.000 0.000 0.000 0.000 0.000 0.000 1.000 0.000 0.000 -1.000 0.000 0.000 0.000 0.000 0.096 1.000]]
		[0.2 [1.000 0.000 0.000 0.000 0.000 0.000 1.000 0.000 0.000 -1.000 0.000 0.000 0.000 0.000 0.090 1.000]]
		[0.2125 [1.000 0.000 0.000 0.000 0.000 0.000 1.000 0.000 0.000 -1.000 0.000 0.000 0.000 0.000 0.081 1.000]]
		[0.225 [1.000 0.000 0.000 0.000 0.000 0.000 1.000 0.000 0.000 -1.000 0.000 0.000 0.000 0.000 0.072 1.000]]
		[0.2375 [1.000 0.000 0.000 0.000 0.000 0.000 1.000 0.000 0.000 -1.000 0.000 0.000 0.000 0.000 0.061 1.000]]
		[0.25 [1.000 0.000 0.000 0.000 0.000 0.000 1.000 0.000 0.000 -1.000 0.000 0.000 0.000 0.000 0.050 1.000]]
		[0.2625 [1.000 0.000 0.000 0.000 0.000 0.000 1.000 0.000 0.000 -1.000 0.000 0.000 0.000 0.000 0.039 1.000]]
		[0.275 [1.000 0.000 0.000 0.000 0.000 0.000 1.000 0.000 0.000 -1.000 0.000 0.000 0.000 0.000 0.028 1.000]]
		[0.2875 [1.000 0.000 0.000 0.000 0.000 0.000 1.000 0.000 0.000 -1.000 0.000 0.000 0.000 0.000 0.019 1.000]]
		[0.3 [1.000 0.000 0.000 0.000 0.000 0.000 1.000 0.000 0.000 -1.000 0.000 0.000 0.000 0.000 0.010 1.000]]
		[0.3125 [1.000 0.000 0.000 0.000 0.000 0.000 1.000 0.000 0.000 -1.000 0.000 0.000 0.000 0.000 0.004 1.000]]
		[0.325 [1.000 0.000 0.000 0.000 0.000 0.000 1.000 0.000 0.000 -1.000 0.000 0.000 0.000 0.000 0.001 1.000]]
		[0.3375 [1.000 0.000 0.000 0.000 0.000 0.000 1.000 0.000 0.000 -1.000 0.000 0.000 0.000 0.000 0.000 1.000]]
		[0.35 [1.000 0.000 0.000 0.000 0.000 0.000 1.000 0.000 0.000 -1.000 0.000 0.000 0.000 0.000 0.003 1.000]]
		[0.3625 [1.000 0.000 0.000 0.000 0.000 0.000 1.000 0.000 0.000 -1.000 0.000 0.000 0.000 0.000 0.008 1.000]]
		[0.375 [1.000 0.000 0.000 0.000 0.000 0.000 1.000 0.000 0.000 -1.000 0.000 0.000 0.000 0.000 0.016 1.000]]
		[0.3875 [1.000 0.000 0.000 0.000 0.000 0.000 1.000 0.000 0.000 -1.000 0.000 0.000 0.000 0.000 0.025 1.000]]
		[0.4 [1.000 0.000 0.000 0.000 0.000 0.000 1.000 0.000 0.000 -1.000 0.000 0.000 0.000 0.000 0.035 1.000]]
		[0.4125 [1.000 0.000 0.000 0.000 0.000 0.000 1.000 0.000 0.000 -1.000 0.000 0.000 0.000 0.000 0.046 1.000]]
		[0.425 [1.000 0.000 0.000 0.000 0.000 0.000 1.000 0.000 0.000 -1.000 0.000 0.000 0.000 0.000 0.057 1.000]]
		[0.4375 [1.000 0.000 0.000 0.000 0.000 0.000 1.000 0.000 0.000 -1.000 0.000 0.000 0.000 0.000 0.068 1.000]]
		[0.45 [1.000 0.000 0.000 0.000 0.000 0.000 1.000 0.000 0.000 -1.000 0.000 0.000 0.000 0.000 0.078 1.000]]
		[0.4625 [1.000 0.000 0.000 0.000 0.000 0.000 1.000 0.000 0.000 -1.000 0.000 0.000 0.000 0.000 0.087 1.000]]
		[0.475 [1.000 0.000 0.000 0.000 0.000 0.000 1.000 0.000 0.000 -1.000 0.000 0.000 0.000 0.000 0.094 1.000]]
		[0.4875 [1.000 0.000 0.000 0.000 0.000 0.000 1.000 0.000 0.000 -1.000 0.000 0.000 0.000 0.000 0.098 1.000]]
		[0.5 [1.000 0.000 0.000 0.000 0.000 0.000 1.000 0.000 0.000 -1.000 0.000 0.000 0.000 0.000 0.100 1.000]]
		[0.5125 [1.000 0.000 0.000 0.000 0.000 0.000 1.000 0.000 0.000 -1.000 0.000 0.000 0.000 0.000 0.099 1.000]]
		[0.525 [1.000 0.000 0.000 0.000 0.000 0.000 1.000 0.000 0.000 -1.000 0.000 0.000 0.000 0.000 0.096 1.000]]
		[0.5375 [1.000 0.000 0.000 0.000 0.000 0.000 1.000 0.000 0.000 -1.000 0.000 0.000 0.000 0.000 0.091 1.000]]
		[0.55 [1.000 0.000 0.000 0.000 0.000 0.000 1.000 0.000 0.000 -1.000 0.000 0.000 0.000 0.000 0.085 1.000]]
		[0.5625 [1.000 0.000 0.000 0.000 0.000 0.000 1.000 0.000 0.000 -1.000 0.000 0.000 0.000 0.000 0.077 1.000]]
		[0.575 [1.000 0.000 0.000 0.000 0.000 0.000 1.000 0.000 0.000 -1.000 0.000 0.000 0.000 0.000 0.069 1.000]]
		[0.5875 [1.000 0.000 0.000 0.000 0.000 0.000 1.000 0.000 0.000 -1.000 0.000 0.000 0.000 0.000 0.059 1.000]]
		[0.6 [1.000 0.000 0.000 0.000 0.000 0.000 1.000 0.000 0.000 -1.000 0.000 0.000 0.000 0.000 0.050 1.000]]
		[0.6125 [1.000 0.000 0.000 0.000 0.000 0.000 1.000 0.000 0.000 -1.000 0.000 0.000 0.000 0.000 0.040 1.000]]
		[0.625 [1.000 0.000 0.000 0.000 0.000 0.000 1.000 0.000 0.000 -1.000 0.000 0.000 0.000 0.000 0.030 1.000]]
		[0.6375 [1.000 0.000 0.000 0.000 0.000 0.000 1.000 0.000 0.000 -1.000 0.000 0.000 0.000 0.000 0.020 1.000]]
		[0.65 [1.000 0.000 0.000 0.000 0.000 0.000 1.000 0.000 0.000 -1.000 0.000 0.000 0.000 0.000 0.011 1.000]]
		[0.6625 [1.000 0.000 0.000 0.000 0.000 0.000 1.000 0.000 0.000 -1.000 0.000 0.000 0.000 0.000 0.003 1.000]]
		[0.675 [1.000 0.000 0.000 0.000 0.000 0.000 1.000 0.000 0.000 -1.000 0.000 0.000 0.000 0.000 0.000 1.000]]
		[0.6875 [1.000 0.000 0.000 0.000 0.000 0.000 1.000 0.000 0.000 -1.000 0.000 0.000 0.000 0.000 0.000 1.000]]
		[0.7 [1.000 0.000 0.000 0.000 0.000 0.000 1.000 0.000 0.000 -1.000 0.000 0.000 0.000 0.000 0.000 1.000]]
		[0.7125 [1.000 0.000 0.000 0.000 0.000 0.000 1.000 0.000 0.000 -1.000 0.000 0.000 0.000 0.000 0.000 1.000]]
		[0.725 [1.000 0.000 0.000 0.000 0.000 0.000 1.000 0.000 0.000 -1.000 0.000 0.000 0.000 0.000 0.000 1.000]]
		[0.7375 [1.000 0.000 0.000 0.000 0.000 0.000 1.000 0.000 0.000 -1.000 0.000 0.000 0.000 0.000 0.000 1.000]]
		[0.75 [1.000 0.000 0.000 0.000 0.000 0.000 1.000 0.000 0.000 -1.000 0.000 0.000 0.000 0.000 0.000 1.000]]
		[0.7625 [1.000 0.000 0.000 0.000 0.000 0.000 1.000 0.000 0.000 -1.000 0.000 0.000 0.000 0.000 0.000 1.000]]
		[0.775 [1.000 0.000 0.000 0.000 0.000 0.000 1.000 0.000 0.000 -1.000 0.000 0.000 0.000 0.000 0.000 1.000]]
		[0.7875 [1.000 0.000 0.000 0.000 0.000 0.000 1.000 0.000 0.000 -1.000 0.000 0.000 0.000 0.000 0.000 1.000]]
		[0.8 [1.000 0.000 0.000 0.000 0.000 0.000 1.000 0.000 0.000 -1.000 0.000 0.000 0.000 0.000 0.000 1.000]]
		[0.8125 [1.000 0.000 0.000 0.000 0.000 0.000 1.000 0.000 0.000 -1.000 0.000 0.000 0.000 0.000 0.000 1.000]]
		[0.825 [1.000 0.000 0.000 0.000 0.000 0.000 1.000 0.000 0.000 -1.000 0.000 0.000 0.000 0.000 0.000 1.000]]
		[0.8375 [1.000 0.000 0.000 0.000 0.000 0.000 1.000 0.000 0.000 -1.000 0.000 0.000 0.000 0.000 0.000 1.000]]
		[0.85 [1.000 0.000 0.000 0.000 0.000 0.000 1.000 0.000 0.000 -1.000 0.000 0.000 0.000 0.000 0.000 1.000]]
		[0.8625 [1.000 0.000 0.000 0.000 0.000 0.000 1.000 0.000 0.000 -1.000 0.000 0.000 0.000 0.000 0.000 1.000]]
		[0.875 [1.000 0.000 0.000 0.000 0.000 0.000 1.000 0.000 0.000 -1.000 0.000 0.000 0.000 0.000 0.000 1.000]]
		[0.8875 [1.000 0.000 0.000 0.000 0.000 0.000 1.000 0.000 0.000 -1.000 0.000 0.000 0.000 0.000 0.000 1.000]]
		[0.9 [1.000 0.000 0.000 0.000 0.000 0.000 1.000 0.000 0.000 -1.000 0.000 0.000 0.000 0.000 0.000 1.000]]
		[0.9125 [1.000 0.000 0.000 0.000 0.000 0.000 1.000 0.000 0.000 -1.000 0.000 0.000 0.000 0.000 0.000 1.000]]
		[0.925 [1.000 0.000 0.000 0.000 0.000 0.000 1.000 0.000 0.000 -1.000 0.000 0.000 0.000 0.000 0.000 1.000]]
		[0.9375 [1.000 0.000 0.000 0.000 0.000 0.000 1.000 0.000 0.000 -1.000 0.000 0.000 0.000 0.000 0.000 1.000]]
		[0.95 [1.000 0.000 0.000 0.000 0.000 0.000 1.000 0.000 0.000 -1.000 0.000 0.000 0.000 0.000 0.000 1.000]]
		[0.9625 [1.000 0.000 0.000 0.000 0.000 0.000 1.000 0.000 0.000 -1.000 0.000 0.000 0.000 0.000 0.000 1.000]]
		[0.975 [1.000 0.000 0.000 0.000 0.000 0.000 1.000 0.000 0.000 -1.000 0.000 0.000 0.000 0.000 0.000 1.000]]
		[0.9875 [1.000 0.000 0.000 0.000 0.000 0.000 1.000 0.000 0.000 -1.000 0.000 0.000 0.000 0.000 0.000 1.000]]
	]
	"Bedro_L" [
		[0 [0.000 -0.342 0.940 0.000 0.000 -0.940 -0.342 0.000 1.000 0.000 0.000 0.000 0.123 -0.038 0.000 1.000]]
		[0.0125 [0.000 -0.368 0.930 0.000 0.000 -0.930 -0.368 0.000 1.000 0.000 0.000 0.000 0.123 -0.038 0.000 1.000]]
		[0.025 [0.000 -0.397 0.918 0.000 0.000 -0.918 -0.397 0.000 1.000 0.000 0.000 0.000 0.123 -0.038 0.000 1.000]]
		[0.0375 [0.000 -0.427 0.904 0.000 0.000 -0.904 -0.427 0.000 1.000 0.000 0.000 0.000 0.123 -0.038 0.000 1.000]]
		[0.05 [0.000 -0.458 0.889 0.000 0.000 -0.889 -0.458 0.000 1.000 0.000 0.000 0.000 0.123 -0.038 0.000 1.000]]
		[0.0625 [0.000 -0.489 0.872 0.000 0.000 -0.872 -0.489 0.000 1.000 0.000 0.000 0.000 0.123 -0.038 0.000 1.000]]
		[0.075 [0.000 -0.518 0.855 0.000 0.000 -0.855 -0.518 0.000 1.000 0.000 0.000 0.000 0.123 -0.038 0.000 1.000]]
		[0.0875 [0.000 -0.546 0.838 0.000 0.000 -0.838 -0.546 0.000 1.000 0.000 0.000 0.000 0.123 -0.038 0.000 1.000]]
		[0.1 [0.000 -0.572 0.820 0.000 0.000 -0.820 -0.572 0.000 1.000 0.000 0.000 0.000 0.123 -0.038 0.000 1.000]]
		[0.1125 [0.000 -0.594 0.804 0.000 0.000 -0.804 -0.594 0.000 1.000 0.000 0.000 0.000 0.123 -0.038 0.000 1.000]]
		[0.125 [0.000 -0.613 0.790 0.000 0.000 -0.790 -0.613 0.000 1.000 0.000 0.000 0.000 0.123 -0.038 0.000 1.000]]
		[0.1375 [0.000 -0.628 0.778 0.000 0.000 -0.778 -0.628 0.000 1.000 0.000 0.000 0.000 0.123 -0.038 0.000 1.000]]
		[0.15 [0.000 -0.638 0.770 0.000 0.000 -0.770 -0.638 0.000 1.000 0.000 0.000 0.000 0.123 -0.038 0.000 1.000]]
		[0.1625 [0.000 -0.642 0.766 0.000 0.000 -0.766 -0.642 0.000 1.000 0.000 0.000 0.000 0.123 -0.038 0.000 1.000]]
		[0.175 [0.000 -0.643 0.766 0.000 0.000 -0.766 -0.643 0.000 1.000 0.000 0.000 0.000 0.123 -0.038 0.000 1.000]]
		[0.1875 [0.000 -0.641 0.768 0.000 0.000 -0.768 -0.641 0.000 1.000 0.000 0.000 0.000 0.123 -0.038 0.000 1.000]]
		[0.2 [0.000 -0.634 0.773 0.000 0.000 -0.773 -0.634 0.000 1.000 0.000 0.000 0.000 0.123 -0.038 0.000 1.000]]
		[0.2125 [0.000 -0.620 0.784 0.000 0.000 -0.784 -0.620 0.000 1.000 0.000 0.000 0.000 0.123 -0.038 0.000 1.000]]
		[0.225 [0.000 -0.596 0.803 0.000 0.000 -0.803 -0.596 0.000 1.000 0.000 0.000 0.000 0.123 -0.038 0.000 1.000]]
		[0.2375 [0.000 -0.557 0.830 0.000 0.000 -0.830 -0.557 0.000 1.000 0.000 0.000 0.000 0.123 -0.038 0.000 1.000]]
		[0.25 [0.000 -0.500 0.866 0.000 0.000 -0.866 -0.500 0.000 1.000 0.000 0.000 0.000 0.123 -0.038 0.000 1.000]]
		[0.2625 [0.000 -0.411 0.912 0.000 0.000 -0.912 -0.411 0.000 1.000 0.000 0.000 0.000 0.123 -0.038 0.000 1.000]]
		[0.275 [0.000 -0.287 0.958 0.000 0.000 -0.958 -0.287 0.000 1.000 0.000 0.000 0.000 0.123 -0.038 0.000 1.000]]
		[0.2875 [0.000 -0.139 0.990 0.000 0.000 -0.990 -0.139 0.000 1.000 0.000 0.000 0.000 0.123 -0.038 0.000 1.000]]
		[0.3 [0.000 0.017 1.000 0.000 0.000 -1.000 0.017 0.000 1.000 0.000 0.000 0.000 0.123 -0.038 0.000 1.000]]
		[0.3125 [0.000 0.163 0.987 0.000 0.000 -0.987 0.163 0.000 1.000 0.000 0.000 0.000 0.123 -0.038 0.000 1.000]]
		[0.325 [0.000 0.283 0.959 0.000 0.000 -0.959 0.283 0.000 1.000 0.000 0.000 0.000 0.123 -0.038 0.000 1.000]]
		[0.3375 [0.000 0.367 0.930 0.000 0.000 -0.930 0.367 0.000 1.000 0.000 0.000 0.000 0.123 -0.038 0.000 1.000]]
		[0.35 [0.000 0.432 0.902 0.000 0.000 -0.902 0.432 0.000 1.000 0.000 0.000 0.000 0.123 -0.038 0.000 1.000]]
		[0.3625 [0.000 0.489 0.872 0.000 0.000 -0.872 0.489 0.000 1.000 0.000 0.000 0.000 0.123 -0.038 0.000 1.000]]
		[0.375 [0.000 0.537 0.843 0.000 0.000 -0.843 0.537 0.000 1.000 0.000 0.000 0.000 0.123 -0.038 0.000 1.000]]
		[0.3875 [0.000 0.578 0.816 0.000 0.000 -0.816 0.578 0.000 1.000 0.000 0.000 0.000 0.123 -0.038 0.000 1.000]]
		[0.4 [0.000 0.610 0.792 0.000 0.000 -0.792 0.610 0.000 1.000 0.000 0.000 0.000 0.123 -0.038 0.000 1.000]]
		[0.4125 [0.000 0.636 0.772 0.000 0.000 -0.772 0.636 0.000 1.000 0.000 0.000 0.000 0.123 -0.038 0.000 1.000]]
		[0.425 [0.000 0.655 0.756 0.000 0.000 -0.756 0.655 0.000 1.000 0.000 0.000 0.000 0.123 -0.038 0.000 1.000]]
		[0.4375 [0.000 0.668 0.745 0.000 0.000 -0.745 0.668 0.000 1.000 0.000 0.000 0.000 0.123 -0.038 0.000 1.000]]
		[0.45 [0.000 0.674 0.738 0.000 0.000 -0.738 0.674 0.000 1.000 0.000 0.000 0.000 0.123 -0.038 0.000 1.000]]
		[0.4625 [0.000 0.675 0.738 0.000 0.000 -0.738 0.675 0.000 1.000 0.000 0.000 0.000 0.123 -0.038 0.000 1.000]]
		[0.475 [0.000 0.670 0.742 0.000 0.000 -0.742 0.670 0.000 1.000 0.000 0.000 0.000 0.123 -0.038 0.000 1.000]]
		[0.4875 [0.000 0.660 0.752 0.000 0.000 -0.752 0.660 0.000 1.000 0.000 0.000 0.000 0.123 -0.038 0.000 1.000]]
		[0.5 [0.000 0.643 0.766 0.000 0.000 -0.766 0.643 0.000 1.000 0.000 0.000 0.000 0.123 -0.038 0.000 1.000]]
		[0.5125 [0.000 0.617 0.787 0.000 0.000 -0.787 0.617 0.000 1.000 0.000 0.000 0.000 0.123 -0.038 0.000 1.000]]
		[0.525 [0.000 0.578 0.816 0.000 0.000 -0.816 0.578 0.000 1.000 0.000 0.000 0.000 0.123 -0.038 0.000 1.000]]
		[0.5375 [0.000 0.529 0.849 0.000 0.000 -0.849 0.529 0.000 1.000 0.000 0.000 0.000 0.123 -0.038 0.000 1.000]]
		[0.55 [0.000 0.468 0.884 0.000 0.000 -0.884 0.468 0.000 1.000 0.000 0.000 0.000 0.123 -0.038 0.000 1.000]]
		[0.5625 [0.000 0.396 0.918 0.000 0.000 -0.918 0.396 0.000 1.000 0.000 0.000 0.000 0.123 -0.038 0.000 1.000]]
		[0.575 [0.000 0.316 0.949 0.000 0.000 -0.949 0.316 0.000 1.000 0.000 0.000 0.000 0.123 -0.038 0.000 1.000]]
		[0.5875 [0.000 0.229 0.973 0.000 0.000 -0.973 0.229 0.000 1.000 0.000 0.000 0.000 0.123 -0.038 0.000 1.000]]
		[0.6 [0.000 0.136 0.991 0.000 0.000 -0.991 0.136 0.000 1.000 0.000 0.000 0.000 0.123 -0.038 0.000 1.000]]
		[0.6125 [0.000 0.041 0.999 0.000 0.000 -0.999 0.041 0.000 1.000 0.000 0.000 0.000 0.123 -0.038 0.000 1.000]]
		[0.625 [0.000 -0.055 0.999 0.000 0.000 -0.999 -0.055 0.000 1.000 0.000 0.000 0.000 0.123 -0.038 0.000 1.000]]
		[0.6375 [0.000 -0.148 0.989 0.000 0.000 -0.989 -0.148 0.000 1.000 0.000 0.000 0.000 0.123 -0.038 0.000 1.000]]
		[0.65 [0.000 -0.236 0.972 0.000 0.000 -0.972 -0.236 0.000 1.000 0.000 0.000 0.000 0.123 -0.038 0.000 1.000]]
		[0.6625 [0.000 -0.317 0.949 0.000 0.000 -0.949 -0.317 0.000 1.000 0.000 0.000 0.000 0.123 -0.038 0.000 1.000]]
		[0.675 [0.000 -0.342 0.940 0.000 0.000 -0.940 -0.342 0.000 1.000 0.000 0.000 0.000 0.123 -0.038 0.000 1.000]]
		[0.6875 [0.000 -0.342 0.940 0.000 0.000 -0.940 -0.342 0.000 1.000 0.000 0.000 0.000 0.123 -0.038 0.000 1.000]]
		[0.7 [0.000 -0.342 0.940 0.000 0.000 -0.940 -0.342 0.000 1.000 0.000 0.000 0.000 0.123 -0.038 0.000 1.000]]
		[0.7125 [0.000 -0.342 0.940 0.000 0.000 -0.940 -0.342 0.000 1.000 0.000 0.000 0.000 0.123 -0.038 0.000 1.000]]
		[0.725 [0.000 -0.342 0.940 0.000 0.000 -0.940 -0.342 0.000 1.000 0.000 0.000 0.000 0.123 -0.038 0.000 1.000]]
		[0.7375 [0.000 -0.342 0.940 0.000 0.000 -0.940 -0.342 0.000 1.000 0.000 0.000 0.000 0.123 -0.038 0.000 1.000]]
		[0.75 [0.000 -0.342 0.940 0.000 0.000 -0.940 -0.342 0.000 1.000 0.000 0.000 0.000 0.123 -0.038 0.000 1.000]]
		[0.7625 [0.000 -0.342 0.940 0.000 0.000 -0.940 -0.342 0.000 1.000 0.000 0.000 0.000 0.123 -0.038 0.000 1.000]]
		[0.775 [0.000 -0.342 0.940 0.000 0.000 -0.940 -0.342 0.000 1.000 0.000 0.000 0.000 0.123 -0.038 0.000 1.000]]
		[0.7875 [0.000 -0.342 0.940 0.000 0.000 -0.940 -0.342 0.000 1.000 0.000 0.000 0.000 0.123 -0.038 0.000 1.000]]
		[0.8 [0.000 -0.342 0.940 0.000 0.000 -0.940 -0.342 0.000 1.000 0.000 0.000 0.000 0.123 -0.038 0.000 1.000]]
		[0.8125 [0.000 -0.342 0.940 0.000 0.000 -0.940 -0.342 0.000 1.000 0.000 0.000 0.000 0.123 -0.038 0.000 1.000]]
		[0.825 [0.000 -0.342 0.940 0.000 0.000 -0.940 -0.342 0.000 1.000 0.000 0.000 0.000 0.123 -0.038 0.000 1.000]]
		[0.8375 [0.000 -0.342 0.940 0.000 0.000 -0.940 -0.342 0.000 1.000 0.000 0.000 0.000 0.123 -0.038 0.000 1.000]]
		[0.85 [0.000 -0.342 0.940 0.000 0.000 -0.940 -0.342 0.000 1.000 0.000 0.000 0.000 0.123 -0.038 0.000 1.000]]
		[0.8625 [0.000 -0.342 0.940 0.000 0.000 -0.940 -0.342 0.000 1.000 0.000 0.000 0.000 0.123 -0.038 0.000 1.000]]
		[0.875 [0.000 -0.342 0.940 0.000 0.000 -0.940 -0.342 0.000 1.000 0.000 0.000 0.000 0.123 -0.038 0.000 1.000]]
		[0.8875 [0.000 -0.342 0.940 0.000 0.000 -0.940 -0.342 0.000 1.000 0.000 0.000 0.000 0.123 -0.038 0.000 1.000]]
		[0.9 [0.000 -0.342 0.940 0.000 0.000 -0.940 -0.342 0.000 1.000 0.000 0.000 0.000 0.123 -0.038 0.000 1.000]]
		[0.9125 [0.000 -0.342 0.940 0.000 0.000 -0.940 -0.342 0.000 1.000 0.000 0.000 0.000 0.123 -0.038 0.000 1.000]]
		[0.925 [0.000 -0.342 0.940 0.000 0.000 -0.940 -0.342 0.000 1.000 0.000 0.000 0.000 0.123 -0.038 0.000 1.000]]
		[0.9375 [0.000 -0.342 0.940 0.000 0.000 -0.940 -0.342 0.000 1.000 0.000 0.000 0.000 0.123 -0.038 0.000 1.000]]
		[0.95 [0.000 -0.342 0.940 0.000 0.000 -0.940 -0.342 0.000 1.000 0.000 0.000 0.000 0.123 -0.038 0.000 1.000]]
		[0.9625 [0.000 -0.342 0.940 0.000 0.000 -0.940 -0.342 0.000 1.000 0.000 0.000 0.000 0.123 -0.038 0.000 1.000]]
		[0.975 [0.000 -0.342 0.940 0.000 0.000 -0.940 -0.342 0.000 1.000 0.000 0.000 0.000 0.123 -0.038 0.000 1.000]]
		[0.9875 [0.000 -0.342 0.940 0.000 0.000 -0.940 -0.342 0.000 1.000 0.000 0.000 0.000 0.123 -0.038 0.000 1.000]]
	]
	"Koleno_L" [
		[0 [0.174 0.985 0.000 0.000 0.985 -0.174 0.000 0.000 0.000 0.000 -1.000 0.000 0.000 0.532 0.000 1.000]]
		[0.0125 [0.238 0.971 0.000 0.000 0.971 -0.238 0.000 0.000 0.000 0.000 -1.000 0.000 0.000 0.532 0.000 1.000]]
		[0.025 [0.318 0.948 0.000 0.000 0.948 -0.318 0.000 0.000 0.000 0.000 -1.000 0.000 0.000 0.532 0.000 1.000]]
		[0.0375 [0.398 0.917 0.000 0.000 0.917 -0.398 0.000 0.000 0.000 0.000 -1.000 0.000 0.000 0.532 0.000 1.000]]
		[0.05 [0.466 0.885 0.000 0.000 0.885 -0.466 0.000 0.000 0.000 0.000 -1.000 0.000 0.000 0.532 0.000 1.000]]
		[0.0625 [0.509 0.861 0.000 0.000 0.861 -0.509 0.000 0.000 0.000 0.000 -1.000 0.000 0.000 0.532 0.000 1.000]]
		[0.075 [0.519 0.855 0.000 0.000 0.855 -0.519 0.000 0.000 0.000 0.000 -1.000 0.000 0.000 0.532 0.000 1.000]]
		[0.0875 [0.482 0.876 0.000 0.000 0.876 -0.482 0.000 0.000 0.000 0.000 -1.000 0.000 0.000 0.532 0.000 1.000]]
		[0.1 [0.390 0.921 0.000 0.000 0.921 -0.390 0.000 0.000 0.000 0.000 -1.000 0.000 0.000 0.532 0.000 1.000]]
		[0.1125 [0.251 0.968 0.000 0.000 0.968 -0.251 0.000 0.000 0.000 0.000 -1.000 0.000 0.000 0.532 0.000 1.000]]
		[0.125 [0.076 0.997 0.000 0.000 0.997 -0.076 0.000 0.000 0.000 0.000 -1.000 0.000 0.000 0.532 0.000 1.000]]
		[0.1375 [-0.114 0.993 0.000 0.000 0.993 0.114 0.000 0.000 0.000 0.000 -1.000 0.000 0.000 0.532 0.000 1.000]]
		[0.15 [-0.298 0.954 0.000 0.000 0.954 0.298 0.000 0.000 0.000 0.000 -1.000 0.000 0.000 0.532 0.000 1.000]]
		[0.1625 [-0.455 0.890 0.000 0.000 0.890 0.455 0.000 0.000 0.000 0.000 -1.000 0.000 0.000 0.532 0.000 1.000]]
		[0.175 [-0.582 0.813 0.000 0.000 0.813 0.582 0.000 0.000 0.000 0.000 -1.000 0.000 0.000 0.532 0.000 1.000]]
		[0.1875 [-0.696 0.718 0.000 0.000 0.718 0.696 0.000 0.000 0.000 0.000 -1.000 0.000 0.000 0.532 0.000 1.000]]
		[0.2 [-0.795 0.607 0.000 0.000 0.607 0.795 0.000 0.000 0.000 0.000 -1.000 0.000 0.000 0.532 0.000 1.000]]
		[0.2125 [-0.873 0.488 0.000 0.000 0.488 0.873 0.000 0.000 0.000 0.000 -1.000 0.000 0.000 0.532 0.000 1.000]]
		[0.225 [-0.929 0.370 0.000 0.000 0.370 0.929 0.000 0.000 0.000 0.000 -1.000 0.000 0.000 0.532 0.000 1.000]]
		[0.2375 [-0.965 0.263 0.000 0.000 0.263 0.965 0.000 0.000 0.000 0.000 -1.000 0.000 0.000 0.532 0.000 1.000]]
		[0.25 [-0.985 0.174 0.000 0.000 0.174 0.985 0.000 0.000 0.000 0.000 -1.000 0.000 0.000 0.532 0.000 1.000]]
		[0.2625 [-0.994 0.107 0.000 0.000 0.107 0.994 0.000 0.000 0.000 0.000 -1.000 0.000 0.000 0.532 0.000 1.000]]
		[0.275 [-0.998 0.060 0.000 0.000 0.060 0.998 0.000 0.000 0.000 0.000 -1.000 0.000 0.000 0.532 0.000 1.000]]
		[0.2875 [-1.000 0.029 0.000 0.000 0.029 1.000 0.000 0.000 0.000 0.000 -1.000 0.000 0.000 0.532 0.000 1.000]]
		[0.3 [-1.000 0.011 0.000 0.000 0.011 1.000 0.000 0.000 0.000 0.000 -1.000 0.000 0.000 0.532 0.000 1.000]]
		[0.3125 [-1.000 0.003 0.000 0.000 0.003 1.000 0.000 0.000 0.000 0.000 -1.000 0.000 0.000 0.532 0.000 1.000]]
		[0.325 [-1.000 0.000 0.000 0.000 0.000 1.000 0.000 0.000 0.000 0.000 -1.000 0.000 0.000 0.532 0.000 1.000]]
		[0.3375 [-1.000 0.000 0.000 0.000 0.000 1.000 0.000 0.000 0.000 0.000 -1.000 0.000 0.000 0.532 0.000 1.000]]
		[0.35 [-1.000 0.001 0.000 0.000 0.001 1.000 0.000 0.000 0.000 0.000 -1.000 0.000 0.000 0.532 0.000 1.000]]
		[0.3625 [-1.000 0.007 0.000 0.000 0.007 1.000 0.000 0.000 0.000 0.000 -1.000 0.000 0.000 0.532 0.000 1.000]]
		[0.375 [-1.000 0.022 0.000 0.000 0.022 1.000 0.000 0.000 0.000 0.000 -1.000 0.000 0.000 0.532 0.000 1.000]]
		[0.3875 [-0.999 0.048 0.000 0.000 0.048 0.999 0.000 0.000 0.000 0.000 -1.000 0.000 0.000 0.532 0.000 1.000]]
		[0.4 [-0.996 0.089 0.000 0.000 0.089 0.996 0.000 0.000 0.000 0.000 -1.000 0.000 0.000 0.532 0.000 1.000]]
		[0.4125 [-0.989 0.149 0.000 0.000 0.149 0.989 0.000 0.000 0.000 0.000 -1.000 0.000 0.000 0.532 0.000 1.000]]
		[0.425 [-0.972 0.233 0.000 0.000 0.233 0.972 0.000 0.000 0.000 0.000 -1.000 0.000 0.000 0.532 0.000 1.000]]
		[0.4375 [-0.939 0.345 0.000 0.000 0.345 0.939 0.000 0.000 0.000 0.000 -1.000 0.000 0.000 0.532 0.000 1.000]]
		[0.45 [-0.882 0.471 0.000 0.000 0.471 0.882 0.000 0.000 0.000 0.000 -1.000 0.000 0.000 0.532 0.000 1.000]]
		[0.4625 [-0.802 0.597 0.000 0.000 0.597 0.802 0.000 0.000 0.000 0.000 -1.000 0.000 0.000 0.532 0.000 1.000]]
		[0.475 [-0.705 0.710 0.000 0.000 0.710 0.705 0.000 0.000 0.000 0.000 -1.000 0.000 0.000 0.532 0.000 1.000]]
		[0.4875 [-0.599 0.801 0.000 0.000 0.801 0.599 0.000 0.000 0.000 0.000 -1.000 0.000 0.000 0.532 0.000 1.000]]
		[0.5 [-0.500 0.866 0.000 0.000 0.866 0.500 0.000 0.000 0.000 0.000 -1.000 0.000 0.000 0.532 0.000 1.000]]
		[0.5125 [-0.404 0.915 0.000 0.000 0.915 0.404 0.000 0.000 0.000 0.000 -1.000 0.000 0.000 0.532 0.000 1.000]]
		[0.525 [-0.303 0.953 0.000 0.000 0.953 0.303 0.000 0.000 0.000 0.000 -1.000 0.000 0.000 0.532 0.000 1.000]]
		[0.5375 [-0.204 0.979 0.000 0.000 0.979 0.204 0.000 0.000 0.000 0.000 -1.000 0.000 0.000 0.532 0.000 1.000]]
		[0.55 [-0.117 0.993 0.000 0.000 0.993 0.117 0.000 0.000 0.000 0.000 -1.000 0.000 0.000 0.532 0.000 1.000]]
		[0.5625 [-0.049 0.999 0.000 0.000 0.999 0.049 0.000 0.000 0.000 0.000 -1.000 0.000 0.000 0.532 0.000 1.000]]
		[0.575 [-0.008 1.000 0.000 0.000 1.000 0.008 0.000 0.000 0.000 0.000 -1.000 0.000 0.000 0.532 0.000 1.000]]
		[0.5875 [-0.003 1.000 0.000 0.000 1.000 0.003 0.000 0.000 0.000 0.000 -1.000 0.000 0.000 0.532 0.000 1.000]]
		[0.6 [-0.038 0.999 0.000 0.000 0.999 0.038 0.000 0.000 0.000 0.000 -1.000 0.000 0.000 0.532 0.000 1.000]]
		[0.6125 [-0.106 0.994 0.000 0.000 0.994 0.106 0.000 0.000 0.000 0.000 -1.000 0.000 0.000 0.532 0.000 1.000]]
		[0.625 [-0.195 0.981 0.000 0.000 0.981 0.195 0.000 0.000 0.000 0.000 -1.000 0.000 0.000 0.532 0.000 1.000]]
		[0.6375 [-0.294 0.956 0.000 0.000 0.956 0.294 0.000 0.000 0.000 0.000 -1.000 0.000 0.000 0.532 0.000 1.000]]
		[0.65 [-0.391 0.920 0.000 0.000 0.920 0.391 0.000 0.000 0.000 0.000 -1.000 0.000 0.000 0.532 0.000 1.000]]
		[0.6625 [-0.475 0.880 0.000 0.000 0.880 0.475 0.000 0.000 0.000 0.000 -1.000 0.000 0.000 0.532 0.000 1.000]]
		[0.675 [-0.500 0.866 0.000 0.000 0.866 0.500 0.000 0.000 0.000 0.000 -1.000 0.000 0.000 0.532 0.000 1.000]]
		[0.6875 [-0.500 0.866 0.000 0.000 0.866 0.500 0.000 0.000 0.000 0.000 -1.000 0.000 0.000 0.532 0.000 1.000]]
		[0.7 [-0.500 0.866 0.000 0.000 0.866 0.500 0.000 0.000 0.000 0.000 -1.000 0.000 0.000 0.532 0.000 1.000]]
		[0.7125 [-0.500 0.866 0.000 0.000 0.866 0.500 0.000 0.000 0.000 0.000 -1.000 0.000 0.000 0.532 0.000 1.000]]
		[0.725 [-0.500 0.866 0.000 0.000 0.866 0.500 0.000 0.000 0.000 0.000 -1.000 0.000 0.000 0.532 0.000 1.000]]
		[0.7375 [-0.500 0.866 0.000 0.000 0.866 0.500 0.000 0.000 0.000 0.000 -1.000 0.000 0.000 0.532 0.000 1.000]]
		[0.75 [-0.500 0.866 0.000 0.000 0.866 0.500 0.000 0.000 0.000 0.000 -1.000 0.000 0.000 0.532 0.000 1.000]]
		[0.7625 [-0.500 0.866 0.000 0.000 0.866 0.500 0.000 0.000 0.000 0.000 -1.000 0.000 0.000 0.532 0.000 1.000]]
		[0.775 [-0.500 0.866 0.000 0.000 0.866 0.500 0.000 0.000 0.000 0.000 -1.000 0.000 0.000 0.532 0.000 1.000]]
		[0.7875 [-0.500 0.866 0.000 0.000 0.866 0.500 0.000 0.000 0.000 0.000 -1.000 0.000 0.000 0.532 0.000 1.000]]
		[0.8 [-0.500 0.866 0.000 0.000 0.866 0.500 0.000 0.000 0.000 0.000 -1.000 0.000 0.000 0.532 0.000 1.000]]
		[0.8125 [-0.500 0.866 0.000 0.000 0.866 0.500 0.000 0.000 0.000 0.000 -1.000 0.000 0.000 0.532 0.000 1.000]]
		[0.825 [-0.500 0.866 0.000 0.000 0.866 0.500 0.000 0.000 0.000 0.000 -1.000 0.000 0.000 0.532 0.000 1.000]]
		[0.8375 [-0.500 0.866 0.000 0.000 0.866 0.500 0.000 0.000 0.000 0.000 -1.000 0.000 0.000 0.532 0.000 1.000]]
		[0.85 [-0.500 0.866 0.000 0.000 0.866 0.500 0.000 0.000 0.000 0.000 -1.000 0.000 0.000 0.532 0.000 1.000]]
		[0.8625 [-0.500 0.866 0.000 0.000 0.866 0.500 0.000 0.000 0.000 0.000 -1.000 0.000 0.000 0.532 0.000 1.000]]
		[0.875 [-0.500 0.866 0.000 0.000 0.866 0.500 0.000 0.000 0.000 0.000 -1.000 0.000 0.000 0.532 0.000 1.000]]
		[0.8875 [-0.500 0.866 0.000 0.000 0.866 0.500 0.000 0.000 0.000 0.000 -1.000 0.000 0.000 0.532 0.000 1.000]]
		[0.9 [-0.500 0.866 0.000 0.000 0.866 0.500 0.000 0.000 0.000 0.000 -1.000 0.000 0.000 0.532 0.000 1.000]]
		[0.9125 [-0.500 0.866 0.000 0.000 0.866 0.500 0.000 0.000 0.000 0.000 -1.000 0.000 0.000 0.532 0.000 1.000]]
		[0.925 [-0.500 0.866 0.000 0.000 0.866 0.500 0.000 0.000 0.000 0.000 -1.000 0.000 0.000 0.532 0.000 1.000]]
		[0.9375 [-0.500 0.866 0.000 0.000 0.866 0.500 0.000 0.000 0.000 0.000 -1.000 0.000 0.000 0.532 0.000 1.000]]
		[0.95 [-0.500 0.866 0.000 0.000 0.866 0.500 0.000 0.000 0.000 0.000 -1.000 0.000 0.000 0.532 0.000 1.000]]
		[0.9625 [-0.500 0.866 0.000 0.000 0.866 0.500 0.000 0.000 0.000 0.000 -1.000 0.000 0.000 0.532 0.000 1.000]]
		[0.975 [-0.500 0.866 0.000 0.000 0.866 0.500 0.000 0.000 0.000 0.000 -1.000 0.000 0.000 0.532 0.000 1.000]]
		[0.9875 [-0.500 0.866 0.000 0.000 0.866 0.500 0.000 0.000 0.000 0.000 -1.000 0.000 0.000 0.532 0.000 1.000]]
	]
	"Koleno_L_end" [
		[0 [1.000 0.000 0.000 0.000 0.000 1.000 0.000 0.000 0.000 0.000 1.000 0.000 0.000 0.578 0.000 1.000]]
	]
	"Bedro_P" [
		[0 [0.000 0.342 0.940 0.000 0.000 -0.940 0.342 0.000 1.000 0.000 0.000 0.000 -0.123 -0.038 0.000 1.000]]
		[0.0125 [0.000 0.370 0.929 0.000 0.000 -0.929 0.370 0.000 1.000 0.000 0.000 0.000 -0.123 -0.038 0.000 1.000]]
		[0.025 [0.000 0.403 0.915 0.000 0.000 -0.915 0.403 0.000 1.000 0.000 0.000 0.000 -0.123 -0.038 0.000 1.000]]
		[0.0375 [0.000 0.439 0.898 0.000 0.000 -0.898 0.439 0.000 1.000 0.000 0.000 0.000 -0.123 -0.038 0.000 1.000]]
		[0.05 [0.000 0.477 0.879 0.000 0.000 -0.879 0.477 0.000 1.000 0.000 0.000 0.000 -0.123 -0.038 0.000 1.000]]
		[0.0625 [0.000 0.515 0.857 0.000 0.000 -0.857 0.515 0.000 1.000 0.000 0.000 0.000 -0.123 -0.038 0.000 1.000]]
		[0.075 [0.000 0.551 0.834 0.000 0.000 -0.834 0.551 0.000 1.000 0.000 0.000 0.000 -0.123 -0.038 0.000 1.000]]
		[0.0875 [0.000 0.584 0.812 0.000 0.000 -0.812 0.584 0.000 1.000 0.000 0.000 0.000 -0.123 -0.038 0.000 1.000]]
		[0.1 [0.000 0.612 0.791 0.000 0.000 -0.791 0.612 0.000 1.000 0.000 0.000 0.000 -0.123 -0.038 0.000 1.000]]
		[0.1125 [0.000 0.635 0.772 0.000 0.000 -0.772 0.635 0.000 1.000 0.000 0.000 0.000 -0.123 -0.038 0.000 1.000]]
		[0.125 [0.000 0.651 0.759 0.000 0.000 -0.759 0.651 0.000 1.000 0.000 0.000 0.000 -0.123 -0.038 0.000 1.000]]
		[0.1375 [0.000 0.660 0.752 0.000 0.000 -0.752 0.660 0.000 1.000 0.000 0.000 0.000 -0.123 -0.038 0.000 1.000]]
		[0.15 [0.000 0.659 0.752 0.000 0.000 -0.752 0.659 0.000 1.000 0.000 0.000 0.000 -0.123 -0.038 0.000 1.000]]
		[0.1625 [0.000 0.649 0.761 0.000 0.000 -0.761 0.649 0.000 1.000 0.000 0.000 0.000 -0.123 -0.038 0.000 1.000]]
		[0.175 [0.000 0.626 0.780 0.000 0.000 -0.780 0.626 0.000 1.000 0.000 0.000 0.000 -0.123 -0.038 0.000 1.000]]
		[0.1875 [0.000 0.589 0.808 0.000 0.000 -0.808 0.589 0.000 1.000 0.000 0.000 0.000 -0.123 -0.038 0.000 1.000]]
		[0.2 [0.000 0.537 0.844 0.000 0.000 -0.844 0.537 0.000 1.000 0.000 0.000 0.000 -0.123 -0.038 0.000 1.000]]
		[0.2125 [0.000 0.472 0.881 0.000 0.000 -0.881 0.472 0.000 1.000 0.000 0.000 0.000 -0.123 -0.038 0.000 1.000]]
		[0.225 [0.000 0.396 0.918 0.000 0.000 -0.918 0.396 0.000 1.000 0.000 0.000 0.000 -0.123 -0.038 0.000 1.000]]
		[0.2375 [0.000 0.310 0.951 0.000 0.000 -0.951 0.310 0.000 1.000 0.000 0.000 0.000 -0.123 -0.038 0.000 1.000]]
		[0.25 [0.000 0.216 0.976 0.000 0.000 -0.976 0.216 0.000 1.000 0.000 0.000 0.000 -0.123 -0.038 0.000 1.000]]
		[0.2625 [0.000 0.119 0.993 0.000 0.000 -0.993 0.119 0.000 1.000 0.000 0.000 0.000 -0.123 -0.038 0.000 1.000]]
		[0.275 [0.000 0.021 1.000 0.000 0.000 -1.000 0.021 0.000 1.000 0.000 0.000 0.000 -0.123 -0.038 0.000 1.000]]
		[0.2875 [0.000 -0.073 0.997 0.000 0.000 -0.997 -0.073 0.000 1.000 0.000 0.000 0.000 -0.123 -0.038 0.000 1.000]]
		[0.3 [0.000 -0.161 0.987 0.000 0.000 -0.987 -0.161 0.000 1.000 0.000 0.000 0.000 -0.123 -0.038 0.000 1.000]]
		[0.3125 [0.000 -0.240 0.971 0.000 0.000 -0.971 -0.240 0.000 1.000 0.000 0.000 0.000 -0.123 -0.038 0.000 1.000]]
		[0.325 [0.000 -0.306 0.952 0.000 0.000 -0.952 -0.306 0.000 1.000 0.000 0.000 0.000 -0.123 -0.038 0.000 1.000]]
		[0.3375 [0.000 -0.358 0.934 0.000 0.000 -0.934 -0.358 0.000 1.000 0.000 0.000 0.000 -0.123 -0.038 0.000 1.000]]
		[0.35 [0.000 -0.404 0.915 0.000 0.000 -0.915 -0.404 0.000 1.000 0.000 0.000 0.000 -0.123 -0.038 0.000 1.000]]
		[0.3625 [0.000 -0.444 0.896 0.000 0.000 -0.896 -0.444 0.000 1.000 0.000 0.000 0.000 -0.123 -0.038 0.000 1.000]]
		[0.375 [0.000 -0.481 0.877 0.000 0.000 -0.877 -0.481 0.000 1.000 0.000 0.000 0.000 -0.123 -0.038 0.000 1.000]]
		[0.3875 [0.000 -0.513 0.858 0.000 0.000 -0.858 -0.513 0.000 1.000 0.000 0.000 0.000 -0.123 -0.038 0.000 1.000]]
		[0.4 [0.000 -0.542 0.841 0.000 0.000 -0.841 -0.542 0.000 1.000 0.000 0.000 0.000 -0.123 -0.038 0.000 1.000]]
		[0.4125 [0.000 -0.566 0.824 0.000 0.000 -0.824 -0.566 0.000 1.000 0.000 0.000 0.000 -0.123 -0.038 0.000 1.000]]
		[0.425 [0.000 -0.587 0.810 0.000 0.000 -0.810 -0.587 0.000 1.000 0.000 0.000 0.000 -0.123 -0.038 0.000 1.000]]
		[0.4375 [0.000 -0.604 0.797 0.000 0.000 -0.797 -0.604 0.000 1.000 0.000 0.000 0.000 -0.123 -0.038 0.000 1.000]]
		[0.45 [0.000 -0.618 0.786 0.000 0.000 -0.786 -0.618 0.000 1.000 0.000 0.000 0.000 -0.123 -0.038 0.000 1.000]]
		[0.4625 [0.000 -0.629 0.777 0.000 0.000 -0.777 -0.629 0.000 1.000 0.000 0.000 0.000 -0.123 -0.038 0.000 1.000]]
		[0.475 [0.000 -0.637 0.771 0.000 0.000 -0.771 -0.637 0.000 1.000 0.000 0.000 0.000 -0.123 -0.038 0.000 1.000]]
		[0.4875 [0.000 -0.641 0.767 0.000 0.000 -0.767 -0.641 0.000 1.000 0.000 0.000 0.000 -0.123 -0.038 0.000 1.000]]
		[0.5 [0.000 -0.643 0.766 0.000 0.000 -0.766 -0.643 0.000 1.000 0.000 0.000 0.000 -0.123 -0.038 0.000 1.000]]
		[0.5125 [0.000 -0.642 0.766 0.000 0.000 -0.766 -0.642 0.000 1.000 0.000 0.000 0.000 -0.123 -0.038 0.000 1.000]]
		[0.525 [0.000 -0.639 0.769 0.000 0.000 -0.769 -0.639 0.000 1.000 0.000 0.000 0.000 -0.123 -0.038 0.000 1.000]]
		[0.5375 [0.000 -0.631 0.776 0.000 0.000 -0.776 -0.631 0.000 1.000 0.000 0.000 0.000 -0.123 -0.038 0.000 1.000]]
		[0.55 [0.000 -0.613 0.790 0.000 0.000 -0.790 -0.613 0.000 1.000 0.000 0.000 0.000 -0.123 -0.038 0.000 1.000]]
		[0.5625 [0.000 -0.585 0.811 0.000 0.000 -0.811 -0.585 0.000 1.000 0.000 0.000 0.000 -0.123 -0.038 0.000 1.000]]
		[0.575 [0.000 -0.540 0.841 0.000 0.000 -0.841 -0.540 0.000 1.000 0.000 0.000 0.000 -0.123 -0.038 0.000 1.000]]
		[0.5875 [0.000 -0.476 0.880 0.000 0.000 -0.880 -0.476 0.000 1.000 0.000 0.000 0.000 -0.123 -0.038 0.000 1.000]]
		[0.6 [0.000 -0.384 0.923 0.000 0.000 -0.923 -0.384 0.000 1.000 0.000 0.000 0.000 -0.123 -0.038 0.000 1.000]]
		[0.6125 [0.000 -0.267 0.964 0.000 0.000 -0.964 -0.267 0.000 1.000 0.000 0.000 0.000 -0.123 -0.038 0.000 1.000]]
		[0.625 [0.000 -0.131 0.991 0.000 0.000 -0.991 -0.131 0.000 1.000 0.000 0.000 0.000 -0.123 -0.038 0.000 1.000]]
		[0.6375 [0.000 0.016 1.000 0.000 0.000 -1.000 0.016 0.000 1.000 0.000 0.000 0.000 -0.123 -0.038 0.000 1.000]]
		[0.65 [0.000 0.163 0.987 0.000 0.000 -0.987 0.163 0.000 1.000 0.000 0.000 0.000 -0.123 -0.038 0.000 1.000]]
		[0.6625 [0.000 0.299 0.954 0.000 0.000 -0.954 0.299 0.000 1.000 0.000 0.000 0.000 -0.123 -0.038 0.000 1.000]]
		[0.675 [0.000 0.342 0.940 0.000 0.000 -0.940 0.342 0.000 1.000 0.000 0.000 0.000 -0.123 -0.038 0.000 1.000]]
		[0.6875 [0.000 0.342 0.940 0.000 0.000 -0.940 0.342 0.000 1.000 0.000 0.000 0.000 -0.123 -0.038 0.000 1.000]]
		[0.7 [0.000 0.342 0.940 0.000 0.000 -0.940 0.342 0.000 1.000 0.000 0.000 0.000 -0.123 -0.038 0.000 1.000]]
		[0.7125 [0.000 0.342 0.940 0.000 0.000 -0.940 0.342 0.000 1.000 0.000 0.000 0.000 -0.123 -0.038 0.000 1.000]]
		[0.725 [0.000 0.342 0.940 0.000 0.000 -0.940 0.342 0.000 1.000 0.000 0.000 0.000 -0.123 -0.038 0.000 1.000]]
		[0.7375 [0.000 0.342 0.940 0.000 0.000 -0.940 0.342 0.000 1.000 0.000 0.000 0.000 -0.123 -0.038 0.000 1.000]]
		[0.75 [0.000 0.342 0.940 0.000 0.000 -0.940 0.342 0.000 1.000 0.000 0.000 0.000 -0.123 -0.038 0.000 1.000]]
		[0.7625 [0.000 0.342 0.940 0.000 0.000 -0.940 0.342 0.000 1.000 0.000 0.000 0.000 -0.123 -0.038 0.000 1.000]]
		[0.775 [0.000 0.342 0.940 0.000 0.000 -0.940 0.342 0.000 1.000 0.000 0.000 0.000 -0.123 -0.038 0.000 1.000]]
		[0.7875 [0.000 0.342 0.940 0.000 0.000 -0.940 0.342 0.000 1.000 0.000 0.000 0.000 -0.123 -0.038 0.000 1.000]]
		[0.8 [0.000 0.342 0.940 0.000 0.000 -0.940 0.342 0.000 1.000 0.000 0.000 0.000 -0.123 -0.038 0.000 1.000]]
		[0.8125 [0.000 0.342 0.940 0.000 0.000 -0.940 0.342 0.000 1.000 0.000 0.000 0.000 -0.123 -0.038 0.000 1.000]]
		[0.825 [0.000 0.342 0.940 0.000 0.000 -0.940 0.342 0.000 1.000 0.000 0.000 0.000 -0.123 -0.038 0.000 1.000]]
		[0.8375 [0.000 0.342 0.940 0.000 0.000 -0.940 0.342 0.000 1.000 0.000 0.000 0.000 -0.123 -0.038 0.000 1.000]]
		[0.85 [0.000 0.342 0.940 0.000 0.000 -0.940 0.342 0.000 1.000 0.000 0.000 0.000 -0.123 -0.038 0.000 1.000]]
		[0.8625 [0.000 0.342 0.940 0.000 0.000 -0.940 0.342 0.000 1.000 0.000 0.000 0.000 -0.123 -0.038 0.000 1.000]]
		[0.875 [0.000 0.342 0.940 0.000 0.000 -0.940 0.342 0.000 1.000 0.000 0.000 0.000 -0.123 -0.038 0.000 1.000]]
		[0.8875 [0.000 0.342 0.940 0.000 0.000 -0.940 0.342 0.000 1.000 0.000 0.000 0.000 -0.123 -0.038 0.000 1.000]]
		[0.9 [0.000 0.342 0.940 0.000 0.000 -0.940 0.342 0.000 1.000 0.000 0.000 0.000 -0.123 -0.038 0.000 1.000]]
		[0.9125 [0.000 0.342 0.940 0.000 0.000 -0.940 0.342 0.000 1.000 0.000 0.000 0.000 -0.123 -0.038 0.000 1.000]]
		[0.925 [0.000 0.342 0.940 0.000 0.000 -0.940 0.342 0.000 1.000 0.000 0.000 0.000 -0.123 -0.038 0.000 1.000]]
		[0.9375 [0.000 0.342 0.940 0.000 0.000 -0.940 0.342 0.000 1.000 0.000 0.000 0.000 -0.123 -0.038 0.000 1.000]]
		[0.95 [0.000 0.342 0.940 0.000 0.000 -0.940 0.342 0.000 1.000 0.000 0.000 0.000 -0.123 -0.038 0.000 1.000]]
		[0.9625 [0.000 0.342 0.940 0.000 0.000 -0.940 0.342 0.000 1.000 0.000 0.000 0.000 -0.123 -0.038 0.000 1.000]]
		[0.975 [0.000 0.342 0.940 0.000 0.000 -0.940 0.342 0.000 1.000 0.000 0.000 0.000 -0.123 -0.038 0.000 1.000]]
		[0.9875 [0.000 0.342 0.940 0.000 0.000 -0.940 0.342 0.000 1.000 0.000 0.000 0.000 -0.123 -0.038 0.000 1.000]]
	]
	"Koleno_P" [
		[0 [-1.000 0.000 0.000 0.000 0.000 1.000 0.000 0.000 0.000 0.000 -1.000 0.000 0.000 0.532 0.000 1.000]]
		[0.0125 [-1.000 0.020 0.000 0.000 0.020 1.000 0.000 0.000 0.000 0.000 -1.000 0.000 0.000 0.532 0.000 1.000]]
		[0.025 [-1.000 0.030 0.000 0.000 0.030 1.000 0.000 0.000 0.000 0.000 -1.000 0.000 0.000 0.532 0.000 1.000]]
		[0.0375 [-0.999 0.040 0.000 0.000 0.040 0.999 0.000 0.000 0.000 0.000 -1.000 0.000 0.000 0.532 0.000 1.000]]
		[0.05 [-0.999 0.054 0.000 0.000 0.054 0.999 0.000 0.000 0.000 0.000 -1.000 0.000 0.000 0.532 0.000 1.000]]
		[0.0625 [-0.997 0.082 0.000 0.000 0.082 0.997 0.000 0.000 0.000 0.000 -1.000 0.000 0.000 0.532 0.000 1.000]]
		[0.075 [-0.992 0.128 0.000 0.000 0.128 0.992 0.000 0.000 0.000 0.000 -1.000 0.000 0.000 0.532 0.000 1.000]]
		[0.0875 [-0.979 0.202 0.000 0.000 0.202 0.979 0.000 0.000 0.000 0.000 -1.000 0.000 0.000 0.532 0.000 1.000]]
		[0.1 [-0.952 0.305 0.000 0.000 0.305 0.952 0.000 0.000 0.000 0.000 -1.000 0.000 0.000 0.532 0.000 1.000]]
		[0.1125 [-0.904 0.428 0.000 0.000 0.428 0.904 0.000 0.000 0.000 0.000 -1.000 0.000 0.000 0.532 0.000 1.000]]
		[0.125 [-0.831 0.556 0.000 0.000 0.556 0.831 0.000 0.000 0.000 0.000 -1.000 0.000 0.000 0.532 0.000 1.000]]
		[0.1375 [-0.739 0.674 0.000 0.000 0.674 0.739 0.000 0.000 0.000 0.000 -1.000 0.000 0.000 0.532 0.000 1.000]]
		[0.15 [-0.634 0.773 0.000 0.000 0.773 0.634 0.000 0.000 0.000 0.000 -1.000 0.000 0.000 0.532 0.000 1.000]]
		[0.1625 [-0.532 0.847 0.000 0.000 0.847 0.532 0.000 0.000 0.000 0.000 -1.000 0.000 0.000 0.532 0.000 1.000]]
		[0.175 [-0.440 0.898 0.000 0.000 0.898 0.440 0.000 0.000 0.000 0.000 -1.000 0.000 0.000 0.532 0.000 1.000]]
		[0.1875 [-0.352 0.936 0.000 0.000 0.936 0.352 0.000 0.000 0.000 0.000 -1.000 0.000 0.000 0.532 0.000 1.000]]
		[0.2 [-0.269 0.963 0.000 0.000 0.963 0.269 0.000 0.000 0.000 0.000 -1.000 0.000 0.000 0.532 0.000 1.000]]
		[0.2125 [-0.191 0.982 0.000 0.000 0.982 0.191 0.000 0.000 0.000 0.000 -1.000 0.000 0.000 0.532 0.000 1.000]]
		[0.225 [-0.120 0.993 0.000 0.000 0.993 0.120 0.000 0.000 0.000 0.000 -1.000 0.000 0.000 0.532 0.000 1.000]]
		[0.2375 [-0.056 0.998 0.000 0.000 0.998 0.056 0.000 0.000 0.000 0.000 -1.000 0.000 0.000 0.532 0.000 1.000]]
		[0.25 [0.000 1.000 0.000 0.000 1.000 0.000 0.000 0.000 0.000 0.000 -1.000 0.000 0.000 0.532 0.000 1.000]]
		[0.2625 [0.043 0.999 0.000 0.000 0.999 -0.043 0.000 0.000 0.000 0.000 -1.000 0.000 0.000 0.532 0.000 1.000]]
		[0.275 [0.072 0.997 0.000 0.000 0.997 -0.072 0.000 0.000 0.000 0.000 -1.000 0.000 0.000 0.532 0.000 1.000]]
		[0.2875 [0.092 0.996 0.000 0.000 0.996 -0.092 0.000 0.000 0.000 0.000 -1.000 0.000 0.000 0.532 0.000 1.000]]
		[0.3 [0.109 0.994 0.000 0.000 0.994 -0.109 0.000 0.000 0.000 0.000 -1.000 0.000 0.000 0.532 0.000 1.000]]
		[0.3125 [0.126 0.992 0.000 0.000 0.992 -0.126 0.000 0.000 0.000 0.000 -1.000 0.000 0.000 0.532 0.000 1.000]]
		[0.325 [0.151 0.989 0.000 0.000 0.989 -0.151 0.000 0.000 0.000 0.000 -1.000 0.000 0.000 0.532 0.000 1.000]]
		[0.3375 [0.189 0.982 0.000 0.000 0.982 -0.189 0.000 0.000 0.000 0.000 -1.000 0.000 0.000 0.532 0.000 1.000]]
		[0.35 [0.253 0.968 0.000 0.000 0.968 -0.253 0.000 0.000 0.000 0.000 -1.000 0.000 0.000 0.532 0.000 1.000]]
		[0.3625 [0.333 0.943 0.000 0.000 0.943 -0.333 0.000 0.000 0.000 0.000 -1.000 0.000 0.000 0.532 0.000 1.000]]
		[0.375 [0.413 0.911 0.000 0.000 0.911 -0.413 0.000 0.000 0.000 0.000 -1.000 0.000 0.000 0.532 0.000 1.000]]
		[0.3875 [0.477 0.879 0.000 0.000 0.879 -0.477 0.000 0.000 0.000 0.000 -1.000 0.000 0.000 0.532 0.000 1.000]]
		[0.4 [0.514 0.858 0.000 0.000 0.858 -0.514 0.000 0.000 0.000 0.000 -1.000 0.000 0.000 0.532 0.000 1.000]]
		[0.4125 [0.512 0.859 0.000 0.000 0.859 -0.512 0.000 0.000 0.000 0.000 -1.000 0.000 0.000 0.532 0.000 1.000]]
		[0.425 [0.457 0.889 0.000 0.000 0.889 -0.457 0.000 0.000 0.000 0.000 -1.000 0.000 0.000 0.532 0.000 1.000]]
		[0.4375 [0.348 0.937 0.000 0.000 0.937 -0.348 0.000 0.000 0.000 0.000 -1.000 0.000 0.000 0.532 0.000 1.000]]
		[0.45 [0.196 0.981 0.000 0.000 0.981 -0.196 0.000 0.000 0.000 0.000 -1.000 0.000 0.000 0.532 0.000 1.000]]
		[0.4625 [0.014 1.000 0.000 0.000 1.000 -0.014 0.000 0.000 0.000 0.000 -1.000 0.000 0.000 0.532 0.000 1.000]]
		[0.475 [-0.177 0.984 0.000 0.000 0.984 0.177 0.000 0.000 0.000 0.000 -1.000 0.000 0.000 0.532 0.000 1.000]]
