{ :name "Armature|walk_crowd" :length 1.666667 :bones { 
	"Skelet" [
		[ 0 [ 0 1 2 3 ] ]
		[ 0.04166667 [ 4 1 5 3 ] ]
		[ 0.08333334 [ 6 1 7 3 ] ]
		[ 0.125 [ 8 1 9 3 ] ]
		[ 0.1666667 [ 10 1 11 3 ] ]
		[ 0.2083333 [ 12 1 13 3 ] ]
		[ 0.25 [ 14 1 15 3 ] ]
		[ 0.2916667 [ 16 1 17 3 ] ]
		[ 0.3333333 [ 18 1 19 3 ] ]
		[ 0.375 [ 20 1 21 3 ] ]
		[ 0.4166667 [ 22 1 23 3 ] ]
		[ 0.4583333 [ 22 1 23 3 ] ]
		[ 0.5 [ 20 1 21 3 ] ]
		[ 0.5416667 [ 24 1 25 3 ] ]
		[ 0.5833334 [ 26 1 27 3 ] ]
		[ 0.625 [ 28 1 29 3 ] ]
		[ 0.6666667 [ 30 1 31 3 ] ]
		[ 0.7083334 [ 32 1 33 3 ] ]
		[ 0.7500001 [ 34 1 35 3 ] ]
		[ 0.7916667 [ 36 1 37 3 ] ]
		[ 0.8333334 [ 38 1 39 3 ] ]
		[ 0.8750001 [ 40 1 41 3 ] ]
		[ 0.9166667 [ 42 1 43 3 ] ]
		[ 0.9583334 [ 44 1 45 3 ] ]
		[ 1 [ 46 1 47 3 ] ]
		[ 1.041667 [ 48 1 49 3 ] ]
		[ 1.083333 [ 50 1 51 3 ] ]
		[ 1.125 [ 52 1 53 3 ] ]
		[ 1.166667 [ 54 1 55 3 ] ]
		[ 1.208333 [ 56 1 57 3 ] ]
		[ 1.25 [ 54 1 55 3 ] ]
		[ 1.291667 [ 58 1 59 3 ] ]
		[ 1.333333 [ 60 1 61 3 ] ]
		[ 1.375 [ 62 1 63 3 ] ]
		[ 1.416667 [ 64 1 65 3 ] ]
		[ 1.458333 [ 66 1 67 3 ] ]
		[ 1.5 [ 68 1 69 3 ] ]
		[ 1.541667 [ 70 1 71 3 ] ]
		[ 1.583333 [ 40 1 41 3 ] ]
		[ 1.625 [ 72 1 73 3 ] ]
	]
	"Bedro_L" [
		[ 0 [ 74 75 76 77 ] ]
		[ 0.04166667 [ 78 79 80 77 ] ]
		[ 0.08333334 [ 81 82 83 77 ] ]
		[ 0.125 [ 84 85 86 77 ] ]
		[ 0.1666667 [ 87 88 89 77 ] ]
		[ 0.2083333 [ 90 91 92 77 ] ]
		[ 0.25 [ 93 94 95 77 ] ]
		[ 0.2916667 [ 96 97 98 77 ] ]
		[ 0.3333333 [ 99 100 101 77 ] ]
		[ 0.375 [ 102 103 104 77 ] ]
		[ 0.4166667 [ 105 106 104 77 ] ]
		[ 0.4583333 [ 107 108 101 77 ] ]
		[ 0.5 [ 109 97 95 77 ] ]
		[ 0.5416667 [ 110 111 92 77 ] ]
		[ 0.5833334 [ 112 113 114 77 ] ]
		[ 0.625 [ 115 116 80 77 ] ]
		[ 0.6666667 [ 117 118 119 77 ] ]
		[ 0.7083334 [ 120 121 122 77 ] ]
		[ 0.7500001 [ 123 124 125 77 ] ]
		[ 0.7916667 [ 126 127 128 77 ] ]
		[ 0.8333334 [ 129 130 131 77 ] ]
		[ 0.8750001 [ 132 133 134 77 ] ]
		[ 0.9166667 [ 135 136 137 77 ] ]
		[ 0.9583334 [ 138 139 140 77 ] ]
		[ 1 [ 141 142 143 77 ] ]
		[ 1.041667 [ 144 145 146 77 ] ]
		[ 1.083333 [ 147 148 149 77 ] ]
		[ 1.125 [ 150 151 152 77 ] ]
		[ 1.166667 [ 153 154 155 77 ] ]
		[ 1.208333 [ 156 157 158 77 ] ]
		[ 1.25 [ 159 160 158 77 ] ]
		[ 1.291667 [ 161 162 163 77 ] ]
		[ 1.333333 [ 164 165 166 77 ] ]
		[ 1.375 [ 167 168 169 77 ] ]
		[ 1.416667 [ 170 171 172 77 ] ]
		[ 1.458333 [ 173 174 134 77 ] ]
		[ 1.5 [ 175 176 177 77 ] ]
		[ 1.541667 [ 178 179 180 77 ] ]
		[ 1.583333 [ 181 182 183 77 ] ]
		[ 1.625 [ 184 185 186 77 ] ]
	]
	"Koleno_L" [
		[ 0 [ 187 188 189 190 ] ]
		[ 0.04166667 [ 191 188 192 190 ] ]
		[ 0.08333334 [ 193 188 192 190 ] ]
		[ 0.125 [ 194 188 195 190 ] ]
		[ 0.1666667 [ 194 188 196 190 ] ]
		[ 0.2083333 [ 197 188 198 190 ] ]
		[ 0.25 [ 199 188 200 190 ] ]
		[ 0.2916667 [ 201 188 202 190 ] ]
		[ 0.3333333 [ 203 188 204 190 ] ]
		[ 0.375 [ 203 188 205 190 ] ]
		[ 0.4166667 [ 206 207 208 190 ] ]
		[ 0.4583333 [ 209 210 211 190 ] ]
		[ 0.5 [ 212 213 214 190 ] ]
		[ 0.5416667 [ 215 216 217 190 ] ]
		[ 0.5833334 [ 218 219 220 190 ] ]
		[ 0.625 [ 221 222 223 190 ] ]
		[ 0.6666667 [ 224 225 226 190 ] ]
		[ 0.7083334 [ 227 228 229 190 ] ]
		[ 0.7500001 [ 230 231 232 190 ] ]
		[ 0.7916667 [ 233 234 235 190 ] ]
		[ 0.8333334 [ 236 237 238 190 ] ]
		[ 0.8750001 [ 239 240 241 190 ] ]
		[ 0.9166667 [ 242 243 244 190 ] ]
		[ 0.9583334 [ 245 246 247 190 ] ]
		[ 1 [ 248 249 250 190 ] ]
		[ 1.041667 [ 251 252 253 190 ] ]
		[ 1.083333 [ 254 255 256 190 ] ]
		[ 1.125 [ 257 258 259 190 ] ]
		[ 1.166667 [ 260 261 262 190 ] ]
		[ 1.208333 [ 263 264 265 190 ] ]
		[ 1.25 [ 266 267 268 190 ] ]
		[ 1.291667 [ 269 270 271 190 ] ]
		[ 1.333333 [ 272 273 274 190 ] ]
		[ 1.375 [ 275 276 277 190 ] ]
		[ 1.416667 [ 278 279 195 190 ] ]
		[ 1.458333 [ 280 281 192 190 ] ]
		[ 1.5 [ 282 283 192 190 ] ]
		[ 1.541667 [ 284 285 192 190 ] ]
		[ 1.583333 [ 286 287 192 190 ] ]
		[ 1.625 [ 191 188 189 190 ] ]
	]
	"Koleno_L_end" [
		[ 0 [ 0 288 1 289 ] ]
	]
	"Bedro_P" [
		[ 0 [ 290 291 292 293 ] ]
		[ 0.04166667 [ 294 295 296 293 ] ]
		[ 0.08333334 [ 297 298 299 293 ] ]
		[ 0.125 [ 300 301 302 293 ] ]
		[ 0.1666667 [ 303 304 305 293 ] ]
		[ 0.2083333 [ 306 307 308 293 ] ]
		[ 0.25 [ 309 310 311 293 ] ]
		[ 0.2916667 [ 312 313 314 293 ] ]
		[ 0.3333333 [ 315 316 317 293 ] ]
		[ 0.375 [ 318 319 320 293 ] ]
		[ 0.4166667 [ 321 322 323 293 ] ]
		[ 0.4583333 [ 324 325 326 293 ] ]
		[ 0.5 [ 327 328 329 293 ] ]
		[ 0.5416667 [ 330 331 332 293 ] ]
		[ 0.5833334 [ 333 334 335 293 ] ]
		[ 0.625 [ 336 337 338 293 ] ]
		[ 0.6666667 [ 339 340 341 293 ] ]
		[ 0.7083334 [ 342 343 344 293 ] ]
		[ 0.7500001 [ 173 345 346 293 ] ]
		[ 0.7916667 [ 347 348 349 293 ] ]
		[ 0.8333334 [ 350 351 352 293 ] ]
		[ 0.8750001 [ 353 354 355 293 ] ]
		[ 0.9166667 [ 356 357 358 293 ] ]
		[ 0.9583334 [ 359 360 361 293 ] ]
		[ 1 [ 362 363 364 293 ] ]
		[ 1.041667 [ 365 366 367 293 ] ]
		[ 1.083333 [ 368 369 370 293 ] ]
		[ 1.125 [ 371 372 373 293 ] ]
		[ 1.166667 [ 374 375 376 293 ] ]
		[ 1.208333 [ 377 378 379 293 ] ]
		[ 1.25 [ 380 381 382 293 ] ]
		[ 1.291667 [ 383 384 385 293 ] ]
		[ 1.333333 [ 386 387 388 293 ] ]
		[ 1.375 [ 389 390 391 293 ] ]
		[ 1.416667 [ 392 393 394 293 ] ]
		[ 1.458333 [ 395 396 397 293 ] ]
		[ 1.5 [ 398 399 400 293 ] ]
		[ 1.541667 [ 401 402 403 293 ] ]
		[ 1.583333 [ 404 405 352 293 ] ]
		[ 1.625 [ 406 407 408 293 ] ]
	]
	"Koleno_P" [
		[ 0 [ 409 410 411 190 ] ]
		[ 0.04166667 [ 412 413 414 190 ] ]
		[ 0.08333334 [ 415 416 417 190 ] ]
		[ 0.125 [ 418 419 420 190 ] ]
		[ 0.1666667 [ 421 422 423 190 ] ]
		[ 0.2083333 [ 424 425 426 190 ] ]
		[ 0.25 [ 427 428 429 190 ] ]
		[ 0.2916667 [ 430 431 432 190 ] ]
		[ 0.3333333 [ 433 434 435 190 ] ]
		[ 0.375 [ 436 437 438 190 ] ]
		[ 0.4166667 [ 439 440 441 190 ] ]
		[ 0.4583333 [ 442 443 441 190 ] ]
		[ 0.5 [ 444 445 441 190 ] ]
		[ 0.5416667 [ 446 443 447 190 ] ]
		[ 0.5833334 [ 448 449 447 190 ] ]
		[ 0.625 [ 450 451 452 190 ] ]
		[ 0.6666667 [ 453 440 452 190 ] ]
		[ 0.7083334 [ 454 440 452 190 ] ]
		[ 0.7500001 [ 454 440 455 190 ] ]
		[ 0.7916667 [ 454 440 455 190 ] ]
		[ 0.8333334 [ 456 440 457 190 ] ]
		[ 0.8750001 [ 456 440 457 190 ] ]
		[ 0.9166667 [ 456 440 457 190 ] ]
		[ 0.9583334 [ 458 440 459 190 ] ]
		[ 1 [ 458 440 459 190 ] ]
		[ 1.041667 [ 460 440 459 190 ] ]
		[ 1.083333 [ 460 440 461 190 ] ]
		[ 1.125 [ 460 440 461 190 ] ]
		[ 1.166667 [ 462 440 463 190 ] ]
		[ 1.208333 [ 462 440 463 190 ] ]
		[ 1.25 [ 464 465 463 190 ] ]
		[ 1.291667 [ 466 437 467 190 ] ]
		[ 1.333333 [ 468 469 470 190 ] ]
		[ 1.375 [ 471 431 472 190 ] ]
		[ 1.416667 [ 473 474 475 190 ] ]
		[ 1.458333 [ 476 477 426 190 ] ]
		[ 1.5 [ 478 422 479 190 ] ]
		[ 1.541667 [ 480 419 420 190 ] ]
		[ 1.583333 [ 481 482 417 190 ] ]
		[ 1.625 [ 483 484 485 190 ] ]
	]
	"Koleno_P_end" [
		[ 0 [ 0 288 1 289 ] ]
	]
	"Tors" [
		[ 0 [ 0 288 1 486 ] ]
		[ 0.04166667 [ 487 488 489 486 ] ]
		[ 0.08333334 [ 490 491 492 486 ] ]
		[ 0.125 [ 493 494 495 486 ] ]
		[ 0.1666667 [ 496 497 498 486 ] ]
		[ 0.2083333 [ 499 500 501 486 ] ]
		[ 0.25 [ 502 503 504 486 ] ]
		[ 0.2916667 [ 505 506 507 486 ] ]
		[ 0.3333333 [ 508 509 510 486 ] ]
		[ 0.375 [ 511 512 513 486 ] ]
		[ 0.4166667 [ 514 515 516 486 ] ]
		[ 0.4583333 [ 517 515 518 486 ] ]
		[ 0.5 [ 519 512 520 486 ] ]
		[ 0.5416667 [ 521 522 523 486 ] ]
		[ 0.5833334 [ 524 525 526 486 ] ]
		[ 0.625 [ 527 528 504 486 ] ]
		[ 0.6666667 [ 529 530 531 486 ] ]
		[ 0.7083334 [ 532 533 534 486 ] ]
		[ 0.7500001 [ 535 536 537 486 ] ]
		[ 0.7916667 [ 538 539 540 486 ] ]
		[ 0.8333334 [ 541 288 542 486 ] ]
		[ 0.8750001 [ 543 544 545 486 ] ]
		[ 0.9166667 [ 546 547 548 486 ] ]
		[ 0.9583334 [ 549 550 551 486 ] ]
		[ 1 [ 552 553 554 486 ] ]
		[ 1.041667 [ 555 556 557 486 ] ]
		[ 1.083333 [ 558 559 560 486 ] ]
		[ 1.125 [ 561 562 563 486 ] ]
		[ 1.166667 [ 564 565 566 486 ] ]
		[ 1.208333 [ 567 568 569 486 ] ]
		[ 1.25 [ 570 571 572 486 ] ]
		[ 1.291667 [ 573 574 575 486 ] ]
		[ 1.333333 [ 576 577 578 486 ] ]
		[ 1.375 [ 579 580 581 486 ] ]
		[ 1.416667 [ 582 583 584 486 ] ]
		[ 1.458333 [ 585 586 587 486 ] ]
		[ 1.5 [ 588 589 590 486 ] ]
		[ 1.541667 [ 591 592 593 486 ] ]
		[ 1.583333 [ 594 595 596 486 ] ]
		[ 1.625 [ 597 598 599 486 ] ]
	]
	"Golova" [
		[ 0 [ 0 288 1 600 ] ]
		[ 0.04166667 [ 601 598 602 600 ] ]
		[ 0.08333334 [ 603 604 605 600 ] ]
		[ 0.125 [ 606 607 608 600 ] ]
		[ 0.1666667 [ 609 610 611 600 ] ]
		[ 0.2083333 [ 612 613 614 600 ] ]
		[ 0.25 [ 615 616 617 600 ] ]
		[ 0.2916667 [ 618 619 620 600 ] ]
		[ 0.3333333 [ 621 622 623 600 ] ]
		[ 0.375 [ 624 625 626 600 ] ]
		[ 0.4166667 [ 627 628 629 600 ] ]
		[ 0.4583333 [ 630 631 632 600 ] ]
		[ 0.5 [ 633 634 635 600 ] ]
		[ 0.5416667 [ 636 637 638 600 ] ]
		[ 0.5833334 [ 639 640 641 600 ] ]
		[ 0.625 [ 642 643 644 600 ] ]
		[ 0.6666667 [ 645 646 647 600 ] ]
		[ 0.7083334 [ 648 649 650 600 ] ]
		[ 0.7500001 [ 651 652 653 600 ] ]
		[ 0.7916667 [ 654 655 656 600 ] ]
		[ 0.8333334 [ 657 288 658 600 ] ]
		[ 0.8750001 [ 659 660 661 600 ] ]
		[ 0.9166667 [ 662 663 664 600 ] ]
		[ 0.9583334 [ 665 666 667 600 ] ]
		[ 1 [ 668 669 670 600 ] ]
		[ 1.041667 [ 671 672 673 600 ] ]
		[ 1.083333 [ 674 675 676 600 ] ]
		[ 1.125 [ 677 678 679 600 ] ]
		[ 1.166667 [ 680 681 682 600 ] ]
		[ 1.208333 [ 683 684 685 600 ] ]
		[ 1.25 [ 686 687 688 600 ] ]
		[ 1.291667 [ 689 690 691 600 ] ]
		[ 1.333333 [ 692 693 694 600 ] ]
		[ 1.375 [ 695 696 697 600 ] ]
		[ 1.416667 [ 698 699 700 600 ] ]
		[ 1.458333 [ 701 702 703 600 ] ]
		[ 1.5 [ 704 705 706 600 ] ]
		[ 1.541667 [ 707 708 709 600 ] ]
		[ 1.583333 [ 710 711 712 600 ] ]
		[ 1.625 [ 713 714 715 600 ] ]
	]
	"Golova_end" [
		[ 0 [ 0 288 1 716 ] ]
	]
	"Kluchitsa_L" [
		[ 0 [ 1 0 288 717 ] ]
	]
	"Kluchitsa_L_end" [
		[ 0 [ 0 288 1 718 ] ]
	]
	"Kluchitsa_P" [
		[ 0 [ 719 720 288 717 ] ]
	]
	"Kluchitsa_P_end" [
		[ 0 [ 0 288 1 718 ] ]
	]
	"Ruka_L" [
		[ 0 [ 721 722 723 724 ] ]
	]
	"Lokot_L" [
		[ 0 [ 725 726 727 728 ] ]
	]
	"Lokot_L_end" [
		[ 0 [ 0 288 1 729 ] ]
	]
	"Ruka_P" [
		[ 0 [ 730 731 732 733 ] ]
		[ 0.04166667 [ 734 735 736 733 ] ]
		[ 0.08333334 [ 737 738 739 733 ] ]
		[ 0.125 [ 740 741 742 733 ] ]
		[ 0.1666667 [ 743 744 745 733 ] ]
		[ 0.2083333 [ 746 747 748 733 ] ]
		[ 0.25 [ 749 750 751 733 ] ]
		[ 0.2916667 [ 752 753 754 733 ] ]
		[ 0.3333333 [ 755 756 757 733 ] ]
		[ 0.375 [ 758 759 760 733 ] ]
		[ 0.4166667 [ 761 762 763 733 ] ]
		[ 0.4583333 [ 764 765 766 733 ] ]
		[ 0.5 [ 767 768 769 733 ] ]
		[ 0.5416667 [ 770 771 772 733 ] ]
		[ 0.5833334 [ 773 774 775 733 ] ]
		[ 0.625 [ 776 777 778 733 ] ]
		[ 0.6666667 [ 779 780 781 733 ] ]
		[ 0.7083334 [ 782 783 784 733 ] ]
		[ 0.7500001 [ 785 786 787 733 ] ]
		[ 0.7916667 [ 788 789 790 733 ] ]
		[ 0.8333334 [ 791 792 793 733 ] ]
		[ 0.8750001 [ 794 795 796 733 ] ]
		[ 0.9166667 [ 797 798 799 733 ] ]
		[ 0.9583334 [ 800 801 802 733 ] ]
		[ 1 [ 803 804 805 733 ] ]
		[ 1.041667 [ 806 807 808 733 ] ]
		[ 1.083333 [ 809 810 811 733 ] ]
		[ 1.125 [ 812 813 814 733 ] ]
		[ 1.166667 [ 815 816 817 733 ] ]
		[ 1.208333 [ 818 819 820 733 ] ]
		[ 1.25 [ 821 822 823 733 ] ]
		[ 1.291667 [ 824 825 826 733 ] ]
		[ 1.333333 [ 827 828 829 733 ] ]
		[ 1.375 [ 830 831 832 733 ] ]
		[ 1.416667 [ 833 834 835 733 ] ]
		[ 1.458333 [ 836 837 838 733 ] ]
		[ 1.5 [ 839 840 841 733 ] ]
		[ 1.541667 [ 842 843 844 733 ] ]
		[ 1.583333 [ 845 846 847 733 ] ]
		[ 1.625 [ 848 849 850 733 ] ]
	]
	"Lokot_P" [
		[ 0 [ 851 852 853 728 ] ]
		[ 0.04166667 [ 851 852 853 728 ] ]
		[ 0.08333334 [ 851 852 853 728 ] ]
		[ 0.125 [ 851 852 853 728 ] ]
		[ 0.1666667 [ 851 852 853 728 ] ]
		[ 0.2083333 [ 851 852 853 728 ] ]
		[ 0.25 [ 851 852 853 728 ] ]
		[ 0.2916667 [ 851 852 853 728 ] ]
		[ 0.3333333 [ 851 852 853 728 ] ]
		[ 0.375 [ 851 852 853 728 ] ]
		[ 0.4166667 [ 851 852 853 728 ] ]
		[ 0.4583333 [ 851 852 853 728 ] ]
		[ 0.5 [ 851 852 853 728 ] ]
		[ 0.5416667 [ 851 852 853 728 ] ]
		[ 0.5833334 [ 851 852 853 728 ] ]
		[ 0.625 [ 851 852 853 728 ] ]
		[ 0.6666667 [ 851 852 853 728 ] ]
		[ 0.7083334 [ 851 852 853 728 ] ]
		[ 0.7500001 [ 851 852 853 728 ] ]
		[ 0.7916667 [ 851 852 853 728 ] ]
		[ 0.8333334 [ 854 855 856 728 ] ]
		[ 0.8750001 [ 857 858 859 728 ] ]
		[ 0.9166667 [ 860 861 862 728 ] ]
		[ 0.9583334 [ 863 864 865 728 ] ]
		[ 1 [ 866 867 868 728 ] ]
		[ 1.041667 [ 869 870 871 728 ] ]
		[ 1.083333 [ 872 873 874 728 ] ]
		[ 1.125 [ 875 876 877 728 ] ]
		[ 1.166667 [ 878 879 880 728 ] ]
		[ 1.208333 [ 881 882 883 728 ] ]
		[ 1.25 [ 884 885 886 728 ] ]
		[ 1.291667 [ 887 888 889 728 ] ]
		[ 1.333333 [ 890 891 892 728 ] ]
		[ 1.375 [ 893 876 894 728 ] ]
		[ 1.416667 [ 895 896 897 728 ] ]
		[ 1.458333 [ 898 899 900 728 ] ]
		[ 1.5 [ 866 901 868 728 ] ]
		[ 1.541667 [ 863 864 865 728 ] ]
		[ 1.583333 [ 860 861 862 728 ] ]
		[ 1.625 [ 902 903 904 728 ] ]
	]
	"Lokot_P_end" [
		[ 0 [ 0 288 1 729 ] ]
	]
	"Woin" [
		[ 0 [ 905 906 907 907 ] ]
	]
	"Cube" [
		[ 0 [ 908 909 910 911 ] ]
		[ 0.04166667 [ 912 913 914 915 ] ]
		[ 0.08333334 [ 916 917 918 919 ] ]
		[ 0.125 [ 920 921 922 923 ] ]
		[ 0.1666667 [ 924 925 926 927 ] ]
		[ 0.2083333 [ 928 929 930 931 ] ]
		[ 0.25 [ 932 933 934 935 ] ]
		[ 0.2916667 [ 936 937 938 939 ] ]
		[ 0.3333333 [ 940 941 942 943 ] ]
		[ 0.375 [ 944 945 946 947 ] ]
		[ 0.4166667 [ 948 949 950 951 ] ]
		[ 0.4583333 [ 948 949 950 951 ] ]
		[ 0.5 [ 952 953 954 955 ] ]
		[ 0.5416667 [ 956 957 958 959 ] ]
		[ 0.5833334 [ 960 961 962 963 ] ]
		[ 0.625 [ 964 965 966 967 ] ]
		[ 0.6666667 [ 968 969 970 971 ] ]
		[ 0.7083334 [ 972 973 974 975 ] ]
		[ 0.7500001 [ 976 977 978 979 ] ]
		[ 0.7916667 [ 908 980 981 982 ] ]
		[ 0.8333334 [ 983 984 985 986 ] ]
		[ 0.8750001 [ 987 988 989 990 ] ]
		[ 0.9166667 [ 991 992 993 994 ] ]
		[ 0.9583334 [ 995 996 997 998 ] ]
		[ 1 [ 999 1000 1001 1002 ] ]
		[ 1.041667 [ 1003 1004 1005 1006 ] ]
		[ 1.083333 [ 1007 1008 1009 1010 ] ]
		[ 1.125 [ 1011 1012 1013 1014 ] ]
		[ 1.166667 [ 1015 1016 1017 1018 ] ]
		[ 1.208333 [ 1019 1020 1021 1022 ] ]
		[ 1.25 [ 1023 1024 1025 1026 ] ]
		[ 1.291667 [ 1027 1028 1029 1030 ] ]
		[ 1.333333 [ 1031 1012 1013 1014 ] ]
		[ 1.375 [ 1032 1033 1034 1035 ] ]
		[ 1.416667 [ 1036 1037 1038 1039 ] ]
		[ 1.458333 [ 1040 1041 1042 1043 ] ]
		[ 1.5 [ 1044 1045 1046 1047 ] ]
		[ 1.541667 [ 1048 1049 1050 1051 ] ]
		[ 1.583333 [ 1052 1053 1054 1055 ] ]
		[ 1.625 [ 1056 1057 1058 1059 ] ]
	]
	"Cube.001" [
		[ 0 [ 1060 1061 1062 1063 ] ]
		[ 0.04166667 [ 1064 1065 1066 1067 ] ]
		[ 0.08333334 [ 1068 1069 1066 1070 ] ]
		[ 0.125 [ 1071 1072 1073 1074 ] ]
		[ 0.1666667 [ 1075 1076 1077 1078 ] ]
		[ 0.2083333 [ 1079 1080 1081 1082 ] ]
		[ 0.25 [ 1083 1084 1085 1086 ] ]
		[ 0.2916667 [ 1087 1088 1089 1090 ] ]
		[ 0.3333333 [ 1091 1092 1093 1094 ] ]
		[ 0.375 [ 1095 1096 1097 1098 ] ]
		[ 0.4166667 [ 1099 1100 1097 1101 ] ]
		[ 0.4583333 [ 1102 1103 1097 1101 ] ]
		[ 0.5 [ 1104 1105 1106 1107 ] ]
		[ 0.5416667 [ 1108 1109 1089 1110 ] ]
		[ 0.5833334 [ 1111 1112 1085 1113 ] ]
		[ 0.625 [ 1114 1084 1115 1116 ] ]
		[ 0.6666667 [ 1117 1118 1077 1119 ] ]
		[ 0.7083334 [ 1120 1121 1066 1122 ] ]
		[ 0.7500001 [ 1123 1124 1125 1126 ] ]
		[ 0.7916667 [ 1127 1128 1129 1130 ] ]
		[ 0.8333334 [ 1131 1132 1133 1134 ] ]
		[ 0.8750001 [ 1135 1136 1137 1138 ] ]
		[ 0.9166667 [ 1139 1140 1141 1142 ] ]
		[ 0.9583334 [ 1143 1144 1145 1146 ] ]
		[ 1 [ 1147 1148 1149 1150 ] ]
		[ 1.041667 [ 1151 1152 1153 1154 ] ]
		[ 1.083333 [ 1155 1156 1157 1158 ] ]
		[ 1.125 [ 1159 1160 1161 1162 ] ]
		[ 1.166667 [ 1163 1164 1165 1166 ] ]
		[ 1.208333 [ 1167 1168 1165 1169 ] ]
		[ 1.25 [ 1170 1171 1165 1172 ] ]
		[ 1.291667 [ 1173 1174 1165 1175 ] ]
		[ 1.333333 [ 1159 1176 1161 1162 ] ]
		[ 1.375 [ 1177 1178 1153 1179 ] ]
		[ 1.416667 [ 1180 1181 1182 1183 ] ]
		[ 1.458333 [ 1184 1185 1186 1187 ] ]
		[ 1.5 [ 1188 1189 1190 1191 ] ]
		[ 1.541667 [ 1192 1193 1194 1195 ] ]
		[ 1.583333 [ 1196 1197 1125 1198 ] ]
		[ 1.625 [ 1199 1200 1062 1201 ] ]
	]
	}
	:resources [
		[1.000 0.000 0.000]
		[0.000 0.000 1.000]
		[0.000 -1.000 0.000]
		[-0.013 0.000 -0.063]
		[1.000 -0.006 0.000]
		[-0.006 -1.000 0.000]
		[1.000 -0.017 0.000]
		[-0.017 -1.000 0.000]
		[1.000 -0.031 0.000]
		[-0.031 -1.000 0.000]
		[0.999 -0.047 0.000]
		[-0.047 -0.999 0.000]
		[0.998 -0.065 0.000]
		[-0.065 -0.998 0.000]
		[0.997 -0.082 0.000]
		[-0.082 -0.997 0.000]
		[0.995 -0.098 0.000]
		[-0.098 -0.995 0.000]
		[0.994 -0.111 0.000]
		[-0.111 -0.994 0.000]
		[0.993 -0.121 0.000]
		[-0.121 -0.993 0.000]
		[0.992 -0.126 0.000]
		[-0.126 -0.992 0.000]
		[0.994 -0.112 0.000]
		[-0.112 -0.994 0.000]
		[0.995 -0.102 0.000]
		[-0.102 -0.995 0.000]
		[0.996 -0.089 0.000]
		[-0.089 -0.996 0.000]
		[0.997 -0.074 0.000]
		[-0.074 -0.997 0.000]
		[0.998 -0.058 0.000]
		[-0.058 -0.998 0.000]
		[0.999 -0.041 0.000]
		[-0.041 -0.999 0.000]
		[1.000 -0.023 0.000]
		[-0.023 -1.000 0.000]
		[1.000 -0.005 0.000]
		[-0.005 -1.000 0.000]
		[1.000 0.013 0.000]
		[0.013 -1.000 0.000]
		[1.000 0.030 0.000]
		[0.030 -1.000 0.000]
		[0.999 0.047 0.000]
		[0.047 -0.999 0.000]
		[0.998 0.062 0.000]
		[0.062 -0.998 0.000]
		[0.997 0.075 0.000]
		[0.075 -0.997 0.000]
		[0.996 0.087 0.000]
		[0.087 -0.996 0.000]
		[0.995 0.096 0.000]
		[0.096 -0.995 0.000]
		[0.995 0.102 0.000]
		[0.102 -0.995 0.000]
		[0.995 0.103 0.000]
		[0.103 -0.995 0.000]
		[0.995 0.097 0.000]
		[0.097 -0.995 0.000]
		[0.996 0.089 0.000]
		[0.089 -0.996 0.000]
		[0.997 0.079 0.000]
		[0.079 -0.997 0.000]
		[0.998 0.067 0.000]
		[0.067 -0.998 0.000]
		[0.999 0.053 0.000]
		[0.053 -0.999 0.000]
		[0.999 0.038 0.000]
		[0.038 -0.999 0.000]
		[1.000 0.024 0.000]
		[0.024 -1.000 0.000]
		[1.000 0.005 0.000]
		[0.005 -1.000 0.000]
		[0.018 0.186 0.982]
		[-0.059 -0.981 0.186]
		[0.998 -0.061 -0.007]
		[0.123 -0.038 0.000]
		[0.018 0.196 0.980]
		[-0.059 -0.979 0.197]
		[0.998 -0.062 -0.006]
		[0.018 0.214 0.977]
		[-0.059 -0.975 0.214]
		[0.998 -0.062 -0.005]
		[0.018 0.237 0.971]
		[-0.059 -0.970 0.238]
		[0.998 -0.062 -0.004]
		[0.018 0.264 0.964]
		[-0.059 -0.963 0.264]
		[0.998 -0.062 -0.002]
		[0.018 0.292 0.956]
		[-0.059 -0.955 0.292]
		[0.998 -0.062 0.000]
		[0.018 0.319 0.948]
		[-0.059 -0.946 0.320]
		[0.998 -0.062 0.002]
		[0.018 0.344 0.939]
		[-0.059 -0.937 0.344]
		[0.998 -0.062 0.003]
		[0.019 0.364 0.931]
		[-0.059 -0.929 0.364]
		[0.998 -0.062 0.004]
		[0.019 0.378 0.926]
		[-0.059 -0.924 0.378]
		[0.998 -0.062 0.005]
		[0.019 0.380 0.925]
		[-0.059 -0.923 0.380]
		[0.019 0.368 0.930]
		[-0.059 -0.928 0.369]
		[0.019 0.344 0.939]
		[0.019 0.307 0.952]
		[-0.059 -0.950 0.307]
		[0.019 0.259 0.966]
		[-0.059 -0.964 0.259]
		[0.998 -0.062 -0.003]
		[0.019 0.200 0.980]
		[-0.059 -0.978 0.201]
		[0.018 0.132 0.991]
		[-0.059 -0.989 0.133]
		[0.998 -0.061 -0.010]
		[0.018 0.056 0.998]
		[-0.059 -0.997 0.057]
		[0.998 -0.060 -0.015]
		[0.018 -0.025 1.000]
		[-0.059 -0.998 -0.024]
		[0.998 -0.059 -0.020]
		[0.018 -0.109 0.994]
		[-0.059 -0.992 -0.107]
		[0.998 -0.057 -0.025]
		[0.018 -0.192 0.981]
		[-0.059 -0.980 -0.191]
		[0.998 -0.055 -0.029]
		[0.018 -0.273 0.962]
		[-0.059 -0.960 -0.272]
		[0.998 -0.052 -0.034]
		[0.018 -0.351 0.936]
		[-0.059 -0.935 -0.349]
		[0.998 -0.049 -0.038]
		[0.018 -0.422 0.906]
		[-0.059 -0.905 -0.421]
		[0.998 -0.046 -0.041]
		[0.018 -0.487 0.873]
		[-0.059 -0.873 -0.485]
		[0.998 -0.043 -0.045]
		[0.018 -0.544 0.839]
		[-0.059 -0.838 -0.542]
		[0.998 -0.039 -0.047]
		[0.019 -0.594 0.805]
		[-0.059 -0.804 -0.592]
		[0.998 -0.036 -0.050]
		[0.019 -0.634 0.773]
		[-0.059 -0.773 -0.632]
		[0.998 -0.033 -0.052]
		[0.020 -0.662 0.749]
		[-0.059 -0.749 -0.660]
		[0.998 -0.031 -0.054]
		[0.020 -0.678 0.735]
		[-0.058 -0.734 -0.676]
		[0.998 -0.029 -0.054]
		[0.020 -0.680 0.733]
		[-0.058 -0.733 -0.678]
		[0.020 -0.657 0.754]
		[-0.058 -0.753 -0.655]
		[0.998 -0.031 -0.053]
		[0.019 -0.603 0.798]
		[-0.058 -0.797 -0.601]
		[0.998 -0.035 -0.050]
		[0.018 -0.519 0.854]
		[-0.059 -0.854 -0.517]
		[0.998 -0.041 -0.046]
		[0.018 -0.409 0.912]
		[-0.059 -0.911 -0.407]
		[0.998 -0.047 -0.041]
		[0.018 -0.277 0.961]
		[-0.059 -0.959 -0.276]
		[0.018 -0.139 0.990]
		[-0.059 -0.989 -0.138]
		[0.998 -0.056 -0.026]
		[0.018 -0.012 1.000]
		[-0.059 -0.998 -0.011]
		[0.998 -0.059 -0.019]
		[0.018 0.092 0.996]
		[-0.059 -0.994 0.093]
		[0.998 -0.061 -0.013]
		[0.018 0.161 0.987]
		[-0.059 -0.985 0.161]
		[0.998 -0.061 -0.008]
		[-0.990 0.142 -0.001]
		[0.142 0.990 -0.011]
		[-0.001 -0.011 -1.000]
		[0.000 0.532 0.000]
		[-0.990 0.142 0.000]
		[-0.002 -0.011 -1.000]
		[-0.990 0.142 0.001]
		[-0.990 0.142 0.002]
		[-0.003 -0.011 -1.000]
		[-0.004 -0.011 -1.000]
		[-0.990 0.142 0.003]
		[-0.005 -0.011 -1.000]
		[-0.990 0.142 0.004]
		[-0.006 -0.011 -1.000]
		[-0.990 0.142 0.005]
		[-0.006 -0.010 -1.000]
		[-0.990 0.142 0.006]
		[-0.007 -0.010 -1.000]
		[-0.008 -0.010 -1.000]
		[-0.989 0.147 0.007]
		[0.147 0.989 -0.011]
		[-0.009 -0.010 -1.000]
		[-0.985 0.173 0.008]
		[0.172 0.985 -0.012]
		[-0.010 -0.011 -1.000]
		[-0.973 0.233 0.009]
		[0.232 0.973 -0.014]
		[-0.012 -0.012 -1.000]
		[-0.944 0.329 0.011]
		[0.329 0.944 -0.017]
		[-0.016 -0.013 -1.000]
		[-0.896 0.445 0.016]
		[0.444 0.896 -0.022]
		[-0.024 -0.013 -1.000]
		[-0.827 0.562 0.021]
		[0.561 0.827 -0.029]
		[-0.033 -0.012 -0.999]
		[-0.744 0.667 0.025]
		[0.666 0.745 -0.035]
		[-0.042 -0.010 -0.999]
		[-0.657 0.753 0.027]
		[0.752 0.658 -0.042]
		[-0.050 -0.007 -0.999]
		[-0.578 0.816 0.028]
		[0.814 0.578 -0.048]
		[-0.055 -0.005 -0.998]
		[-0.520 0.854 0.027]
		[0.852 0.520 -0.052]
		[-0.059 -0.004 -0.998]
		[-0.496 0.868 0.026]
		[0.866 0.497 -0.054]
		[-0.060 -0.004 -0.998]
		[-0.512 0.859 0.025]
		[0.857 0.513 -0.053]
		[-0.058 -0.005 -0.998]
		[-0.558 0.829 0.024]
		[0.828 0.559 -0.049]
		[-0.054 -0.007 -0.998]
		[-0.624 0.781 0.023]
		[0.780 0.624 -0.044]
		[-0.049 -0.010 -0.999]
		[-0.699 0.714 0.022]
		[0.713 0.700 -0.039]
		[-0.043 -0.011 -0.999]
		[-0.774 0.633 0.021]
		[0.632 0.774 -0.033]
		[-0.037 -0.012 -0.999]
		[-0.840 0.542 0.019]
		[0.542 0.840 -0.027]
		[-0.031 -0.013 -0.999]
		[-0.893 0.450 0.016]
		[0.449 0.893 -0.023]
		[-0.025 -0.013 -1.000]
		[-0.931 0.364 0.013]
		[0.363 0.931 -0.019]
		[-0.019 -0.013 -1.000]
		[-0.957 0.292 0.009]
		[0.291 0.956 -0.016]
		[-0.013 -0.013 -1.000]
		[-0.970 0.242 0.006]
		[0.242 0.970 -0.014]
		[-0.009 -0.012 -1.000]
		[-0.978 0.210 0.004]
		[0.210 0.978 -0.013]
		[-0.006 -0.012 -1.000]
		[-0.983 0.186 0.002]
		[0.186 0.982 -0.013]
		[-0.004 -0.012 -1.000]
		[-0.986 0.169 0.001]
		[0.169 0.986 -0.012]
		[-0.003 -0.012 -1.000]
		[-0.988 0.157 0.001]
		[0.157 0.987 -0.012]
		[-0.989 0.150 0.001]
		[0.150 0.989 -0.011]
		[-0.989 0.146 0.001]
		[0.146 0.989 -0.011]
		[-0.990 0.144 0.000]
		[0.144 0.989 -0.011]
		[-0.990 0.143 0.000]
		[0.143 0.990 -0.011]
		[0.000 1.000 0.000]
		[0.000 0.578 0.000]
		[0.031 -0.328 0.944]
		[0.056 -0.942 -0.330]
		[0.998 0.063 -0.011]
		[-0.123 -0.038 0.000]
		[0.029 -0.340 0.940]
		[0.052 -0.939 -0.341]
		[0.998 0.059 -0.009]
		[0.025 -0.360 0.932]
		[0.045 -0.931 -0.361]
		[0.999 0.051 -0.007]
		[0.021 -0.387 0.922]
		[0.037 -0.921 -0.387]
		[0.999 0.042 -0.005]
		[0.015 -0.417 0.909]
		[0.027 -0.908 -0.417]
		[1.000 0.031 -0.002]
		[0.008 -0.449 0.893]
		[0.016 -0.893 -0.449]
		[1.000 0.018 0.000]
		[0.001 -0.480 0.877]
		[0.006 -0.877 -0.480]
		[1.000 0.006 0.002]
		[-0.006 -0.509 0.861]
		[-0.003 -0.861 -0.509]
		[1.000 -0.005 0.004]
		[-0.011 -0.531 0.847]
		[-0.010 -0.847 -0.532]
		[1.000 -0.014 0.005]
		[-0.015 -0.544 0.839]
		[-0.013 -0.839 -0.544]
		[1.000 -0.019 0.005]
		[-0.016 -0.548 0.836]
		[-0.014 -0.836 -0.549]
		[1.000 -0.020 0.006]
		[-0.016 -0.544 0.839]
		[-0.012 -0.839 -0.544]
		[1.000 -0.019 0.007]
		[-0.014 -0.531 0.847]
		[-0.007 -0.847 -0.532]
		[1.000 -0.014 0.008]
		[-0.010 -0.510 0.860]
		[-0.001 -0.860 -0.510]
		[1.000 -0.006 0.008]
		[-0.006 -0.480 0.877]
		[0.007 -0.877 -0.480]
		[1.000 0.003 0.008]
		[0.000 -0.442 0.897]
		[0.017 -0.897 -0.442]
		[1.000 0.015 0.008]
		[0.005 -0.394 0.919]
		[0.027 -0.919 -0.394]
		[1.000 0.027 0.006]
		[0.012 -0.339 0.941]
		[0.035 -0.940 -0.339]
		[0.999 0.037 0.001]
		[0.043 -0.960 -0.278]
		[0.999 0.046 -0.005]
		[0.025 -0.210 0.977]
		[0.048 -0.976 -0.211]
		[0.999 0.052 -0.014]
		[0.032 -0.139 0.990]
		[0.051 -0.989 -0.140]
		[0.998 0.055 -0.024]
		[0.040 -0.065 0.997]
		[0.052 -0.996 -0.067]
		[0.998 0.054 -0.036]
		[0.048 0.011 0.999]
		[0.049 -0.999 0.008]
		[0.998 0.049 -0.049]
		[0.058 0.085 0.995]
		[0.043 -0.996 0.083]
		[0.997 0.038 -0.062]
		[0.069 0.157 0.985]
		[0.036 -0.987 0.155]
		[0.997 0.024 -0.074]
		[0.081 0.225 0.971]
		[0.027 -0.974 0.223]
		[0.996 0.008 -0.085]
		[0.092 0.284 0.954]
		[0.019 -0.959 0.283]
		[0.996 -0.008 -0.093]
		[0.102 0.333 0.938]
		[0.012 -0.943 0.333]
		[0.995 -0.023 -0.100]
		[0.110 0.369 0.923]
		[0.006 -0.929 0.370]
		[0.994 -0.035 -0.105]
		[0.116 0.390 0.914]
		[0.002 -0.920 0.392]
		[0.993 -0.044 -0.107]
		[0.117 0.394 0.912]
		[0.000 -0.918 0.396]
		[0.993 -0.046 -0.108]
		[0.114 0.371 0.921]
		[0.001 -0.928 0.374]
		[0.993 -0.042 -0.106]
		[0.106 0.318 0.942]
		[0.002 -0.947 0.320]
		[0.994 -0.032 -0.102]
		[0.095 0.240 0.966]
		[0.006 -0.971 0.241]
		[0.995 -0.017 -0.094]
		[0.082 0.144 0.986]
		[0.012 -0.990 0.143]
		[0.997 0.000 -0.083]
		[0.069 0.036 0.997]
		[0.020 -0.999 0.035]
		[0.997 0.017 -0.070]
		[0.056 -0.073 0.996]
		[0.029 -0.997 -0.075]
		[0.998 0.033 -0.054]
		[0.045 -0.174 0.984]
		[0.039 -0.984 -0.176]
		[0.998 0.046 -0.038]
		[0.037 -0.256 0.966]
		[0.047 -0.965 -0.257]
		[0.032 -0.309 0.950]
		[0.053 -0.949 -0.310]
		[0.998 0.061 -0.014]
		[-0.786 0.618 0.019]
		[0.618 0.786 0.004]
		[-0.012 0.015 -1.000]
		[-0.803 0.596 0.022]
		[0.596 0.803 0.004]
		[-0.015 0.016 -1.000]
		[-0.830 0.557 0.025]
		[0.558 0.830 0.004]
		[-0.018 0.017 -1.000]
		[-0.867 0.497 0.028]
		[0.497 0.868 0.004]
		[-0.023 0.017 -1.000]
		[-0.909 0.415 0.034]
		[0.415 0.910 0.004]
		[-0.029 0.017 -0.999]
		[-0.947 0.320 0.040]
		[0.320 0.947 0.004]
		[-0.036 0.017 -0.999]
		[-0.974 0.221 0.046]
		[0.222 0.975 0.006]
		[-0.044 0.016 -0.999]
		[-0.990 0.130 0.052]
		[0.131 0.991 0.008]
		[-0.050 0.015 -0.999]
		[-0.997 0.058 0.055]
		[0.058 0.998 0.010]
		[-0.055 0.013 -0.998]
		[-0.998 0.008 0.056]
		[0.009 1.000 0.011]
		[-0.056 0.012 -0.998]
		[-0.998 -0.015 0.056]
		[-0.014 1.000 0.012]
		[-0.056 0.011 -0.998]
		[-0.998 -0.021 0.056]
		[-0.021 1.000 0.012]
		[-0.998 -0.023 0.055]
		[-0.023 1.000 0.012]
		[-0.998 -0.022 0.055]
		[-0.055 0.011 -0.998]
		[-0.998 -0.019 0.055]
		[-0.018 1.000 0.012]
		[-0.998 -0.016 0.054]
		[-0.016 1.000 0.012]
		[-0.054 0.011 -0.998]
		[-0.998 -0.015 0.054]
		[-0.998 -0.015 0.053]
		[-0.053 0.011 -0.999]
		[-0.999 -0.015 0.052]
		[-0.052 0.011 -0.999]
		[-0.999 -0.015 0.051]
		[-0.051 0.011 -0.999]
		[-0.999 -0.015 0.050]
		[-0.050 0.011 -0.999]
		[-0.999 -0.015 0.049]
		[-0.049 0.011 -0.999]
		[-0.999 -0.011 0.048]
		[-0.010 1.000 0.012]
		[-0.999 0.009 0.048]
		[-0.048 0.012 -0.999]
		[-0.997 0.055 0.048]
		[0.055 0.998 0.010]
		[-0.047 0.012 -0.999]
		[-0.990 0.130 0.047]
		[-0.045 0.014 -0.999]
		[-0.974 0.222 0.044]
		[0.223 0.975 0.006]
		[-0.041 0.016 -0.999]
		[-0.946 0.320 0.040]
		[0.321 0.947 0.005]
		[-0.910 0.414 0.034]
		[-0.030 0.018 -0.999]
		[-0.868 0.497 0.029]
		[-0.827 0.562 0.024]
		[0.562 0.827 0.004]
		[-0.798 0.603 0.021]
		[0.603 0.798 0.004]
		[-0.014 0.016 -1.000]
		[0.000 0.130 0.000]
		[1.000 0.005 -0.016]
		[-0.005 1.000 0.000]
		[0.016 0.000 1.000]
		[0.999 0.014 -0.044]
		[-0.014 1.000 0.000]
		[0.044 0.001 0.999]
		[0.996 0.026 -0.082]
		[-0.026 1.000 0.000]
		[0.082 0.002 0.997]
		[0.991 0.040 -0.126]
		[-0.040 0.999 0.001]
		[0.126 0.005 0.992]
		[0.983 0.056 -0.176]
		[-0.056 0.998 0.002]
		[0.176 0.008 0.984]
		[0.971 0.072 -0.226]
		[-0.072 0.997 0.005]
		[0.226 0.012 0.974]
		[0.959 0.085 -0.270]
		[-0.086 0.996 0.008]
		[0.270 0.016 0.963]
		[0.947 0.096 -0.306]
		[-0.098 0.995 0.010]
		[0.305 0.020 0.952]
		[0.938 0.104 -0.331]
		[-0.106 0.994 0.013]
		[0.330 0.023 0.944]
		[0.933 0.108 -0.344]
		[-0.110 0.994 0.014]
		[0.343 0.025 0.939]
		[0.934 0.108 -0.341]
		[0.340 0.025 0.940]
		[0.940 0.104 -0.325]
		[0.325 0.022 0.946]
		[0.949 0.097 -0.300]
		[-0.099 0.995 0.011]
		[0.299 0.019 0.954]
		[0.960 0.088 -0.266]
		[-0.089 0.996 0.009]
		[0.266 0.016 0.964]
		[0.971 0.077 -0.226]
		[-0.078 0.997 0.006]
		[0.982 0.064 -0.180]
		[-0.065 0.998 0.004]
		[0.180 0.008 0.984]
		[0.990 0.050 -0.130]
		[-0.050 0.999 0.002]
		[0.129 0.004 0.992]
		[0.996 0.034 -0.077]
		[-0.034 0.999 0.001]
		[0.077 0.002 0.997]
		[1.000 0.017 -0.022]
		[-0.017 1.000 0.000]
		[0.022 0.000 1.000]
		[1.000 0.000 0.031]
		[-0.031 0.000 1.000]
		[0.996 -0.017 0.084]
		[0.017 1.000 0.000]
		[-0.084 0.001 0.996]
		[0.990 -0.035 0.134]
		[0.035 0.999 0.001]
		[-0.134 0.003 0.991]
		[0.982 -0.051 0.181]
		[0.052 0.999 0.003]
		[-0.181 0.007 0.983]
		[0.972 -0.067 0.224]
		[0.067 0.998 0.005]
		[-0.224 0.011 0.975]
		[0.962 -0.081 0.262]
		[0.082 0.997 0.007]
		[-0.262 0.015 0.965]
		[0.951 -0.093 0.295]
		[0.094 0.995 0.009]
		[-0.294 0.020 0.956]
		[0.942 -0.103 0.320]
		[0.105 0.994 0.010]
		[-0.320 0.024 0.947]
		[0.934 -0.110 0.339]
		[0.112 0.994 0.012]
		[-0.338 0.027 0.941]
		[0.930 -0.114 0.350]
		[0.117 0.993 0.013]
		[-0.349 0.029 0.937]
		[0.929 -0.115 0.352]
		[0.118 0.993 0.013]
		[-0.351 0.030 0.936]
		[0.934 -0.112 0.341]
		[0.115 0.993 0.012]
		[-0.340 0.028 0.940]
		[0.944 -0.103 0.314]
		[0.106 0.994 0.009]
		[-0.313 0.024 0.949]
		[0.957 -0.091 0.276]
		[0.093 0.996 0.006]
		[-0.275 0.020 0.961]
		[0.970 -0.076 0.229]
		[0.077 0.997 0.003]
		[-0.229 0.014 0.973]
		[0.982 -0.059 0.178]
		[0.060 0.998 0.001]
		[-0.178 0.010 0.984]
		[0.991 -0.042 0.126]
		[0.042 0.999 0.000]
		[-0.126 0.006 0.992]
		[0.996 -0.026 0.080]
		[0.027 1.000 -0.001]
		[-0.080 0.003 0.997]
		[0.999 -0.014 0.043]
		[0.014 1.000 -0.001]
		[-0.043 0.001 0.999]
		[1.000 -0.005 0.016]
		[0.005 1.000 0.000]
		[-0.016 0.000 1.000]
		[0.000 0.596 0.000]
		[1.000 -0.005 0.014]
		[-0.014 0.000 1.000]
		[0.999 -0.014 0.039]
		[0.014 1.000 0.001]
		[-0.039 -0.001 0.999]
		[0.997 -0.026 0.071]
		[0.026 1.000 0.003]
		[-0.071 -0.001 0.997]
		[0.993 -0.040 0.109]
		[0.040 0.999 0.005]
		[-0.109 -0.001 0.994]
		[0.987 -0.055 0.150]
		[0.054 0.998 0.008]
		[-0.150 0.000 0.989]
		[0.979 -0.071 0.192]
		[0.069 0.998 0.012]
		[-0.192 0.001 0.981]
		[0.970 -0.084 0.229]
		[0.083 0.996 0.016]
		[-0.230 0.003 0.973]
		[0.961 -0.095 0.258]
		[0.093 0.995 0.020]
		[-0.259 0.005 0.966]
		[0.955 -0.102 0.278]
		[0.100 0.995 0.022]
		[-0.279 0.006 0.960]
		[0.952 -0.106 0.287]
		[0.103 0.994 0.024]
		[-0.288 0.007 0.958]
		[0.953 -0.106 0.284]
		[0.103 0.994 0.023]
		[-0.285 0.007 0.958]
		[0.958 -0.102 0.269]
		[0.100 0.995 0.021]
		[-0.269 0.006 0.963]
		[0.966 -0.094 0.241]
		[0.093 0.996 0.018]
		[-0.242 0.005 0.970]
		[0.975 -0.084 0.205]
		[0.083 0.996 0.014]
		[-0.205 0.003 0.979]
		[0.984 -0.072 0.162]
		[0.072 0.997 0.010]
		[-0.162 0.002 0.987]
		[0.992 -0.059 0.113]
		[0.059 0.998 0.006]
		[-0.114 0.000 0.994]
		[0.997 -0.045 0.062]
		[0.044 0.999 0.003]
		[-0.062 0.000 0.998]
		[1.000 -0.030 0.008]
		[0.030 1.000 0.001]
		[-0.008 -0.001 1.000]
		[0.999 -0.015 -0.044]
		[0.015 1.000 0.000]
		[0.044 -0.001 0.999]
		[0.996 0.000 -0.095]
		[0.095 0.000 0.996]
		[0.990 0.014 -0.141]
		[-0.014 1.000 0.001]
		[0.141 0.001 0.990]
		[0.983 0.027 -0.184]
		[-0.027 1.000 0.003]
		[0.184 0.002 0.983]
		[0.974 0.039 -0.223]
		[-0.039 0.999 0.006]
		[0.223 0.003 0.975]
		[0.965 0.050 -0.257]
		[-0.050 0.999 0.009]
		[0.257 0.004 0.966]
		[0.956 0.060 -0.286]
		[-0.059 0.998 0.012]
		[0.286 0.006 0.958]
		[0.948 0.068 -0.310]
		[-0.067 0.998 0.015]
		[0.310 0.007 0.951]
		[0.942 0.075 -0.328]
		[-0.073 0.997 0.017]
		[0.328 0.008 0.945]
		[0.937 0.079 -0.341]
		[-0.078 0.997 0.019]
		[0.341 0.008 0.940]
		[0.934 0.082 -0.347]
		[-0.080 0.997 0.020]
		[0.348 0.009 0.938]
		[0.934 0.083 -0.347]
		[-0.081 0.997 0.021]
		[0.348 0.009 0.937]
		[0.939 0.080 -0.336]
		[-0.078 0.997 0.020]
		[0.336 0.008 0.942]
		[0.948 0.074 -0.309]
		[-0.072 0.997 0.017]
		[0.309 0.006 0.951]
		[0.960 0.065 -0.271]
		[-0.063 0.998 0.014]
		[0.271 0.004 0.963]
		[0.973 0.053 -0.225]
		[-0.053 0.999 0.010]
		[0.225 0.002 0.974]
		[0.984 0.041 -0.174]
		[-0.041 0.999 0.007]
		[0.175 0.001 0.985]
		[0.992 0.029 -0.124]
		[-0.029 1.000 0.004]
		[0.124 0.000 0.992]
		[0.997 0.018 -0.077]
		[-0.018 1.000 0.002]
		[0.077 -0.001 0.997]
		[0.999 0.009 -0.039]
		[-0.009 1.000 0.001]
		[0.039 -0.001 0.999]
		[1.000 0.003 -0.014]
		[-0.003 1.000 0.000]
		[0.014 0.000 1.000]
		[0.000 0.315 0.000]
		[0.000 0.470 0.000]
		[0.000 0.300 0.000]
		[0.000 0.000 -1.000]
		[-1.000 0.000 0.000]
		[0.211 0.863 0.458]
		[0.825 -0.409 0.391]
		[0.525 0.295 -0.798]
		[0.279 0.394 -0.035]
		[-0.237 0.958 -0.163]
		[-0.953 -0.261 -0.152]
		[-0.188 0.119 0.975]
		[0.000 0.316 0.000]
		[0.000 0.469 0.000]
		[-0.086 0.129 0.988]
		[-0.199 -0.974 0.110]
		[0.976 -0.187 0.109]
		[-0.279 0.394 -0.035]
		[-0.085 0.147 0.986]
		[-0.204 -0.971 0.127]
		[0.975 -0.191 0.112]
		[-0.083 0.176 0.981]
		[-0.213 -0.965 0.155]
		[0.973 -0.196 0.118]
		[-0.080 0.215 0.973]
		[-0.225 -0.955 0.193]
		[0.971 -0.204 0.125]
		[-0.077 0.262 0.962]
		[-0.240 -0.941 0.237]
		[0.968 -0.213 0.135]
		[-0.071 0.313 0.947]
		[-0.257 -0.923 0.286]
		[0.964 -0.223 0.146]
		[-0.065 0.365 0.929]
		[-0.274 -0.902 0.335]
		[0.960 -0.232 0.159]
		[-0.059 0.411 0.910]
		[-0.290 -0.879 0.378]
		[0.955 -0.241 0.171]
		[-0.053 0.448 0.892]
		[-0.304 -0.858 0.413]
		[0.951 -0.249 0.181]
		[-0.047 0.474 0.879]
		[-0.315 -0.842 0.437]
		[0.948 -0.256 0.189]
		[-0.043 0.486 0.873]
		[-0.323 -0.834 0.448]
		[0.945 -0.263 0.193]
		[-0.039 0.485 0.873]
		[-0.328 -0.832 0.448]
		[0.944 -0.269 0.191]
		[-0.031 0.478 0.878]
		[-0.329 -0.834 0.443]
		[0.944 -0.275 0.183]
		[-0.023 0.465 0.885]
		[-0.328 -0.840 0.433]
		[0.944 -0.281 0.172]
		[-0.014 0.446 0.895]
		[-0.326 -0.848 0.417]
		[0.945 -0.286 0.157]
		[-0.007 0.420 0.908]
		[-0.324 -0.860 0.395]
		[0.946 -0.291 0.142]
		[-0.002 0.388 0.922]
		[-0.323 -0.873 0.367]
		[0.947 -0.296 0.127]
		[-0.002 0.350 0.937]
		[-0.322 -0.887 0.331]
		[0.947 -0.301 0.114]
		[-0.007 0.307 0.952]
		[-0.324 -0.901 0.288]
		[0.946 -0.306 0.105]
		[-0.019 0.257 0.966]
		[-0.327 -0.915 0.237]
		[0.945 -0.312 0.101]
		[-0.040 0.202 0.979]
		[-0.333 -0.926 0.178]
		[0.942 -0.318 0.104]
		[-0.073 0.142 0.987]
		[-0.343 -0.933 0.109]
		[0.936 -0.331 0.117]
		[-0.118 0.080 0.990]
		[-0.359 -0.933 0.033]
		[0.926 -0.352 0.139]
		[-0.172 0.019 0.985]
		[-0.377 -0.925 -0.048]
		[0.910 -0.380 0.166]
		[-0.231 -0.038 0.972]
		[-0.395 -0.910 -0.130]
		[0.889 -0.414 0.195]
		[-0.292 -0.088 0.952]
		[-0.409 -0.888 -0.208]
		[0.864 -0.451 0.224]
		[-0.351 -0.130 0.928]
		[-0.421 -0.863 -0.280]
		[0.837 -0.488 0.248]
		[-0.402 -0.162 0.901]
		[-0.429 -0.837 -0.341]
		[0.809 -0.523 0.267]
		[-0.443 -0.184 0.878]
		[-0.433 -0.813 -0.389]
		[0.785 -0.552 0.280]
		[-0.470 -0.197 0.861]
		[-0.434 -0.797 -0.419]
		[0.769 -0.570 0.289]
		[-0.480 -0.201 0.854]
		[-0.433 -0.792 -0.430]
		[0.763 -0.576 0.293]
		[-0.470 -0.195 0.861]
		[-0.429 -0.802 -0.416]
		[0.771 -0.565 0.293]
		[-0.439 -0.177 0.881]
		[-0.420 -0.826 -0.376]
		[0.794 -0.535 0.288]
		[-0.393 -0.148 0.908]
		[-0.405 -0.858 -0.315]
		[0.825 -0.492 0.277]
		[-0.337 -0.107 0.935]
		[-0.382 -0.893 -0.240]
		[0.861 -0.438 0.260]
		[-0.277 -0.060 0.959]
		[-0.350 -0.923 -0.158]
		[0.895 -0.380 0.235]
		[-0.218 -0.008 0.976]
		[-0.312 -0.947 -0.077]
		[0.925 -0.321 0.204]
		[-0.165 0.044 0.985]
		[-0.272 -0.962 -0.003]
		[0.948 -0.268 0.170]
		[-0.123 0.088 0.989]
		[-0.235 -0.970 0.057]
		[0.964 -0.225 0.140]
		[-0.096 0.118 0.988]
		[-0.209 -0.973 0.096]
		[0.973 -0.197 0.118]
		[0.967 0.182 0.180]
		[-0.184 0.983 -0.009]
		[-0.179 -0.024 0.984]
		[0.967 0.184 0.178]
		[-0.186 0.983 -0.008]
		[-0.176 -0.026 0.984]
		[0.967 0.193 0.167]
		[-0.195 0.981 -0.002]
		[-0.164 -0.031 0.986]
		[0.967 0.213 0.140]
		[-0.217 0.976 0.012]
		[-0.134 -0.042 0.990]
		[0.964 0.247 0.097]
		[-0.252 0.967 0.037]
		[-0.085 -0.060 0.995]
		[0.956 0.289 0.046]
		[-0.292 0.954 0.069]
		[-0.024 -0.079 0.997]
		[0.942 0.336 -0.009]
		[-0.333 0.937 0.106]
		[0.044 -0.097 0.994]
		[0.922 0.382 -0.062]
		[-0.370 0.918 0.145]
		[0.112 -0.111 0.988]
		[0.900 0.423 -0.107]
		[-0.401 0.898 0.182]
		[0.173 -0.120 0.978]
		[0.878 0.456 -0.142]
		[-0.423 0.881 0.212]
		[0.222 -0.126 0.967]
		[0.862 0.479 -0.166]
		[-0.438 0.868 0.234]
		[0.256 -0.129 0.958]
		[0.855 0.488 -0.175]
		[-0.443 0.863 0.243]
		[0.270 -0.130 0.954]
		[0.860 0.482 -0.168]
		[-0.439 0.867 0.236]
		[0.260 -0.129 0.957]
		[0.877 0.459 -0.145]
		[-0.425 0.880 0.215]
		[0.226 -0.127 0.966]
		[0.899 0.424 -0.108]
		[0.174 -0.121 0.977]
		[0.922 0.381 -0.061]
		[-0.370 0.918 0.144]
		[0.111 -0.111 0.988]
		[0.942 0.335 -0.009]
		[-0.332 0.937 0.105]
		[0.043 -0.096 0.994]
		[-0.292 0.954 0.068]
		[0.967 0.191 0.169]
		[-0.193 0.981 -0.003]
		[-0.167 -0.029 0.986]
		[100.000 0.000 0.000]
		[0.000 0.000 -100.000]
		[0.000 100.000 0.000]
		[0.000 0.200 0.000]
		[-0.111 0.000 -0.166]
		[-0.166 0.000 0.111]
		[0.175 -0.162 1.896]
		[-0.002 0.200 0.000]
		[-0.110 -0.001 -0.167]
		[-0.167 -0.002 0.110]
		[0.174 -0.160 1.897]
		[-0.005 0.200 0.000]
		[-0.109 -0.003 -0.168]
		[-0.168 -0.004 0.109]
		[0.171 -0.156 1.898]
		[-0.010 0.200 0.000]
		[-0.107 -0.006 -0.169]
		[-0.169 -0.008 0.107]
		[0.167 -0.152 1.901]
		[-0.016 0.199 -0.001]
		[-0.104 -0.009 -0.171]
		[-0.170 -0.013 0.104]
		[0.162 -0.146 1.903]
		[-0.022 0.199 -0.002]
		[-0.101 -0.013 -0.172]
		[-0.171 -0.019 0.102]
		[0.156 -0.139 1.906]
		[-0.029 0.198 -0.002]
		[-0.098 -0.016 -0.174]
		[-0.172 -0.024 0.099]
		[0.151 -0.132 1.909]
		[-0.035 0.197 -0.003]
		[-0.095 -0.020 -0.175]
		[-0.173 -0.029 0.097]
		[0.145 -0.126 1.912]
		[-0.039 0.196 -0.004]
		[-0.092 -0.022 -0.176]
		[-0.173 -0.033 0.095]
		[0.141 -0.121 1.914]
		[-0.043 0.195 -0.005]
		[-0.090 -0.024 -0.177]
		[-0.173 -0.036 0.093]
		[0.137 -0.118 1.915]
		[-0.044 0.195 -0.005]
		[-0.089 -0.025 -0.177]
		[-0.173 -0.037 0.093]
		[0.135 -0.116 1.916]
		[-0.042 0.196 -0.004]
		[-0.091 -0.023 -0.177]
		[-0.173 -0.035 0.093]
		[0.137 -0.119 1.915]
		[-0.038 0.196 -0.004]
		[-0.092 -0.021 -0.176]
		[-0.173 -0.032 0.095]
		[0.139 -0.123 1.914]
		[-0.033 0.197 -0.003]
		[-0.094 -0.019 -0.175]
		[-0.173 -0.028 0.096]
		[0.143 -0.128 1.912]
		[-0.028 0.198 -0.002]
		[-0.097 -0.016 -0.174]
		[-0.173 -0.023 0.098]
		[0.146 -0.134 1.910]
		[-0.021 0.199 -0.002]
		[-0.100 -0.012 -0.173]
		[-0.172 -0.018 0.100]
		[0.150 -0.140 1.908]
		[-0.014 0.199 -0.001]
		[-0.103 -0.008 -0.172]
		[-0.171 -0.012 0.103]
		[0.155 -0.148 1.905]
		[-0.007 0.200 0.000]
		[-0.105 -0.004 -0.170]
		[-0.170 -0.006 0.106]
		[0.160 -0.155 1.902]
		[-0.108 0.000 -0.168]
		[-0.168 0.000 0.108]
		[0.164 -0.162 1.899]
		[0.007 0.200 0.000]
		[-0.111 0.004 -0.166]
		[-0.166 0.006 0.111]
		[0.169 -0.169 1.896]
		[0.014 0.199 0.000]
		[-0.114 0.008 -0.164]
		[-0.164 0.012 0.114]
		[0.174 -0.175 1.893]
		[0.021 0.199 -0.001]
		[-0.116 0.012 -0.162]
		[-0.161 0.017 0.117]
		[0.179 -0.181 1.889]
		[0.027 0.198 -0.001]
		[-0.119 0.015 -0.160]
		[-0.159 0.022 0.120]
		[0.184 -0.186 1.886]
		[0.033 0.197 -0.002]
		[-0.121 0.018 -0.158]
		[-0.156 0.027 0.122]
		[0.188 -0.191 1.883]
		[0.038 0.196 -0.003]
		[-0.123 0.021 -0.157]
		[-0.154 0.031 0.124]
		[0.192 -0.195 1.881]
		[0.042 0.196 -0.004]
		[-0.124 0.024 -0.155]
		[-0.151 0.035 0.126]
		[0.196 -0.198 1.879]
		[0.045 0.195 -0.005]
		[-0.125 0.025 -0.154]
		[-0.149 0.038 0.128]
		[0.199 -0.201 1.877]
		[0.048 0.194 -0.005]
		[-0.126 0.027 -0.153]
		[-0.148 0.040 0.129]
		[0.201 -0.203 1.875]
		[0.050 0.194 -0.006]
		[-0.127 0.028 -0.152]
		[-0.147 0.042 0.129]
		[0.202 -0.205 1.875]
		[0.051 0.193 -0.006]
		[-0.127 0.029 -0.152]
		[-0.146 0.042 0.130]
		[0.201 -0.205 1.874]
		[0.049 0.194 -0.006]
		[-0.126 0.028 -0.153]
		[-0.147 0.041 0.129]
		[0.201 -0.204 1.875]
		[0.046 0.195 -0.005]
		[0.040 0.196 -0.004]
		[-0.124 0.022 -0.155]
		[-0.152 0.033 0.126]
		[0.197 -0.196 1.879]
		[0.033 0.197 -0.003]
		[-0.122 0.018 -0.157]
		[-0.155 0.027 0.123]
		[0.194 -0.190 1.882]
		[0.025 0.198 -0.002]
		[-0.120 0.014 -0.159]
