{ :name "Armature|ninja_idle_pass" :length 1.666667 :bones { 
	"Skelet" [
		[ 0 [ 0 1 2 3 ] ]
		[ 0.04166667 [ 0 1 2 3 ] ]
		[ 0.08333334 [ 0 1 2 4 ] ]
		[ 0.125 [ 0 1 2 5 ] ]
		[ 0.1666667 [ 0 1 2 6 ] ]
		[ 0.2083333 [ 0 1 2 7 ] ]
		[ 0.25 [ 0 1 2 8 ] ]
		[ 0.2916667 [ 0 1 2 9 ] ]
		[ 0.3333333 [ 0 1 2 10 ] ]
		[ 0.375 [ 0 1 2 11 ] ]
		[ 0.4166667 [ 0 1 2 12 ] ]
		[ 0.4583333 [ 0 1 2 13 ] ]
		[ 0.5 [ 0 1 2 14 ] ]
		[ 0.5416667 [ 0 1 2 15 ] ]
		[ 0.5833334 [ 0 1 2 16 ] ]
		[ 0.625 [ 0 1 2 17 ] ]
		[ 0.6666667 [ 0 1 2 18 ] ]
		[ 0.7083334 [ 0 1 2 19 ] ]
		[ 0.7500001 [ 0 1 2 20 ] ]
		[ 0.7916667 [ 0 1 2 21 ] ]
		[ 0.8333334 [ 0 1 2 21 ] ]
		[ 0.8750001 [ 0 1 2 21 ] ]
		[ 0.9166667 [ 0 1 2 20 ] ]
		[ 0.9583334 [ 0 1 2 19 ] ]
		[ 1 [ 0 1 2 18 ] ]
		[ 1.041667 [ 0 1 2 17 ] ]
		[ 1.083333 [ 0 1 2 16 ] ]
		[ 1.125 [ 0 1 2 15 ] ]
		[ 1.166667 [ 0 1 2 14 ] ]
		[ 1.208333 [ 0 1 2 13 ] ]
		[ 1.25 [ 0 1 2 12 ] ]
		[ 1.291667 [ 0 1 2 11 ] ]
		[ 1.333333 [ 0 1 2 10 ] ]
		[ 1.375 [ 0 1 2 9 ] ]
		[ 1.416667 [ 0 1 2 8 ] ]
		[ 1.458333 [ 0 1 2 7 ] ]
		[ 1.5 [ 0 1 2 6 ] ]
		[ 1.541667 [ 0 1 2 5 ] ]
		[ 1.583333 [ 0 1 2 4 ] ]
		[ 1.625 [ 0 1 2 3 ] ]
	]
	"Bedro_L" [
		[ 0 [ 22 23 24 25 ] ]
	]
	"Koleno_L" [
		[ 0 [ 26 27 28 29 ] ]
		[ 0.04166667 [ 30 31 32 29 ] ]
		[ 0.08333334 [ 33 34 35 29 ] ]
		[ 0.125 [ 36 37 38 29 ] ]
		[ 0.1666667 [ 39 40 41 29 ] ]
		[ 0.2083333 [ 42 43 44 29 ] ]
		[ 0.25 [ 45 46 47 29 ] ]
		[ 0.2916667 [ 48 49 50 29 ] ]
		[ 0.3333333 [ 51 52 53 29 ] ]
		[ 0.375 [ 54 55 56 29 ] ]
		[ 0.4166667 [ 57 58 59 29 ] ]
		[ 0.4583333 [ 60 61 62 29 ] ]
		[ 0.5 [ 63 64 65 29 ] ]
		[ 0.5416667 [ 66 67 68 29 ] ]
		[ 0.5833334 [ 69 70 71 29 ] ]
		[ 0.625 [ 72 73 74 29 ] ]
		[ 0.6666667 [ 75 76 77 29 ] ]
		[ 0.7083334 [ 78 79 80 29 ] ]
		[ 0.7500001 [ 81 82 83 29 ] ]
		[ 0.7916667 [ 81 84 83 29 ] ]
		[ 0.8333334 [ 85 84 86 29 ] ]
		[ 0.8750001 [ 87 88 86 29 ] ]
		[ 0.9166667 [ 87 84 86 29 ] ]
		[ 0.9583334 [ 81 89 90 29 ] ]
		[ 1 [ 91 79 92 29 ] ]
		[ 1.041667 [ 93 76 94 29 ] ]
		[ 1.083333 [ 95 96 97 29 ] ]
		[ 1.125 [ 98 99 100 29 ] ]
		[ 1.166667 [ 101 102 103 29 ] ]
		[ 1.208333 [ 104 105 106 29 ] ]
		[ 1.25 [ 107 108 109 29 ] ]
		[ 1.291667 [ 110 111 112 29 ] ]
		[ 1.333333 [ 51 113 53 29 ] ]
		[ 1.375 [ 114 115 116 29 ] ]
		[ 1.416667 [ 45 117 47 29 ] ]
		[ 1.458333 [ 118 43 119 29 ] ]
		[ 1.5 [ 120 40 121 29 ] ]
		[ 1.541667 [ 122 37 35 29 ] ]
		[ 1.583333 [ 123 124 32 29 ] ]
		[ 1.625 [ 125 31 126 29 ] ]
	]
	"Koleno_L_end" [
		[ 0 [ 127 128 129 130 ] ]
	]
	"Bedro_P" [
		[ 0 [ 131 132 133 134 ] ]
	]
	"Koleno_P" [
		[ 0 [ 135 136 137 29 ] ]
		[ 0.04166667 [ 135 136 138 29 ] ]
		[ 0.08333334 [ 139 140 141 29 ] ]
		[ 0.125 [ 139 142 143 29 ] ]
		[ 0.1666667 [ 144 145 146 29 ] ]
		[ 0.2083333 [ 147 148 149 29 ] ]
		[ 0.25 [ 150 151 152 29 ] ]
		[ 0.2916667 [ 153 154 155 29 ] ]
		[ 0.3333333 [ 156 157 158 29 ] ]
		[ 0.375 [ 159 160 161 29 ] ]
		[ 0.4166667 [ 162 163 164 29 ] ]
		[ 0.4583333 [ 165 166 167 29 ] ]
		[ 0.5 [ 168 169 170 29 ] ]
		[ 0.5416667 [ 171 172 173 29 ] ]
		[ 0.5833334 [ 174 175 176 29 ] ]
		[ 0.625 [ 177 178 179 29 ] ]
		[ 0.6666667 [ 180 181 182 29 ] ]
		[ 0.7083334 [ 183 184 185 29 ] ]
		[ 0.7500001 [ 186 187 188 29 ] ]
		[ 0.7916667 [ 189 190 191 29 ] ]
		[ 0.8333334 [ 189 190 192 29 ] ]
		[ 0.8750001 [ 193 194 195 29 ] ]
		[ 0.9166667 [ 193 194 195 29 ] ]
		[ 0.9583334 [ 189 194 195 29 ] ]
		[ 1 [ 189 190 191 29 ] ]
		[ 1.041667 [ 186 196 191 29 ] ]
		[ 1.083333 [ 183 184 197 29 ] ]
		[ 1.125 [ 198 199 182 29 ] ]
		[ 1.166667 [ 200 201 202 29 ] ]
		[ 1.208333 [ 203 204 205 29 ] ]
		[ 1.25 [ 206 207 208 29 ] ]
		[ 1.291667 [ 209 210 211 29 ] ]
		[ 1.333333 [ 212 213 214 29 ] ]
		[ 1.375 [ 215 216 217 29 ] ]
		[ 1.416667 [ 218 219 220 29 ] ]
		[ 1.458333 [ 221 222 223 29 ] ]
		[ 1.5 [ 224 225 226 29 ] ]
		[ 1.541667 [ 139 227 228 29 ] ]
		[ 1.583333 [ 135 140 141 29 ] ]
		[ 1.625 [ 135 136 138 29 ] ]
	]
	"Koleno_P_end" [
		[ 0 [ 127 128 129 130 ] ]
	]
	"Tors" [
		[ 0 [ 229 230 231 232 ] ]
		[ 0.04166667 [ 233 234 235 232 ] ]
		[ 0.08333334 [ 236 237 238 232 ] ]
		[ 0.125 [ 239 240 241 232 ] ]
		[ 0.1666667 [ 242 243 244 232 ] ]
		[ 0.2083333 [ 245 246 247 232 ] ]
		[ 0.25 [ 248 249 250 232 ] ]
		[ 0.2916667 [ 251 252 253 232 ] ]
		[ 0.3333333 [ 254 255 256 232 ] ]
		[ 0.375 [ 257 258 259 232 ] ]
		[ 0.4166667 [ 260 261 262 232 ] ]
		[ 0.4583333 [ 263 264 265 232 ] ]
		[ 0.5 [ 266 267 268 232 ] ]
		[ 0.5416667 [ 269 270 271 232 ] ]
		[ 0.5833334 [ 272 273 274 232 ] ]
		[ 0.625 [ 275 276 277 232 ] ]
		[ 0.6666667 [ 278 279 280 232 ] ]
		[ 0.7083334 [ 281 282 283 232 ] ]
		[ 0.7500001 [ 284 285 286 232 ] ]
		[ 0.7916667 [ 287 288 289 232 ] ]
		[ 0.8333334 [ 290 291 289 232 ] ]
		[ 0.8750001 [ 292 293 294 232 ] ]
		[ 0.9166667 [ 295 296 297 232 ] ]
		[ 0.9583334 [ 298 299 300 232 ] ]
		[ 1 [ 301 302 303 232 ] ]
		[ 1.041667 [ 304 305 306 232 ] ]
		[ 1.083333 [ 307 308 309 232 ] ]
		[ 1.125 [ 310 311 312 232 ] ]
		[ 1.166667 [ 313 314 315 232 ] ]
		[ 1.208333 [ 316 317 318 232 ] ]
		[ 1.25 [ 319 320 321 232 ] ]
		[ 1.291667 [ 322 323 324 232 ] ]
		[ 1.333333 [ 325 326 327 232 ] ]
		[ 1.375 [ 328 329 330 232 ] ]
		[ 1.416667 [ 331 332 333 232 ] ]
		[ 1.458333 [ 334 335 336 232 ] ]
		[ 1.5 [ 337 338 339 232 ] ]
		[ 1.541667 [ 340 341 342 232 ] ]
		[ 1.583333 [ 343 344 345 232 ] ]
		[ 1.625 [ 233 234 235 232 ] ]
	]
	"Golova" [
		[ 0 [ 346 347 348 349 ] ]
	]
	"Golova_end" [
		[ 0 [ 127 128 129 350 ] ]
	]
	"Kluchitsa_L" [
		[ 0 [ 129 127 128 351 ] ]
	]
	"Kluchitsa_L_end" [
		[ 0 [ 127 128 129 352 ] ]
	]
	"Kluchitsa_P" [
		[ 0 [ 353 354 128 351 ] ]
	]
	"Kluchitsa_P_end" [
		[ 0 [ 127 128 129 352 ] ]
	]
	"Ruka_L" [
		[ 0 [ 355 356 357 358 ] ]
		[ 0.04166667 [ 359 360 361 358 ] ]
		[ 0.08333334 [ 362 363 364 358 ] ]
		[ 0.125 [ 365 366 367 358 ] ]
		[ 0.1666667 [ 368 369 370 358 ] ]
		[ 0.2083333 [ 371 372 373 358 ] ]
		[ 0.25 [ 374 375 376 358 ] ]
		[ 0.2916667 [ 377 378 379 358 ] ]
		[ 0.3333333 [ 380 381 382 358 ] ]
		[ 0.375 [ 383 384 385 358 ] ]
		[ 0.4166667 [ 386 387 388 358 ] ]
		[ 0.4583333 [ 389 390 391 358 ] ]
		[ 0.5 [ 392 393 394 358 ] ]
		[ 0.5416667 [ 395 396 397 358 ] ]
		[ 0.5833334 [ 398 399 400 358 ] ]
		[ 0.625 [ 401 402 403 358 ] ]
		[ 0.6666667 [ 404 405 406 358 ] ]
		[ 0.7083334 [ 407 408 409 358 ] ]
		[ 0.7500001 [ 410 411 412 358 ] ]
		[ 0.7916667 [ 413 414 415 358 ] ]
		[ 0.8333334 [ 413 414 415 358 ] ]
		[ 0.8750001 [ 416 417 412 358 ] ]
		[ 0.9166667 [ 418 419 420 358 ] ]
		[ 0.9583334 [ 421 422 423 358 ] ]
		[ 1 [ 424 425 426 358 ] ]
		[ 1.041667 [ 427 428 429 358 ] ]
		[ 1.083333 [ 430 431 432 358 ] ]
		[ 1.125 [ 433 434 435 358 ] ]
		[ 1.166667 [ 436 437 438 358 ] ]
		[ 1.208333 [ 439 440 441 358 ] ]
		[ 1.25 [ 442 443 444 358 ] ]
		[ 1.291667 [ 445 446 447 358 ] ]
		[ 1.333333 [ 448 449 450 358 ] ]
		[ 1.375 [ 451 452 453 358 ] ]
		[ 1.416667 [ 454 455 456 358 ] ]
		[ 1.458333 [ 457 458 459 358 ] ]
		[ 1.5 [ 368 460 461 358 ] ]
		[ 1.541667 [ 365 462 463 358 ] ]
		[ 1.583333 [ 362 464 465 358 ] ]
		[ 1.625 [ 359 360 361 358 ] ]
	]
	"Lokot_L" [
		[ 0 [ 466 467 468 469 ] ]
		[ 0.04166667 [ 470 471 472 469 ] ]
		[ 0.08333334 [ 473 474 475 469 ] ]
		[ 0.125 [ 476 477 478 469 ] ]
		[ 0.1666667 [ 479 480 481 469 ] ]
		[ 0.2083333 [ 482 483 484 469 ] ]
		[ 0.25 [ 485 486 487 469 ] ]
		[ 0.2916667 [ 488 489 490 469 ] ]
		[ 0.3333333 [ 491 492 493 469 ] ]
		[ 0.375 [ 494 495 496 469 ] ]
		[ 0.4166667 [ 497 498 499 469 ] ]
		[ 0.4583333 [ 500 501 502 469 ] ]
		[ 0.5 [ 503 504 505 469 ] ]
		[ 0.5416667 [ 506 507 508 469 ] ]
		[ 0.5833334 [ 509 510 511 469 ] ]
		[ 0.625 [ 512 513 514 469 ] ]
		[ 0.6666667 [ 515 516 517 469 ] ]
		[ 0.7083334 [ 518 519 520 469 ] ]
		[ 0.7500001 [ 521 522 523 469 ] ]
		[ 0.7916667 [ 524 525 526 469 ] ]
		[ 0.8333334 [ 527 528 526 469 ] ]
		[ 0.8750001 [ 527 528 526 469 ] ]
		[ 0.9166667 [ 529 530 531 469 ] ]
		[ 0.9583334 [ 532 533 534 469 ] ]
		[ 1 [ 535 536 517 469 ] ]
		[ 1.041667 [ 537 538 514 469 ] ]
		[ 1.083333 [ 539 540 541 469 ] ]
		[ 1.125 [ 542 543 544 469 ] ]
		[ 1.166667 [ 545 546 547 469 ] ]
		[ 1.208333 [ 548 549 502 469 ] ]
		[ 1.25 [ 550 551 552 469 ] ]
		[ 1.291667 [ 553 554 555 469 ] ]
		[ 1.333333 [ 556 557 493 469 ] ]
		[ 1.375 [ 558 559 560 469 ] ]
		[ 1.416667 [ 561 562 563 469 ] ]
		[ 1.458333 [ 482 564 484 469 ] ]
		[ 1.5 [ 565 480 566 469 ] ]
		[ 1.541667 [ 567 477 478 469 ] ]
		[ 1.583333 [ 473 474 475 469 ] ]
		[ 1.625 [ 470 471 472 469 ] ]
	]
	"Lokot_L_end" [
		[ 0 [ 127 128 129 568 ] ]
	]
	"Ruka_P" [
		[ 0 [ 569 570 571 572 ] ]
		[ 0.04166667 [ 573 574 575 572 ] ]
		[ 0.08333334 [ 576 577 578 572 ] ]
		[ 0.125 [ 579 580 581 572 ] ]
		[ 0.1666667 [ 582 583 584 572 ] ]
		[ 0.2083333 [ 585 586 587 572 ] ]
		[ 0.25 [ 588 589 590 572 ] ]
		[ 0.2916667 [ 591 592 593 572 ] ]
		[ 0.3333333 [ 594 595 596 572 ] ]
		[ 0.375 [ 597 598 599 572 ] ]
		[ 0.4166667 [ 600 601 602 572 ] ]
		[ 0.4583333 [ 603 604 605 572 ] ]
		[ 0.5 [ 606 607 608 572 ] ]
		[ 0.5416667 [ 609 610 611 572 ] ]
		[ 0.5833334 [ 612 613 614 572 ] ]
		[ 0.625 [ 615 616 617 572 ] ]
		[ 0.6666667 [ 618 619 620 572 ] ]
		[ 0.7083334 [ 621 622 623 572 ] ]
		[ 0.7500001 [ 624 625 626 572 ] ]
		[ 0.7916667 [ 627 628 629 572 ] ]
		[ 0.8333334 [ 630 631 632 572 ] ]
		[ 0.8750001 [ 633 628 632 572 ] ]
		[ 0.9166667 [ 634 635 636 572 ] ]
		[ 0.9583334 [ 637 638 639 572 ] ]
		[ 1 [ 640 641 620 572 ] ]
		[ 1.041667 [ 642 643 644 572 ] ]
		[ 1.083333 [ 645 613 646 572 ] ]
		[ 1.125 [ 647 648 649 572 ] ]
		[ 1.166667 [ 650 651 652 572 ] ]
		[ 1.208333 [ 653 654 655 572 ] ]
		[ 1.25 [ 656 657 658 572 ] ]
		[ 1.291667 [ 659 660 661 572 ] ]
		[ 1.333333 [ 662 663 664 572 ] ]
		[ 1.375 [ 665 666 667 572 ] ]
		[ 1.416667 [ 668 669 670 572 ] ]
		[ 1.458333 [ 671 672 673 572 ] ]
		[ 1.5 [ 674 675 676 572 ] ]
		[ 1.541667 [ 677 678 679 572 ] ]
		[ 1.583333 [ 680 681 682 572 ] ]
		[ 1.625 [ 683 684 685 572 ] ]
	]
	"Lokot_P" [
		[ 0 [ 686 687 688 469 ] ]
		[ 0.04166667 [ 689 690 691 469 ] ]
		[ 0.08333334 [ 692 693 694 469 ] ]
		[ 0.125 [ 695 696 697 469 ] ]
		[ 0.1666667 [ 698 699 700 469 ] ]
		[ 0.2083333 [ 701 702 703 469 ] ]
		[ 0.25 [ 704 705 706 469 ] ]
		[ 0.2916667 [ 707 708 709 469 ] ]
		[ 0.3333333 [ 710 711 712 469 ] ]
		[ 0.375 [ 713 714 715 469 ] ]
		[ 0.4166667 [ 716 717 718 469 ] ]
		[ 0.4583333 [ 719 720 721 469 ] ]
		[ 0.5 [ 722 723 724 469 ] ]
		[ 0.5416667 [ 725 726 727 469 ] ]
		[ 0.5833334 [ 728 729 730 469 ] ]
		[ 0.625 [ 731 732 733 469 ] ]
		[ 0.6666667 [ 734 735 736 469 ] ]
		[ 0.7083334 [ 737 738 739 469 ] ]
		[ 0.7500001 [ 740 741 742 469 ] ]
		[ 0.7916667 [ 743 744 745 469 ] ]
		[ 0.8333334 [ 743 744 745 469 ] ]
		[ 0.8750001 [ 740 741 742 469 ] ]
		[ 0.9166667 [ 746 738 747 469 ] ]
		[ 0.9583334 [ 748 749 750 469 ] ]
		[ 1 [ 751 752 753 469 ] ]
		[ 1.041667 [ 754 755 756 469 ] ]
		[ 1.083333 [ 757 758 759 469 ] ]
		[ 1.125 [ 760 761 762 469 ] ]
		[ 1.166667 [ 763 764 765 469 ] ]
		[ 1.208333 [ 766 767 768 469 ] ]
		[ 1.25 [ 769 770 771 469 ] ]
		[ 1.291667 [ 772 773 774 469 ] ]
		[ 1.333333 [ 775 776 777 469 ] ]
		[ 1.375 [ 778 779 780 469 ] ]
		[ 1.416667 [ 781 782 783 469 ] ]
		[ 1.458333 [ 784 785 786 469 ] ]
		[ 1.5 [ 787 788 789 469 ] ]
		[ 1.541667 [ 695 790 791 469 ] ]
		[ 1.583333 [ 792 693 694 469 ] ]
		[ 1.625 [ 689 690 691 469 ] ]
	]
	"Lokot_P_end" [
		[ 0 [ 127 128 129 568 ] ]
	]
	"Woin" [
		[ 0 [ 793 794 795 795 ] ]
	]
	"Cube" [
		[ 0 [ 796 797 798 799 ] ]
		[ 0.04166667 [ 796 800 798 801 ] ]
		[ 0.08333334 [ 802 800 803 804 ] ]
		[ 0.125 [ 805 806 803 807 ] ]
		[ 0.1666667 [ 808 809 803 810 ] ]
		[ 0.2083333 [ 811 812 813 814 ] ]
		[ 0.25 [ 815 816 817 818 ] ]
		[ 0.2916667 [ 819 820 821 822 ] ]
		[ 0.3333333 [ 823 824 821 825 ] ]
		[ 0.375 [ 826 827 828 829 ] ]
		[ 0.4166667 [ 830 831 828 832 ] ]
		[ 0.4583333 [ 833 834 835 836 ] ]
		[ 0.5 [ 837 838 839 840 ] ]
		[ 0.5416667 [ 841 842 839 843 ] ]
		[ 0.5833334 [ 844 845 846 847 ] ]
		[ 0.625 [ 848 849 850 851 ] ]
		[ 0.6666667 [ 852 853 850 854 ] ]
		[ 0.7083334 [ 855 856 857 858 ] ]
		[ 0.7500001 [ 859 860 857 861 ] ]
		[ 0.7916667 [ 862 863 857 864 ] ]
		[ 0.8333334 [ 862 863 857 864 ] ]
		[ 0.8750001 [ 865 860 857 866 ] ]
		[ 0.9166667 [ 859 867 857 868 ] ]
		[ 0.9583334 [ 869 870 857 871 ] ]
		[ 1 [ 872 853 850 873 ] ]
		[ 1.041667 [ 848 874 850 875 ] ]
		[ 1.083333 [ 876 877 839 878 ] ]
		[ 1.125 [ 879 880 839 881 ] ]
		[ 1.166667 [ 882 883 884 885 ] ]
		[ 1.208333 [ 833 886 835 887 ] ]
		[ 1.25 [ 888 889 828 890 ] ]
		[ 1.291667 [ 891 892 828 893 ] ]
		[ 1.333333 [ 894 895 821 896 ] ]
		[ 1.375 [ 897 898 821 899 ] ]
		[ 1.416667 [ 900 816 817 901 ] ]
		[ 1.458333 [ 902 903 813 904 ] ]
		[ 1.5 [ 905 906 803 907 ] ]
		[ 1.541667 [ 802 806 803 908 ] ]
		[ 1.583333 [ 909 800 798 910 ] ]
		[ 1.625 [ 796 911 798 801 ] ]
	]
	"Cube.001" [
		[ 0 [ 912 913 914 915 ] ]
		[ 0.04166667 [ 912 913 914 915 ] ]
		[ 0.08333334 [ 916 913 917 918 ] ]
		[ 0.125 [ 919 920 921 922 ] ]
		[ 0.1666667 [ 923 920 924 925 ] ]
		[ 0.2083333 [ 926 920 927 928 ] ]
		[ 0.25 [ 929 920 930 931 ] ]
		[ 0.2916667 [ 932 920 933 934 ] ]
		[ 0.3333333 [ 935 920 936 937 ] ]
		[ 0.375 [ 938 920 939 940 ] ]
		[ 0.4166667 [ 941 920 942 943 ] ]
		[ 0.4583333 [ 944 920 945 946 ] ]
		[ 0.5 [ 947 948 949 950 ] ]
		[ 0.5416667 [ 951 948 952 953 ] ]
		[ 0.5833334 [ 954 948 955 956 ] ]
		[ 0.625 [ 957 948 958 959 ] ]
		[ 0.6666667 [ 960 961 962 963 ] ]
		[ 0.7083334 [ 964 961 965 966 ] ]
		[ 0.7500001 [ 967 961 968 969 ] ]
		[ 0.7916667 [ 970 961 971 969 ] ]
		[ 0.8333334 [ 970 961 971 972 ] ]
		[ 0.8750001 [ 973 961 971 969 ] ]
		[ 0.9166667 [ 967 961 968 974 ] ]
		[ 0.9583334 [ 975 961 965 976 ] ]
		[ 1 [ 977 961 978 963 ] ]
		[ 1.041667 [ 957 948 979 980 ] ]
		[ 1.083333 [ 981 948 982 983 ] ]
		[ 1.125 [ 984 948 985 950 ] ]
		[ 1.166667 [ 986 948 987 988 ] ]
		[ 1.208333 [ 944 920 989 990 ] ]
		[ 1.25 [ 991 920 992 993 ] ]
		[ 1.291667 [ 994 920 995 996 ] ]
		[ 1.333333 [ 997 920 998 934 ] ]
		[ 1.375 [ 999 920 1000 1001 ] ]
		[ 1.416667 [ 1002 920 930 1003 ] ]
		[ 1.458333 [ 1004 920 1005 1006 ] ]
		[ 1.5 [ 1007 920 1008 1009 ] ]
		[ 1.541667 [ 916 913 921 918 ] ]
		[ 1.583333 [ 1010 913 917 918 ] ]
		[ 1.625 [ 912 913 914 915 ] ]
	]
	}
	:resources [
		[0.996 0.000 0.084]
		[-0.084 0.000 0.996]
		[0.000 -1.000 0.000]
		[-0.013 0.000 -0.063]
		[-0.014 0.000 -0.063]
		[-0.015 0.000 -0.063]
		[-0.017 0.000 -0.063]
		[-0.019 0.000 -0.063]
		[-0.021 0.000 -0.063]
		[-0.024 0.000 -0.063]
		[-0.026 0.000 -0.063]
		[-0.029 0.000 -0.063]
		[-0.032 0.000 -0.063]
		[-0.035 0.000 -0.063]
		[-0.038 0.000 -0.063]
		[-0.040 0.000 -0.063]
		[-0.043 0.000 -0.063]
		[-0.045 0.000 -0.063]
		[-0.047 0.000 -0.063]
		[-0.049 0.000 -0.063]
		[-0.050 0.000 -0.063]
		[-0.051 0.000 -0.063]
		[-0.494 0.157 0.855]
		[0.158 -0.951 0.266]
		[0.855 0.266 0.445]
		[0.123 -0.038 0.000]
		[-0.760 0.489 0.428]
		[0.421 0.872 -0.250]
		[-0.496 -0.010 -0.868]
		[0.000 0.532 0.000]
		[-0.760 0.488 0.430]
		[0.420 0.873 -0.249]
		[-0.497 -0.009 -0.868]
		[-0.760 0.487 0.431]
		[0.419 0.873 -0.248]
		[-0.497 -0.008 -0.868]
		[-0.760 0.486 0.432]
		[0.418 0.874 -0.247]
		[-0.498 -0.007 -0.867]
		[-0.760 0.484 0.433]
		[0.417 0.875 -0.246]
		[-0.498 -0.006 -0.867]
		[-0.760 0.482 0.435]
		[0.416 0.876 -0.244]
		[-0.499 -0.005 -0.867]
		[-0.761 0.480 0.436]
		[0.415 0.877 -0.243]
		[-0.499 -0.004 -0.867]
		[-0.761 0.478 0.438]
		[0.413 0.878 -0.241]
		[-0.499 -0.002 -0.866]
		[-0.762 0.476 0.439]
		[0.412 0.879 -0.239]
		[-0.500 -0.001 -0.866]
		[-0.763 0.474 0.440]
		[0.411 0.881 -0.237]
		[-0.500 0.000 -0.866]
		[-0.763 0.472 0.442]
		[0.409 0.882 -0.235]
		[-0.500 0.002 -0.866]
		[-0.764 0.470 0.443]
		[0.408 0.883 -0.233]
		[-0.500 0.003 -0.866]
		[-0.764 0.467 0.444]
		[0.407 0.884 -0.230]
		[-0.500 0.004 -0.866]
		[-0.765 0.465 0.445]
		[0.405 0.885 -0.228]
		[-0.500 0.006 -0.866]
		[-0.766 0.463 0.446]
		[0.404 0.886 -0.227]
		[-0.500 0.007 -0.866]
		[-0.766 0.462 0.447]
		[0.403 0.887 -0.225]
		[-0.501 0.008 -0.866]
		[-0.767 0.460 0.448]
		[0.402 0.888 -0.223]
		[-0.501 0.009 -0.866]
		[-0.767 0.459 0.449]
		[0.401 0.889 -0.222]
		[-0.501 0.010 -0.866]
		[-0.767 0.457 0.450]
		[0.401 0.889 -0.221]
		[-0.501 0.011 -0.866]
		[0.400 0.890 -0.220]
		[-0.767 0.456 0.450]
		[-0.501 0.012 -0.865]
		[-0.767 0.456 0.451]
		[0.400 0.890 -0.219]
		[0.401 0.889 -0.220]
		[-0.501 0.011 -0.865]
		[-0.766 0.458 0.450]
		[-0.502 0.011 -0.865]
		[-0.766 0.460 0.449]
		[-0.502 0.010 -0.865]
		[-0.765 0.462 0.449]
		[0.404 0.887 -0.225]
		[-0.502 0.009 -0.865]
		[-0.765 0.464 0.447]
		[0.405 0.886 -0.227]
		[-0.502 0.008 -0.865]
		[-0.764 0.466 0.446]
		[0.406 0.885 -0.229]
		[-0.501 0.006 -0.865]
		[-0.763 0.469 0.444]
		[0.408 0.883 -0.231]
		[-0.501 0.005 -0.865]
		[-0.763 0.471 0.443]
		[0.409 0.882 -0.234]
		[-0.501 0.003 -0.866]
		[-0.762 0.473 0.441]
		[0.410 0.881 -0.236]
		[-0.500 0.001 -0.866]
		[0.412 0.880 -0.238]
		[-0.762 0.478 0.437]
		[0.413 0.878 -0.240]
		[-0.499 -0.002 -0.867]
		[0.415 0.877 -0.242]
		[-0.761 0.483 0.434]
		[-0.498 -0.005 -0.867]
		[-0.760 0.484 0.432]
		[-0.497 -0.007 -0.867]
		[-0.760 0.486 0.431]
		[-0.760 0.487 0.430]
		[0.419 0.873 -0.249]
		[-0.760 0.488 0.429]
		[-0.496 -0.009 -0.868]
		[1.000 0.000 0.000]
		[0.000 1.000 0.000]
		[0.000 0.000 1.000]
		[0.000 0.578 0.000]
		[-0.620 -0.328 0.713]
		[-0.091 -0.873 -0.480]
		[0.779 -0.362 0.511]
		[-0.123 -0.038 0.000]
		[-0.922 0.373 0.106]
		[0.372 0.928 -0.033]
		[-0.111 0.009 -0.994]
		[-0.110 0.009 -0.994]
		[-0.922 0.372 0.105]
		[0.371 0.928 -0.032]
		[-0.110 0.010 -0.994]
		[0.370 0.928 -0.031]
		[-0.109 0.010 -0.994]
		[-0.923 0.371 0.104]
		[0.370 0.929 -0.030]
		[-0.108 0.011 -0.994]
		[-0.923 0.370 0.104]
		[0.369 0.929 -0.029]
		[-0.107 0.012 -0.994]
		[-0.924 0.369 0.104]
		[0.368 0.929 -0.027]
		[-0.107 0.013 -0.994]
		[-0.924 0.368 0.104]
		[0.367 0.930 -0.026]
		[-0.106 0.014 -0.994]
		[-0.925 0.367 0.103]
		[0.366 0.930 -0.024]
		[-0.105 0.015 -0.994]
		[-0.925 0.365 0.103]
		[0.365 0.931 -0.022]
		[-0.104 0.017 -0.994]
		[-0.926 0.364 0.103]
		[0.364 0.931 -0.021]
		[-0.103 0.018 -0.994]
		[-0.926 0.363 0.103]
		[0.363 0.932 -0.019]
		[-0.102 0.020 -0.995]
		[-0.927 0.362 0.102]
		[0.362 0.932 -0.017]
		[-0.102 0.021 -0.995]
		[-0.927 0.361 0.102]
		[0.361 0.932 -0.015]
		[-0.101 0.023 -0.995]
		[-0.927 0.360 0.102]
		[0.360 0.933 -0.014]
		[-0.100 0.024 -0.995]
		[-0.928 0.359 0.102]
		[0.360 0.933 -0.012]
		[-0.100 0.025 -0.995]
		[-0.928 0.358 0.102]
		[0.359 0.933 -0.011]
		[-0.099 0.027 -0.995]
		[-0.928 0.357 0.102]
		[0.358 0.934 -0.009]
		[-0.098 0.028 -0.995]
		[-0.929 0.357 0.102]
		[0.358 0.934 -0.008]
		[-0.098 0.029 -0.995]
		[-0.929 0.356 0.102]
		[0.357 0.934 -0.007]
		[-0.098 0.030 -0.995]
		[-0.097 0.030 -0.995]
		[-0.929 0.355 0.102]
		[0.357 0.934 -0.006]
		[-0.097 0.031 -0.995]
		[0.358 0.934 -0.007]
		[-0.099 0.029 -0.995]
		[-0.928 0.358 0.103]
		[0.359 0.933 -0.010]
		[-0.927 0.360 0.103]
		[0.361 0.933 -0.012]
		[-0.100 0.026 -0.995]
		[-0.927 0.361 0.103]
		[0.362 0.932 -0.015]
		[-0.101 0.024 -0.995]
		[-0.926 0.363 0.104]
		[0.363 0.932 -0.017]
		[-0.103 0.022 -0.994]
		[-0.925 0.364 0.104]
		[0.364 0.931 -0.019]
		[-0.104 0.020 -0.994]
		[-0.925 0.366 0.104]
		[0.366 0.930 -0.021]
		[-0.105 0.018 -0.994]
		[-0.924 0.367 0.104]
		[0.367 0.930 -0.024]
		[-0.106 0.016 -0.994]
		[-0.924 0.369 0.105]
		[0.368 0.929 -0.026]
		[-0.107 0.015 -0.994]
		[-0.923 0.370 0.105]
		[0.369 0.929 -0.028]
		[-0.108 0.013 -0.994]
		[-0.923 0.371 0.105]
		[0.370 0.929 -0.029]
		[-0.109 0.012 -0.994]
		[0.371 0.928 -0.031]
		[-0.109 0.011 -0.994]
		[0.754 -0.085 0.652]
		[0.122 0.992 -0.012]
		[-0.646 0.089 0.758]
		[0.000 0.130 0.000]
		[0.755 -0.085 0.650]
		[0.123 0.992 -0.013]
		[-0.644 0.090 0.760]
		[0.758 -0.086 0.647]
		[0.125 0.992 -0.016]
		[-0.640 0.093 0.763]
		[0.762 -0.086 0.642]
		[0.128 0.992 -0.019]
		[-0.635 0.097 0.766]
		[0.767 -0.087 0.636]
		[0.132 0.991 -0.024]
		[-0.628 0.102 0.771]
		[0.772 -0.088 0.629]
		[0.137 0.990 -0.029]
		[-0.620 0.108 0.777]
		[0.778 -0.089 0.621]
		[0.141 0.989 -0.035]
		[-0.612 0.115 0.783]
		[0.785 -0.091 0.613]
		[0.147 0.988 -0.041]
		[-0.602 0.122 0.789]
		[0.792 -0.092 0.604]
		[0.152 0.987 -0.048]
		[-0.591 0.130 0.796]
		[0.799 -0.094 0.594]
		[0.157 0.986 -0.055]
		[-0.580 0.138 0.803]
		[0.806 -0.096 0.584]
		[0.163 0.985 -0.063]
		[-0.569 0.146 0.809]
		[0.813 -0.098 0.574]
		[0.168 0.983 -0.070]
		[-0.558 0.154 0.816]
		[0.819 -0.100 0.565]
		[0.173 0.982 -0.078]
		[-0.547 0.161 0.822]
		[0.825 -0.102 0.555]
		[0.178 0.980 -0.085]
		[-0.536 0.169 0.827]
		[0.831 -0.104 0.546]
		[0.182 0.979 -0.091]
		[-0.525 0.175 0.833]
		[0.836 -0.106 0.538]
		[0.186 0.978 -0.097]
		[-0.516 0.182 0.837]
		[0.840 -0.107 0.531]
		[0.190 0.976 -0.103]
		[-0.508 0.187 0.841]
		[0.844 -0.109 0.525]
		[0.192 0.975 -0.107]
		[-0.501 0.191 0.844]
		[0.847 -0.110 0.521]
		[0.194 0.975 -0.111]
		[-0.495 0.195 0.847]
		[0.848 -0.110 0.518]
		[0.196 0.974 -0.112]
		[-0.492 0.197 0.848]
		[0.848 -0.111 0.518]
		[0.196 0.974 -0.113]
		[0.848 -0.110 0.519]
		[0.195 0.974 -0.112]
		[-0.494 0.196 0.847]
		[0.846 -0.109 0.522]
		[0.194 0.975 -0.109]
		[-0.497 0.194 0.846]
		[0.843 -0.108 0.527]
		[0.191 0.976 -0.106]
		[-0.503 0.190 0.843]
		[0.839 -0.107 0.534]
		[0.188 0.977 -0.101]
		[-0.510 0.185 0.840]
		[0.834 -0.105 0.541]
		[0.185 0.978 -0.095]
		[-0.519 0.180 0.836]
		[0.829 -0.103 0.549]
		[0.181 0.979 -0.089]
		[-0.529 0.173 0.831]
		[0.823 -0.101 0.558]
		[0.176 0.981 -0.082]
		[-0.539 0.166 0.826]
		[0.817 -0.099 0.568]
		[0.171 0.982 -0.075]
		[-0.550 0.159 0.820]
		[0.811 -0.097 0.578]
		[0.166 0.984 -0.068]
		[-0.562 0.151 0.814]
		[0.804 -0.095 0.587]
		[0.161 0.985 -0.060]
		[-0.573 0.143 0.807]
		[0.797 -0.093 0.597]
		[0.155 0.986 -0.053]
		[-0.584 0.135 0.800]
		[0.790 -0.092 0.607]
		[0.150 0.988 -0.046]
		[-0.595 0.127 0.794]
		[0.783 -0.090 0.616]
		[0.145 0.989 -0.039]
		[-0.605 0.119 0.787]
		[0.776 -0.089 0.624]
		[0.139 0.990 -0.033]
		[-0.615 0.112 0.781]
		[0.770 -0.088 0.632]
		[0.135 0.991 -0.027]
		[-0.624 0.106 0.775]
		[0.765 -0.087 0.638]
		[0.131 0.991 -0.022]
		[-0.631 0.100 0.769]
		[0.760 -0.086 0.644]
		[0.127 0.992 -0.018]
		[-0.637 0.095 0.765]
		[0.757 -0.085 0.648]
		[0.125 0.992 -0.015]
		[-0.641 0.092 0.762]
		[0.787 0.037 -0.616]
		[-0.072 0.997 -0.033]
		[0.613 0.071 0.787]
		[0.000 0.596 0.000]
		[0.000 0.315 0.000]
		[0.000 0.470 0.000]
		[0.000 0.300 0.000]
		[0.000 0.000 -1.000]
		[-1.000 0.000 0.000]
		[0.347 0.422 0.838]
		[0.620 -0.773 0.133]
		[0.704 0.473 -0.530]
		[0.279 0.394 -0.035]
		[0.348 0.421 0.838]
		[0.616 -0.776 0.134]
		[0.707 0.469 -0.529]
		[0.350 0.418 0.838]
		[0.609 -0.782 0.135]
		[0.712 0.463 -0.528]
		[0.354 0.414 0.839]
		[0.599 -0.789 0.136]
		[0.718 0.454 -0.527]
		[0.358 0.409 0.839]
		[0.587 -0.798 0.137]
		[0.726 0.444 -0.526]
		[0.364 0.403 0.840]
		[0.573 -0.807 0.139]
		[0.734 0.431 -0.525]
		[0.369 0.396 0.841]
		[0.558 -0.818 0.140]
		[0.743 0.417 -0.523]
		[0.376 0.389 0.841]
		[0.540 -0.829 0.142]
		[0.753 0.401 -0.521]
		[0.382 0.381 0.842]
		[0.522 -0.841 0.143]
		[0.763 0.385 -0.520]
		[0.388 0.372 0.843]
		[0.503 -0.852 0.145]
		[0.772 0.367 -0.518]
		[0.395 0.363 0.844]
		[0.483 -0.864 0.146]
		[0.782 0.350 -0.516]
		[0.401 0.355 0.845]
		[0.462 -0.874 0.148]
		[0.791 0.331 -0.514]
		[0.407 0.346 0.846]
		[0.442 -0.884 0.149]
		[0.799 0.314 -0.513]
		[0.412 0.337 0.846]
		[0.423 -0.894 0.150]
		[0.807 0.296 -0.511]
		[0.417 0.329 0.847]
		[0.404 -0.902 0.151]
		[0.814 0.280 -0.509]
		[0.421 0.321 0.848]
		[0.387 -0.909 0.152]
		[0.820 0.264 -0.507]
		[0.425 0.315 0.849]
		[0.373 -0.915 0.153]
		[0.825 0.251 -0.506]
		[0.427 0.310 0.849]
		[0.362 -0.920 0.153]
		[0.829 0.242 -0.505]
		[0.429 0.307 0.850]
		[0.355 -0.922 0.154]
		[0.831 0.235 -0.504]
		[0.430 0.305 0.850]
		[0.351 -0.924 0.154]
		[0.832 0.232 -0.504]
		[0.429 0.306 0.850]
		[0.354 -0.923 0.154]
		[0.428 0.309 0.849]
		[0.360 -0.920 0.154]
		[0.829 0.240 -0.505]
		[0.426 0.313 0.849]
		[0.368 -0.917 0.153]
		[0.827 0.247 -0.506]
		[0.423 0.318 0.849]
		[0.379 -0.913 0.153]
		[0.823 0.257 -0.507]
		[0.420 0.324 0.848]
		[0.393 -0.907 0.152]
		[0.818 0.269 -0.508]
		[0.416 0.331 0.847]
		[0.408 -0.900 0.151]
		[0.813 0.283 -0.509]
		[0.411 0.338 0.846]
		[0.426 -0.892 0.150]
		[0.806 0.299 -0.511]
		[0.406 0.347 0.845]
		[0.445 -0.883 0.148]
		[0.798 0.316 -0.513]
		[0.401 0.356 0.845]
		[0.465 -0.873 0.147]
		[0.789 0.334 -0.515]
		[0.394 0.365 0.844]
		[0.486 -0.862 0.145]
		[0.780 0.353 -0.517]
		[0.388 0.373 0.843]
		[0.506 -0.850 0.144]
		[0.770 0.371 -0.519]
		[0.381 0.382 0.842]
		[0.526 -0.839 0.142]
		[0.761 0.388 -0.521]
		[0.375 0.390 0.841]
		[0.544 -0.827 0.141]
		[0.751 0.404 -0.522]
		[0.369 0.397 0.840]
		[0.560 -0.816 0.140]
		[0.741 0.420 -0.524]
		[0.363 0.403 0.840]
		[0.576 -0.806 0.138]
		[0.733 0.433 -0.525]
		[0.589 -0.796 0.137]
		[0.725 0.445 -0.526]
		[0.600 -0.788 0.136]
		[0.717 0.455 -0.527]
		[0.609 -0.781 0.135]
		[0.711 0.464 -0.528]
		[0.917 0.387 -0.099]
		[-0.345 0.892 0.293]
		[0.201 -0.235 0.951]
		[0.000 0.316 0.000]
		[0.916 0.389 -0.098]
		[-0.347 0.891 0.293]
		[0.201 -0.234 0.951]
		[0.915 0.393 -0.097]
		[-0.351 0.890 0.291]
		[0.200 -0.232 0.952]
		[0.913 0.397 -0.095]
		[-0.357 0.888 0.289]
		[0.199 -0.230 0.953]
		[0.910 0.403 -0.093]
		[-0.364 0.886 0.286]
		[0.197 -0.227 0.954]
		[0.907 0.411 -0.090]
		[-0.372 0.884 0.283]
		[0.196 -0.223 0.955]
		[0.904 0.418 -0.087]
		[-0.381 0.881 0.280]
		[0.194 -0.220 0.956]
		[0.900 0.427 -0.084]
		[-0.391 0.878 0.276]
		[0.191 -0.215 0.958]
		[0.896 0.436 -0.081]
		[-0.401 0.875 0.272]
		[0.189 -0.211 0.959]
		[0.892 0.445 -0.077]
		[-0.412 0.871 0.267]
		[0.186 -0.206 0.961]
		[0.887 0.455 -0.074]
		[-0.423 0.867 0.263]
		[0.184 -0.202 0.962]
		[0.883 0.464 -0.071]
		[-0.433 0.863 0.258]
		[0.181 -0.197 0.964]
		[0.878 0.473 -0.067]
		[-0.444 0.859 0.254]
		[0.178 -0.193 0.965]
		[0.874 0.482 -0.065]
		[-0.454 0.856 0.249]
		[0.175 -0.189 0.966]
		[0.869 0.490 -0.062]
		[-0.463 0.852 0.245]
		[0.173 -0.185 0.967]
		[0.865 0.498 -0.059]
		[-0.471 0.848 0.242]
		[0.171 -0.181 0.969]
		[0.862 0.504 -0.057]
		[-0.479 0.845 0.239]
		[0.169 -0.178 0.969]
		[0.859 0.510 -0.055]
		[-0.485 0.842 0.236]
		[0.167 -0.176 0.970]
		[0.856 0.514 -0.054]
		[-0.490 0.840 0.234]
		[0.166 -0.174 0.971]
		[0.854 0.517 -0.053]
		[-0.493 0.839 0.232]
		[0.165 -0.172 0.971]
		[0.854 0.518 -0.053]
		[-0.494 0.838 0.232]
		[0.855 0.516 -0.054]
		[-0.491 0.839 0.234]
		[0.166 -0.173 0.971]
		[0.857 0.512 -0.055]
		[-0.487 0.841 0.236]
		[0.167 -0.175 0.970]
		[0.860 0.507 -0.057]
		[-0.481 0.844 0.238]
		[0.864 0.501 -0.059]
		[-0.474 0.847 0.242]
		[0.868 0.493 -0.062]
		[-0.466 0.850 0.245]
		[0.173 -0.184 0.967]
		[0.872 0.485 -0.064]
		[-0.457 0.854 0.249]
		[0.176 -0.188 0.966]
		[0.877 0.476 -0.067]
		[-0.447 0.858 0.254]
		[0.179 -0.192 0.965]
		[0.881 0.467 -0.071]
		[-0.436 0.862 0.258]
		[0.886 0.457 -0.074]
		[-0.425 0.866 0.263]
		[0.184 -0.201 0.962]
		[0.891 0.448 -0.077]
		[-0.414 0.870 0.267]
		[0.187 -0.206 0.961]
		[0.895 0.438 -0.081]
		[-0.403 0.874 0.271]
		[0.900 0.429 -0.084]
		[-0.392 0.877 0.276]
		[0.192 -0.215 0.958]
		[0.903 0.420 -0.087]
		[-0.382 0.881 0.280]
		[0.194 -0.219 0.956]
		[-0.373 0.884 0.283]
		[0.910 0.404 -0.092]
		[0.198 -0.227 0.954]
		[0.913 0.398 -0.095]
		[0.000 0.469 0.000]
		[0.390 0.218 0.895]
		[-0.484 -0.778 0.400]
		[0.784 -0.589 -0.198]
		[-0.279 0.394 -0.035]
		[0.390 0.214 0.896]
		[-0.483 -0.781 0.396]
		[0.784 -0.587 -0.201]
		[0.390 0.206 0.898]
		[-0.482 -0.785 0.389]
		[0.785 -0.584 -0.207]
		[0.390 0.194 0.900]
		[-0.480 -0.791 0.379]
		[0.786 -0.580 -0.215]
		[0.389 0.180 0.903]
		[-0.478 -0.799 0.366]
		[0.787 -0.574 -0.225]
		[0.389 0.164 0.906]
		[-0.475 -0.807 0.350]
		[0.789 -0.567 -0.236]
		[0.389 0.145 0.910]
		[-0.473 -0.816 0.332]
		[0.791 -0.559 -0.249]
		[0.389 0.124 0.913]
		[-0.469 -0.826 0.313]
		[0.793 -0.550 -0.263]
		[0.389 0.103 0.916]
		[-0.466 -0.835 0.291]
		[0.795 -0.540 -0.277]
		[0.388 0.080 0.918]
		[-0.463 -0.845 0.269]
		[0.797 -0.529 -0.291]
		[0.388 0.056 0.920]
		[-0.459 -0.854 0.246]
		[0.799 -0.518 -0.305]
		[0.387 0.033 0.921]
		[-0.456 -0.862 0.223]
		[0.801 -0.506 -0.319]
		[0.387 0.010 0.922]
		[-0.452 -0.869 0.199]
		[0.804 -0.494 -0.332]
		[0.386 -0.012 0.923]
		[-0.449 -0.876 0.176]
		[0.806 -0.482 -0.343]
		[0.384 -0.033 0.923]
		[-0.446 -0.882 0.154]
		[0.808 -0.471 -0.354]
		[0.383 -0.051 0.922]
		[-0.443 -0.886 0.135]
		[0.810 -0.460 -0.363]
		[0.382 -0.067 0.922]
		[-0.441 -0.890 0.118]
		[0.812 -0.451 -0.370]
		[0.382 -0.079 0.921]
		[-0.439 -0.892 0.105]
		[0.813 -0.444 -0.375]
		[0.382 -0.088 0.920]
		[-0.437 -0.894 0.096]
		[0.814 -0.439 -0.380]
		[0.381 -0.093 0.920]
		[-0.436 -0.895 0.090]
		[0.815 -0.436 -0.382]
		[0.381 -0.095 0.919]
		[-0.436 -0.896 0.088]
		[0.815 -0.435 -0.383]
		[0.382 -0.094 0.920]
		[0.382 -0.089 0.920]
		[-0.437 -0.894 0.095]
		[0.814 -0.438 -0.380]
		[0.382 -0.080 0.921]
		[-0.438 -0.893 0.104]
		[0.814 -0.443 -0.376]
		[0.382 -0.068 0.922]
		[-0.440 -0.890 0.117]
		[0.383 -0.052 0.922]
		[-0.443 -0.887 0.134]
		[0.811 -0.460 -0.362]
		[0.383 -0.033 0.923]
		[0.809 -0.471 -0.352]
		[0.383 -0.012 0.924]
		[-0.449 -0.876 0.175]
		[0.807 -0.482 -0.341]
		[0.384 0.011 0.923]
		[-0.453 -0.869 0.198]
		[0.805 -0.494 -0.328]
		[0.384 0.035 0.923]
		[-0.457 -0.861 0.222]
		[0.803 -0.507 -0.315]
		[0.384 0.059 0.921]
		[-0.460 -0.853 0.247]
		[0.800 -0.519 -0.301]
		[0.385 0.083 0.919]
		[-0.464 -0.844 0.270]
		[0.798 -0.531 -0.286]
		[0.386 0.107 0.917]
		[-0.467 -0.834 0.294]
		[0.795 -0.542 -0.272]
		[0.386 0.129 0.913]
		[-0.471 -0.824 0.316]
		[0.793 -0.552 -0.257]
		[0.387 0.150 0.910]
		[-0.474 -0.814 0.336]
		[0.791 -0.561 -0.244]
		[0.388 0.169 0.906]
		[-0.477 -0.805 0.354]
		[0.789 -0.569 -0.231]
		[0.388 0.185 0.903]
		[-0.479 -0.796 0.370]
		[0.787 -0.576 -0.220]
		[0.389 0.199 0.900]
		[-0.481 -0.789 0.382]
		[0.786 -0.582 -0.211]
		[0.389 0.209 0.897]
		[-0.482 -0.783 0.392]
		[0.785 -0.585 -0.204]
		[0.390 0.215 0.896]
		[-0.483 -0.780 0.397]
		[0.784 -0.588 -0.200]
		[0.968 0.177 0.179]
		[-0.206 0.966 0.157]
		[-0.145 -0.189 0.971]
		[0.968 0.176 0.177]
		[-0.205 0.966 0.160]
		[-0.143 -0.191 0.971]
		[0.969 0.173 0.174]
		[-0.202 0.965 0.165]
		[-0.140 -0.195 0.971]
		[0.971 0.170 0.170]
		[-0.199 0.965 0.173]
		[-0.135 -0.202 0.970]
		[0.972 0.165 0.164]
		[-0.195 0.964 0.182]
		[-0.128 -0.209 0.969]
		[0.974 0.160 0.158]
		[-0.190 0.963 0.194]
		[-0.121 -0.218 0.968]
		[0.976 0.154 0.150]
		[-0.184 0.961 0.206]
		[-0.113 -0.229 0.967]
		[0.979 0.148 0.142]
		[-0.177 0.959 0.220]
		[-0.104 -0.240 0.965]
		[0.981 0.142 0.133]
		[-0.170 0.957 0.234]
		[-0.094 -0.252 0.963]
		[0.983 0.135 0.124]
		[-0.163 0.955 0.248]
		[-0.085 -0.264 0.961]
		[0.985 0.129 0.115]
		[-0.155 0.952 0.263]
		[-0.075 -0.277 0.958]
		[0.987 0.123 0.105]
		[-0.148 0.949 0.278]
		[-0.066 -0.289 0.955]
		[0.989 0.117 0.096]
		[-0.140 0.946 0.292]
		[-0.056 -0.302 0.952]
		[0.990 0.111 0.086]
		[-0.132 0.943 0.305]
		[-0.048 -0.314 0.948]
		[0.991 0.106 0.078]
		[-0.125 0.940 0.318]
		[-0.039 -0.325 0.945]
		[0.992 0.101 0.070]
		[-0.118 0.937 0.329]
		[-0.032 -0.335 0.942]
		[0.993 0.097 0.062]
		[-0.112 0.934 0.339]
		[-0.026 -0.344 0.939]
		[0.994 0.094 0.057]
		[-0.107 0.932 0.347]
		[-0.021 -0.351 0.936]
		[0.994 0.091 0.053]
		[-0.104 0.930 0.352]
		[-0.017 -0.355 0.935]
		[0.995 0.091 0.052]
		[-0.103 0.930 0.354]
		[-0.016 -0.357 0.934]
		[0.994 0.093 0.056]
		[-0.020 -0.351 0.936]
		[0.994 0.096 0.061]
		[-0.111 0.933 0.341]
		[-0.024 -0.346 0.938]
		[0.993 0.099 0.066]
		[-0.116 0.936 0.334]
		[-0.029 -0.339 0.940]
		[0.992 0.103 0.073]
		[-0.121 0.938 0.324]
		[-0.035 -0.330 0.943]
		[0.991 0.107 0.081]
		[-0.127 0.941 0.314]
		[-0.042 -0.321 0.946]
		[0.990 0.112 0.089]
		[-0.134 0.944 0.302]
		[-0.050 -0.310 0.949]
		[0.988 0.118 0.098]
		[-0.141 0.947 0.289]
		[-0.058 -0.299 0.952]
		[0.987 0.124 0.107]
		[-0.149 0.950 0.275]
		[-0.067 -0.287 0.955]
		[0.985 0.130 0.116]
		[-0.157 0.953 0.261]
		[-0.077 -0.275 0.958]
		[0.983 0.137 0.126]
		[-0.164 0.955 0.246]
		[-0.087 -0.262 0.961]
		[0.980 0.143 0.135]
		[-0.172 0.958 0.231]
		[-0.096 -0.249 0.964]
		[0.978 0.150 0.144]
		[-0.179 0.960 0.217]
		[-0.106 -0.238 0.966]
		[0.976 0.156 0.152]
		[-0.185 0.961 0.203]
		[-0.114 -0.227 0.967]
		[0.974 0.161 0.159]
		[-0.191 0.963 0.191]
		[-0.122 -0.217 0.969]
		[0.972 0.166 0.165]
		[-0.195 0.964 0.181]
		[-0.129 -0.208 0.970]
		[-0.199 0.965 0.172]
		[-0.135 -0.201 0.970]
		[0.969 0.173 0.175]
		[100.000 0.000 0.000]
		[0.000 0.000 -100.000]
		[0.000 100.000 0.000]
		[0.130 0.152 -0.007]
		[-0.103 0.082 -0.150]
		[-0.111 0.101 0.132]
		[0.060 -0.257 1.851]
		[-0.104 0.081 -0.150]
		[0.061 -0.256 1.851]
		[0.129 0.153 -0.008]
		[-0.112 0.101 0.132]
		[0.063 -0.254 1.851]
		[0.128 0.153 -0.009]
		[-0.105 0.080 -0.150]
		[0.065 -0.252 1.852]
		[0.127 0.154 -0.010]
		[-0.107 0.078 -0.150]
		[0.068 -0.249 1.852]
		[0.125 0.155 -0.011]
		[-0.108 0.076 -0.150]
		[-0.112 0.100 0.132]
		[0.071 -0.245 1.853]
		[0.124 0.157 -0.013]
		[-0.109 0.075 -0.150]
		[-0.113 0.100 0.132]
		[0.074 -0.241 1.854]
		[0.122 0.158 -0.014]
		[-0.111 0.072 -0.150]
		[-0.113 0.099 0.132]
		[0.077 -0.236 1.855]
		[0.120 0.159 -0.016]
		[-0.113 0.070 -0.149]
		[0.081 -0.231 1.855]
		[0.118 0.161 -0.018]
		[-0.115 0.068 -0.149]
		[-0.114 0.098 0.132]
		[0.084 -0.226 1.856]
		[0.116 0.162 -0.019]
		[-0.116 0.065 -0.149]
		[0.088 -0.221 1.857]
		[0.114 0.163 -0.021]
		[-0.118 0.063 -0.149]
		[-0.114 0.097 0.132]
		[0.092 -0.215 1.857]
		[0.112 0.164 -0.023]
		[-0.120 0.061 -0.148]
		[-0.115 0.096 0.132]
		[0.095 -0.210 1.858]
		[0.110 0.165 -0.025]
		[-0.121 0.058 -0.148]
		[0.098 -0.205 1.858]
		[0.108 0.167 -0.026]
		[-0.123 0.056 -0.148]
		[-0.115 0.095 0.132]
		[0.101 -0.200 1.859]
		[0.106 0.167 -0.027]
		[-0.124 0.054 -0.147]
		[-0.116 0.095 0.133]
		[0.104 -0.195 1.859]
		[0.104 0.168 -0.029]
		[-0.125 0.053 -0.147]
		[0.106 -0.191 1.859]
		[0.103 0.169 -0.030]
		[-0.126 0.051 -0.147]
		[-0.116 0.094 0.133]
		[0.108 -0.188 1.859]
		[0.102 0.169 -0.030]
		[-0.127 0.050 -0.146]
		[0.109 -0.185 1.859]
		[0.101 0.170 -0.031]
		[-0.127 0.049 -0.146]
		[0.110 -0.183 1.859]
		[0.102 0.169 -0.031]
		[0.109 -0.184 1.859]
		[-0.126 0.050 -0.147]
		[0.108 -0.186 1.859]
		[0.103 0.169 -0.029]
		[-0.126 0.052 -0.147]
		[0.107 -0.189 1.859]
		[0.105 0.168 -0.028]
		[0.104 -0.192 1.859]
		[-0.124 0.055 -0.147]
		[0.102 -0.197 1.859]
		[0.108 0.166 -0.026]
		[-0.122 0.057 -0.148]
		[0.099 -0.201 1.858]
		[0.110 0.165 -0.024]
		[-0.121 0.059 -0.148]
		[0.096 -0.206 1.858]
		[0.112 0.164 -0.022]
		[-0.119 0.061 -0.148]
		[-0.115 0.097 0.132]
		[0.093 -0.212 1.858]
		[-0.118 0.064 -0.149]
		[0.089 -0.217 1.857]
		[0.117 0.161 -0.019]
		[-0.116 0.066 -0.149]
		[0.086 -0.223 1.857]
		[0.119 0.160 -0.017]
		[-0.114 0.069 -0.149]
		[0.082 -0.228 1.856]
		[0.121 0.159 -0.015]
		[-0.112 0.071 -0.150]
		[0.079 -0.233 1.855]
		[0.123 0.157 -0.014]
		[-0.111 0.073 -0.150]
		[0.075 -0.238 1.854]
		[0.124 0.156 -0.012]
		[0.072 -0.243 1.854]
		[0.126 0.155 -0.011]
		[-0.107 0.077 -0.150]
		[0.069 -0.247 1.853]
		[0.127 0.154 -0.009]
		[-0.106 0.079 -0.150]
		[0.066 -0.250 1.852]
		[0.064 -0.253 1.852]
		[0.129 0.152 -0.007]
		[0.062 -0.255 1.851]
		[-0.104 0.082 -0.150]
		[-0.130 -0.152 0.007]
		[0.092 -0.086 -0.156]
		[0.121 -0.098 0.125]
		[-0.284 0.040 1.867]
		[-0.129 -0.153 0.008]
		[0.122 -0.097 0.125]
		[-0.284 0.040 1.868]
		[-0.128 -0.153 0.009]
		[0.092 -0.085 -0.156]
		[0.123 -0.096 0.125]
		[-0.283 0.040 1.869]
		[-0.127 -0.154 0.010]
		[0.124 -0.094 0.125]
		[-0.283 0.041 1.869]
		[-0.125 -0.155 0.011]
		[0.126 -0.093 0.125]
		[-0.282 0.041 1.870]
		[-0.124 -0.157 0.013]
		[0.127 -0.091 0.125]
		[-0.282 0.042 1.871]
		[-0.122 -0.158 0.014]
		[0.129 -0.089 0.124]
		[-0.282 0.043 1.873]
		[-0.120 -0.159 0.016]
		[0.131 -0.086 0.124]
		[-0.281 0.044 1.874]
		[-0.118 -0.161 0.018]
		[0.133 -0.084 0.124]
		[-0.281 0.045 1.875]
		[-0.116 -0.162 0.019]
		[0.134 -0.081 0.124]
		[-0.280 0.046 1.876]
		[-0.114 -0.163 0.021]
		[0.136 -0.079 0.123]
		[-0.280 0.047 1.877]
		[-0.112 -0.164 0.023]
		[0.092 -0.084 -0.156]
		[0.138 -0.077 0.123]
		[-0.280 0.048 1.879]
		[-0.110 -0.165 0.025]
		[0.139 -0.074 0.123]
		[-0.279 0.049 1.880]
		[-0.108 -0.167 0.026]
		[0.141 -0.072 0.122]
		[-0.279 0.050 1.881]
		[-0.106 -0.167 0.027]
		[0.142 -0.070 0.122]
		[-0.279 0.051 1.881]
		[-0.104 -0.168 0.029]
		[0.093 -0.084 -0.156]
		[0.143 -0.068 0.122]
		[-0.279 0.051 1.882]
		[-0.103 -0.169 0.030]
		[0.144 -0.067 0.121]
		[-0.278 0.052 1.883]
		[-0.102 -0.169 0.030]
		[0.145 -0.066 0.121]
		[-0.278 0.053 1.883]
		[-0.101 -0.170 0.031]
		[0.145 -0.065 0.121]
		[-0.278 0.053 1.884]
		[-0.102 -0.169 0.031]
		[-0.279 0.053 1.883]
		[-0.103 -0.169 0.029]
		[-0.279 0.052 1.883]
		[-0.105 -0.168 0.028]
		[0.143 -0.069 0.122]
		[0.142 -0.071 0.122]
		[-0.280 0.050 1.881]
		[-0.108 -0.166 0.026]
		[0.140 -0.073 0.122]
		[-0.280 0.049 1.880]
		[-0.110 -0.165 0.024]
		[0.139 -0.075 0.123]
		[-0.112 -0.164 0.022]
		[0.137 -0.077 0.123]
		[-0.281 0.047 1.878]
		[0.136 -0.080 0.123]
		[-0.281 0.046 1.877]
		[-0.117 -0.161 0.019]
		[0.134 -0.082 0.124]
		[-0.282 0.045 1.876]
		[-0.119 -0.160 0.017]
		[0.132 -0.085 0.124]
		[-0.282 0.044 1.875]
		[-0.121 -0.159 0.015]
		[0.130 -0.087 0.124]
		[-0.123 -0.157 0.014]
		[0.128 -0.089 0.125]
		[-0.283 0.042 1.872]
		[-0.124 -0.156 0.012]
		[-0.283 0.042 1.871]
		[-0.126 -0.155 0.011]
		[0.125 -0.093 0.125]
		[-0.284 0.041 1.870]
		[-0.127 -0.154 0.009]
		[0.124 -0.095 0.125]
		[-0.284 0.041 1.869]
		[-0.129 -0.152 0.007]]
}