{ :name "Attack_2" :length 0.5 :bones { 
	"Skelet" [
		[ 0 [ 0 1 2 3 ] ]
	]
	"Bedro_L" [
		[ 0 [ 4 5 6 7 ] ]
		[ 0.03333334 [ 8 9 10 7 ] ]
		[ 0.06666667 [ 11 12 13 7 ] ]
		[ 0.1 [ 14 15 16 7 ] ]
		[ 0.1333333 [ 17 18 19 7 ] ]
		[ 0.1666667 [ 4 5 6 7 ] ]
		[ 0.2 [ 20 21 22 7 ] ]
		[ 0.2333333 [ 23 24 25 7 ] ]
		[ 0.2666667 [ 26 27 28 7 ] ]
		[ 0.3 [ 29 30 31 7 ] ]
		[ 0.3333333 [ 32 33 34 7 ] ]
		[ 0.3666667 [ 35 36 37 7 ] ]
		[ 0.4 [ 38 39 40 7 ] ]
		[ 0.4333333 [ 41 42 43 7 ] ]
		[ 0.4666667 [ 44 45 46 7 ] ]
		[ 0.5 [ 4 5 6 7 ] ]
		[ 0.5333334 [ 4 5 6 7 ] ]
		[ 0.5666667 [ 4 5 6 7 ] ]
		[ 0.6 [ 4 5 6 7 ] ]
		[ 0.6333333 [ 4 5 6 7 ] ]
		[ 0.6666667 [ 4 5 6 7 ] ]
		[ 0.7 [ 4 5 6 7 ] ]
		[ 0.7333333 [ 4 5 6 7 ] ]
		[ 0.7666667 [ 4 5 6 7 ] ]
		[ 0.8 [ 4 5 6 7 ] ]
		[ 0.8333333 [ 4 5 6 7 ] ]
		[ 0.8666667 [ 4 5 6 7 ] ]
		[ 0.9 [ 4 5 6 7 ] ]
		[ 0.9333333 [ 4 5 6 7 ] ]
		[ 0.9666666 [ 4 5 6 7 ] ]
	]
	"Koleno_L" [
		[ 0 [ 47 48 49 50 ] ]
		[ 0.03333334 [ 51 52 53 50 ] ]
		[ 0.06666667 [ 54 55 56 50 ] ]
		[ 0.1 [ 57 58 59 50 ] ]
		[ 0.1333333 [ 60 61 62 50 ] ]
		[ 0.1666667 [ 63 64 65 50 ] ]
		[ 0.2 [ 66 67 68 50 ] ]
		[ 0.2333333 [ 69 70 71 50 ] ]
		[ 0.2666667 [ 72 73 74 50 ] ]
		[ 0.3 [ 75 76 77 50 ] ]
		[ 0.3333333 [ 78 73 79 50 ] ]
		[ 0.3666667 [ 80 81 82 50 ] ]
		[ 0.4 [ 83 84 85 50 ] ]
		[ 0.4333333 [ 86 87 88 50 ] ]
		[ 0.4666667 [ 89 90 91 50 ] ]
		[ 0.5 [ 47 48 49 50 ] ]
		[ 0.5333334 [ 47 48 49 50 ] ]
		[ 0.5666667 [ 47 48 49 50 ] ]
		[ 0.6 [ 47 48 49 50 ] ]
		[ 0.6333333 [ 47 48 49 50 ] ]
		[ 0.6666667 [ 47 48 49 50 ] ]
		[ 0.7 [ 47 48 49 50 ] ]
		[ 0.7333333 [ 47 48 49 50 ] ]
		[ 0.7666667 [ 47 48 49 50 ] ]
		[ 0.8 [ 47 48 49 50 ] ]
		[ 0.8333333 [ 47 48 49 50 ] ]
		[ 0.8666667 [ 47 48 49 50 ] ]
		[ 0.9 [ 47 48 49 50 ] ]
		[ 0.9333333 [ 47 48 49 50 ] ]
		[ 0.9666666 [ 47 48 49 50 ] ]
	]
	"Koleno_L_end" [
		[ 0 [ 0 92 1 93 ] ]
	]
	"Bedro_P" [
		[ 0 [ 94 95 96 97 ] ]
		[ 0.03333334 [ 98 99 100 97 ] ]
		[ 0.06666667 [ 101 102 103 97 ] ]
		[ 0.1 [ 104 105 106 97 ] ]
		[ 0.1333333 [ 107 108 109 97 ] ]
		[ 0.1666667 [ 94 95 96 97 ] ]
		[ 0.2 [ 110 111 112 97 ] ]
		[ 0.2333333 [ 113 114 115 97 ] ]
		[ 0.2666667 [ 116 117 118 97 ] ]
		[ 0.3 [ 119 120 121 97 ] ]
		[ 0.3333333 [ 122 123 124 97 ] ]
		[ 0.3666667 [ 125 126 127 97 ] ]
		[ 0.4 [ 128 129 130 97 ] ]
		[ 0.4333333 [ 131 132 133 97 ] ]
		[ 0.4666667 [ 134 135 136 97 ] ]
		[ 0.5 [ 94 95 96 97 ] ]
		[ 0.5333334 [ 94 95 96 97 ] ]
		[ 0.5666667 [ 94 95 96 97 ] ]
		[ 0.6 [ 94 95 96 97 ] ]
		[ 0.6333333 [ 94 95 96 97 ] ]
		[ 0.6666667 [ 94 95 96 97 ] ]
		[ 0.7 [ 94 95 96 97 ] ]
		[ 0.7333333 [ 94 95 96 97 ] ]
		[ 0.7666667 [ 94 95 96 97 ] ]
		[ 0.8 [ 94 95 96 97 ] ]
		[ 0.8333333 [ 94 95 96 97 ] ]
		[ 0.8666667 [ 94 95 96 97 ] ]
		[ 0.9 [ 94 95 96 97 ] ]
		[ 0.9333333 [ 94 95 96 97 ] ]
		[ 0.9666666 [ 94 95 96 97 ] ]
	]
	"Koleno_P" [
		[ 0 [ 47 48 49 50 ] ]
		[ 0.03333334 [ 137 138 49 50 ] ]
		[ 0.06666667 [ 139 140 49 50 ] ]
		[ 0.1 [ 141 142 49 50 ] ]
		[ 0.1333333 [ 143 144 49 50 ] ]
		[ 0.1666667 [ 145 146 49 50 ] ]
		[ 0.2 [ 147 148 49 50 ] ]
		[ 0.2333333 [ 149 150 49 50 ] ]
		[ 0.2666667 [ 151 152 49 50 ] ]
		[ 0.3 [ 153 154 49 50 ] ]
		[ 0.3333333 [ 155 156 49 50 ] ]
		[ 0.3666667 [ 157 158 49 50 ] ]
		[ 0.4 [ 159 160 49 50 ] ]
		[ 0.4333333 [ 161 162 49 50 ] ]
		[ 0.4666667 [ 163 164 49 50 ] ]
		[ 0.5 [ 47 48 49 50 ] ]
		[ 0.5333334 [ 47 48 49 50 ] ]
		[ 0.5666667 [ 47 48 49 50 ] ]
		[ 0.6 [ 47 48 49 50 ] ]
		[ 0.6333333 [ 47 48 49 50 ] ]
		[ 0.6666667 [ 47 48 49 50 ] ]
		[ 0.7 [ 47 48 49 50 ] ]
		[ 0.7333333 [ 47 48 49 50 ] ]
		[ 0.7666667 [ 47 48 49 50 ] ]
		[ 0.8 [ 47 48 49 50 ] ]
		[ 0.8333333 [ 47 48 49 50 ] ]
		[ 0.8666667 [ 47 48 49 50 ] ]
		[ 0.9 [ 47 48 49 50 ] ]
		[ 0.9333333 [ 47 48 49 50 ] ]
		[ 0.9666666 [ 47 48 49 50 ] ]
	]
	"Koleno_P_end" [
		[ 0 [ 0 92 1 93 ] ]
	]
	"Tors" [
		[ 0 [ 0 165 166 167 ] ]
		[ 0.03333334 [ 168 169 170 167 ] ]
		[ 0.06666667 [ 171 172 173 167 ] ]
		[ 0.1 [ 174 175 176 167 ] ]
		[ 0.1333333 [ 177 178 179 167 ] ]
		[ 0.1666667 [ 180 181 182 167 ] ]
		[ 0.2 [ 183 184 185 167 ] ]
		[ 0.2333333 [ 186 187 188 167 ] ]
		[ 0.2666667 [ 189 190 191 167 ] ]
		[ 0.3 [ 192 193 194 167 ] ]
		[ 0.3333333 [ 195 196 197 167 ] ]
		[ 0.3666667 [ 198 199 200 167 ] ]
		[ 0.4 [ 201 202 203 167 ] ]
		[ 0.4333333 [ 204 205 206 167 ] ]
		[ 0.4666667 [ 207 208 209 167 ] ]
		[ 0.5 [ 0 165 166 167 ] ]
		[ 0.5333334 [ 0 165 166 167 ] ]
		[ 0.5666667 [ 0 165 166 167 ] ]
		[ 0.6 [ 0 165 166 167 ] ]
		[ 0.6333333 [ 0 165 166 167 ] ]
		[ 0.6666667 [ 0 165 166 167 ] ]
		[ 0.7 [ 0 165 166 167 ] ]
		[ 0.7333333 [ 0 165 166 167 ] ]
		[ 0.7666667 [ 0 165 166 167 ] ]
		[ 0.8 [ 0 165 166 167 ] ]
		[ 0.8333333 [ 0 165 166 167 ] ]
		[ 0.8666667 [ 0 165 166 167 ] ]
		[ 0.9 [ 0 165 166 167 ] ]
		[ 0.9333333 [ 0 165 166 167 ] ]
		[ 0.9666666 [ 0 165 166 167 ] ]
	]
	"Golova" [
		[ 0 [ 0 210 211 212 ] ]
		[ 0.03333334 [ 213 214 215 212 ] ]
		[ 0.06666667 [ 216 217 218 212 ] ]
		[ 0.1 [ 219 220 221 212 ] ]
		[ 0.1333333 [ 222 223 224 212 ] ]
		[ 0.1666667 [ 225 226 227 212 ] ]
		[ 0.2 [ 228 229 230 212 ] ]
		[ 0.2333333 [ 231 232 233 212 ] ]
		[ 0.2666667 [ 234 235 236 212 ] ]
		[ 0.3 [ 237 238 239 212 ] ]
		[ 0.3333333 [ 240 241 242 212 ] ]
		[ 0.3666667 [ 243 244 245 212 ] ]
		[ 0.4 [ 246 247 248 212 ] ]
		[ 0.4333333 [ 249 250 251 212 ] ]
		[ 0.4666667 [ 252 253 254 212 ] ]
		[ 0.5 [ 0 210 211 212 ] ]
		[ 0.5333334 [ 0 210 211 212 ] ]
		[ 0.5666667 [ 0 210 211 212 ] ]
		[ 0.6 [ 0 210 211 212 ] ]
		[ 0.6333333 [ 0 210 211 212 ] ]
		[ 0.6666667 [ 0 210 211 212 ] ]
		[ 0.7 [ 0 210 211 212 ] ]
		[ 0.7333333 [ 0 210 211 212 ] ]
		[ 0.7666667 [ 0 210 211 212 ] ]
		[ 0.8 [ 0 210 211 212 ] ]
		[ 0.8333333 [ 0 210 211 212 ] ]
		[ 0.8666667 [ 0 210 211 212 ] ]
		[ 0.9 [ 0 210 211 212 ] ]
		[ 0.9333333 [ 0 210 211 212 ] ]
		[ 0.9666666 [ 0 210 211 212 ] ]
	]
	"Golova_end" [
		[ 0 [ 0 92 1 255 ] ]
	]
	"Kluchitsa_L" [
		[ 0 [ 1 0 92 256 ] ]
	]
	"Kluchitsa_L_end" [
		[ 0 [ 0 92 1 257 ] ]
	]
	"Kluchitsa_P" [
		[ 0 [ 49 258 92 256 ] ]
	]
	"Kluchitsa_P_end" [
		[ 0 [ 0 92 1 257 ] ]
	]
	"Ruka_L" [
		[ 0 [ 259 260 261 262 ] ]
	]
	"Lokot_L" [
		[ 0 [ 92 258 1 263 ] ]
	]
	"Lokot_L_end" [
		[ 0 [ 0 92 1 264 ] ]
	]
	"Ruka_P" [
		[ 0 [ 265 266 267 268 ] ]
		[ 0.03333334 [ 269 270 271 268 ] ]
		[ 0.06666667 [ 272 273 274 268 ] ]
		[ 0.1 [ 275 276 277 268 ] ]
		[ 0.1333333 [ 278 279 280 268 ] ]
		[ 0.1666667 [ 281 282 267 268 ] ]
		[ 0.2 [ 283 284 285 268 ] ]
		[ 0.2333333 [ 286 287 288 268 ] ]
		[ 0.2666667 [ 289 290 291 268 ] ]
		[ 0.3 [ 292 293 294 268 ] ]
		[ 0.3333333 [ 295 296 297 268 ] ]
		[ 0.3666667 [ 298 299 300 268 ] ]
		[ 0.4 [ 301 302 303 268 ] ]
		[ 0.4333333 [ 304 305 306 268 ] ]
		[ 0.4666667 [ 307 308 309 268 ] ]
		[ 0.5 [ 265 266 267 268 ] ]
		[ 0.5333334 [ 265 266 267 268 ] ]
		[ 0.5666667 [ 265 266 267 268 ] ]
		[ 0.6 [ 265 266 267 268 ] ]
		[ 0.6333333 [ 265 266 267 268 ] ]
		[ 0.6666667 [ 265 266 267 268 ] ]
		[ 0.7 [ 265 266 267 268 ] ]
		[ 0.7333333 [ 265 266 267 268 ] ]
		[ 0.7666667 [ 265 266 267 268 ] ]
		[ 0.8 [ 265 266 267 268 ] ]
		[ 0.8333333 [ 265 266 267 268 ] ]
		[ 0.8666667 [ 265 266 267 268 ] ]
		[ 0.9 [ 265 266 267 268 ] ]
		[ 0.9333333 [ 265 266 267 268 ] ]
		[ 0.9666666 [ 265 266 267 268 ] ]
	]
	"Lokot_P" [
		[ 0 [ 310 311 1 263 ] ]
		[ 0.03333334 [ 312 313 1 263 ] ]
		[ 0.06666667 [ 314 315 1 263 ] ]
		[ 0.1 [ 316 317 1 263 ] ]
		[ 0.1333333 [ 318 319 1 263 ] ]
		[ 0.1666667 [ 92 258 1 263 ] ]
		[ 0.2 [ 320 321 1 263 ] ]
		[ 0.2333333 [ 322 323 1 263 ] ]
		[ 0.2666667 [ 324 325 1 263 ] ]
		[ 0.3 [ 326 327 1 263 ] ]
		[ 0.3333333 [ 328 329 1 263 ] ]
		[ 0.3666667 [ 330 331 1 263 ] ]
		[ 0.4 [ 332 333 1 263 ] ]
		[ 0.4333333 [ 334 335 1 263 ] ]
		[ 0.4666667 [ 336 337 1 263 ] ]
		[ 0.5 [ 310 311 1 263 ] ]
		[ 0.5333334 [ 310 311 1 263 ] ]
		[ 0.5666667 [ 310 311 1 263 ] ]
		[ 0.6 [ 310 311 1 263 ] ]
		[ 0.6333333 [ 310 311 1 263 ] ]
		[ 0.6666667 [ 310 311 1 263 ] ]
		[ 0.7 [ 310 311 1 263 ] ]
		[ 0.7333333 [ 310 311 1 263 ] ]
		[ 0.7666667 [ 310 311 1 263 ] ]
		[ 0.8 [ 310 311 1 263 ] ]
		[ 0.8333333 [ 310 311 1 263 ] ]
		[ 0.8666667 [ 310 311 1 263 ] ]
		[ 0.9 [ 310 311 1 263 ] ]
		[ 0.9333333 [ 310 311 1 263 ] ]
		[ 0.9666666 [ 310 311 1 263 ] ]
	]
	"Lokot_P_end" [
		[ 0 [ 0 92 1 264 ] ]
	]
	"Woin" [
		[ 0 [ 338 339 340 340 ] ]
	]
	"Cube" [
		[ 0 [ 341 342 343 344 ] ]
		[ 0.03333334 [ 345 346 347 348 ] ]
		[ 0.06666667 [ 349 350 351 352 ] ]
		[ 0.1 [ 353 354 355 356 ] ]
		[ 0.1333333 [ 357 358 359 360 ] ]
		[ 0.1666667 [ 361 362 363 364 ] ]
		[ 0.2 [ 365 366 367 368 ] ]
		[ 0.2333333 [ 369 370 371 372 ] ]
		[ 0.2666667 [ 373 374 375 376 ] ]
		[ 0.3 [ 377 378 379 380 ] ]
		[ 0.3333333 [ 381 382 383 384 ] ]
		[ 0.3666667 [ 385 386 387 388 ] ]
		[ 0.4 [ 389 390 391 392 ] ]
		[ 0.4333333 [ 393 394 395 396 ] ]
		[ 0.4666667 [ 397 398 399 400 ] ]
		[ 0.5 [ 341 342 343 344 ] ]
		[ 0.5333334 [ 341 342 343 344 ] ]
		[ 0.5666667 [ 341 342 343 344 ] ]
		[ 0.6 [ 341 342 343 344 ] ]
		[ 0.6333333 [ 341 342 343 344 ] ]
		[ 0.6666667 [ 341 342 343 344 ] ]
		[ 0.7 [ 341 342 343 344 ] ]
		[ 0.7333333 [ 341 342 343 344 ] ]
		[ 0.7666667 [ 341 342 343 344 ] ]
		[ 0.8 [ 341 342 343 344 ] ]
		[ 0.8333333 [ 341 342 343 344 ] ]
		[ 0.8666667 [ 341 342 343 344 ] ]
		[ 0.9 [ 341 342 343 344 ] ]
		[ 0.9333333 [ 341 342 343 344 ] ]
		[ 0.9666666 [ 341 342 343 344 ] ]
	]
	"Cube.001" [
		[ 0 [ 401 402 403 404 ] ]
		[ 0.03333334 [ 405 406 407 408 ] ]
		[ 0.06666667 [ 409 410 411 412 ] ]
		[ 0.1 [ 413 414 415 416 ] ]
		[ 0.1333333 [ 417 418 419 420 ] ]
		[ 0.1666667 [ 421 422 419 423 ] ]
		[ 0.2 [ 424 425 426 427 ] ]
		[ 0.2333333 [ 428 429 430 431 ] ]
		[ 0.2666667 [ 432 433 434 435 ] ]
		[ 0.3 [ 436 437 438 439 ] ]
		[ 0.3333333 [ 440 441 442 443 ] ]
		[ 0.3666667 [ 440 444 445 446 ] ]
		[ 0.4 [ 447 448 449 450 ] ]
		[ 0.4333333 [ 451 452 453 454 ] ]
		[ 0.4666667 [ 455 456 457 458 ] ]
		[ 0.5 [ 401 402 403 404 ] ]
		[ 0.5333334 [ 401 402 403 404 ] ]
		[ 0.5666667 [ 401 402 403 404 ] ]
		[ 0.6 [ 401 402 403 404 ] ]
		[ 0.6333333 [ 401 402 403 404 ] ]
		[ 0.6666667 [ 401 402 403 404 ] ]
		[ 0.7 [ 401 402 403 404 ] ]
		[ 0.7333333 [ 401 402 403 404 ] ]
		[ 0.7666667 [ 401 402 403 404 ] ]
		[ 0.8 [ 401 402 403 404 ] ]
		[ 0.8333333 [ 401 402 403 404 ] ]
		[ 0.8666667 [ 401 402 403 404 ] ]
		[ 0.9 [ 401 402 403 404 ] ]
		[ 0.9333333 [ 401 402 403 404 ] ]
		[ 0.9666666 [ 401 402 403 404 ] ]
	]
	}
	:resources [
		[1.000 0.000 0.000]
		[0.000 0.000 1.000]
		[0.000 -1.000 0.000]
		[0.000 0.000 -0.040]
		[0.059 -0.337 0.940]
		[0.163 -0.925 -0.342]
		[0.985 0.174 0.000]
		[0.123 -0.038 0.000]
		[0.065 -0.337 0.939]
		[0.163 -0.925 -0.343]
		[0.985 0.175 -0.005]
		[0.077 -0.337 0.939]
		[0.161 -0.925 -0.345]
		[0.984 0.178 -0.016]
		[0.085 -0.336 0.938]
		[0.160 -0.924 -0.346]
		[0.983 0.180 -0.025]
		[0.082 -0.336 0.938]
		[0.161 -0.924 -0.346]
		[0.984 0.179 -0.022]
		[-0.001 -0.338 0.941]
		[0.169 -0.928 -0.333]
		[0.986 0.159 0.058]
		[-0.092 -0.339 0.936]
		[0.178 -0.931 -0.319]
		[0.980 0.137 0.146]
		[-0.188 -0.340 0.921]
		[0.186 -0.934 -0.306]
		[0.964 0.114 0.239]
		[-0.263 -0.340 0.903]
		[0.192 -0.935 -0.297]
		[0.945 0.095 0.312]
		[-0.293 -0.341 0.893]
		[0.194 -0.936 -0.293]
		[0.936 0.087 0.341]
		[-0.269 -0.341 0.901]
		[0.192 -0.936 -0.296]
		[0.944 0.093 0.317]
		[-0.205 -0.340 0.918]
		[0.187 -0.934 -0.304]
		[0.961 0.109 0.255]
		[-0.118 -0.339 0.933]
		[0.180 -0.932 -0.316]
		[0.977 0.131 0.171]
		[-0.024 -0.338 0.941]
		[0.172 -0.929 -0.329]
		[0.985 0.154 0.080]
		[-0.906 0.423 0.000]
		[0.423 0.906 0.000]
		[0.000 0.000 -1.000]
		[0.000 0.532 0.000]
		[-0.906 0.423 -0.024]
		[0.422 0.906 0.011]
		[0.026 0.000 -1.000]
		[-0.905 0.423 -0.052]
		[0.422 0.906 0.024]
		[0.058 0.000 -0.998]
		[-0.902 0.423 -0.083]
		[0.421 0.906 0.039]
		[0.092 0.000 -0.996]
		[-0.899 0.423 -0.114]
		[0.419 0.906 0.053]
		[0.126 0.000 -0.992]
		[-0.895 0.423 -0.144]
		[0.417 0.906 0.067]
		[0.159 0.000 -0.987]
		[-0.890 0.423 -0.171]
		[0.415 0.906 0.080]
		[0.189 0.000 -0.982]
		[-0.886 0.423 -0.192]
		[0.413 0.906 0.090]
		[0.212 0.000 -0.977]
		[-0.882 0.423 -0.207]
		[0.411 0.906 0.097]
		[0.229 0.000 -0.974]
		[-0.881 0.423 -0.213]
		[0.411 0.906 0.099]
		[0.235 0.000 -0.972]
		[-0.882 0.423 -0.209]
		[0.230 0.000 -0.973]
		[-0.887 0.423 -0.187]
		[0.413 0.906 0.087]
		[0.207 0.000 -0.978]
		[-0.894 0.423 -0.149]
		[0.417 0.906 0.069]
		[0.164 0.000 -0.986]
		[-0.901 0.423 -0.099]
		[0.420 0.906 0.046]
		[0.110 0.000 -0.994]
		[-0.905 0.423 -0.047]
		[0.422 0.906 0.022]
		[0.052 0.000 -0.999]
		[0.000 1.000 0.000]
		[0.000 0.578 0.000]
		[0.682 -0.337 0.650]
		[-0.367 -0.925 -0.095]
		[0.633 -0.174 -0.754]
		[-0.123 -0.038 0.000]
		[0.687 -0.340 0.642]
		[-0.367 -0.925 -0.097]
		[0.627 -0.170 -0.760]
		[0.697 -0.345 0.628]
		[-0.368 -0.925 -0.100]
		[0.615 -0.161 -0.772]
		[0.705 -0.350 0.617]
		[-0.368 -0.924 -0.103]
		[0.606 -0.155 -0.780]
		[0.702 -0.348 0.621]
		[-0.368 -0.924 -0.102]
		[0.609 -0.157 -0.777]
		[0.623 -0.307 0.720]
		[-0.368 -0.927 -0.077]
		[0.691 -0.217 -0.690]
		[0.522 -0.261 0.812]
		[-0.380 -0.923 -0.052]
		[0.763 -0.282 -0.581]
		[0.405 -0.211 0.889]
		[-0.407 -0.913 -0.032]
		[0.819 -0.349 -0.456]
		[0.308 -0.173 0.936]
		[-0.437 -0.899 -0.022]
		[0.845 -0.402 -0.353]
		[0.268 -0.157 0.951]
		[-0.450 -0.893 -0.021]
		[0.852 -0.423 -0.310]
		[0.301 -0.170 0.938]
		[-0.439 -0.898 -0.022]
		[0.847 -0.405 -0.345]
		[0.384 -0.203 0.901]
		[-0.413 -0.910 -0.029]
		[0.826 -0.361 -0.433]
		[0.492 -0.248 0.835]
		[-0.386 -0.921 -0.046]
		[0.780 -0.300 -0.549]
		[0.599 -0.295 0.745]
		[-0.370 -0.927 -0.070]
		[0.711 -0.233 -0.664]
		[-0.898 0.440 0.000]
		[0.440 0.898 0.000]
		[-0.887 0.461 0.000]
		[0.461 0.887 0.000]
		[-0.875 0.484 0.000]
		[0.484 0.875 0.000]
		[-0.862 0.507 0.000]
		[0.507 0.862 0.000]
		[-0.849 0.528 0.000]
		[0.528 0.849 0.000]
		[-0.837 0.547 0.000]
		[0.547 0.837 0.000]
		[-0.827 0.562 0.000]
		[0.562 0.827 0.000]
		[-0.820 0.572 0.000]
		[0.572 0.820 0.000]
		[-0.817 0.577 0.000]
		[0.577 0.817 0.000]
		[-0.819 0.573 0.000]
		[0.573 0.819 0.000]
		[-0.830 0.558 0.000]
		[0.558 0.830 0.000]
		[-0.847 0.531 0.000]
		[0.531 0.847 0.000]
		[-0.868 0.496 0.000]
		[0.496 0.868 0.000]
		[-0.889 0.458 0.000]
		[0.458 0.889 0.000]
		[0.000 0.940 -0.342]
		[0.000 0.342 0.940]
		[0.000 0.130 0.000]
		[0.992 0.000 -0.129]
		[-0.044 0.940 -0.339]
		[0.122 0.342 0.932]
		[0.960 0.000 -0.281]
		[-0.096 0.940 -0.328]
		[0.264 0.342 0.902]
		[0.910 0.000 -0.414]
		[-0.142 0.940 -0.311]
		[0.389 0.342 0.855]
		[0.868 0.000 -0.496]
		[-0.170 0.940 -0.297]
		[0.466 0.342 0.816]
		[0.866 0.000 -0.500]
		[-0.171 0.940 -0.296]
		[0.470 0.342 0.814]
		[0.925 0.000 -0.380]
		[-0.130 0.940 -0.316]
		[0.357 0.342 0.869]
		[0.990 0.000 -0.142]
		[-0.049 0.940 -0.339]
		[0.134 0.342 0.930]
		[0.990 0.000 0.141]
		[0.048 0.940 -0.339]
		[-0.133 0.342 0.930]
		[0.925 0.000 0.379]
		[0.130 0.940 -0.317]
		[-0.356 0.342 0.870]
		[0.867 0.000 0.499]
		[0.171 0.940 -0.296]
		[-0.469 0.342 0.814]
		[0.869 0.000 0.495]
		[0.169 0.940 -0.297]
		[-0.466 0.342 0.816]
		[0.910 0.000 0.414]
		[0.141 0.940 -0.311]
		[-0.389 0.342 0.856]
		[0.960 0.000 0.280]
		[0.096 0.940 -0.328]
		[-0.264 0.342 0.902]
		[0.992 0.000 0.129]
		[0.044 0.940 -0.339]
		[-0.121 0.342 0.932]
		[0.000 0.940 0.342]
		[0.000 -0.342 0.940]
		[0.000 0.596 0.000]
		[0.993 -0.041 0.115]
		[-0.001 0.939 0.344]
		[-0.122 -0.342 0.932]
		[0.965 -0.089 0.249]
		[-0.005 0.935 0.353]
		[-0.264 -0.342 0.902]
		[0.921 -0.133 0.366]
		[-0.011 0.930 0.367]
		[-0.389 -0.342 0.855]
		[0.884 -0.162 0.438]
		[-0.018 0.926 0.378]
		[-0.466 -0.342 0.816]
		[0.883 -0.163 0.441]
		[-0.018 0.925 0.379]
		[-0.470 -0.342 0.814]
		[0.934 -0.122 0.336]
		[-0.009 0.932 0.363]
		[-0.357 -0.342 0.869]
		[0.991 -0.045 0.126]
		[-0.002 0.939 0.345]
		[-0.134 -0.342 0.930]
		[0.991 0.044 -0.125]
		[0.002 0.939 0.345]
		[0.133 -0.342 0.930]
		[0.934 0.121 -0.335]
		[0.009 0.932 0.363]
		[0.356 -0.342 0.870]
		[0.883 0.163 -0.440]
		[0.018 0.925 0.378]
		[0.469 -0.342 0.814]
		[0.885 0.162 -0.437]
		[0.018 0.926 0.378]
		[0.466 -0.342 0.816]
		[0.921 0.133 -0.365]
		[0.011 0.930 0.367]
		[0.389 -0.342 0.856]
		[0.965 0.089 -0.248]
		[0.005 0.935 0.353]
		[0.264 -0.342 0.902]
		[0.993 0.041 -0.114]
		[0.001 0.939 0.344]
		[0.121 -0.342 0.932]
		[0.000 0.315 0.000]
		[0.000 0.470 0.000]
		[0.000 0.300 0.000]
		[-1.000 0.000 0.000]
		[-0.040 0.557 0.830]
		[0.580 -0.663 0.473]
		[0.814 0.500 -0.296]
		[0.279 0.394 -0.035]
		[0.000 0.316 0.000]
		[0.000 0.469 0.000]
		[-0.106 0.621 0.777]
		[-0.406 -0.740 0.536]
		[0.908 -0.259 0.330]
		[-0.279 0.394 -0.035]
		[-0.073 0.701 0.710]
		[-0.421 -0.667 0.615]
		[0.904 -0.253 0.344]
		[-0.033 0.797 0.604]
		[-0.441 -0.554 0.706]
		[0.897 -0.243 0.370]
		[0.008 0.865 0.502]
		[-0.454 -0.444 0.772]
		[0.891 -0.234 0.389]
		[0.036 0.885 0.465]
		[-0.449 -0.401 0.798]
		[0.893 -0.237 0.383]
		[0.040 0.837 0.547]
		[-0.418 -0.483 0.770]
		[0.043 0.607 0.794]
		[-0.366 -0.730 0.578]
		[0.930 -0.315 0.191]
		[0.071 0.116 0.991]
		[-0.392 -0.910 0.135]
		[0.917 -0.398 -0.019]
		[0.005 -0.412 0.911]
		[-0.532 -0.772 -0.346]
		[0.846 -0.483 -0.224]
		[-0.179 -0.701 0.690]
		[-0.632 -0.456 -0.627]
		[0.755 -0.548 -0.362]
		[-0.295 -0.770 0.565]
		[-0.640 -0.280 -0.716]
		[0.710 -0.573 -0.410]
		[-0.243 -0.745 0.621]
		[-0.619 -0.374 -0.690]
		[0.747 -0.552 -0.371]
		[-0.111 -0.595 0.796]
		[-0.549 -0.631 -0.548]
		[0.828 -0.498 -0.256]
		[-0.032 -0.243 0.970]
		[-0.427 -0.874 -0.233]
		[0.904 -0.421 -0.076]
		[-0.060 0.230 0.971]
		[-0.358 -0.913 0.194]
		[0.932 -0.336 0.138]
		[0.500 0.866 0.000]
		[-0.866 0.500 0.000]
		[0.384 0.923 0.000]
		[-0.923 0.384 0.000]
		[0.237 0.972 0.000]
		[-0.972 0.237 0.000]
		[0.096 0.995 0.000]
		[-0.995 0.096 0.000]
		[0.004 1.000 0.000]
		[-1.000 0.004 0.000]
		[0.133 0.991 0.000]
		[-0.991 0.133 0.000]
		[0.372 0.928 0.000]
		[-0.928 0.372 0.000]
		[0.617 0.787 0.000]
		[-0.787 0.617 0.000]
		[0.791 0.612 0.000]
		[-0.612 0.791 0.000]
		[0.865 0.501 0.000]
		[-0.501 0.865 0.000]
		[0.863 0.504 0.000]
		[-0.504 0.863 0.000]
		[0.813 0.582 0.000]
		[-0.582 0.813 0.000]
		[0.723 0.691 0.000]
		[-0.691 0.723 0.000]
		[0.608 0.794 0.000]
		[-0.794 0.608 0.000]
		[100.000 0.000 0.000]
		[0.000 0.000 -100.000]
		[0.000 100.000 0.000]
		[0.182 -0.080 -0.026]
		[0.081 0.183 0.004]
		[0.022 -0.014 0.198]
		[-0.457 -0.040 1.045]
		[0.190 -0.058 -0.024]
		[0.059 0.191 0.008]
		[0.021 -0.015 0.198]
		[-0.443 -0.107 1.075]
		[0.196 -0.032 -0.020]
		[0.033 0.197 0.009]
		[0.019 -0.012 0.199]
		[-0.414 -0.188 1.118]
		[0.199 -0.007 -0.017]
		[0.008 0.199 0.012]
		[0.017 -0.012 0.199]
		[-0.377 -0.247 1.157]
		[0.199 0.012 -0.018]
		[-0.010 0.199 0.020]
		[0.019 -0.019 0.198]
		[-0.353 -0.264 1.174]
		[0.197 0.022 -0.026]
		[-0.016 0.196 0.038]
		[0.030 -0.035 0.195]
		[-0.365 -0.224 1.155]
		[0.194 0.018 -0.046]
		[0.001 0.186 0.074]
		[0.049 -0.072 0.180]
		[-0.443 -0.066 1.094]
		[0.185 0.003 -0.076]
		[0.046 0.156 0.117]
		[0.061 -0.126 0.143]
		[-0.538 0.251 1.074]
		[0.169 -0.015 -0.106]
		[0.098 0.101 0.142]
		[0.043 -0.172 0.092]
		[-0.511 0.632 1.176]
		[0.151 -0.029 -0.128]
		[0.131 0.041 0.146]
		[0.005 -0.194 0.050]
		[-0.339 0.894 1.334]
		[0.142 -0.038 -0.136]
		[0.140 0.012 0.143]
		[-0.019 -0.196 0.035]
		[-0.199 0.979 1.410]
		[0.145 -0.046 -0.129]
		[0.136 0.028 0.143]
		[-0.015 -0.192 0.052]
		[-0.214 0.952 1.346]
		[0.157 -0.056 -0.111]
		[0.124 0.075 0.137]
		[0.004 -0.177 0.094]
		[-0.312 0.819 1.193]
		[0.169 -0.065 -0.084]
		[0.104 0.131 0.110]
		[0.020 -0.137 0.145]
		[-0.401 0.557 1.042]
		[0.178 -0.073 -0.054]
		[0.087 0.170 0.059]
		[0.024 -0.076 0.183]
		[-0.441 0.231 0.990]
		[0.163 0.090 0.074]
		[-0.116 0.134 0.092]
		[-0.008 -0.118 0.161]
		[0.480 0.219 1.142]
		[0.150 0.110 0.074]
		[-0.132 0.118 0.092]
		[0.007 -0.118 0.161]
		[0.448 0.279 1.142]
		[0.131 0.132 0.074]
		[-0.149 0.096 0.092]
		[0.025 -0.115 0.161]
		[0.399 0.345 1.142]
		[0.111 0.149 0.074]
		[-0.161 0.074 0.092]
		[0.042 -0.111 0.161]
		[0.346 0.398 1.142]
		[0.097 0.159 0.074]
		[-0.167 0.059 0.092]
		[0.052 -0.106 0.161]
		[0.308 0.428 1.142]
		[0.096 0.159 0.074]
		[-0.168 0.058 0.092]
		[0.306 0.429 1.142]
		[0.116 0.145 0.074]
		[-0.158 0.080 0.092]
		[0.037 -0.112 0.161]
		[0.361 0.385 1.142]
		[0.148 0.112 0.074]
		[-0.134 0.116 0.092]
		[0.009 -0.118 0.161]
		[0.444 0.285 1.142]
		[0.174 0.066 0.074]
		[-0.096 0.149 0.092]
		[-0.025 -0.116 0.161]
		[0.506 0.149 1.142]
		[0.185 0.022 0.074]
		[-0.056 0.168 0.092]
		[-0.052 -0.106 0.161]
		[0.527 0.021 1.142]
		[0.186 -0.003 0.074]
		[-0.033 0.174 0.092]
		[-0.066 -0.098 0.161]
		[0.525 -0.050 1.142]
		[-0.034 0.174 0.092]
		[-0.065 -0.098 0.161]
		[0.525 -0.048 1.142]
		[0.185 0.014 0.074]
		[-0.050 0.170 0.092]
		[-0.056 -0.104 0.161]
		[0.527 0.001 1.142]
		[0.181 0.041 0.074]
		[-0.074 0.161 0.092]
		[-0.041 -0.111 0.161]
		[0.522 0.075 1.142]
		[0.173 0.068 0.074]
		[-0.098 0.148 0.092]
		[-0.023 -0.116 0.161]
		[0.504 0.155 1.142]]
}