{ :name "Attack_3" :length 0.6 :bones { 
	"Armature" [
		[0 [1 0 0 0 0 0.9999998 2.007283E-15 0 0 -2.007283E-15 0.9999998 0 0 -1.24345E-17 -8.195644E-11 1]]
	]
	"Skelet" [
		[0 [1 0 0 0 0 0.9999996 0 0 0 0 0.9999996 0 0 -0.0003999998 4.76837E-11 1]]
	]
	"Bedro_L" [
		[0 [0.962227 0.2675513 0.05035086 0 -0.2720293 0.9522918 0.138353 0 -0.01093207 -0.1468193 0.9891027 0 2.970387E-05 0.0003987518 -1.070672E-05 1]]
	]
	"Koleno_L" [
		[0 [0.9997441 0.01792954 -0.01383084 0 -0.0198877 0.9872741 -0.1577801 0 0.01082533 0.1580101 0.987378 0 0.001422857 -6.604592E-05 -0.0007256172 1]]
	]
	"Koleno_L_end" [
		[0 [0.9997441 0.01792954 -0.01383084 0 -0.0198877 0.9872741 -0.1577801 0 0.01082533 0.1580101 0.987378 0 0.001307976 -0.0001395573 -0.001637035 1]]
	]
	"Bedro_P" [
		[0 [0.6740398 0.2694751 0.6877978 0 -0.026827 0.9394017 -0.3417725 0 -0.7381975 0.2119101 0.6404237 0 2.960738E-05 0.0003987603 1.063789E-05 1]]
	]
	"Koleno_P" [
		[0 [0.6324121 0.05455814 0.7727193 0 -0.1208792 0.9922469 0.02887438 0 -0.765132 -0.1116624 0.6341044 0 0.0001105708 4.025244E-05 0.00180856 1]]
	]
	"Koleno_P_end" [
		[0 [0.6324121 0.05455814 0.7727193 0 -0.1208792 0.9922469 0.02887438 0 -0.765132 -0.1116624 0.6341044 0 -0.0005876881 -4.531734E-06 0.001975352 1]]
	]
	"Tors" [
		[0 [1 0 0 0 0 0.9396923 -0.34202 0 0 0.34202 0.9396923 0 0 -0.000400001 4.768371E-11 1]]
		[0.02777778 [0.9944392 0 0.1053118 0 0.03601876 0.9396923 -0.3401181 0 -0.09896071 0.34202 0.9344669 0 0 -0.000400001 4.768371E-11 1]]
		[0.05555556 [0.9730586 2.273736E-15 0.2305577 0 0.0788554 0.9396923 -0.3328056 0 -0.2166534 0.34202 0.9143757 0 0 -0.000400001 4.768371E-11 1]]
		[0.08333334 [0.9359059 3.725285E-09 0.35225 0 0.1204766 0.9396923 -0.3200986 0 -0.3310068 0.34202 0.8794636 0 0 -0.000400001 4.768371E-11 1]]
		[0.1111111 [0.8936068 0 0.4488505 0 0.1535159 0.9396923 -0.3056315 0 -0.4217816 0.3420201 0.8397154 0 0 -0.000400001 4.768371E-11 1]]
		[0.1388889 [0.8642309 0 0.503095 0 0.1720687 0.9396923 -0.2955843 0 -0.4727548 0.34202 0.8121112 0 0 -0.000400001 4.768371E-11 1]]
		[0.1666667 [0.8660254 -4.547473E-15 0.4999999 0 0.1710101 0.9396923 -0.296198 0 -0.4698463 0.3420201 0.8137974 0 0 -0.000400001 4.768371E-11 1]]
		[0.1944444 [0.9065107 -7.450579E-09 0.4221827 0 0.1443951 0.9396923 -0.3100448 0 -0.3967222 0.34202 0.8518411 0 0 -0.000400001 4.768371E-11 1]]
		[0.2222222 [0.9615979 -2.273736E-15 0.2744619 0 0.09387153 0.9396923 -0.3288858 0 -0.2579099 0.34202 0.9036062 0 0 -0.000400001 4.768371E-11 1]]
		[0.25 [0.9970861 0 0.07628404 0 0.02609069 0.9396923 -0.3410234 0 -0.07168357 0.34202 0.9369541 0 0 -0.000400001 4.768371E-11 1]]
		[0.2777778 [0.989894 -3.725289E-09 -0.141809 0 -0.04850155 0.9396923 -0.3385636 0 0.1332569 0.34202 0.9301957 0 0 -0.000400001 4.768371E-11 1]]
		[0.3055556 [0.9390276 3.725289E-09 -0.3438414 0 -0.1176007 0.9396923 -0.3211663 0 0.3231053 0.34202 0.8823971 0 0 -0.000400001 4.768371E-11 1]]
		[0.3333333 [0.8660254 -7.450579E-09 -0.4999998 0 -0.1710101 0.9396923 -0.296198 0 0.4698462 0.3420201 0.8137974 0 0 -0.000400001 4.768371E-11 1]]
		[0.3611111 [0.7771496 -7.450579E-09 -0.6293157 0 -0.2152387 0.9396923 -0.2658007 0 0.5913635 0.34202 0.7302815 0 0 -0.000400001 4.768371E-11 1]]
		[0.3888889 [0.6837989 0 -0.7296704 0 -0.2495621 0.9396923 -0.233873 0 0.685666 0.34202 0.6425604 0 0 -0.000400001 4.768371E-11 1]]
		[0.4166667 [0.6427876 0 -0.7660441 0 -0.2620026 0.9396923 -0.2198463 0 0.7198463 0.34202 0.6040226 0 0 -0.000400001 4.768371E-11 1]]
		[0.4444444 [0.6749684 0 -0.7378464 0 -0.2523584 0.9396923 -0.2308528 0 0.693349 0.34202 0.6342626 0 0 -0.000400001 4.768371E-11 1]]
		[0.4722222 [0.7458301 -7.450574E-09 -0.666136 0 -0.227832 0.9396923 -0.2550888 0 0.6259633 0.34202 0.7008508 0 0 -0.000400001 4.768371E-11 1]]
		[0.5 [0.8326425 0 -0.5538107 0 -0.1894145 0.9396923 -0.2847804 0 0.520412 0.34202 0.7824277 0 0 -0.000400001 4.768371E-11 1]]
		[0.5277778 [0.9127299 0 -0.4085633 0 -0.139737 0.9396923 -0.3121719 0 0.3839241 0.3420201 0.8576852 0 0 -0.000400001 4.768371E-11 1]]
		[0.5555556 [0.9693741 -2.273736E-15 -0.2455887 0 -0.0839963 0.9396923 -0.3315454 0 0.2307779 0.34202 0.9109133 0 0 -0.000400001 4.768371E-11 1]]
		[0.5833333 [0.9963474 -7.450578E-09 -0.08539227 0 -0.02920589 0.9396923 -0.3407708 0 0.08024253 0.34202 0.9362599 0 0 -0.000400001 4.768371E-11 1]]
		[0.6111111 [1 0 0 0 0 0.9396923 -0.34202 0 0 0.34202 0.9396923 0 0 -0.000400001 4.768371E-11 1]]
		[0.6388889 [1 0 0 0 0 0.9396923 -0.34202 0 0 0.34202 0.9396923 0 0 -0.000400001 4.768371E-11 1]]
		[0.6666667 [1 0 0 0 0 0.9396923 -0.34202 0 0 0.34202 0.9396923 0 0 -0.000400001 4.768371E-11 1]]
		[0.6944444 [1 0 0 0 0 0.9396923 -0.34202 0 0 0.34202 0.9396923 0 0 -0.000400001 4.768371E-11 1]]
		[0.7222222 [1 0 0 0 0 0.9396923 -0.34202 0 0 0.34202 0.9396923 0 0 -0.000400001 4.768371E-11 1]]
		[0.75 [1 0 0 0 0 0.9396923 -0.34202 0 0 0.34202 0.9396923 0 0 -0.000400001 4.768371E-11 1]]
		[0.7777778 [1 0 0 0 0 0.9396923 -0.34202 0 0 0.34202 0.9396923 0 0 -0.000400001 4.768371E-11 1]]
		[0.8055556 [1 0 0 0 0 0.9396923 -0.34202 0 0 0.34202 0.9396923 0 0 -0.000400001 4.768371E-11 1]]
		[0.8333333 [1 0 0 0 0 0.9396923 -0.34202 0 0 0.34202 0.9396923 0 0 -0.000400001 4.768371E-11 1]]
		[0.8611111 [1 0 0 0 0 0.9396923 -0.34202 0 0 0.34202 0.9396923 0 0 -0.000400001 4.768371E-11 1]]
		[0.8888889 [1 0 0 0 0 0.9396923 -0.34202 0 0 0.34202 0.9396923 0 0 -0.000400001 4.768371E-11 1]]
		[0.9166667 [1 0 0 0 0 0.9396923 -0.34202 0 0 0.34202 0.9396923 0 0 -0.000400001 4.768371E-11 1]]
		[0.9444444 [1 0 0 0 0 0.9396923 -0.34202 0 0 0.34202 0.9396923 0 0 -0.000400001 4.768371E-11 1]]
		[0.9722222 [1 0 0 0 0 0.9396923 -0.34202 0 0 0.34202 0.9396923 0 0 -0.000400001 4.768371E-11 1]]
	]
	"Golova" [
		[0 [1 0 -2.384186E-07 0 0 0.9999996 0 0 2.384185E-07 0 0.9999996 0 -4.861851E-10 -0.0007595706 -0.002039208 1]]
		[0.02777778 [0.9999792 -0.0008561272 0.006381815 0 0.0008447018 0.9999977 0.001792712 0 -0.00638333 -0.001787304 0.9999778 0 0.0002147527 -0.0007595706 -0.002027869 1]]
		[0.05555556 [0.9998976 -0.001390919 0.01424576 0 0.001267244 0.9999612 0.008686233 0 -0.01425728 -0.008667316 0.9998605 0 0.000470155 -0.0007595706 -0.001984269 1]]
		[0.08333334 [0.9997462 -0.000804182 0.02251073 0 0.0003400811 0.9997872 0.02061236 0 -0.02252248 -0.02059944 0.9995337 0 0.0007183106 -0.0007595718 -0.001908507 1]]
		[0.1111111 [0.9995546 0.0009421554 0.02982663 0 -0.001961434 0.9994141 0.03416173 0 -0.02977696 -0.03420503 0.9989707 0 0.0009152992 -0.0007595718 -0.001822251 1]]
		[0.1388889 [0.9994061 0.002627074 0.03435596 0 -0.004121719 0.9990443 0.04350633 0 -0.03420883 -0.04362209 0.998462 0 0.001025916 -0.0007595718 -0.001762347 1]]
		[0.1666667 [0.9994156 0.002514674 0.03408941 0 -0.003978765 0.9990691 0.04294809 0 -0.03394961 -0.04305862 0.9984952 0 0.001019604 -0.0007595718 -0.001766006 1]]
		[0.1944444 [0.9993784 0.0001600614 0.03525274 0 -0.001179717 0.9995811 0.02890443 0 -0.03523338 -0.0289281 0.99896 0 0.0008609183 -0.0007595718 -0.001848564 1]]
		[0.2222222 [0.9991456 -0.001387871 0.04130538 0 0.0009649607 0.9999466 0.01025653 0 -0.04131742 -0.01020792 0.9990936 0 0.0005596848 -0.0007595706 -0.001960898 1]]
		[0.25 [0.9989601 -0.0002825212 0.04559133 0 0.000274382 0.9999996 0.000184785 0 -0.0455914 -0.0001721083 0.9989598 0 0.0001555581 -0.0007595706 -0.002033266 1]]
		[0.2777778 [0.9992028 0.001317471 0.03989819 0 -0.001558548 0.9999804 0.006011926 0 -0.03988953 -0.006069241 0.9991854 0 -0.0002891784 -0.0007595706 -0.0020186 1]]
		[0.3055556 [0.9998761 0.0004260498 0.01573472 0 -0.0008079286 0.9997047 0.02427317 0 -0.01571971 -0.02428287 0.9995812 0 -0.0007011656 -0.0007595718 -0.001914873 1]]
		[0.3333333 [0.9994156 -0.002514711 -0.03408979 0 0.003978804 0.9990691 0.0429481 0 0.03395009 -0.04305858 0.9984952 0 -0.001019605 -0.0007595718 -0.001766006 1]]
		[0.3611111 [0.9891638 -0.004165118 -0.1467566 0 0.01159903 0.9986898 0.0498356 0 0.1463569 -0.0509978 0.9879161 0 -0.001283307 -0.0007595718 -0.00158477 1]]
		[0.3888889 [0.9570686 -0.003774001 -0.2898374 0 0.01787216 0.9987808 0.04601003 0 0.2893105 -0.04921479 0.955969 0 -0.001487952 -0.0007595718 -0.001394408 1]]
		[0.4166667 [0.927484 -0.002514734 -0.3738541 0 0.01842801 0.9990691 0.03899714 0 0.3734083 -0.04305862 0.926667 0 -0.001562125 -0.0007595718 -0.001310777 1]]
		[0.4444444 [0.9258847 -0.001115053 -0.3778041 0 0.01435187 0.9993773 0.03222244 0 0.3775333 -0.03525649 0.9253243 0 -0.001504624 -0.0007595718 -0.001376401 1]]
		[0.4722222 [0.9390286 0.0002429639 -0.343839 0 0.008647074 0.9996665 0.02432152 0 0.3437305 -0.02581181 0.9387133 0 -0.001358391 -0.0007595718 -0.001520903 1]]
		[0.5 [0.9594197 0.001137681 -0.2819795 0 0.003537946 0.9998642 0.01607173 0 0.2819597 -0.01641714 0.9592856 0 -0.001129337 -0.0007595718 -0.001697931 1]]
		[0.5277778 [0.9792349 0.00138922 -0.2027241 0 0.0003686754 0.9999623 0.008633191 0 0.2027286 -0.008528616 0.9791975 0 -0.000833147 -0.0007595718 -0.001861246 1]]
		[0.5555556 [0.9930541 0.001069843 -0.1176538 0 -0.0006996593 0.9999943 0.003187475 0 0.1176566 -0.003083019 0.9930491 0 -0.000500807 -0.0007595706 -0.001976755 1]]
		[0.5833333 [0.9992425 0.0004244398 -0.0389112 0 -0.0004087598 0.9999995 0.0004109294 0 0.03891138 -0.0003947015 0.9992422 0 -0.0001741331 -0.0007595706 -0.002031759 1]]
		[0.6111111 [1 0 -2.384186E-07 0 0 0.9999996 0 0 2.384185E-07 0 0.9999996 0 -4.861851E-10 -0.0007595706 -0.002039208 1]]
		[0.6388889 [1 0 -2.384186E-07 0 0 0.9999996 0 0 2.384185E-07 0 0.9999996 0 -4.861851E-10 -0.0007595706 -0.002039208 1]]
		[0.6666667 [1 0 -2.384186E-07 0 0 0.9999996 0 0 2.384185E-07 0 0.9999996 0 -4.861851E-10 -0.0007595706 -0.002039208 1]]
		[0.6944444 [1 0 -2.384186E-07 0 0 0.9999996 0 0 2.384185E-07 0 0.9999996 0 -4.861851E-10 -0.0007595706 -0.002039208 1]]
		[0.7222222 [1 0 -2.384186E-07 0 0 0.9999996 0 0 2.384185E-07 0 0.9999996 0 -4.861851E-10 -0.0007595706 -0.002039208 1]]
		[0.75 [1 0 -2.384186E-07 0 0 0.9999996 0 0 2.384185E-07 0 0.9999996 0 -4.861851E-10 -0.0007595706 -0.002039208 1]]
		[0.7777778 [1 0 -2.384186E-07 0 0 0.9999996 0 0 2.384185E-07 0 0.9999996 0 -4.861851E-10 -0.0007595706 -0.002039208 1]]
		[0.8055556 [1 0 -2.384186E-07 0 0 0.9999996 0 0 2.384185E-07 0 0.9999996 0 -4.861851E-10 -0.0007595706 -0.002039208 1]]
		[0.8333333 [1 0 -2.384186E-07 0 0 0.9999996 0 0 2.384185E-07 0 0.9999996 0 -4.861851E-10 -0.0007595706 -0.002039208 1]]
		[0.8611111 [1 0 -2.384186E-07 0 0 0.9999996 0 0 2.384185E-07 0 0.9999996 0 -4.861851E-10 -0.0007595706 -0.002039208 1]]
		[0.8888889 [1 0 -2.384186E-07 0 0 0.9999996 0 0 2.384185E-07 0 0.9999996 0 -4.861851E-10 -0.0007595706 -0.002039208 1]]
		[0.9166667 [1 0 -2.384186E-07 0 0 0.9999996 0 0 2.384185E-07 0 0.9999996 0 -4.861851E-10 -0.0007595706 -0.002039208 1]]
		[0.9444444 [1 0 -2.384186E-07 0 0 0.9999996 0 0 2.384185E-07 0 0.9999996 0 -4.861851E-10 -0.0007595706 -0.002039208 1]]
		[0.9722222 [1 0 -2.384186E-07 0 0 0.9999996 0 0 2.384185E-07 0 0.9999996 0 -4.861851E-10 -0.0007595706 -0.002039208 1]]
	]
	"Golova_end" [
		[0 [1 0 -2.384186E-07 0 0 0.9999996 0 0 2.384185E-07 0 0.9999996 0 -4.861852E-10 -0.0007595729 -0.002039209 1]]
		[0.02777778 [0.9999792 -0.0008561272 0.006381815 0 0.0008447018 0.9999977 0.001792712 0 -0.00638333 -0.001787304 0.9999778 0 0.0002174122 -0.0007595777 -0.002022224 1]]
		[0.05555556 [0.9998976 -0.001390919 0.01424576 0 0.001267244 0.9999612 0.008686233 0 -0.01425728 -0.008667316 0.9998605 0 0.0004741449 -0.0007596945 -0.001956919 1]]
		[0.08333334 [0.9997462 -0.000804182 0.02251073 0 0.0003400811 0.9997872 0.02061236 0 -0.02252248 -0.02059944 0.9995337 0 0.0007193823 -0.0007602428 -0.001843605 1]]
		[0.1111111 [0.9995546 0.0009421554 0.02982663 0 -0.001961434 0.9994141 0.03416173 0 -0.02977696 -0.03420503 0.9989707 0 0.000909123 -0.0007614159 -0.001714685 1]]
		[0.1388889 [0.9994061 0.002627074 0.03435596 0 -0.004121719 0.9990443 0.04350633 0 -0.03420883 -0.04362209 0.998462 0 0.001012938 -0.0007625817 -0.001625358 1]]
		[0.1666667 [0.9994156 0.002514674 0.03408941 0 -0.003978765 0.9990691 0.04294809 0 -0.03394961 -0.04305862 0.9984952 0 0.001007076 -0.0007625031 -0.001630775 1]]
		[0.1944444 [0.9993784 0.0001600614 0.03525274 0 -0.001179717 0.9995811 0.02890443 0 -0.03523338 -0.0289281 0.99896 0 0.0008572037 -0.0007608914 -0.001757552 1]]
		[0.2222222 [0.9991456 -0.001387871 0.04130538 0 0.0009649607 0.9999466 0.01025653 0 -0.04131742 -0.01020792 0.9990936 0 0.0005627234 -0.0007597398 -0.001928604 1]]
		[0.25 [0.9989601 -0.0002825212 0.04559133 0 0.000274382 0.9999996 0.000184785 0 -0.0455914 -0.0001721083 0.9989598 0 0.0001564224 -0.0007595729 -0.002032684 1]]
		[0.2777778 [0.9992028 0.001317471 0.03989819 0 -0.001558548 0.9999804 0.006011926 0 -0.03988953 -0.006069241 0.9991854 0 -0.0002940862 -0.0007596325 -0.00199967 1]]
		[0.3055556 [0.9998761 0.0004260498 0.01573472 0 -0.0008079286 0.9997047 0.02427317 0 -0.01571971 -0.02428287 0.9995812 0 -0.0007037095 -0.0007605003 -0.001838444 1]]
		[0.3333333 [0.9994156 -0.002514711 -0.03408979 0 0.003978804 0.9990691 0.0429481 0 0.03395009 -0.04305858 0.9984952 0 -0.001007077 -0.0007625031 -0.001630775 1]]
		[0.3611111 [0.9891638 -0.004165118 -0.1467566 0 0.01159903 0.9986898 0.0498356 0 0.1463569 -0.0509978 0.9879161 0 -0.001246785 -0.0007636975 -0.001427852 1]]
		[0.3888889 [0.9570686 -0.003774001 -0.2898374 0 0.01787216 0.9987808 0.04601003 0 0.2893105 -0.04921479 0.955969 0 -0.001431676 -0.000763409 -0.001249535 1]]
		[0.4166667 [0.927484 -0.002514734 -0.3738541 0 0.01842801 0.9990691 0.03899714 0 0.3734083 -0.04305862 0.926667 0 -0.001504101 -0.0007625031 -0.001187986 1]]
		[0.4444444 [0.9258847 -0.001115053 -0.3778041 0 0.01435187 0.9993773 0.03222244 0 0.3775333 -0.03525649 0.9253243 0 -0.001459434 -0.0007615327 -0.001274942 1]]
		[0.4722222 [0.9390286 0.0002429639 -0.343839 0 0.008647074 0.9996665 0.02432152 0 0.3437305 -0.02581181 0.9387133 0 -0.001331164 -0.0007606219 -0.001444321 1]]
		[0.5 [0.9594197 0.001137681 -0.2819795 0 0.003537946 0.9998642 0.01607173 0 0.2819597 -0.01641714 0.9592856 0 -0.001118197 -0.0007599973 -0.001647326 1]]
		[0.5277778 [0.9792349 0.00138922 -0.2027241 0 0.0003686754 0.9999623 0.008633191 0 0.2027286 -0.008528616 0.9791975 0 -0.0008319859 -0.0007596897 -0.001834063 1]]
		[0.5555556 [0.9930541 0.001069843 -0.1176538 0 -0.0006996593 0.9999943 0.003187475 0 0.1176566 -0.003083019 0.9930491 0 -0.00050301 -0.0007595895 -0.001966718 1]]
		[0.5833333 [0.9992425 0.0004244398 -0.0389112 0 -0.0004087598 0.9999995 0.0004109294 0 0.03891138 -0.0003947015 0.9992422 0 -0.0001754205 -0.0007595729 -0.002030466 1]]
		[0.6111111 [1 0 -2.384186E-07 0 0 0.9999996 0 0 2.384185E-07 0 0.9999996 0 -4.861852E-10 -0.0007595729 -0.002039209 1]]
		[0.6388889 [1 0 -2.384186E-07 0 0 0.9999996 0 0 2.384185E-07 0 0.9999996 0 -4.861852E-10 -0.0007595729 -0.002039209 1]]
		[0.6666667 [1 0 -2.384186E-07 0 0 0.9999996 0 0 2.384185E-07 0 0.9999996 0 -4.861852E-10 -0.0007595729 -0.002039209 1]]
		[0.6944444 [1 0 -2.384186E-07 0 0 0.9999996 0 0 2.384185E-07 0 0.9999996 0 -4.861852E-10 -0.0007595729 -0.002039209 1]]
		[0.7222222 [1 0 -2.384186E-07 0 0 0.9999996 0 0 2.384185E-07 0 0.9999996 0 -4.861852E-10 -0.0007595729 -0.002039209 1]]
		[0.75 [1 0 -2.384186E-07 0 0 0.9999996 0 0 2.384185E-07 0 0.9999996 0 -4.861852E-10 -0.0007595729 -0.002039209 1]]
		[0.7777778 [1 0 -2.384186E-07 0 0 0.9999996 0 0 2.384185E-07 0 0.9999996 0 -4.861852E-10 -0.0007595729 -0.002039209 1]]
		[0.8055556 [1 0 -2.384186E-07 0 0 0.9999996 0 0 2.384185E-07 0 0.9999996 0 -4.861852E-10 -0.0007595729 -0.002039209 1]]
		[0.8333333 [1 0 -2.384186E-07 0 0 0.9999996 0 0 2.384185E-07 0 0.9999996 0 -4.861852E-10 -0.0007595729 -0.002039209 1]]
		[0.8611111 [1 0 -2.384186E-07 0 0 0.9999996 0 0 2.384185E-07 0 0.9999996 0 -4.861852E-10 -0.0007595729 -0.002039209 1]]
		[0.8888889 [1 0 -2.384186E-07 0 0 0.9999996 0 0 2.384185E-07 0 0.9999996 0 -4.861852E-10 -0.0007595729 -0.002039209 1]]
		[0.9166667 [1 0 -2.384186E-07 0 0 0.9999996 0 0 2.384185E-07 0 0.9999996 0 -4.861852E-10 -0.0007595729 -0.002039209 1]]
		[0.9444444 [1 0 -2.384186E-07 0 0 0.9999996 0 0 2.384185E-07 0 0.9999996 0 -4.861852E-10 -0.0007595729 -0.002039209 1]]
		[0.9722222 [1 0 -2.384186E-07 0 0 0.9999996 0 0 2.384185E-07 0 0.9999996 0 -4.861852E-10 -0.0007595729 -0.002039209 1]]
	]
	"Kluchitsa_L" [
		[0 [0.9396923 3.159963E-08 0.3420201 0 3.159963E-08 1 1.960933E-08 0 -0.34202 3.999532E-08 0.9396923 0 -0.001607494 5.135684E-10 -0.0006834465 1]]
		[0.02777778 [0.9344669 -0.09896069 0.3420201 0 0.1053118 0.9944392 2.572067E-08 0 -0.3401181 0.03601879 0.9396923 0 -0.001598555 0.0001692884 -0.0006834465 1]]
		[0.05555556 [0.9143756 -0.2166534 0.34202 0 0.2305577 0.9730586 3.254872E-08 0 -0.3328055 0.07885543 0.9396923 0 -0.001564186 0.000370621 -0.0006834465 1]]
		[0.08333334 [0.8794635 -0.3310068 0.3420201 0 0.3522499 0.9359059 4.24202E-08 0 -0.3200985 0.1204766 0.9396923 0 -0.001504463 0.0005662411 -0.0006834465 1]]
		[0.1111111 [0.8397154 -0.4217816 0.3420201 0 0.4488505 0.8936068 4.319214E-08 0 -0.3056314 0.153516 0.9396923 0 -0.001436468 0.0007215255 -0.0006834465 1]]
		[0.1388889 [0.8121112 -0.4727548 0.3420201 0 0.503095 0.864231 4.55499E-08 0 -0.2955843 0.1720687 0.9396923 0 -0.001389246 0.0008087236 -0.0006834465 1]]
		[0.1666667 [0.8137974 -0.4698463 0.3420201 0 0.4999998 0.8660254 4.541889E-08 0 -0.296198 0.1710101 0.9396923 0 -0.001392131 0.0008037477 -0.0006834465 1]]
		[0.1944444 [0.8518411 -0.3967222 0.3420201 0 0.4221827 0.9065107 3.453661E-08 0 -0.3100448 0.1443951 0.9396923 0 -0.001457211 0.0006786578 -0.0006834465 1]]
		[0.2222222 [0.9036061 -0.2579099 0.3420201 0 0.2744619 0.9615979 3.482406E-08 0 -0.3288857 0.09387156 0.9396923 0 -0.001545763 0.0004411965 -0.0006834465 1]]
		[0.25 [0.9369541 -0.07168355 0.3420201 0 0.07628406 0.9970861 2.406937E-08 0 -0.3410234 0.02609073 0.9396923 0 -0.00160281 0.0001226264 -0.0006834465 1]]
		[0.2777778 [0.9301957 0.133257 0.3420201 0 -0.1418089 0.989894 7.130381E-09 0 -0.3385635 -0.0485015 0.9396923 0 -0.001591249 -0.0002279563 -0.0006834465 1]]
		[0.3055556 [0.8823971 0.3231054 0.3420201 0 -0.3438413 0.9390277 1.022955E-09 0 -0.3211663 -0.1176007 0.9396923 0 -0.001509482 -0.000552723 -0.0006834465 1]]
		[0.3333333 [0.8137975 0.4698464 0.3420201 0 -0.4999997 0.8660254 -2.163632E-08 0 -0.296198 -0.17101 0.9396923 0 -0.001392131 -0.0008037467 -0.0006834465 1]]
		[0.3611111 [0.7302814 0.5913636 0.3420201 0 -0.6293156 0.7771496 -3.199285E-08 0 -0.2658008 -0.2152387 0.9396923 0 -0.001249264 -0.001011622 -0.0006834465 1]]
		[0.3888889 [0.6425604 0.6856661 0.3420201 0 -0.7296703 0.6837989 -3.330595E-08 0 -0.233873 -0.249562 0.9396923 0 -0.001099203 -0.001172942 -0.0006834465 1]]
		[0.4166667 [0.6040226 0.7198464 0.3420201 0 -0.766044 0.6427876 -3.669622E-08 0 -0.2198463 -0.2620026 0.9396923 0 -0.001033278 -0.001231413 -0.0006834465 1]]
		[0.4444444 [0.6342626 0.6933491 0.3420201 0 -0.7378463 0.6749684 -3.405645E-08 0 -0.2308528 -0.2523583 0.9396923 0 -0.001085008 -0.001186084 -0.0006834465 1]]
		[0.4722222 [0.7008507 0.6259634 0.3420201 0 -0.6661359 0.7458301 -3.512091E-08 0 -0.2550889 -0.227832 0.9396923 0 -0.001198918 -0.00107081 -0.0006834465 1]]
		[0.5 [0.7824277 0.5204121 0.34202 0 -0.5538105 0.8326425 -1.8388E-08 0 -0.2847804 -0.1894144 0.9396923 0 -0.001338468 -0.0008902474 -0.0006834465 1]]
		[0.5277778 [0.8576852 0.3839242 0.3420201 0 -0.4085633 0.91273 -7.343799E-09 0 -0.3121719 -0.1397369 0.9396923 0 -0.001467208 -0.0006567629 -0.0006834465 1]]
		[0.5555556 [0.9109133 0.230778 0.3420201 0 -0.2455886 0.9693742 4.058381E-09 0 -0.3315453 -0.08399624 0.9396923 0 -0.001558263 -0.0003947825 -0.0006834465 1]]
		[0.5833333 [0.9362599 0.08024257 0.3420201 0 -0.08539224 0.9963474 6.960117E-09 0 -0.3407708 -0.02920584 0.9396923 0 -0.001601623 -0.0001372666 -0.0006834465 1]]
		[0.6111111 [0.9396923 3.159963E-08 0.3420201 0 3.159963E-08 1 1.960933E-08 0 -0.34202 3.999532E-08 0.9396923 0 -0.001607494 5.135684E-10 -0.0006834465 1]]
		[0.6388889 [0.9396923 3.159963E-08 0.3420201 0 3.159963E-08 1 1.960933E-08 0 -0.34202 3.999532E-08 0.9396923 0 -0.001607494 5.135684E-10 -0.0006834465 1]]
		[0.6666667 [0.9396923 3.159963E-08 0.3420201 0 3.159963E-08 1 1.960933E-08 0 -0.34202 3.999532E-08 0.9396923 0 -0.001607494 5.135684E-10 -0.0006834465 1]]
		[0.6944444 [0.9396923 3.159963E-08 0.3420201 0 3.159963E-08 1 1.960933E-08 0 -0.34202 3.999532E-08 0.9396923 0 -0.001607494 5.135684E-10 -0.0006834465 1]]
		[0.7222222 [0.9396923 3.159963E-08 0.3420201 0 3.159963E-08 1 1.960933E-08 0 -0.34202 3.999532E-08 0.9396923 0 -0.001607494 5.135684E-10 -0.0006834465 1]]
		[0.75 [0.9396923 3.159963E-08 0.3420201 0 3.159963E-08 1 1.960933E-08 0 -0.34202 3.999532E-08 0.9396923 0 -0.001607494 5.135684E-10 -0.0006834465 1]]
		[0.7777778 [0.9396923 3.159963E-08 0.3420201 0 3.159963E-08 1 1.960933E-08 0 -0.34202 3.999532E-08 0.9396923 0 -0.001607494 5.135684E-10 -0.0006834465 1]]
		[0.8055556 [0.9396923 3.159963E-08 0.3420201 0 3.159963E-08 1 1.960933E-08 0 -0.34202 3.999532E-08 0.9396923 0 -0.001607494 5.135684E-10 -0.0006834465 1]]
		[0.8333333 [0.9396923 3.159963E-08 0.3420201 0 3.159963E-08 1 1.960933E-08 0 -0.34202 3.999532E-08 0.9396923 0 -0.001607494 5.135684E-10 -0.0006834465 1]]
		[0.8611111 [0.9396923 3.159963E-08 0.3420201 0 3.159963E-08 1 1.960933E-08 0 -0.34202 3.999532E-08 0.9396923 0 -0.001607494 5.135684E-10 -0.0006834465 1]]
		[0.8888889 [0.9396923 3.159963E-08 0.3420201 0 3.159963E-08 1 1.960933E-08 0 -0.34202 3.999532E-08 0.9396923 0 -0.001607494 5.135684E-10 -0.0006834465 1]]
		[0.9166667 [0.9396923 3.159963E-08 0.3420201 0 3.159963E-08 1 1.960933E-08 0 -0.34202 3.999532E-08 0.9396923 0 -0.001607494 5.135684E-10 -0.0006834465 1]]
		[0.9444444 [0.9396923 3.159963E-08 0.3420201 0 3.159963E-08 1 1.960933E-08 0 -0.34202 3.999532E-08 0.9396923 0 -0.001607494 5.135684E-10 -0.0006834465 1]]
		[0.9722222 [0.9396923 3.159963E-08 0.3420201 0 3.159963E-08 1 1.960933E-08 0 -0.34202 3.999532E-08 0.9396923 0 -0.001607494 5.135684E-10 -0.0006834465 1]]
	]
	"Kluchitsa_L_end" [
		[0 [0.9396923 3.159963E-08 0.3420201 0 3.159963E-08 1 1.960933E-08 0 -0.34202 3.999532E-08 0.9396923 0 -0.001607494 -2.426656E-10 -0.0006834464 1]]
		[0.02777778 [0.9344669 -0.09896069 0.3420201 0 0.1053118 0.9944392 2.572067E-08 0 -0.3401181 0.03601879 0.9396923 0 -0.00128262 0.0001526055 -0.0006834464 1]]
		[0.05555556 [0.9143756 -0.2166534 0.34202 0 0.2305577 0.9730586 3.254872E-08 0 -0.3328055 0.07885543 0.9396923 0 -0.0008725133 0.0002897964 -0.0006834464 1]]
		[0.08333334 [0.8794635 -0.3310068 0.3420201 0 0.3522499 0.9359059 4.24202E-08 0 -0.3200985 0.1204766 0.9396923 0 -0.0004477137 0.0003739581 -0.0006834464 1]]
		[0.1111111 [0.8397154 -0.4217816 0.3420201 0 0.4488505 0.8936068 4.319214E-08 0 -0.3056314 0.153516 0.9396923 0 -8.991668E-05 0.0004023454 -0.0006834463 1]]
		[0.1388889 [0.8121112 -0.4727548 0.3420201 0 0.503095 0.864231 4.55499E-08 0 -0.2955843 0.1720687 0.9396923 0 0.0001200386 0.0004014156 -0.0006834463 1]]
		[0.1666667 [0.8137974 -0.4698463 0.3420201 0 0.4999998 0.8660254 4.541889E-08 0 -0.296198 0.1710101 0.9396923 0 0.0001078688 0.0004018233 -0.0006834463 1]]
		[0.1944444 [0.8518411 -0.3967222 0.3420201 0 0.4221827 0.9065107 3.453661E-08 0 -0.3100448 0.1443951 0.9396923 0 -0.0001906626 0.0003981898 -0.0006834463 1]]
		[0.2222222 [0.9036061 -0.2579099 0.3420201 0 0.2744619 0.9615979 3.482406E-08 0 -0.3288857 0.09387156 0.9396923 0 -0.0007223774 0.0003259895 -0.0006834464 1]]
		[0.25 [0.9369541 -0.07168355 0.3420201 0 0.07628406 0.9970861 2.406937E-08 0 -0.3410234 0.02609073 0.9396923 0 -0.001373958 0.0001138852 -0.0006834464 1]]
		[0.2777778 [0.9301957 0.133257 0.3420201 0 -0.1418089 0.989894 7.130381E-09 0 -0.3385635 -0.0485015 0.9396923 0 -0.002016676 -0.0002582743 -0.0006834465 1]]
		[0.3055556 [0.8823971 0.3231054 0.3420201 0 -0.3438413 0.9390277 1.022955E-09 0 -0.3211663 -0.1176007 0.9396923 0 -0.002541006 -0.0007356408 -0.0006834465 1]]
		[0.3333333 [0.8137975 0.4698464 0.3420201 0 -0.4999997 0.8660254 -2.163632E-08 0 -0.296198 -0.17101 0.9396923 0 -0.00289213 -0.001205671 -0.0006834465 1]]
		[0.3611111 [0.7302814 0.5913636 0.3420201 0 -0.6293156 0.7771496 -3.199285E-08 0 -0.2658008 -0.2152387 0.9396923 0 -0.00313721 -0.001680174 -0.0006834466 1]]
		[0.3888889 [0.6425604 0.6856661 0.3420201 0 -0.7296703 0.6837989 -3.330595E-08 0 -0.233873 -0.249562 0.9396923 0 -0.003288214 -0.002121545 -0.0006834466 1]]
		[0.4166667 [0.6040226 0.7198464 0.3420201 0 -0.766044 0.6427876 -3.669622E-08 0 -0.2198463 -0.2620026 0.9396923 0 -0.00333141 -0.00230305 -0.0006834466 1]]
		[0.4444444 [0.6342626 0.6933491 0.3420201 0 -0.7378463 0.6749684 -3.405645E-08 0 -0.2308528 -0.2523583 0.9396923 0 -0.003298547 -0.002161179 -0.0006834466 1]]
		[0.4722222 [0.7008507 0.6259634 0.3420201 0 -0.6661359 0.7458301 -3.512091E-08 0 -0.2550889 -0.227832 0.9396923 0 -0.003197326 -0.00183332 -0.0006834466 1]]
		[0.5 [0.7824277 0.5204121 0.34202 0 -0.5538105 0.8326425 -1.8388E-08 0 -0.2847804 -0.1894144 0.9396923 0 -0.002999899 -0.001392321 -0.0006834465 1]]
		[0.5277778 [0.8576852 0.3839242 0.3420201 0 -0.4085633 0.91273 -7.343799E-09 0 -0.3121719 -0.1397369 0.9396923 0 -0.002692898 -0.0009185746 -0.0006834465 1]]
		[0.5555556 [0.9109133 0.230778 0.3420201 0 -0.2455886 0.9693742 4.058381E-09 0 -0.3315453 -0.08399624 0.9396923 0 -0.002295029 -0.0004866603 -0.0006834465 1]]
		[0.5833333 [0.9362599 0.08024257 0.3420201 0 -0.08539224 0.9963474 6.960117E-09 0 -0.3407708 -0.02920584 0.9396923 0 -0.0018578 -0.0001482251 -0.0006834464 1]]
		[0.6111111 [0.9396923 3.159963E-08 0.3420201 0 3.159963E-08 1 1.960933E-08 0 -0.34202 3.999532E-08 0.9396923 0 -0.001607494 -2.426656E-10 -0.0006834464 1]]
		[0.6388889 [0.9396923 3.159963E-08 0.3420201 0 3.159963E-08 1 1.960933E-08 0 -0.34202 3.999532E-08 0.9396923 0 -0.001607494 -2.426656E-10 -0.0006834464 1]]
		[0.6666667 [0.9396923 3.159963E-08 0.3420201 0 3.159963E-08 1 1.960933E-08 0 -0.34202 3.999532E-08 0.9396923 0 -0.001607494 -2.426656E-10 -0.0006834464 1]]
		[0.6944444 [0.9396923 3.159963E-08 0.3420201 0 3.159963E-08 1 1.960933E-08 0 -0.34202 3.999532E-08 0.9396923 0 -0.001607494 -2.426656E-10 -0.0006834464 1]]
		[0.7222222 [0.9396923 3.159963E-08 0.3420201 0 3.159963E-08 1 1.960933E-08 0 -0.34202 3.999532E-08 0.9396923 0 -0.001607494 -2.426656E-10 -0.0006834464 1]]
		[0.75 [0.9396923 3.159963E-08 0.3420201 0 3.159963E-08 1 1.960933E-08 0 -0.34202 3.999532E-08 0.9396923 0 -0.001607494 -2.426656E-10 -0.0006834464 1]]
		[0.7777778 [0.9396923 3.159963E-08 0.3420201 0 3.159963E-08 1 1.960933E-08 0 -0.34202 3.999532E-08 0.9396923 0 -0.001607494 -2.426656E-10 -0.0006834464 1]]
		[0.8055556 [0.9396923 3.159963E-08 0.3420201 0 3.159963E-08 1 1.960933E-08 0 -0.34202 3.999532E-08 0.9396923 0 -0.001607494 -2.426656E-10 -0.0006834464 1]]
		[0.8333333 [0.9396923 3.159963E-08 0.3420201 0 3.159963E-08 1 1.960933E-08 0 -0.34202 3.999532E-08 0.9396923 0 -0.001607494 -2.426656E-10 -0.0006834464 1]]
		[0.8611111 [0.9396923 3.159963E-08 0.3420201 0 3.159963E-08 1 1.960933E-08 0 -0.34202 3.999532E-08 0.9396923 0 -0.001607494 -2.426656E-10 -0.0006834464 1]]
		[0.8888889 [0.9396923 3.159963E-08 0.3420201 0 3.159963E-08 1 1.960933E-08 0 -0.34202 3.999532E-08 0.9396923 0 -0.001607494 -2.426656E-10 -0.0006834464 1]]
		[0.9166667 [0.9396923 3.159963E-08 0.3420201 0 3.159963E-08 1 1.960933E-08 0 -0.34202 3.999532E-08 0.9396923 0 -0.001607494 -2.426656E-10 -0.0006834464 1]]
		[0.9444444 [0.9396923 3.159963E-08 0.3420201 0 3.159963E-08 1 1.960933E-08 0 -0.34202 3.999532E-08 0.9396923 0 -0.001607494 -2.426656E-10 -0.0006834464 1]]
		[0.9722222 [0.9396923 3.159963E-08 0.3420201 0 3.159963E-08 1 1.960933E-08 0 -0.34202 3.999532E-08 0.9396923 0 -0.001607494 -2.426656E-10 -0.0006834464 1]]
	]
	"Kluchitsa_P" [
		[0 [0.9396923 -3.159963E-08 -0.3420201 0 -3.159963E-08 1 1.960933E-08 0 0.34202 3.999532E-08 0.9396923 0 0.001607494 -4.177542E-10 -0.0006834474 1]]
		[0.02777778 [0.9344669 -0.09896075 -0.3420201 0 0.1053117 0.9944392 1.316653E-08 0 0.3401181 -0.03601871 0.9396923 0 0.001598555 -0.0001692884 -0.0006834474 1]]
		[0.05555556 [0.9143757 -0.2166535 -0.3420201 0 0.2305576 0.9730586 5.064103E-09 0 0.3328055 -0.07885535 0.9396923 0 0.001564186 -0.0003706209 -0.0006834474 1]]
		[0.08333334 [0.8794636 -0.3310069 -0.3420201 0 0.3522499 0.9359059 -7.021849E-09 0 0.3200986 -0.1204766 0.9396923 0 0.001504463 -0.000566241 -0.0006834474 1]]
		[0.1111111 [0.8397154 -0.4217816 -0.3420202 0 0.4488504 0.8936069 -1.031501E-08 0 0.3056314 -0.1535159 0.9396923 0 0.001436468 -0.0007215254 -0.0006834474 1]]
		[0.1388889 [0.8121111 -0.4727549 -0.3420201 0 0.5030949 0.8642311 -1.44237E-08 0 0.2955843 -0.1720686 0.9396923 0 0.001389246 -0.0008087234 -0.0006834474 1]]
		[0.1666667 [0.8137973 -0.4698464 -0.3420201 0 0.4999998 0.8660254 -1.418574E-08 0 0.2961981 -0.17101 0.9396923 0 0.001392131 -0.0008037477 -0.0006834474 1]]
		[0.1944444 [0.8518411 -0.3967222 -0.3420201 0 0.4221827 0.9065107 -8.90347E-10 0 0.3100448 -0.144395 0.9396923 0 0.001457211 -0.0006786578 -0.0006834474 1]]
		[0.2222222 [0.9036062 -0.25791 -0.3420201 0 0.2744618 0.9615979 2.105651E-09 0 0.3288857 -0.09387148 0.9396923 0 0.001545763 -0.0004411964 -0.0006834474 1]]
		[0.25 [0.9369541 -0.07168361 -0.3420201 0 0.076284 0.9970861 1.49756E-08 0 0.3410234 -0.02609065 0.9396923 0 0.00160281 -0.0001226263 -0.0006834474 1]]
		[0.2777778 [0.9301957 0.1332569 -0.3420201 0 -0.141809 0.989894 3.148591E-08 0 0.3385635 0.04850158 0.9396923 0 0.001591249 0.0002279564 -0.0006834474 1]]
		[0.3055556 [0.882397 0.3231054 -0.3420201 0 -0.3438414 0.9390277 3.456147E-08 0 0.3211662 0.1176008 0.9396923 0 0.001509482 0.000552723 -0.0006834474 1]]
		[0.3333333 [0.8137974 0.4698463 -0.3420201 0 -0.4999998 0.8660254 5.286947E-08 0 0.296198 0.1710101 0.9396923 0 0.001392131 0.0008037468 -0.0006834473 1]]
		[0.3611111 [0.7302814 0.5913635 -0.34202 0 -0.6293157 0.7771496 5.792858E-08 0 0.2658007 0.2152388 0.9396923 0 0.001249264 0.001011622 -0.0006834473 1]]
		[0.3888889 [0.6425605 0.6856661 -0.34202 0 -0.7296703 0.6837988 5.367756E-08 0 0.2338729 0.2495621 0.9396923 0 0.001099203 0.001172942 -0.0006834473 1]]
		[0.4166667 [0.6040226 0.7198463 -0.34202 0 -0.7660441 0.6427876 5.462337E-08 0 0.2198462 0.2620026 0.9396923 0 0.001033277 0.001231413 -0.0006834473 1]]
		[0.4444444 [0.6342627 0.693349 -0.34202 0 -0.7378463 0.6749684 5.390171E-08 0 0.2308527 0.2523584 0.9396923 0 0.001085008 0.001186084 -0.0006834473 1]]
		[0.4722222 [0.7008508 0.6259633 -0.34202 0 -0.666136 0.7458301 5.918985E-08 0 0.2550888 0.227832 0.9396923 0 0.001198918 0.00107081 -0.0006834473 1]]
		[0.5 [0.7824278 0.520412 -0.34202 0 -0.5538107 0.8326425 4.763138E-08 0 0.2847803 0.1894145 0.9396923 0 0.001338468 0.0008902475 -0.0006834473 1]]
		[0.5277778 [0.8576852 0.3839241 -0.3420201 0 -0.4085633 0.9127299 4.136075E-08 0 0.3121719 0.139737 0.9396923 0 0.001467208 0.0006567629 -0.0006834474 1]]
		[0.5555556 [0.9109133 0.2307779 -0.34202 0 -0.2455887 0.9693741 3.333483E-08 0 0.3315453 0.08399633 0.9396923 0 0.001558263 0.0003947826 -0.0006834474 1]]
		[0.5833333 [0.9362599 0.08024251 -0.3420201 0 -0.0853923 0.9963474 3.204083E-08 0 0.3407708 0.02920592 0.9396923 0 0.001601623 0.0001372667 -0.0006834474 1]]
		[0.6111111 [0.9396923 -3.159963E-08 -0.3420201 0 -3.159963E-08 1 1.960933E-08 0 0.34202 3.999532E-08 0.9396923 0 0.001607494 -4.177542E-10 -0.0006834474 1]]
		[0.6388889 [0.9396923 -3.159963E-08 -0.3420201 0 -3.159963E-08 1 1.960933E-08 0 0.34202 3.999532E-08 0.9396923 0 0.001607494 -4.177542E-10 -0.0006834474 1]]
		[0.6666667 [0.9396923 -3.159963E-08 -0.3420201 0 -3.159963E-08 1 1.960933E-08 0 0.34202 3.999532E-08 0.9396923 0 0.001607494 -4.177542E-10 -0.0006834474 1]]
		[0.6944444 [0.9396923 -3.159963E-08 -0.3420201 0 -3.159963E-08 1 1.960933E-08 0 0.34202 3.999532E-08 0.9396923 0 0.001607494 -4.177542E-10 -0.0006834474 1]]
		[0.7222222 [0.9396923 -3.159963E-08 -0.3420201 0 -3.159963E-08 1 1.960933E-08 0 0.34202 3.999532E-08 0.9396923 0 0.001607494 -4.177542E-10 -0.0006834474 1]]
		[0.75 [0.9396923 -3.159963E-08 -0.3420201 0 -3.159963E-08 1 1.960933E-08 0 0.34202 3.999532E-08 0.9396923 0 0.001607494 -4.177542E-10 -0.0006834474 1]]
		[0.7777778 [0.9396923 -3.159963E-08 -0.3420201 0 -3.159963E-08 1 1.960933E-08 0 0.34202 3.999532E-08 0.9396923 0 0.001607494 -4.177542E-10 -0.0006834474 1]]
		[0.8055556 [0.9396923 -3.159963E-08 -0.3420201 0 -3.159963E-08 1 1.960933E-08 0 0.34202 3.999532E-08 0.9396923 0 0.001607494 -4.177542E-10 -0.0006834474 1]]
		[0.8333333 [0.9396923 -3.159963E-08 -0.3420201 0 -3.159963E-08 1 1.960933E-08 0 0.34202 3.999532E-08 0.9396923 0 0.001607494 -4.177542E-10 -0.0006834474 1]]
		[0.8611111 [0.9396923 -3.159963E-08 -0.3420201 0 -3.159963E-08 1 1.960933E-08 0 0.34202 3.999532E-08 0.9396923 0 0.001607494 -4.177542E-10 -0.0006834474 1]]
		[0.8888889 [0.9396923 -3.159963E-08 -0.3420201 0 -3.159963E-08 1 1.960933E-08 0 0.34202 3.999532E-08 0.9396923 0 0.001607494 -4.177542E-10 -0.0006834474 1]]
		[0.9166667 [0.9396923 -3.159963E-08 -0.3420201 0 -3.159963E-08 1 1.960933E-08 0 0.34202 3.999532E-08 0.9396923 0 0.001607494 -4.177542E-10 -0.0006834474 1]]
		[0.9444444 [0.9396923 -3.159963E-08 -0.3420201 0 -3.159963E-08 1 1.960933E-08 0 0.34202 3.999532E-08 0.9396923 0 0.001607494 -4.177542E-10 -0.0006834474 1]]
		[0.9722222 [0.9396923 -3.159963E-08 -0.3420201 0 -3.159963E-08 1 1.960933E-08 0 0.34202 3.999532E-08 0.9396923 0 0.001607494 -4.177542E-10 -0.0006834474 1]]
	]
	"Kluchitsa_P_end" [
		[0 [0.9396923 -3.159963E-08 -0.3420201 0 -3.159963E-08 1 1.960933E-08 0 0.34202 3.999532E-08 0.9396923 0 0.001607494 -1.173988E-09 -0.0006834473 1]]
		[0.02777778 [0.9344669 -0.09896075 -0.3420201 0 0.1053117 0.9944392 1.316653E-08 0 0.3401181 -0.03601871 0.9396923 0 0.001914491 -0.0001859713 -0.0006834473 1]]
		[0.05555556 [0.9143757 -0.2166535 -0.3420201 0 0.2305576 0.9730586 5.064103E-09 0 0.3328055 -0.07885535 0.9396923 0 0.002255859 -0.0004514456 -0.0006834473 1]]
		[0.08333334 [0.8794636 -0.3310069 -0.3420201 0 0.3522499 0.9359059 -7.021849E-09 0 0.3200986 -0.1204766 0.9396923 0 0.002561213 -0.0007585228 -0.0006834474 1]]
		[0.1111111 [0.8397154 -0.4217816 -0.3420202 0 0.4488504 0.8936069 -1.031501E-08 0 0.3056314 -0.1535159 0.9396923 0 0.002783019 -0.001040705 -0.0006834474 1]]
		[0.1388889 [0.8121111 -0.4727549 -0.3420201 0 0.5030949 0.8642311 -1.44237E-08 0 0.2955843 -0.1720686 0.9396923 0 0.002898532 -0.001216031 -0.0006834474 1]]
		[0.1666667 [0.8137973 -0.4698464 -0.3420201 0 0.4999998 0.8660254 -1.418574E-08 0 0.2961981 -0.17101 0.9396923 0 0.002892131 -0.001205672 -0.0006834474 1]]
		[0.1944444 [0.8518411 -0.3967222 -0.3420201 0 0.4221827 0.9065107 -8.90347E-10 0 0.3100448 -0.144395 0.9396923 0 0.002723759 -0.0009591258 -0.0006834474 1]]
		[0.2222222 [0.9036062 -0.25791 -0.3420201 0 0.2744618 0.9615979 2.105651E-09 0 0.3288857 -0.09387148 0.9396923 0 0.002369149 -0.0005564034 -0.0006834474 1]]
		[0.25 [0.9369541 -0.07168361 -0.3420201 0 0.076284 0.9970861 1.49756E-08 0 0.3410234 -0.02609065 0.9396923 0 0.001831662 -0.0001313686 -0.0006834473 1]]
		[0.2777778 [0.9301957 0.1332569 -0.3420201 0 -0.141809 0.989894 3.148591E-08 0 0.3385635 0.04850158 0.9396923 0 0.001165822 0.0001976383 -0.0006834473 1]]
		[0.3055556 [0.882397 0.3231054 -0.3420201 0 -0.3438414 0.9390277 3.456147E-08 0 0.3211662 0.1176008 0.9396923 0 0.0004779575 0.0003698051 -0.0006834472 1]]
		[0.3333333 [0.8137974 0.4698463 -0.3420201 0 -0.4999998 0.8660254 5.286947E-08 0 0.296198 0.1710101 0.9396923 0 -0.0001078685 0.0004018223 -0.0006834472 1]]
		[0.3611111 [0.7302814 0.5913635 -0.34202 0 -0.6293157 0.7771496 5.792858E-08 0 0.2658007 0.2152388 0.9396923 0 -0.0006386833 0.00034307 -0.0006834472 1]]
		[0.3888889 [0.6425605 0.6856661 -0.34202 0 -0.7296703 0.6837988 5.367756E-08 0 0.2338729 0.2495621 0.9396923 0 -0.001089808 0.0002243375 -0.0006834472 1]]
		[0.4166667 [0.6040226 0.7198463 -0.34202 0 -0.7660441 0.6427876 5.462337E-08 0 0.2198462 0.2620026 0.9396923 0 -0.001264855 0.000159775 -0.0006834471 1]]
		[0.4444444 [0.6342627 0.693349 -0.34202 0 -0.7378463 0.6749684 5.390171E-08 0 0.2308527 0.2523584 0.9396923 0 -0.001128531 0.0002109897 -0.0006834472 1]]
		[0.4722222 [0.7008508 0.6259633 -0.34202 0 -0.666136 0.7458301 5.918985E-08 0 0.2550888 0.227832 0.9396923 0 -0.0007994903 0.0003083002 -0.0006834472 1]]
		[0.5 [0.7824278 0.520412 -0.34202 0 -0.5538107 0.8326425 4.763138E-08 0 0.2847803 0.1894145 0.9396923 0 -0.0003229643 0.0003881752 -0.0006834472 1]]
		[0.5277778 [0.8576852 0.3839241 -0.3420201 0 -0.4085633 0.9127299 4.136075E-08 0 0.3121719 0.139737 0.9396923 0 0.000241518 0.0003949523 -0.0006834472 1]]
		[0.5555556 [0.9109133 0.2307779 -0.34202 0 -0.2455887 0.9693741 3.333483E-08 0 0.3315453 0.08399633 0.9396923 0 0.0008214973 0.0003029049 -0.0006834472 1]]
		[0.5833333 [0.9362599 0.08024251 -0.3420201 0 -0.0853923 0.9963474 3.204083E-08 0 0.3407708 0.02920592 0.9396923 0 0.001345446 0.0001263094 -0.0006834473 1]]
		[0.6111111 [0.9396923 -3.159963E-08 -0.3420201 0 -3.159963E-08 1 1.960933E-08 0 0.34202 3.999532E-08 0.9396923 0 0.001607494 -1.173988E-09 -0.0006834473 1]]
		[0.6388889 [0.9396923 -3.159963E-08 -0.3420201 0 -3.159963E-08 1 1.960933E-08 0 0.34202 3.999532E-08 0.9396923 0 0.001607494 -1.173988E-09 -0.0006834473 1]]
		[0.6666667 [0.9396923 -3.159963E-08 -0.3420201 0 -3.159963E-08 1 1.960933E-08 0 0.34202 3.999532E-08 0.9396923 0 0.001607494 -1.173988E-09 -0.0006834473 1]]
		[0.6944444 [0.9396923 -3.159963E-08 -0.3420201 0 -3.159963E-08 1 1.960933E-08 0 0.34202 3.999532E-08 0.9396923 0 0.001607494 -1.173988E-09 -0.0006834473 1]]
		[0.7222222 [0.9396923 -3.159963E-08 -0.3420201 0 -3.159963E-08 1 1.960933E-08 0 0.34202 3.999532E-08 0.9396923 0 0.001607494 -1.173988E-09 -0.0006834473 1]]
		[0.75 [0.9396923 -3.159963E-08 -0.3420201 0 -3.159963E-08 1 1.960933E-08 0 0.34202 3.999532E-08 0.9396923 0 0.001607494 -1.173988E-09 -0.0006834473 1]]
		[0.7777778 [0.9396923 -3.159963E-08 -0.3420201 0 -3.159963E-08 1 1.960933E-08 0 0.34202 3.999532E-08 0.9396923 0 0.001607494 -1.173988E-09 -0.0006834473 1]]
		[0.8055556 [0.9396923 -3.159963E-08 -0.3420201 0 -3.159963E-08 1 1.960933E-08 0 0.34202 3.999532E-08 0.9396923 0 0.001607494 -1.173988E-09 -0.0006834473 1]]
		[0.8333333 [0.9396923 -3.159963E-08 -0.3420201 0 -3.159963E-08 1 1.960933E-08 0 0.34202 3.999532E-08 0.9396923 0 0.001607494 -1.173988E-09 -0.0006834473 1]]
		[0.8611111 [0.9396923 -3.159963E-08 -0.3420201 0 -3.159963E-08 1 1.960933E-08 0 0.34202 3.999532E-08 0.9396923 0 0.001607494 -1.173988E-09 -0.0006834473 1]]
		[0.8888889 [0.9396923 -3.159963E-08 -0.3420201 0 -3.159963E-08 1 1.960933E-08 0 0.34202 3.999532E-08 0.9396923 0 0.001607494 -1.173988E-09 -0.0006834473 1]]
		[0.9166667 [0.9396923 -3.159963E-08 -0.3420201 0 -3.159963E-08 1 1.960933E-08 0 0.34202 3.999532E-08 0.9396923 0 0.001607494 -1.173988E-09 -0.0006834473 1]]
		[0.9444444 [0.9396923 -3.159963E-08 -0.3420201 0 -3.159963E-08 1 1.960933E-08 0 0.34202 3.999532E-08 0.9396923 0 0.001607494 -1.173988E-09 -0.0006834473 1]]
		[0.9722222 [0.9396923 -3.159963E-08 -0.3420201 0 -3.159963E-08 1 1.960933E-08 0 0.34202 3.999532E-08 0.9396923 0 0.001607494 -1.173988E-09 -0.0006834473 1]]
	]
	"Ruka_L" [
		[0 [0.6673365 -0.6700675 0.3250712 0 0.5931383 0.7421389 0.3121161 0 -0.4503867 -0.01547408 0.8926995 0 -0.001392725 0.0005275749 -0.0003390052 1]]
		[0.02777778 [0.7301256 -0.6597846 0.1777658 0 0.6721014 0.740351 -0.01263897 0 -0.1232702 0.1287048 0.9839917 0 -0.001099393 0.0006326828 -0.0001947987 1]]
		[0.05555556 [0.7410875 -0.665425 -0.08943637 0 0.6035179 0.7185844 -0.3455458 0 0.294202 0.2021035 0.9341302 0 -0.0007238726 0.0007421086 -6.014476E-05 1]]
		[0.08333334 [0.628625 -0.6579658 -0.4146233 0 0.3910187 0.728246 -0.5628164 0 0.6722606 0.1916752 0.7150705 0 -0.0003294319 0.0008311514 2.981779E-05 1]]
		[0.1111111 [0.3997633 -0.5946646 -0.6975414 0 0.1431307 0.7921565 -0.5932968 0 0.9053739 0.1373387 0.4017898 0 6.804175E-06 0.0008883247 6.92737E-05 1]]
