{ :name "Attack_3" :length 0.6 :bones { 
	"Skelet" [
		[ 0 [ 0 1 2 3 ] ]
	]
	"Bedro_L" [
		[ 0 [ 4 5 6 7 ] ]
	]
	"Koleno_L" [
		[ 0 [ 8 9 10 11 ] ]
	]
	"Koleno_L_end" [
		[ 0 [ 0 12 1 13 ] ]
	]
	"Bedro_P" [
		[ 0 [ 14 15 16 17 ] ]
	]
	"Koleno_P" [
		[ 0 [ 8 9 10 11 ] ]
	]
	"Koleno_P_end" [
		[ 0 [ 0 12 1 13 ] ]
	]
	"Tors" [
		[ 0 [ 0 18 19 20 ] ]
		[ 0.02777778 [ 21 22 23 20 ] ]
		[ 0.05555556 [ 24 25 26 20 ] ]
		[ 0.08333334 [ 27 28 29 20 ] ]
		[ 0.1111111 [ 30 31 32 20 ] ]
		[ 0.1388889 [ 33 34 35 20 ] ]
		[ 0.1666667 [ 36 37 38 20 ] ]
		[ 0.1944444 [ 39 40 41 20 ] ]
		[ 0.2222222 [ 42 43 44 20 ] ]
		[ 0.25 [ 45 46 47 20 ] ]
		[ 0.2777778 [ 48 49 50 20 ] ]
		[ 0.3055556 [ 51 52 53 20 ] ]
		[ 0.3333333 [ 54 55 56 20 ] ]
		[ 0.3611111 [ 57 58 59 20 ] ]
		[ 0.3888889 [ 60 61 62 20 ] ]
		[ 0.4166667 [ 63 64 65 20 ] ]
		[ 0.4444444 [ 66 67 68 20 ] ]
		[ 0.4722222 [ 69 70 71 20 ] ]
		[ 0.5 [ 72 73 74 20 ] ]
		[ 0.5277778 [ 75 76 77 20 ] ]
		[ 0.5555556 [ 78 79 80 20 ] ]
		[ 0.5833333 [ 81 82 83 20 ] ]
		[ 0.6111111 [ 0 18 19 20 ] ]
		[ 0.6388889 [ 0 18 19 20 ] ]
		[ 0.6666667 [ 0 18 19 20 ] ]
		[ 0.6944444 [ 0 18 19 20 ] ]
		[ 0.7222222 [ 0 18 19 20 ] ]
		[ 0.75 [ 0 18 19 20 ] ]
		[ 0.7777778 [ 0 18 19 20 ] ]
		[ 0.8055556 [ 0 18 19 20 ] ]
		[ 0.8333333 [ 0 18 19 20 ] ]
		[ 0.8611111 [ 0 18 19 20 ] ]
		[ 0.8888889 [ 0 18 19 20 ] ]
		[ 0.9166667 [ 0 18 19 20 ] ]
		[ 0.9444444 [ 0 18 19 20 ] ]
		[ 0.9722222 [ 0 18 19 20 ] ]
	]
	"Golova" [
		[ 0 [ 0 84 85 86 ] ]
		[ 0.02777778 [ 87 88 89 86 ] ]
		[ 0.05555556 [ 90 91 92 86 ] ]
		[ 0.08333334 [ 93 94 95 86 ] ]
		[ 0.1111111 [ 96 97 98 86 ] ]
		[ 0.1388889 [ 99 100 101 86 ] ]
		[ 0.1666667 [ 102 100 103 86 ] ]
		[ 0.1944444 [ 104 105 106 86 ] ]
		[ 0.2222222 [ 107 108 109 86 ] ]
		[ 0.25 [ 110 84 111 86 ] ]
		[ 0.2777778 [ 112 113 114 86 ] ]
		[ 0.3055556 [ 115 116 117 86 ] ]
		[ 0.3333333 [ 118 119 120 86 ] ]
		[ 0.3611111 [ 121 122 123 86 ] ]
		[ 0.3888889 [ 124 125 126 86 ] ]
		[ 0.4166667 [ 118 119 120 86 ] ]
		[ 0.4444444 [ 127 128 129 86 ] ]
		[ 0.4722222 [ 130 131 132 86 ] ]
		[ 0.5 [ 133 134 135 86 ] ]
		[ 0.5277778 [ 136 137 138 86 ] ]
		[ 0.5555556 [ 139 140 141 86 ] ]
		[ 0.5833333 [ 142 84 143 86 ] ]
		[ 0.6111111 [ 0 84 85 86 ] ]
		[ 0.6388889 [ 0 84 85 86 ] ]
		[ 0.6666667 [ 0 84 85 86 ] ]
		[ 0.6944444 [ 0 84 85 86 ] ]
		[ 0.7222222 [ 0 84 85 86 ] ]
		[ 0.75 [ 0 84 85 86 ] ]
		[ 0.7777778 [ 0 84 85 86 ] ]
		[ 0.8055556 [ 0 84 85 86 ] ]
		[ 0.8333333 [ 0 84 85 86 ] ]
		[ 0.8611111 [ 0 84 85 86 ] ]
		[ 0.8888889 [ 0 84 85 86 ] ]
		[ 0.9166667 [ 0 84 85 86 ] ]
		[ 0.9444444 [ 0 84 85 86 ] ]
		[ 0.9722222 [ 0 84 85 86 ] ]
	]
	"Golova_end" [
		[ 0 [ 0 12 1 144 ] ]
	]
	"Kluchitsa_L" [
		[ 0 [ 1 0 12 145 ] ]
	]
	"Kluchitsa_L_end" [
		[ 0 [ 0 12 1 146 ] ]
	]
	"Kluchitsa_P" [
		[ 0 [ 10 147 12 145 ] ]
	]
	"Kluchitsa_P_end" [
		[ 0 [ 0 12 1 146 ] ]
	]
	"Ruka_L" [
		[ 0 [ 148 149 150 151 ] ]
		[ 0.02777778 [ 152 153 154 151 ] ]
		[ 0.05555556 [ 155 156 157 151 ] ]
		[ 0.08333334 [ 158 159 160 151 ] ]
		[ 0.1111111 [ 161 162 163 151 ] ]
		[ 0.1388889 [ 164 165 166 151 ] ]
		[ 0.1666667 [ 167 168 103 151 ] ]
		[ 0.1944444 [ 169 170 171 151 ] ]
		[ 0.2222222 [ 172 173 174 151 ] ]
		[ 0.25 [ 175 176 177 151 ] ]
		[ 0.2777778 [ 178 179 180 151 ] ]
		[ 0.3055556 [ 181 182 183 151 ] ]
		[ 0.3333333 [ 184 185 186 151 ] ]
		[ 0.3611111 [ 187 188 189 151 ] ]
		[ 0.3888889 [ 190 191 192 151 ] ]
		[ 0.4166667 [ 193 194 195 151 ] ]
		[ 0.4444444 [ 196 197 198 151 ] ]
		[ 0.4722222 [ 199 200 201 151 ] ]
		[ 0.5 [ 202 203 204 151 ] ]
		[ 0.5277778 [ 205 206 207 151 ] ]
		[ 0.5555556 [ 208 209 210 151 ] ]
		[ 0.5833333 [ 211 212 213 151 ] ]
		[ 0.6111111 [ 148 149 150 151 ] ]
		[ 0.6388889 [ 148 149 150 151 ] ]
		[ 0.6666667 [ 148 149 150 151 ] ]
		[ 0.6944444 [ 148 149 150 151 ] ]
		[ 0.7222222 [ 148 149 150 151 ] ]
		[ 0.75 [ 148 149 150 151 ] ]
		[ 0.7777778 [ 148 149 150 151 ] ]
		[ 0.8055556 [ 148 149 150 151 ] ]
		[ 0.8333333 [ 148 149 150 151 ] ]
		[ 0.8611111 [ 148 149 150 151 ] ]
		[ 0.8888889 [ 148 149 150 151 ] ]
		[ 0.9166667 [ 148 149 150 151 ] ]
		[ 0.9444444 [ 148 149 150 151 ] ]
		[ 0.9722222 [ 148 149 150 151 ] ]
	]
	"Lokot_L" [
		[ 0 [ 12 147 1 214 ] ]
		[ 0.02777778 [ 215 216 217 214 ] ]
		[ 0.05555556 [ 218 219 220 214 ] ]
		[ 0.08333334 [ 221 222 223 214 ] ]
		[ 0.1111111 [ 224 225 226 214 ] ]
		[ 0.1388889 [ 227 228 229 214 ] ]
		[ 0.1666667 [ 230 231 232 214 ] ]
		[ 0.1944444 [ 233 234 235 214 ] ]
		[ 0.2222222 [ 236 237 238 214 ] ]
		[ 0.25 [ 239 240 241 214 ] ]
		[ 0.2777778 [ 242 243 244 214 ] ]
		[ 0.3055556 [ 245 246 247 214 ] ]
		[ 0.3333333 [ 248 249 250 214 ] ]
		[ 0.3611111 [ 251 252 253 214 ] ]
		[ 0.3888889 [ 254 255 256 214 ] ]
		[ 0.4166667 [ 248 249 250 214 ] ]
		[ 0.4444444 [ 257 258 259 214 ] ]
		[ 0.4722222 [ 260 261 262 214 ] ]
		[ 0.5 [ 263 264 265 214 ] ]
		[ 0.5277778 [ 266 267 268 214 ] ]
		[ 0.5555556 [ 269 270 271 214 ] ]
		[ 0.5833333 [ 272 273 274 214 ] ]
		[ 0.6111111 [ 12 147 1 214 ] ]
		[ 0.6388889 [ 12 147 1 214 ] ]
		[ 0.6666667 [ 12 147 1 214 ] ]
		[ 0.6944444 [ 12 147 1 214 ] ]
		[ 0.7222222 [ 12 147 1 214 ] ]
		[ 0.75 [ 12 147 1 214 ] ]
		[ 0.7777778 [ 12 147 1 214 ] ]
		[ 0.8055556 [ 12 147 1 214 ] ]
		[ 0.8333333 [ 12 147 1 214 ] ]
		[ 0.8611111 [ 12 147 1 214 ] ]
		[ 0.8888889 [ 12 147 1 214 ] ]
		[ 0.9166667 [ 12 147 1 214 ] ]
		[ 0.9444444 [ 12 147 1 214 ] ]
		[ 0.9722222 [ 12 147 1 214 ] ]
	]
	"Lokot_L_end" [
		[ 0 [ 0 12 1 275 ] ]
	]
	"Ruka_P" [
		[ 0 [ 276 277 278 279 ] ]
		[ 0.02777778 [ 280 281 282 279 ] ]
		[ 0.05555556 [ 283 284 285 279 ] ]
		[ 0.08333334 [ 286 287 288 279 ] ]
		[ 0.1111111 [ 289 290 291 279 ] ]
		[ 0.1388889 [ 292 293 294 279 ] ]
		[ 0.1666667 [ 276 277 278 279 ] ]
		[ 0.1944444 [ 295 296 297 279 ] ]
		[ 0.2222222 [ 298 299 300 279 ] ]
		[ 0.25 [ 301 302 303 279 ] ]
		[ 0.2777778 [ 304 305 306 279 ] ]
		[ 0.3055556 [ 307 308 309 279 ] ]
		[ 0.3333333 [ 310 311 312 279 ] ]
		[ 0.3611111 [ 313 314 315 279 ] ]
		[ 0.3888889 [ 316 317 318 279 ] ]
		[ 0.4166667 [ 310 311 312 279 ] ]
		[ 0.4444444 [ 319 320 321 279 ] ]
		[ 0.4722222 [ 322 323 324 279 ] ]
		[ 0.5 [ 325 326 327 279 ] ]
		[ 0.5277778 [ 328 329 330 279 ] ]
		[ 0.5555556 [ 331 332 333 279 ] ]
		[ 0.5833333 [ 334 335 336 279 ] ]
		[ 0.6111111 [ 276 277 278 279 ] ]
		[ 0.6388889 [ 276 277 278 279 ] ]
		[ 0.6666667 [ 276 277 278 279 ] ]
		[ 0.6944444 [ 276 277 278 279 ] ]
		[ 0.7222222 [ 276 277 278 279 ] ]
		[ 0.75 [ 276 277 278 279 ] ]
		[ 0.7777778 [ 276 277 278 279 ] ]
		[ 0.8055556 [ 276 277 278 279 ] ]
		[ 0.8333333 [ 276 277 278 279 ] ]
		[ 0.8611111 [ 276 277 278 279 ] ]
		[ 0.8888889 [ 276 277 278 279 ] ]
		[ 0.9166667 [ 276 277 278 279 ] ]
		[ 0.9444444 [ 276 277 278 279 ] ]
		[ 0.9722222 [ 276 277 278 279 ] ]
	]
	"Lokot_P" [
		[ 0 [ 337 338 1 214 ] ]
	]
	"Lokot_P_end" [
		[ 0 [ 0 12 1 275 ] ]
	]
	"Woin" [
		[ 0 [ 339 340 341 341 ] ]
	]
	"Cube" [
		[ 0 [ 342 343 344 345 ] ]
		[ 0.02777778 [ 346 347 348 349 ] ]
		[ 0.05555556 [ 350 351 352 353 ] ]
		[ 0.08333334 [ 354 355 356 357 ] ]
		[ 0.1111111 [ 358 359 356 360 ] ]
		[ 0.1388889 [ 361 362 363 364 ] ]
		[ 0.1666667 [ 365 366 367 368 ] ]
		[ 0.1944444 [ 369 370 371 372 ] ]
		[ 0.2222222 [ 373 374 375 376 ] ]
		[ 0.25 [ 377 378 379 380 ] ]
		[ 0.2777778 [ 381 382 383 384 ] ]
		[ 0.3055556 [ 385 386 387 388 ] ]
		[ 0.3333333 [ 389 390 391 392 ] ]
		[ 0.3611111 [ 393 394 395 396 ] ]
		[ 0.3888889 [ 397 398 399 400 ] ]
		[ 0.4166667 [ 401 402 403 404 ] ]
		[ 0.4444444 [ 405 406 407 408 ] ]
		[ 0.4722222 [ 409 410 411 412 ] ]
		[ 0.5 [ 413 414 415 416 ] ]
		[ 0.5277778 [ 417 418 419 420 ] ]
		[ 0.5555556 [ 421 422 423 424 ] ]
		[ 0.5833333 [ 425 426 427 428 ] ]
		[ 0.6111111 [ 342 343 344 345 ] ]
		[ 0.6388889 [ 342 343 344 345 ] ]
		[ 0.6666667 [ 342 343 344 345 ] ]
		[ 0.6944444 [ 342 343 344 345 ] ]
		[ 0.7222222 [ 342 343 344 345 ] ]
		[ 0.75 [ 342 343 344 345 ] ]
		[ 0.7777778 [ 342 343 344 345 ] ]
		[ 0.8055556 [ 342 343 344 345 ] ]
		[ 0.8333333 [ 342 343 344 345 ] ]
		[ 0.8611111 [ 342 343 344 345 ] ]
		[ 0.8888889 [ 342 343 344 345 ] ]
		[ 0.9166667 [ 342 343 344 345 ] ]
		[ 0.9444444 [ 342 343 344 345 ] ]
		[ 0.9722222 [ 342 343 344 345 ] ]
	]
	"Cube.001" [
		[ 0 [ 429 430 431 432 ] ]
		[ 0.02777778 [ 433 434 435 436 ] ]
		[ 0.05555556 [ 437 438 439 440 ] ]
		[ 0.08333334 [ 441 442 443 444 ] ]
		[ 0.1111111 [ 445 446 447 448 ] ]
		[ 0.1388889 [ 449 450 451 452 ] ]
		[ 0.1666667 [ 453 454 455 456 ] ]
		[ 0.1944444 [ 457 458 459 460 ] ]
		[ 0.2222222 [ 461 462 463 464 ] ]
		[ 0.25 [ 465 466 467 468 ] ]
		[ 0.2777778 [ 469 470 471 472 ] ]
		[ 0.3055556 [ 473 474 475 476 ] ]
		[ 0.3333333 [ 477 478 479 480 ] ]
		[ 0.3611111 [ 481 482 483 484 ] ]
		[ 0.3888889 [ 485 486 487 488 ] ]
		[ 0.4166667 [ 489 490 491 492 ] ]
		[ 0.4444444 [ 493 494 495 496 ] ]
		[ 0.4722222 [ 497 498 499 500 ] ]
		[ 0.5 [ 501 502 503 504 ] ]
		[ 0.5277778 [ 505 506 507 508 ] ]
		[ 0.5555556 [ 509 510 511 512 ] ]
		[ 0.5833333 [ 513 514 515 516 ] ]
		[ 0.6111111 [ 429 430 431 432 ] ]
		[ 0.6388889 [ 429 430 431 432 ] ]
		[ 0.6666667 [ 429 430 431 432 ] ]
		[ 0.6944444 [ 429 430 431 432 ] ]
		[ 0.7222222 [ 429 430 431 432 ] ]
		[ 0.75 [ 429 430 431 432 ] ]
		[ 0.7777778 [ 429 430 431 432 ] ]
		[ 0.8055556 [ 429 430 431 432 ] ]
		[ 0.8333333 [ 429 430 431 432 ] ]
		[ 0.8611111 [ 429 430 431 432 ] ]
		[ 0.8888889 [ 429 430 431 432 ] ]
		[ 0.9166667 [ 429 430 431 432 ] ]
		[ 0.9444444 [ 429 430 431 432 ] ]
		[ 0.9722222 [ 429 430 431 432 ] ]
	]
	}
	:resources [
		[1.000 0.000 0.000]
		[0.000 0.000 1.000]
		[0.000 -1.000 0.000]
		[0.000 0.000 -0.040]
		[0.059 -0.337 0.940]
		[0.163 -0.925 -0.342]
		[0.985 0.174 0.000]
		[0.123 -0.038 0.000]
		[-0.906 0.423 0.000]
		[0.423 0.906 0.000]
		[0.000 0.000 -1.000]
		[0.000 0.532 0.000]
		[0.000 1.000 0.000]
		[0.000 0.578 0.000]
		[0.682 -0.337 0.650]
		[-0.367 -0.925 -0.095]
		[0.633 -0.174 -0.754]
		[-0.123 -0.038 0.000]
		[0.000 0.940 -0.342]
		[0.000 0.342 0.940]
		[0.000 0.130 0.000]
		[0.994 0.000 0.105]
		[0.036 0.940 -0.340]
		[-0.099 0.342 0.934]
		[0.973 0.000 0.231]
		[0.079 0.940 -0.333]
		[-0.217 0.342 0.914]
		[0.936 0.000 0.352]
		[0.120 0.940 -0.320]
		[-0.331 0.342 0.879]
		[0.894 0.000 0.449]
		[0.154 0.940 -0.306]
		[-0.422 0.342 0.840]
		[0.864 0.000 0.503]
		[0.172 0.940 -0.296]
		[-0.473 0.342 0.812]
		[0.866 0.000 0.500]
		[0.171 0.940 -0.296]
		[-0.470 0.342 0.814]
		[0.907 0.000 0.422]
		[0.144 0.940 -0.310]
		[-0.397 0.342 0.852]
		[0.962 0.000 0.274]
		[0.094 0.940 -0.329]
		[-0.258 0.342 0.904]
		[0.997 0.000 0.076]
		[0.026 0.940 -0.341]
		[-0.072 0.342 0.937]
		[0.990 0.000 -0.142]
		[-0.049 0.940 -0.339]
		[0.133 0.342 0.930]
		[0.939 0.000 -0.344]
		[-0.118 0.940 -0.321]
		[0.323 0.342 0.882]
		[0.866 0.000 -0.500]
		[-0.171 0.940 -0.296]
		[0.470 0.342 0.814]
		[0.777 0.000 -0.629]
		[-0.215 0.940 -0.266]
		[0.591 0.342 0.730]
		[0.684 0.000 -0.730]
		[-0.250 0.940 -0.234]
		[0.686 0.342 0.643]
		[0.643 0.000 -0.766]
		[-0.262 0.940 -0.220]
		[0.720 0.342 0.604]
		[0.675 0.000 -0.738]
		[-0.252 0.940 -0.231]
		[0.693 0.342 0.634]
		[0.746 0.000 -0.666]
		[-0.228 0.940 -0.255]
		[0.626 0.342 0.701]
		[0.833 0.000 -0.554]
		[-0.189 0.940 -0.285]
		[0.520 0.342 0.782]
		[0.913 0.000 -0.409]
		[-0.140 0.940 -0.312]
		[0.384 0.342 0.858]
		[0.969 0.000 -0.246]
		[-0.084 0.940 -0.332]
		[0.231 0.342 0.911]
		[0.996 0.000 -0.085]
		[-0.029 0.940 -0.341]
		[0.080 0.342 0.936]
		[0.000 0.940 0.342]
		[0.000 -0.342 0.940]
		[0.000 0.596 0.000]
		[0.995 0.033 -0.093]
		[0.001 0.939 0.344]
		[0.099 -0.342 0.934]
		[0.976 0.073 -0.204]
		[0.003 0.937 0.350]
		[0.217 -0.342 0.914]
		[0.944 0.112 -0.311]
		[0.008 0.933 0.360]
		[0.331 -0.342 0.879]
		[0.907 0.145 -0.396]
		[0.014 0.928 0.371]
		[0.422 -0.342 0.840]
		[0.881 0.164 -0.444]
		[0.018 0.925 0.379]
		[0.473 -0.342 0.812]
		[0.883 0.163 -0.441]
		[0.470 -0.342 0.814]
		[0.921 0.134 -0.366]
		[0.011 0.930 0.367]
		[0.390 -0.342 0.855]
		[0.972 0.079 -0.221]
		[0.004 0.936 0.351]
		[0.234 -0.342 0.910]
		[1.000 0.010 -0.029]
		[0.031 -0.342 0.939]
		[0.983 -0.061 0.171]
		[-0.002 0.938 0.347]
		[-0.181 -0.342 0.922]
		[0.934 -0.122 0.337]
		[-0.009 0.932 0.363]
		[-0.358 -0.342 0.869]
		[0.883 -0.163 0.441]
		[-0.018 0.925 0.379]
		[-0.470 -0.342 0.814]
		[0.861 -0.178 0.476]
		[-0.022 0.923 0.385]
		[-0.508 -0.342 0.791]
		[0.866 -0.175 0.469]
		[-0.021 0.923 0.383]
		[-0.500 -0.342 0.796]
		[0.904 -0.147 0.402]
		[-0.014 0.928 0.372]
		[-0.428 -0.342 0.837]
		[0.929 -0.126 0.347]
		[-0.010 0.931 0.364]
		[-0.369 -0.342 0.864]
		[0.955 -0.100 0.279]
		[-0.006 0.934 0.356]
		[-0.296 -0.342 0.892]
		[0.977 -0.072 0.203]
		[-0.003 0.937 0.350]
		[-0.215 -0.342 0.915]
		[0.992 -0.043 0.122]
		[-0.001 0.939 0.345]
		[-0.130 -0.342 0.931]
		[0.999 -0.016 0.044]
		[-0.047 -0.342 0.939]
		[0.000 0.315 0.000]
		[0.000 0.470 0.000]
		[0.000 0.300 0.000]
		[-1.000 0.000 0.000]
		[-0.040 0.557 0.830]
		[0.580 -0.663 0.473]
		[0.814 0.500 -0.296]
		[0.279 0.394 -0.035]
		[-0.101 0.465 0.879]
		[0.362 -0.806 0.468]
		[0.927 0.365 -0.087]
		[-0.248 0.334 0.909]
		[0.138 -0.917 0.374]
		[0.959 0.218 0.182]
		[-0.455 0.173 0.873]
		[-0.021 -0.983 0.184]
		[0.890 0.065 0.451]
		[-0.662 0.000 0.749]
		[-0.063 -0.996 -0.056]
		[0.746 -0.084 0.660]
		[-0.810 -0.169 0.562]
		[0.007 -0.960 -0.279]
		[0.586 -0.222 0.779]
		[-0.872 -0.321 0.369]
		[0.136 -0.883 -0.449]
		[-0.865 -0.457 0.207]
		[0.268 -0.770 -0.580]
		[0.424 -0.446 0.788]
		[-0.822 -0.566 0.067]
		[0.374 -0.624 -0.686]
		[0.431 -0.539 0.724]
		[-0.771 -0.634 -0.052]
		[0.434 -0.465 -0.771]
		[0.465 -0.617 0.634]
		[-0.737 -0.660 -0.146]
		[0.449 -0.316 -0.836]
		[0.506 -0.682 0.529]
		[-0.727 -0.654 -0.207]
		[0.427 -0.194 -0.883]
		[0.538 -0.731 0.420]
		[-0.740 -0.633 -0.227]
		[0.377 -0.112 -0.919]
		[0.557 -0.766 0.321]
		[-0.775 -0.606 -0.180]
		[0.271 -0.061 -0.961]
		[0.571 -0.793 0.212]
		[-0.802 -0.596 -0.042]
		[0.089 -0.051 -0.995]
		[0.591 -0.801 0.094]
		[-0.754 -0.633 0.174]
		[-0.133 -0.112 -0.985]
		[0.643 -0.766 0.000]
		[-0.586 -0.688 0.427]
		[-0.337 -0.273 -0.901]
		[0.737 -0.672 -0.072]
		[-0.311 -0.675 0.669]
		[-0.445 -0.519 -0.730]
		[0.840 -0.525 -0.140]
		[0.000 -0.523 0.853]
		[-0.383 -0.788 -0.483]
		[0.924 -0.326 -0.200]
		[0.221 -0.222 0.950]
		[-0.142 -0.971 -0.194]
		[0.965 -0.092 -0.246]
		[0.255 0.141 0.957]
		[0.186 -0.978 0.095]
		[0.949 0.153 -0.275]
		[0.103 0.443 0.891]
		[0.469 -0.811 0.349]
		[0.877 0.382 -0.291]
		[0.000 0.316 0.000]
		[0.234 0.958 -0.164]
		[-0.957 0.257 0.138]
		[0.174 0.124 0.977]
		[0.392 0.837 -0.382]
		[-0.856 0.483 0.182]
		[0.336 0.256 0.906]
		[0.471 0.653 -0.593]
		[-0.746 0.653 0.127]
		[0.471 0.383 0.795]
		[0.495 0.435 -0.753]
		[-0.658 0.753 0.002]
		[0.567 0.494 0.659]
		[0.497 0.210 -0.842]
		[-0.599 0.785 -0.158]
		[0.628 0.583 0.516]
		[0.500 0.000 -0.866]
		[-0.557 0.766 -0.321]
		[0.663 0.643 0.383]
		[0.511 -0.204 -0.835]
		[-0.509 0.711 -0.486]
		[0.693 0.673 0.259]
		[0.524 -0.402 -0.751]
		[-0.457 0.611 -0.646]
		[0.719 0.682 0.136]
		[0.536 -0.570 -0.623]
		[-0.412 0.468 -0.782]
		[0.737 0.676 0.016]
		[0.552 -0.688 -0.471]
		[-0.379 0.297 -0.877]
		[0.743 0.662 -0.097]
		[0.576 -0.750 -0.327]
		[-0.356 0.129 -0.925]
		[0.736 0.649 -0.193]
		[0.604 -0.766 -0.220]
		[-0.342 0.000 -0.940]
		[0.720 0.643 -0.262]
		[0.638 -0.754 -0.159]
		[-0.333 -0.084 -0.939]
		[0.694 0.652 -0.305]
		[0.651 -0.744 -0.151]
		[-0.332 -0.101 -0.938]
		[0.683 0.660 -0.313]
		[0.506 -0.771 -0.387]
		[-0.329 0.243 -0.913]
		[0.797 0.589 -0.131]
		[0.444 -0.645 -0.622]
		[-0.268 0.567 -0.779]
		[0.855 0.513 0.078]
		[0.493 -0.316 -0.810]
		[-0.226 0.853 -0.470]
		[0.840 0.415 0.349]
		[0.609 0.176 -0.773]
		[-0.345 0.937 -0.059]
		[0.714 0.303 0.632]
		[0.585 0.662 -0.468]
		[-0.655 0.727 0.209]
		[0.478 0.184 0.859]
		[0.277 0.954 -0.115]
		[-0.944 0.292 0.154]
		[0.180 0.066 0.981]
		[0.000 0.469 0.000]
		[-0.106 0.621 0.777]
		[-0.406 -0.740 0.536]
		[0.908 -0.259 0.330]
		[-0.279 0.394 -0.035]
		[-0.104 0.628 0.772]
		[-0.402 -0.736 0.545]
		[0.910 -0.254 0.329]
		[-0.100 0.642 0.760]
		[-0.394 -0.727 0.563]
		[0.914 -0.243 0.326]
		[-0.096 0.657 0.748]
		[-0.386 -0.717 0.580]
		[0.918 -0.232 0.323]
		[-0.095 0.664 0.742]
		[-0.382 -0.713 0.589]
		[0.919 -0.227 0.321]
		[-0.097 0.654 0.750]
		[-0.387 -0.719 0.577]
		[0.917 -0.234 0.323]
		[-0.130 0.548 0.826]
		[-0.444 -0.777 0.446]
		[0.887 -0.309 0.344]
		[-0.178 0.436 0.882]
		[-0.494 -0.815 0.303]
		[0.851 -0.381 0.361]
		[-0.254 0.303 0.918]
		[-0.538 -0.834 0.127]
		[0.804 -0.462 0.375]
		[-0.346 0.173 0.922]
		[-0.563 -0.825 -0.057]
		[0.750 -0.539 0.383]
		[-0.436 0.067 0.898]
		[-0.566 -0.796 -0.215]
		[0.700 -0.602 0.385]
		[-0.500 0.000 0.866]
		[-0.557 -0.766 -0.321]
		[0.663 -0.643 0.383]
		[-0.529 -0.028 0.848]
		[-0.549 -0.750 -0.368]
		[0.647 -0.661 0.381]
		[-0.528 -0.027 0.849]
		[-0.550 -0.751 -0.366]
		[0.647 -0.660 0.382]
		[-0.448 0.054 0.892]
		[-0.565 -0.791 -0.236]
		[0.693 -0.610 0.385]
		[-0.380 0.132 0.916]
		[-0.566 -0.816 -0.117]
		[0.732 -0.563 0.384]
		[-0.303 0.230 0.925]
		[-0.554 -0.832 0.025]
		[0.775 -0.505 0.380]
		[-0.230 0.342 0.911]
		[-0.527 -0.831 0.179]
		[0.818 -0.439 0.371]
		[-0.168 0.457 0.874]
		[-0.485 -0.810 0.330]
		[0.858 -0.368 0.358]
		[-0.124 0.564 0.817]
		[-0.436 -0.770 0.466]
		[0.891 -0.298 0.341]
		[0.500 0.866 0.000]
		[-0.866 0.500 0.000]
		[100.000 0.000 0.000]
		[0.000 0.000 -100.000]
		[0.000 100.000 0.000]
		[0.182 -0.080 -0.026]
		[0.081 0.183 0.004]
		[0.022 -0.014 0.198]
		[-0.457 -0.040 1.045]
		[0.173 -0.098 -0.025]
		[0.099 0.174 0.002]
		[0.021 -0.014 0.198]
		[-0.458 0.002 1.047]
		[0.160 -0.118 -0.023]
		[0.119 0.161 -0.001]
		[0.020 -0.013 0.199]
		[-0.454 0.046 1.051]
		[0.145 -0.136 -0.022]
		[0.137 0.146 -0.005]
		[0.019 -0.011 0.199]
		[-0.447 0.089 1.056]
		[0.130 -0.150 -0.021]
		[0.151 0.131 -0.007]
		[-0.436 0.130 1.058]
		[0.120 -0.159 -0.022]
		[0.159 0.121 -0.004]
		[0.017 -0.015 0.199]
		[-0.425 0.165 1.055]
		[0.117 -0.160 -0.026]
		[0.162 0.118 0.004]
		[0.012 -0.023 0.198]
		[-0.416 0.194 1.045]
		[0.125 -0.153 -0.035]
		[0.156 0.123 0.020]
		[0.006 -0.040 0.196]
		[-0.413 0.221 1.030]
		[0.138 -0.137 -0.047]
		[0.145 0.131 0.044]
		[0.001 -0.064 0.189]
		[-0.423 0.252 1.017]
		[0.153 -0.114 -0.061]
		[0.129 0.136 0.068]
		[0.003 -0.092 0.178]
		[-0.451 0.278 1.019]
		[0.164 -0.086 -0.075]
		[0.114 0.138 0.090]
		[0.013 -0.116 0.162]
		[-0.494 0.289 1.036]
		[0.170 -0.058 -0.087]
		[0.101 0.137 0.105]
		[0.029 -0.133 0.146]
		[-0.544 0.276 1.063]
		[0.173 -0.034 -0.095]
		[0.090 0.138 0.114]
		[0.046 -0.141 0.134]
		[-0.586 0.243 1.087]
		[0.174 -0.009 -0.098]
		[0.074 0.144 0.118]
		[0.065 -0.139 0.129]
		[-0.620 0.176 1.099]
		[0.174 0.015 -0.098]
		[0.053 0.153 0.117]
		[0.083 -0.128 0.129]
		[-0.638 0.089 1.099]
		[0.174 0.027 -0.095]
		[0.037 0.160 0.114]
		[0.091 -0.117 0.134]
		[-0.633 0.028 1.087]
		[0.178 0.025 -0.088]
		[0.030 0.166 0.107]
		[0.087 -0.108 0.144]
		[-0.615 0.006 1.068]
		[0.183 0.015 -0.080]
		[0.028 0.173 0.096]
		[0.076 -0.099 0.156]
		[-0.587 0.000 1.045]
		[0.188 -0.002 -0.069]
		[0.032 0.180 0.081]
		[0.061 -0.087 0.170]
		[-0.553 0.000 1.027]
		[0.190 -0.024 -0.057]
		[0.042 0.186 0.061]
		[0.046 -0.070 0.182]
		[-0.518 -0.003 1.017]
		[0.189 -0.048 -0.045]
		[0.057 0.188 0.040]
		[0.033 -0.050 0.191]
		[-0.487 -0.012 1.019]
		[0.185 -0.069 -0.033]
		[0.072 0.186 0.017]
		[0.025 -0.027 0.197]
		[-0.465 -0.028 1.033]
		[0.163 0.090 0.074]
		[-0.116 0.134 0.092]
		[-0.008 -0.118 0.161]
		[0.480 0.219 1.142]
		[0.185 -0.020 0.072]
		[-0.016 0.178 0.090]
		[-0.073 -0.089 0.163]
		[0.548 0.100 1.095]
		[0.136 -0.136 0.053]
		[0.105 0.142 0.094]
		[-0.102 -0.037 0.168]
		[0.531 -0.034 1.041]
		[0.029 -0.197 0.012]
		[0.173 0.031 0.095]
		[-0.095 -0.004 0.176]
		[0.470 -0.081 0.984]
		[-0.072 -0.181 -0.046]
		[0.163 -0.085 0.080]
		[-0.092 -0.009 0.178]
		[0.471 -0.028 0.951]
		[-0.118 -0.122 -0.106]
		[0.117 -0.155 0.048]
		[-0.112 -0.034 0.162]
		[0.566 0.060 0.971]
		[-0.110 -0.066 -0.153]
		[0.092 -0.177 0.010]
		[-0.139 -0.065 0.128]
		[0.691 0.163 1.051]
		[-0.080 -0.026 -0.181]
		[0.111 -0.164 -0.026]
		[-0.146 -0.111 0.080]
		[0.763 0.328 1.179]
		[-0.054 0.014 -0.192]
		[0.155 -0.115 -0.052]
		[-0.114 -0.163 0.020]
		[0.720 0.547 1.343]
		[-0.050 0.053 -0.186]
		[0.188 -0.033 -0.059]
		[-0.046 -0.190 -0.042]
		[0.544 0.738 1.520]
		[-0.072 0.081 -0.168]
		[0.184 0.061 -0.049]
		[0.031 -0.172 -0.097]
		[0.293 0.822 1.680]
		[-0.109 0.088 -0.143]
		[0.146 0.134 -0.029]
		[0.083 -0.120 -0.137]
		[0.063 0.794 1.800]
		[-0.143 0.073 -0.119]
		[0.098 0.174 -0.010]
		[0.100 -0.065 -0.161]
		[-0.092 0.715 1.874]
		[-0.170 0.040 -0.097]
		[0.045 0.195 0.001]
		[0.095 -0.021 -0.175]
		[-0.208 0.623 1.916]
		[-0.181 -0.015 -0.085]
		[-0.015 0.199 -0.005]
		[0.085 0.002 -0.181]
		[-0.313 0.532 1.930]
		[-0.158 -0.075 -0.096]
		[-0.067 0.185 -0.035]
		[0.102 0.005 -0.172]
		[-0.419 0.459 1.892]
		[-0.097 -0.118 -0.129]
		[-0.080 0.161 -0.087]
		[0.156 0.010 -0.125]
		[-0.530 0.379 1.749]
		[0.000 -0.128 -0.153]
		[-0.035 0.151 -0.126]
		[0.197 0.027 -0.022]
		[-0.555 0.278 1.466]
		[0.107 -0.102 -0.135]
		[0.038 0.170 -0.098]
		[0.165 0.027 0.110]
		[-0.361 0.215 1.117]
		[0.182 -0.052 -0.064]
		[0.053 0.193 -0.006]
		[0.064 -0.012 0.189]
		[0.023 0.232 0.917]
		[0.199 0.005 0.020]
		[-0.012 0.188 0.068]
		[-0.017 -0.069 0.187]
		[0.357 0.270 0.951]
		[0.177 0.062 0.068]
		[-0.089 0.156 0.089]
		[-0.026 -0.109 0.166]
		[0.485 0.256 1.076]]
}