{ :name "Attack_2" :length 0.5 :bones { 
	"Skelet" [
		[ 0 [ 0 1 2 3 ] ]
	]
	"Bedro_L" [
		[ 0 [ 4 5 6 7 ] ]
		[ 0.01666667 [ 8 5 9 7 ] ]
		[ 0.03333334 [ 10 11 12 7 ] ]
		[ 0.05 [ 13 14 15 7 ] ]
		[ 0.06666667 [ 16 17 18 7 ] ]
		[ 0.08333334 [ 19 20 21 7 ] ]
		[ 0.1 [ 22 23 24 7 ] ]
		[ 0.1166667 [ 25 23 24 7 ] ]
		[ 0.1333333 [ 19 26 27 7 ] ]
		[ 0.15 [ 28 14 29 7 ] ]
		[ 0.1666667 [ 4 5 6 7 ] ]
		[ 0.1833333 [ 30 31 32 7 ] ]
		[ 0.2 [ 33 34 35 7 ] ]
		[ 0.2166667 [ 36 37 38 7 ] ]
		[ 0.2333333 [ 39 40 41 7 ] ]
		[ 0.25 [ 42 43 44 7 ] ]
		[ 0.2666667 [ 45 46 47 7 ] ]
		[ 0.2833333 [ 48 49 50 7 ] ]
		[ 0.3 [ 51 52 53 7 ] ]
		[ 0.3166667 [ 54 55 56 7 ] ]
		[ 0.3333333 [ 57 58 59 7 ] ]
		[ 0.35 [ 60 55 61 7 ] ]
		[ 0.3666667 [ 62 63 64 7 ] ]
		[ 0.3833333 [ 65 66 67 7 ] ]
		[ 0.4 [ 68 69 70 7 ] ]
		[ 0.4166667 [ 71 72 73 7 ] ]
		[ 0.4333333 [ 74 75 76 7 ] ]
		[ 0.45 [ 77 78 79 7 ] ]
		[ 0.4666667 [ 80 81 82 7 ] ]
		[ 0.4833333 [ 83 84 85 7 ] ]
	]
	"Koleno_L" [
		[ 0 [ 86 87 88 89 ] ]
		[ 0.01666667 [ 90 91 92 89 ] ]
		[ 0.03333334 [ 93 94 95 89 ] ]
		[ 0.05 [ 96 97 98 89 ] ]
		[ 0.06666667 [ 99 100 101 89 ] ]
		[ 0.08333334 [ 102 103 104 89 ] ]
		[ 0.1 [ 105 106 107 89 ] ]
		[ 0.1166667 [ 108 109 110 89 ] ]
		[ 0.1333333 [ 111 112 113 89 ] ]
		[ 0.15 [ 114 115 116 89 ] ]
		[ 0.1666667 [ 117 118 119 89 ] ]
		[ 0.1833333 [ 120 121 122 89 ] ]
		[ 0.2 [ 123 124 125 89 ] ]
		[ 0.2166667 [ 126 127 128 89 ] ]
		[ 0.2333333 [ 129 130 131 89 ] ]
		[ 0.25 [ 132 133 134 89 ] ]
		[ 0.2666667 [ 135 136 137 89 ] ]
		[ 0.2833333 [ 138 139 140 89 ] ]
		[ 0.3 [ 141 139 142 89 ] ]
		[ 0.3166667 [ 143 139 144 89 ] ]
		[ 0.3333333 [ 145 136 146 89 ] ]
		[ 0.35 [ 132 133 134 89 ] ]
		[ 0.3666667 [ 147 148 149 89 ] ]
		[ 0.3833333 [ 150 151 152 89 ] ]
		[ 0.4 [ 153 154 155 89 ] ]
		[ 0.4166667 [ 156 157 158 89 ] ]
		[ 0.4333333 [ 108 109 159 89 ] ]
		[ 0.45 [ 160 161 162 89 ] ]
		[ 0.4666667 [ 163 164 165 89 ] ]
		[ 0.4833333 [ 166 167 168 89 ] ]
	]
	"Koleno_L_end" [
		[ 0 [ 0 169 1 170 ] ]
	]
	"Bedro_P" [
		[ 0 [ 171 172 173 174 ] ]
		[ 0.01666667 [ 175 172 176 174 ] ]
		[ 0.03333334 [ 177 178 179 174 ] ]
		[ 0.05 [ 180 181 182 174 ] ]
		[ 0.06666667 [ 183 184 185 174 ] ]
		[ 0.08333334 [ 186 187 188 174 ] ]
		[ 0.1 [ 189 190 191 174 ] ]
		[ 0.1166667 [ 192 190 193 174 ] ]
		[ 0.1333333 [ 186 187 194 174 ] ]
		[ 0.15 [ 195 196 197 174 ] ]
		[ 0.1666667 [ 171 172 173 174 ] ]
		[ 0.1833333 [ 198 199 200 174 ] ]
		[ 0.2 [ 201 202 203 174 ] ]
		[ 0.2166667 [ 204 205 206 174 ] ]
		[ 0.2333333 [ 207 208 209 174 ] ]
		[ 0.25 [ 210 211 212 174 ] ]
		[ 0.2666667 [ 213 214 215 174 ] ]
		[ 0.2833333 [ 216 217 218 174 ] ]
		[ 0.3 [ 219 220 221 174 ] ]
		[ 0.3166667 [ 222 223 224 174 ] ]
		[ 0.3333333 [ 225 226 227 174 ] ]
		[ 0.35 [ 228 223 229 174 ] ]
		[ 0.3666667 [ 230 231 232 174 ] ]
		[ 0.3833333 [ 233 234 235 174 ] ]
		[ 0.4 [ 236 237 238 174 ] ]
		[ 0.4166667 [ 239 240 241 174 ] ]
		[ 0.4333333 [ 242 243 244 174 ] ]
		[ 0.45 [ 245 246 247 174 ] ]
		[ 0.4666667 [ 248 249 250 174 ] ]
		[ 0.4833333 [ 251 252 253 174 ] ]
	]
	"Koleno_P" [
		[ 0 [ 86 87 88 89 ] ]
		[ 0.01666667 [ 254 255 88 89 ] ]
		[ 0.03333334 [ 256 257 88 89 ] ]
		[ 0.05 [ 258 259 88 89 ] ]
		[ 0.06666667 [ 260 261 88 89 ] ]
		[ 0.08333334 [ 262 263 88 89 ] ]
		[ 0.1 [ 264 265 88 89 ] ]
		[ 0.1166667 [ 266 267 88 89 ] ]
		[ 0.1333333 [ 268 269 88 89 ] ]
		[ 0.15 [ 270 271 88 89 ] ]
		[ 0.1666667 [ 272 273 88 89 ] ]
		[ 0.1833333 [ 274 275 88 89 ] ]
		[ 0.2 [ 276 277 88 89 ] ]
		[ 0.2166667 [ 278 279 88 89 ] ]
		[ 0.2333333 [ 280 281 88 89 ] ]
		[ 0.25 [ 282 283 88 89 ] ]
		[ 0.2666667 [ 284 285 88 89 ] ]
		[ 0.2833333 [ 286 287 88 89 ] ]
		[ 0.3 [ 288 289 88 89 ] ]
		[ 0.3166667 [ 290 291 88 89 ] ]
		[ 0.3333333 [ 292 293 88 89 ] ]
		[ 0.35 [ 282 283 88 89 ] ]
		[ 0.3666667 [ 294 295 88 89 ] ]
		[ 0.3833333 [ 296 297 88 89 ] ]
		[ 0.4 [ 298 299 88 89 ] ]
		[ 0.4166667 [ 300 301 88 89 ] ]
		[ 0.4333333 [ 302 303 88 89 ] ]
		[ 0.45 [ 304 305 88 89 ] ]
		[ 0.4666667 [ 306 307 88 89 ] ]
		[ 0.4833333 [ 308 309 88 89 ] ]
	]
	"Koleno_P_end" [
		[ 0 [ 0 169 1 170 ] ]
	]
	"Tors" [
		[ 0 [ 0 310 311 312 ] ]
		[ 0.01666667 [ 313 314 315 312 ] ]
		[ 0.03333334 [ 316 317 318 312 ] ]
		[ 0.05 [ 319 320 321 312 ] ]
		[ 0.06666667 [ 322 323 324 312 ] ]
		[ 0.08333334 [ 325 326 327 312 ] ]
		[ 0.1 [ 328 329 330 312 ] ]
		[ 0.1166667 [ 331 332 333 312 ] ]
		[ 0.1333333 [ 334 335 336 312 ] ]
		[ 0.15 [ 337 338 339 312 ] ]
		[ 0.1666667 [ 340 341 342 312 ] ]
		[ 0.1833333 [ 343 344 345 312 ] ]
		[ 0.2 [ 346 347 348 312 ] ]
		[ 0.2166667 [ 349 350 351 312 ] ]
		[ 0.2333333 [ 352 353 354 312 ] ]
		[ 0.25 [ 355 310 356 312 ] ]
		[ 0.2666667 [ 357 358 359 312 ] ]
		[ 0.2833333 [ 360 361 362 312 ] ]
		[ 0.3 [ 363 364 365 312 ] ]
		[ 0.3166667 [ 366 367 368 312 ] ]
		[ 0.3333333 [ 369 370 371 312 ] ]
		[ 0.35 [ 372 373 374 312 ] ]
		[ 0.3666667 [ 375 376 377 312 ] ]
		[ 0.3833333 [ 378 379 380 312 ] ]
		[ 0.4 [ 381 382 383 312 ] ]
		[ 0.4166667 [ 384 385 386 312 ] ]
		[ 0.4333333 [ 387 388 389 312 ] ]
		[ 0.45 [ 390 391 392 312 ] ]
		[ 0.4666667 [ 393 394 395 312 ] ]
		[ 0.4833333 [ 396 397 398 312 ] ]
	]
	"Golova" [
		[ 0 [ 0 399 400 401 ] ]
		[ 0.01666667 [ 402 403 404 401 ] ]
		[ 0.03333334 [ 405 406 407 401 ] ]
		[ 0.05 [ 408 409 410 401 ] ]
		[ 0.06666667 [ 411 412 413 401 ] ]
		[ 0.08333334 [ 414 415 416 401 ] ]
		[ 0.1 [ 417 418 419 401 ] ]
		[ 0.1166667 [ 420 421 422 401 ] ]
		[ 0.1333333 [ 423 424 425 401 ] ]
		[ 0.15 [ 426 427 428 401 ] ]
		[ 0.1666667 [ 429 430 431 401 ] ]
		[ 0.1833333 [ 432 433 434 401 ] ]
		[ 0.2 [ 435 436 437 401 ] ]
		[ 0.2166667 [ 438 439 440 401 ] ]
		[ 0.2333333 [ 441 442 443 401 ] ]
		[ 0.25 [ 444 399 445 401 ] ]
		[ 0.2666667 [ 446 447 448 401 ] ]
		[ 0.2833333 [ 449 450 451 401 ] ]
		[ 0.3 [ 452 453 454 401 ] ]
		[ 0.3166667 [ 455 456 457 401 ] ]
		[ 0.3333333 [ 458 459 460 401 ] ]
		[ 0.35 [ 461 462 463 401 ] ]
		[ 0.3666667 [ 464 465 466 401 ] ]
		[ 0.3833333 [ 467 468 469 401 ] ]
		[ 0.4 [ 470 471 472 401 ] ]
		[ 0.4166667 [ 473 474 475 401 ] ]
		[ 0.4333333 [ 476 477 478 401 ] ]
		[ 0.45 [ 479 480 481 401 ] ]
		[ 0.4666667 [ 482 483 484 401 ] ]
		[ 0.4833333 [ 485 486 487 401 ] ]
	]
	"Golova_end" [
		[ 0 [ 0 169 1 488 ] ]
	]
	"Kluchitsa_L" [
		[ 0 [ 1 0 169 489 ] ]
	]
	"Kluchitsa_L_end" [
		[ 0 [ 0 169 1 490 ] ]
	]
	"Kluchitsa_P" [
		[ 0 [ 88 491 169 489 ] ]
	]
	"Kluchitsa_P_end" [
		[ 0 [ 0 169 1 490 ] ]
	]
	"Ruka_L" [
		[ 0 [ 492 493 494 495 ] ]
	]
	"Lokot_L" [
		[ 0 [ 169 491 1 496 ] ]
	]
	"Lokot_L_end" [
		[ 0 [ 0 169 1 497 ] ]
	]
	"Ruka_P" [
		[ 0 [ 498 499 500 501 ] ]
		[ 0.01666667 [ 502 503 504 501 ] ]
		[ 0.03333334 [ 505 506 507 501 ] ]
		[ 0.05 [ 508 509 510 501 ] ]
		[ 0.06666667 [ 511 512 513 501 ] ]
		[ 0.08333334 [ 514 515 516 501 ] ]
		[ 0.1 [ 517 518 519 501 ] ]
		[ 0.1166667 [ 520 521 522 501 ] ]
		[ 0.1333333 [ 523 524 525 501 ] ]
		[ 0.15 [ 526 527 528 501 ] ]
		[ 0.1666667 [ 529 530 500 501 ] ]
		[ 0.1833333 [ 531 532 533 501 ] ]
		[ 0.2 [ 534 535 536 501 ] ]
		[ 0.2166667 [ 537 538 539 501 ] ]
		[ 0.2333333 [ 540 541 542 501 ] ]
		[ 0.25 [ 543 544 545 501 ] ]
		[ 0.2666667 [ 546 547 548 501 ] ]
		[ 0.2833333 [ 549 550 551 501 ] ]
		[ 0.3 [ 552 553 554 501 ] ]
		[ 0.3166667 [ 555 556 557 501 ] ]
		[ 0.3333333 [ 558 559 560 501 ] ]
		[ 0.35 [ 561 562 563 501 ] ]
		[ 0.3666667 [ 564 565 566 501 ] ]
		[ 0.3833333 [ 567 568 569 501 ] ]
		[ 0.4 [ 570 571 572 501 ] ]
		[ 0.4166667 [ 573 574 575 501 ] ]
		[ 0.4333333 [ 576 577 578 501 ] ]
		[ 0.45 [ 579 580 581 501 ] ]
		[ 0.4666667 [ 582 583 584 501 ] ]
		[ 0.4833333 [ 585 586 587 501 ] ]
	]
	"Lokot_P" [
		[ 0 [ 588 589 1 496 ] ]
		[ 0.01666667 [ 590 591 1 496 ] ]
		[ 0.03333334 [ 592 593 1 496 ] ]
		[ 0.05 [ 594 595 1 496 ] ]
		[ 0.06666667 [ 596 597 1 496 ] ]
		[ 0.08333334 [ 598 599 1 496 ] ]
		[ 0.1 [ 600 601 1 496 ] ]
		[ 0.1166667 [ 602 603 1 496 ] ]
		[ 0.1333333 [ 604 605 1 496 ] ]
		[ 0.15 [ 606 607 1 496 ] ]
		[ 0.1666667 [ 169 491 1 496 ] ]
		[ 0.1833333 [ 608 609 1 496 ] ]
		[ 0.2 [ 610 611 1 496 ] ]
		[ 0.2166667 [ 612 613 1 496 ] ]
		[ 0.2333333 [ 614 615 1 496 ] ]
		[ 0.25 [ 616 617 1 496 ] ]
		[ 0.2666667 [ 618 619 1 496 ] ]
		[ 0.2833333 [ 620 621 1 496 ] ]
		[ 0.3 [ 622 623 1 496 ] ]
		[ 0.3166667 [ 624 625 1 496 ] ]
		[ 0.3333333 [ 626 627 1 496 ] ]
		[ 0.35 [ 628 629 1 496 ] ]
		[ 0.3666667 [ 630 631 1 496 ] ]
		[ 0.3833333 [ 632 633 1 496 ] ]
		[ 0.4 [ 634 635 1 496 ] ]
		[ 0.4166667 [ 636 637 1 496 ] ]
		[ 0.4333333 [ 638 639 1 496 ] ]
		[ 0.45 [ 640 641 1 496 ] ]
		[ 0.4666667 [ 642 643 1 496 ] ]
		[ 0.4833333 [ 644 645 1 496 ] ]
	]
	"Lokot_P_end" [
		[ 0 [ 0 169 1 497 ] ]
	]
	"Woin" [
		[ 0 [ 646 647 648 648 ] ]
	]
	"Cube" [
		[ 0 [ 649 650 651 652 ] ]
		[ 0.01666667 [ 653 654 655 656 ] ]
		[ 0.03333334 [ 657 658 659 660 ] ]
		[ 0.05 [ 661 662 663 664 ] ]
		[ 0.06666667 [ 665 666 667 668 ] ]
		[ 0.08333334 [ 669 670 671 672 ] ]
		[ 0.1 [ 673 674 675 676 ] ]
		[ 0.1166667 [ 677 678 679 680 ] ]
		[ 0.1333333 [ 681 682 683 684 ] ]
		[ 0.15 [ 685 686 687 688 ] ]
		[ 0.1666667 [ 689 690 691 692 ] ]
		[ 0.1833333 [ 693 694 695 696 ] ]
		[ 0.2 [ 697 698 699 700 ] ]
		[ 0.2166667 [ 701 702 703 704 ] ]
		[ 0.2333333 [ 705 706 707 708 ] ]
		[ 0.25 [ 709 710 711 712 ] ]
		[ 0.2666667 [ 713 714 715 716 ] ]
		[ 0.2833333 [ 717 718 719 720 ] ]
		[ 0.3 [ 721 722 723 724 ] ]
		[ 0.3166667 [ 725 726 727 728 ] ]
		[ 0.3333333 [ 729 730 731 732 ] ]
		[ 0.35 [ 733 734 735 736 ] ]
		[ 0.3666667 [ 737 738 739 740 ] ]
		[ 0.3833333 [ 741 742 743 744 ] ]
		[ 0.4 [ 745 746 747 748 ] ]
		[ 0.4166667 [ 749 750 751 752 ] ]
		[ 0.4333333 [ 753 754 755 756 ] ]
		[ 0.45 [ 757 758 759 760 ] ]
		[ 0.4666667 [ 761 762 763 764 ] ]
		[ 0.4833333 [ 765 766 767 768 ] ]
	]
	"Cube.001" [
		[ 0 [ 769 770 771 772 ] ]
		[ 0.01666667 [ 773 774 775 776 ] ]
		[ 0.03333334 [ 777 778 779 780 ] ]
		[ 0.05 [ 781 782 783 784 ] ]
		[ 0.06666667 [ 785 786 787 788 ] ]
		[ 0.08333334 [ 789 790 791 792 ] ]
		[ 0.1 [ 793 794 795 796 ] ]
		[ 0.1166667 [ 797 798 799 800 ] ]
		[ 0.1333333 [ 801 802 803 804 ] ]
		[ 0.15 [ 805 806 807 808 ] ]
		[ 0.1666667 [ 809 810 803 811 ] ]
		[ 0.1833333 [ 812 813 814 815 ] ]
		[ 0.2 [ 816 817 818 819 ] ]
		[ 0.2166667 [ 820 821 822 823 ] ]
		[ 0.2333333 [ 824 825 826 827 ] ]
		[ 0.25 [ 769 770 771 772 ] ]
		[ 0.2666667 [ 828 829 830 831 ] ]
		[ 0.2833333 [ 832 833 834 835 ] ]
		[ 0.3 [ 836 837 838 839 ] ]
		[ 0.3166667 [ 840 841 842 843 ] ]
		[ 0.3333333 [ 844 845 846 847 ] ]
		[ 0.35 [ 848 849 850 851 ] ]
		[ 0.3666667 [ 844 852 853 854 ] ]
		[ 0.3833333 [ 855 856 857 858 ] ]
		[ 0.4 [ 859 860 861 862 ] ]
		[ 0.4166667 [ 863 864 865 866 ] ]
		[ 0.4333333 [ 867 868 869 870 ] ]
		[ 0.45 [ 871 872 873 874 ] ]
		[ 0.4666667 [ 875 876 877 878 ] ]
		[ 0.4833333 [ 879 880 881 882 ] ]
	]
	}
	:resources [
		[1.000 0.000 0.000]
		[0.000 0.000 1.000]
		[0.000 -1.000 0.000]
		[0.000 0.000 -0.040]
		[0.059 -0.337 0.940]
		[0.163 -0.925 -0.342]
		[0.985 0.174 0.000]
		[0.123 -0.038 0.000]
		[0.061 -0.337 0.940]
		[0.985 0.174 -0.002]
		[0.065 -0.337 0.939]
		[0.163 -0.925 -0.343]
		[0.985 0.175 -0.005]
		[0.071 -0.337 0.939]
		[0.162 -0.925 -0.344]
		[0.984 0.176 -0.011]
		[0.077 -0.337 0.939]
		[0.161 -0.925 -0.345]
		[0.984 0.178 -0.016]
		[0.082 -0.336 0.938]
		[0.161 -0.925 -0.346]
		[0.984 0.179 -0.021]
		[0.085 -0.336 0.938]
		[0.160 -0.924 -0.346]
		[0.983 0.180 -0.025]
		[0.086 -0.336 0.938]
		[0.161 -0.924 -0.346]
		[0.984 0.179 -0.022]
		[0.074 -0.337 0.939]
		[0.984 0.177 -0.014]
		[0.035 -0.337 0.941]
		[0.166 -0.926 -0.338]
		[0.986 0.168 0.024]
		[-0.001 -0.338 0.941]
		[0.169 -0.928 -0.333]
		[0.986 0.159 0.058]
		[-0.044 -0.338 0.940]
		[0.174 -0.929 -0.326]
		[0.984 0.149 0.100]
		[-0.092 -0.339 0.936]
		[0.178 -0.931 -0.319]
		[0.980 0.137 0.146]
		[-0.141 -0.339 0.930]
		[0.182 -0.932 -0.313]
		[0.973 0.125 0.194]
		[-0.188 -0.340 0.921]
		[0.186 -0.934 -0.306]
		[0.964 0.114 0.239]
		[-0.230 -0.340 0.912]
		[0.189 -0.935 -0.301]
		[0.955 0.103 0.279]
		[-0.263 -0.340 0.903]
		[0.192 -0.935 -0.297]
		[0.945 0.095 0.312]
		[-0.285 -0.341 0.896]
		[0.193 -0.936 -0.294]
		[0.939 0.089 0.333]
		[-0.293 -0.341 0.893]
		[0.194 -0.936 -0.293]
		[0.936 0.087 0.341]
		[-0.287 -0.341 0.895]
		[0.938 0.089 0.334]
		[-0.269 -0.341 0.901]
		[0.192 -0.936 -0.296]
		[0.944 0.093 0.317]
		[-0.241 -0.340 0.909]
		[0.190 -0.935 -0.300]
		[0.952 0.100 0.290]
		[-0.205 -0.340 0.918]
		[0.187 -0.934 -0.304]
		[0.961 0.109 0.255]
		[-0.163 -0.340 0.926]
		[0.184 -0.933 -0.310]
		[0.969 0.120 0.215]
		[-0.118 -0.339 0.933]
		[0.180 -0.932 -0.316]
		[0.977 0.131 0.171]
		[-0.070 -0.339 0.938]
		[0.176 -0.930 -0.322]
		[0.982 0.142 0.125]
		[-0.024 -0.338 0.941]
		[0.172 -0.929 -0.329]
		[0.985 0.154 0.080]
		[0.020 -0.337 0.941]
		[0.167 -0.927 -0.336]
		[0.986 0.164 0.038]
		[-0.906 0.423 0.000]
		[0.423 0.906 0.000]
		[0.000 0.000 -1.000]
		[0.000 0.532 0.000]
		[-0.906 0.423 -0.011]
		[0.423 0.906 0.005]
		[0.012 0.000 -1.000]
		[-0.906 0.423 -0.024]
		[0.422 0.906 0.011]
		[0.026 0.000 -1.000]
		[-0.906 0.423 -0.038]
		[0.422 0.906 0.018]
		[0.042 0.000 -0.999]
		[-0.905 0.423 -0.052]
		[0.422 0.906 0.024]
		[0.058 0.000 -0.998]
		[-0.904 0.423 -0.067]
		[0.421 0.906 0.031]
		[0.074 0.000 -0.997]
		[-0.902 0.423 -0.083]
		[0.421 0.906 0.039]
		[0.092 0.000 -0.996]
		[-0.901 0.423 -0.099]
		[0.420 0.906 0.046]
		[0.109 0.000 -0.994]
		[-0.899 0.423 -0.114]
		[0.419 0.906 0.053]
		[0.126 0.000 -0.992]
		[-0.897 0.423 -0.130]
		[0.418 0.906 0.060]
		[0.143 0.000 -0.990]
		[-0.895 0.423 -0.144]
		[0.417 0.906 0.067]
		[0.159 0.000 -0.987]
		[-0.892 0.423 -0.158]
		[0.416 0.906 0.074]
		[0.174 0.000 -0.985]
		[-0.890 0.423 -0.171]
		[0.415 0.906 0.080]
		[0.189 0.000 -0.982]
		[-0.888 0.423 -0.182]
		[0.414 0.906 0.085]
		[0.201 0.000 -0.980]
		[-0.886 0.423 -0.192]
		[0.413 0.906 0.090]
		[0.212 0.000 -0.977]
		[-0.884 0.423 -0.201]
		[0.412 0.906 0.094]
		[0.222 0.000 -0.975]
		[-0.882 0.423 -0.207]
		[0.411 0.906 0.097]
		[0.229 0.000 -0.974]
		[-0.881 0.423 -0.211]
		[0.411 0.906 0.099]
		[0.233 0.000 -0.972]
		[-0.881 0.423 -0.213]
		[0.235 0.000 -0.972]
		[-0.881 0.423 -0.212]
		[0.234 0.000 -0.972]
		[-0.882 0.423 -0.209]
		[0.230 0.000 -0.973]
		[-0.887 0.423 -0.187]
		[0.413 0.906 0.087]
		[0.207 0.000 -0.978]
		[-0.890 0.423 -0.170]
		[0.415 0.906 0.079]
		[0.187 0.000 -0.982]
		[-0.894 0.423 -0.149]
		[0.417 0.906 0.069]
		[0.164 0.000 -0.986]
		[-0.898 0.423 -0.125]
		[0.419 0.906 0.058]
		[0.138 0.000 -0.990]
		[0.110 0.000 -0.994]
		[-0.903 0.423 -0.073]
		[0.421 0.906 0.034]
		[0.081 0.000 -0.997]
		[-0.905 0.423 -0.047]
		[0.422 0.906 0.022]
		[0.052 0.000 -0.999]
		[-0.906 0.423 -0.022]
		[0.422 0.906 0.010]
		[0.025 0.000 -1.000]
		[0.000 1.000 0.000]
		[0.000 0.578 0.000]
		[0.682 -0.337 0.650]
		[-0.367 -0.925 -0.095]
		[0.633 -0.174 -0.754]
		[-0.123 -0.038 0.000]
		[0.683 -0.338 0.648]
		[0.631 -0.172 -0.756]
		[0.687 -0.340 0.642]
		[-0.367 -0.925 -0.097]
		[0.627 -0.170 -0.760]
		[0.692 -0.342 0.635]
		[-0.367 -0.925 -0.098]
		[0.621 -0.166 -0.766]
		[0.697 -0.345 0.628]
		[-0.368 -0.925 -0.100]
		[0.615 -0.161 -0.772]
		[0.702 -0.348 0.621]
		[-0.368 -0.924 -0.102]
		[0.610 -0.158 -0.777]
		[0.705 -0.350 0.617]
		[-0.368 -0.924 -0.103]
		[0.606 -0.155 -0.780]
		[0.705 -0.350 0.616]
		[0.605 -0.155 -0.781]
		[0.609 -0.157 -0.777]
		[0.695 -0.344 0.631]
		[-0.368 -0.925 -0.099]
		[0.618 -0.163 -0.769]
		[0.658 -0.325 0.679]
		[-0.367 -0.926 -0.088]
		[0.657 -0.191 -0.729]
		[0.623 -0.307 0.720]
		[-0.368 -0.927 -0.077]
		[0.691 -0.217 -0.690]
		[0.576 -0.285 0.766]
		[-0.372 -0.926 -0.065]
		[0.728 -0.248 -0.640]
		[0.522 -0.261 0.812]
		[-0.380 -0.923 -0.052]
		[0.763 -0.282 -0.581]
		[0.464 -0.236 0.854]
		[-0.392 -0.919 -0.040]
		[0.794 -0.316 -0.518]
		[0.405 -0.211 0.889]
		[-0.407 -0.913 -0.032]
		[0.819 -0.349 -0.456]
		[0.352 -0.190 0.917]
		[-0.423 -0.906 -0.026]
		[0.835 -0.378 -0.399]
		[0.308 -0.173 0.936]
		[-0.437 -0.899 -0.022]
		[0.845 -0.402 -0.353]
		[0.279 -0.161 0.947]
		[-0.447 -0.894 -0.021]
		[0.850 -0.417 -0.321]
		[0.268 -0.157 0.951]
		[-0.450 -0.893 -0.021]
		[0.852 -0.423 -0.310]
		[0.277 -0.161 0.947]
		[0.850 -0.418 -0.319]
		[0.301 -0.170 0.938]
		[-0.439 -0.898 -0.022]
		[0.847 -0.405 -0.345]
		[0.338 -0.184 0.923]
		[-0.427 -0.904 -0.024]
		[0.839 -0.386 -0.384]
		[0.384 -0.203 0.901]
		[-0.413 -0.910 -0.029]
		[0.826 -0.361 -0.433]
		[0.436 -0.224 0.871]
		[-0.399 -0.916 -0.036]
		[0.806 -0.332 -0.489]
		[0.492 -0.248 0.835]
		[-0.386 -0.921 -0.046]
		[0.780 -0.300 -0.549]
		[0.547 -0.272 0.792]
		[-0.376 -0.925 -0.058]
		[0.748 -0.266 -0.608]
		[0.599 -0.295 0.745]
		[-0.370 -0.927 -0.070]
		[0.711 -0.233 -0.664]
		[0.644 -0.317 0.696]
		[-0.367 -0.927 -0.083]
		[0.671 -0.202 -0.713]
		[-0.902 0.431 0.000]
		[0.431 0.902 0.000]
		[-0.898 0.440 0.000]
		[0.440 0.898 0.000]
		[-0.893 0.451 0.000]
		[0.451 0.893 0.000]
		[-0.887 0.461 0.000]
		[0.461 0.887 0.000]
		[-0.881 0.473 0.000]
		[0.473 0.881 0.000]
		[-0.875 0.484 0.000]
		[0.484 0.875 0.000]
		[-0.869 0.495 0.000]
		[0.495 0.869 0.000]
		[-0.862 0.507 0.000]
		[0.507 0.862 0.000]
		[-0.856 0.518 0.000]
		[0.518 0.856 0.000]
		[-0.849 0.528 0.000]
		[0.528 0.849 0.000]
		[-0.843 0.538 0.000]
		[0.538 0.843 0.000]
		[-0.837 0.547 0.000]
		[0.547 0.837 0.000]
		[-0.832 0.555 0.000]
		[0.555 0.832 0.000]
		[-0.827 0.562 0.000]
		[0.562 0.827 0.000]
		[-0.823 0.568 0.000]
		[0.568 0.823 0.000]
		[-0.820 0.572 0.000]
		[0.572 0.820 0.000]
		[-0.818 0.575 0.000]
		[0.575 0.818 0.000]
		[-0.817 0.577 0.000]
		[0.577 0.817 0.000]
		[-0.817 0.576 0.000]
		[0.576 0.817 0.000]
		[-0.819 0.573 0.000]
		[0.573 0.819 0.000]
		[-0.830 0.558 0.000]
		[0.558 0.830 0.000]
		[-0.838 0.546 0.000]
		[0.546 0.838 0.000]
		[-0.847 0.531 0.000]
		[0.531 0.847 0.000]
		[-0.858 0.514 0.000]
		[0.514 0.858 0.000]
		[-0.868 0.496 0.000]
		[0.496 0.868 0.000]
		[-0.879 0.477 0.000]
		[0.477 0.879 0.000]
		[-0.889 0.458 0.000]
		[0.458 0.889 0.000]
		[-0.898 0.439 0.000]
		[0.439 0.898 0.000]
		[0.000 0.940 -0.342]
		[0.000 0.342 0.940]
		[0.000 0.130 0.000]
		[0.998 0.000 -0.059]
		[-0.020 0.940 -0.341]
		[0.056 0.342 0.938]
		[0.992 0.000 -0.129]
		[-0.044 0.940 -0.339]
		[0.122 0.342 0.932]
		[0.979 0.000 -0.205]
		[-0.070 0.940 -0.335]
		[0.193 0.342 0.920]
		[0.960 0.000 -0.281]
		[-0.096 0.940 -0.328]
		[0.264 0.342 0.902]
		[0.936 0.000 -0.352]
		[-0.120 0.940 -0.320]
		[0.331 0.342 0.879]
		[0.910 0.000 -0.414]
		[-0.142 0.940 -0.311]
		[0.389 0.342 0.855]
		[0.886 0.000 -0.463]
		[-0.159 0.940 -0.303]
		[0.436 0.342 0.833]
		[0.868 0.000 -0.496]
		[-0.170 0.940 -0.297]
		[0.466 0.342 0.816]
		[0.860 0.000 -0.510]
		[-0.174 0.940 -0.294]
		[0.479 0.342 0.808]
		[0.866 0.000 -0.500]
		[-0.171 0.940 -0.296]
		[0.470 0.342 0.814]
		[0.889 0.000 -0.458]
		[-0.157 0.940 -0.304]
		[0.430 0.342 0.835]
		[0.925 0.000 -0.380]
		[-0.130 0.940 -0.316]
		[0.357 0.342 0.869]
		[0.962 0.000 -0.272]
		[-0.093 0.940 -0.329]
		[0.256 0.342 0.904]
		[0.990 0.000 -0.142]
		[-0.049 0.940 -0.339]
		[0.134 0.342 0.930]
		[1.000 0.000 -0.001]
		[0.001 0.342 0.940]
		[0.990 0.000 0.141]
		[0.048 0.940 -0.339]
		[-0.133 0.342 0.930]
		[0.963 0.000 0.271]
		[0.093 0.940 -0.329]
		[-0.255 0.342 0.905]
		[0.925 0.000 0.379]
		[0.130 0.940 -0.317]
		[-0.356 0.342 0.870]
		[0.890 0.000 0.457]
		[0.156 0.940 -0.304]
		[-0.429 0.342 0.836]
		[0.867 0.000 0.499]
		[0.171 0.940 -0.296]
		[-0.469 0.342 0.814]
		[0.861 0.000 0.509]
		[0.174 0.940 -0.294]
		[-0.478 0.342 0.809]
		[0.869 0.000 0.495]
		[0.169 0.940 -0.297]
		[-0.466 0.342 0.816]
		[0.887 0.000 0.463]
		[0.158 0.940 -0.303]
		[-0.435 0.342 0.833]
		[0.910 0.000 0.414]
		[0.141 0.940 -0.311]
		[-0.389 0.342 0.856]
		[0.936 0.000 0.352]
		[0.120 0.940 -0.320]
		[-0.330 0.342 0.880]
		[0.960 0.000 0.280]
		[0.096 0.940 -0.328]
		[-0.264 0.342 0.902]
		[0.979 0.000 0.205]
		[0.070 0.940 -0.335]
		[-0.192 0.342 0.920]
		[0.992 0.000 0.129]
		[0.044 0.940 -0.339]
		[-0.121 0.342 0.932]
		[0.998 0.000 0.059]
		[0.020 0.940 -0.341]
		[-0.056 0.342 0.938]
		[0.000 0.940 0.342]
		[0.000 -0.342 0.940]
		[0.000 0.596 0.000]
		[0.998 -0.019 0.053]
		[-0.001 0.940 0.343]
		[-0.056 -0.342 0.938]
		[0.993 -0.041 0.115]
		[-0.001 0.939 0.344]
		[-0.122 -0.342 0.932]
		[0.981 -0.065 0.182]
		[-0.003 0.937 0.348]
		[-0.193 -0.342 0.920]
		[0.965 -0.089 0.249]
		[-0.005 0.935 0.353]
		[-0.264 -0.342 0.902]
		[0.944 -0.112 0.311]
		[-0.008 0.933 0.360]
		[-0.331 -0.342 0.879]
		[0.921 -0.133 0.366]
		[-0.011 0.930 0.367]
		[-0.389 -0.342 0.855]
		[0.900 -0.150 0.409]
		[-0.015 0.928 0.373]
		[-0.436 -0.342 0.833]
		[0.884 -0.162 0.438]
		[-0.018 0.926 0.378]
		[-0.466 -0.342 0.816]
		[0.878 -0.167 0.449]
		[-0.019 0.925 0.380]
		[-0.479 -0.342 0.808]
		[0.883 -0.163 0.441]
		[-0.018 0.925 0.379]
		[-0.470 -0.342 0.814]
		[0.903 -0.148 0.404]
		[-0.014 0.928 0.373]
		[-0.430 -0.342 0.835]
		[0.934 -0.122 0.336]
		[-0.009 0.932 0.363]
		[-0.357 -0.342 0.869]
		[0.967 -0.086 0.241]
		[-0.004 0.936 0.353]
		[-0.256 -0.342 0.904]
		[0.991 -0.045 0.126]
		[-0.002 0.939 0.345]
		[-0.134 -0.342 0.930]
		[1.000 0.000 0.001]
		[-0.001 -0.342 0.940]
		[0.991 0.044 -0.125]
		[0.002 0.939 0.345]
		[0.133 -0.342 0.930]
		[0.967 0.086 -0.240]
		[0.004 0.936 0.353]
		[0.255 -0.342 0.905]
		[0.934 0.121 -0.335]
		[0.009 0.932 0.363]
		[0.356 -0.342 0.870]
		[0.903 0.148 -0.403]
		[0.014 0.928 0.372]
		[0.429 -0.342 0.836]
		[0.883 0.163 -0.440]
		[0.018 0.925 0.378]
		[0.469 -0.342 0.814]
		[0.878 0.166 -0.449]
		[0.019 0.925 0.380]
		[0.478 -0.342 0.809]
		[0.885 0.162 -0.437]
		[0.018 0.926 0.378]
		[0.466 -0.342 0.816]
		[0.900 0.150 -0.408]
		[0.015 0.928 0.373]
		[0.435 -0.342 0.833]
		[0.921 0.133 -0.365]
		[0.011 0.930 0.367]
		[0.389 -0.342 0.856]
		[0.944 0.112 -0.311]
		[0.008 0.933 0.360]
		[0.330 -0.342 0.880]
		[0.965 0.089 -0.248]
		[0.005 0.935 0.353]
		[0.264 -0.342 0.902]
		[0.981 0.065 -0.181]
		[0.003 0.937 0.348]
		[0.192 -0.342 0.920]
		[0.993 0.041 -0.114]
		[0.001 0.939 0.344]
		[0.121 -0.342 0.932]
		[0.998 0.019 -0.053]
		[0.001 0.940 0.343]
		[0.056 -0.342 0.938]
		[0.000 0.315 0.000]
		[0.000 0.470 0.000]
		[0.000 0.300 0.000]
		[-1.000 0.000 0.000]
		[-0.040 0.557 0.830]
		[0.580 -0.663 0.473]
		[0.814 0.500 -0.296]
		[0.279 0.394 -0.035]
		[0.000 0.316 0.000]
		[0.000 0.469 0.000]
		[-0.106 0.621 0.777]
		[-0.406 -0.740 0.536]
		[0.908 -0.259 0.330]
		[-0.279 0.394 -0.035]
		[-0.091 0.655 0.750]
		[-0.412 -0.710 0.571]
		[0.907 -0.257 0.334]
		[-0.073 0.701 0.710]
		[-0.421 -0.667 0.615]
		[0.904 -0.253 0.344]
		[-0.054 0.750 0.659]
		[-0.431 -0.613 0.662]
		[0.901 -0.248 0.356]
		[-0.033 0.797 0.604]
		[-0.441 -0.554 0.706]
		[0.897 -0.243 0.370]
		[-0.012 0.836 0.549]
		[-0.449 -0.495 0.744]
		[0.893 -0.238 0.381]
		[0.008 0.865 0.502]
		[-0.454 -0.444 0.772]
		[0.891 -0.234 0.389]
		[0.025 0.881 0.472]
		[-0.454 -0.411 0.791]
		[0.890 -0.234 0.390]
		[0.036 0.885 0.465]
		[-0.449 -0.401 0.798]
		[0.893 -0.237 0.383]
		[0.040 0.872 0.488]
		[-0.437 -0.424 0.794]
		[0.899 -0.245 0.364]
		[0.040 0.837 0.547]
		[-0.418 -0.483 0.770]
		[0.037 0.756 0.653]
		[-0.391 -0.591 0.706]
		[0.920 -0.282 0.274]
		[0.043 0.607 0.794]
		[-0.366 -0.730 0.578]
		[0.930 -0.315 0.191]
		[0.059 0.387 0.920]
		[-0.361 -0.851 0.381]
		[0.931 -0.355 0.090]
		[0.071 0.116 0.991]
		[-0.392 -0.910 0.135]
		[0.917 -0.398 -0.019]
		[0.058 -0.165 0.985]
		[-0.456 -0.882 -0.121]
		[0.888 -0.442 -0.127]
		[0.005 -0.412 0.911]
		[-0.532 -0.772 -0.346]
		[0.846 -0.483 -0.224]
		[-0.081 -0.593 0.801]
		[-0.596 -0.616 -0.516]
		[0.799 -0.519 -0.303]
		[-0.179 -0.701 0.690]
		[-0.632 -0.456 -0.627]
		[0.755 -0.548 -0.362]
		[-0.258 -0.753 0.605]
		[-0.642 -0.335 -0.690]
		[0.722 -0.566 -0.397]
		[-0.295 -0.770 0.565]
		[-0.640 -0.280 -0.716]
		[0.710 -0.573 -0.410]
		[-0.286 -0.767 0.574]
		[-0.633 -0.299 -0.715]
		[0.720 -0.568 -0.400]
		[-0.243 -0.745 0.621]
		[-0.619 -0.374 -0.690]
		[0.747 -0.552 -0.371]
		[-0.179 -0.692 0.699]
		[-0.593 -0.491 -0.638]
		[0.785 -0.529 -0.323]
		[-0.111 -0.595 0.796]
		[-0.549 -0.631 -0.548]
		[0.828 -0.498 -0.256]
		[-0.057 -0.444 0.894]
		[-0.490 -0.768 -0.412]
		[0.870 -0.461 -0.173]
		[-0.032 -0.243 0.970]
		[-0.427 -0.874 -0.233]
		[0.904 -0.421 -0.076]
		[-0.036 -0.009 0.999]
		[-0.378 -0.926 -0.022]
		[0.925 -0.379 0.030]
		[-0.060 0.230 0.971]
		[-0.358 -0.913 0.194]
		[0.932 -0.336 0.138]
		[-0.088 0.447 0.890]
		[-0.370 -0.844 0.388]
		[0.925 -0.295 0.240]
		[0.500 0.866 0.000]
		[-0.866 0.500 0.000]
		[0.448 0.894 0.000]
		[-0.894 0.448 0.000]
		[0.384 0.923 0.000]
		[-0.923 0.384 0.000]
		[0.312 0.950 0.000]
		[-0.950 0.312 0.000]
		[0.237 0.972 0.000]
		[-0.972 0.237 0.000]
		[0.163 0.987 0.000]
		[-0.987 0.163 0.000]
		[0.096 0.995 0.000]
		[-0.995 0.096 0.000]
		[0.042 0.999 0.000]
		[-0.999 0.042 0.000]
		[0.004 1.000 0.000]
		[-1.000 0.004 0.000]
		[-0.011 1.000 0.000]
		[-1.000 -0.011 0.000]
		[0.048 0.999 0.000]
		[-0.999 0.048 0.000]
		[0.133 0.991 0.000]
		[-0.991 0.133 0.000]
		[0.245 0.969 0.000]
		[-0.969 0.245 0.000]
		[0.372 0.928 0.000]
		[-0.928 0.372 0.000]
		[0.499 0.866 0.000]
		[-0.866 0.499 0.000]
		[0.617 0.787 0.000]
		[-0.787 0.617 0.000]
		[0.716 0.698 0.000]
		[-0.698 0.716 0.000]
		[0.791 0.612 0.000]
		[-0.612 0.791 0.000]
		[0.840 0.542 0.000]
		[-0.542 0.840 0.000]
		[0.865 0.501 0.000]
		[-0.501 0.865 0.000]
		[0.871 0.491 0.000]
		[-0.491 0.871 0.000]
		[0.863 0.504 0.000]
		[-0.504 0.863 0.000]
		[0.844 0.536 0.000]
		[-0.536 0.844 0.000]
		[0.813 0.582 0.000]
		[-0.582 0.813 0.000]
		[0.773 0.635 0.000]
		[-0.635 0.773 0.000]
		[0.723 0.691 0.000]
		[-0.691 0.723 0.000]
		[0.667 0.745 0.000]
		[-0.745 0.667 0.000]
		[0.608 0.794 0.000]
		[-0.794 0.608 0.000]
		[0.550 0.835 0.000]
		[-0.835 0.550 0.000]
		[100.000 0.000 0.000]
		[0.000 0.000 -100.000]
		[0.000 100.000 0.000]
		[0.182 -0.080 -0.026]
		[0.081 0.183 0.004]
		[0.022 -0.014 0.198]
		[-0.457 -0.040 1.045]
		[0.186 -0.069 -0.026]
		[0.071 0.187 0.006]
		[0.022 -0.015 0.198]
		[-0.452 -0.069 1.058]
		[0.190 -0.058 -0.024]
		[0.059 0.191 0.008]
		[0.021 -0.015 0.198]
		[-0.443 -0.107 1.075]
		[0.194 -0.045 -0.022]
		[0.046 0.194 0.008]
		[0.020 -0.013 0.199]
		[-0.431 -0.148 1.096]
		[0.196 -0.032 -0.020]
		[0.033 0.197 0.009]
		[0.019 -0.012 0.199]
		[-0.414 -0.188 1.118]
		[0.198 -0.019 -0.019]
		[0.020 0.199 0.010]
		[0.018 -0.012 0.199]
		[-0.395 -0.222 1.139]
		[0.199 -0.007 -0.017]
		[0.008 0.199 0.012]
		[0.017 -0.012 0.199]
		[-0.377 -0.247 1.157]
		[0.199 0.003 -0.017]
		[-0.002 0.199 0.015]
		[0.017 -0.015 0.199]
		[-0.362 -0.262 1.170]
		[0.199 0.012 -0.018]
		[-0.010 0.199 0.020]
		[0.019 -0.019 0.198]
		[-0.353 -0.264 1.174]
		[0.198 0.018 -0.021]
		[-0.015 0.197 0.028]
		[0.023 -0.026 0.197]
		[-0.353 -0.253 1.170]
		[0.197 0.022 -0.026]
		[-0.016 0.196 0.038]
		[0.030 -0.035 0.195]
		[-0.365 -0.224 1.155]
		[0.196 0.021 -0.034]
		[-0.012 0.192 0.054]
		[0.039 -0.051 0.190]
		[-0.396 -0.165 1.127]
		[0.194 0.018 -0.046]
		[0.001 0.186 0.074]
		[0.049 -0.072 0.180]
		[-0.443 -0.066 1.094]
		[0.190 0.011 -0.061]
		[0.021 0.174 0.096]
		[0.058 -0.098 0.164]
		[-0.497 0.075 1.071]
		[0.185 0.003 -0.076]
		[0.046 0.156 0.117]
		[0.061 -0.126 0.143]
		[-0.538 0.251 1.074]
		[0.178 -0.006 -0.092]
		[0.073 0.131 0.133]
		[0.056 -0.151 0.118]
		[-0.547 0.445 1.110]
		[0.169 -0.015 -0.106]
		[0.098 0.101 0.142]
		[0.043 -0.172 0.092]
		[-0.511 0.632 1.176]
		[0.160 -0.023 -0.118]
		[0.118 0.069 0.146]
		[0.024 -0.186 0.069]
		[-0.435 0.786 1.257]
		[0.151 -0.029 -0.128]
		[0.131 0.041 0.146]
		[0.005 -0.194 0.050]
		[-0.339 0.894 1.334]
		[0.145 -0.034 -0.134]
		[0.137 0.021 0.144]
		[-0.011 -0.196 0.038]
		[-0.251 0.955 1.389]
		[0.142 -0.038 -0.136]
		[0.140 0.012 0.143]
		[-0.019 -0.196 0.035]
		[-0.199 0.979 1.410]
		[0.142 -0.042 -0.134]
		[0.139 0.015 0.143]
		[-0.020 -0.195 0.040]
		[-0.191 0.977 1.393]
		[0.145 -0.046 -0.129]
		[0.136 0.028 0.143]
		[-0.015 -0.192 0.052]
		[-0.214 0.952 1.346]
		[0.151 -0.051 -0.121]
		[0.132 0.049 0.142]
		[-0.006 -0.187 0.071]
		[-0.259 0.901 1.276]
		[0.157 -0.056 -0.111]
		[0.124 0.075 0.137]
		[0.004 -0.177 0.094]
		[-0.312 0.819 1.193]
		[0.163 -0.060 -0.099]
		[0.115 0.104 0.127]
		[0.013 -0.160 0.119]
		[-0.362 0.702 1.110]
		[0.169 -0.065 -0.084]
		[0.104 0.131 0.110]
		[0.020 -0.137 0.145]
		[-0.401 0.557 1.042]
		[0.175 -0.069 -0.069]
		[0.095 0.154 0.086]
		[0.023 -0.108 0.167]
		[-0.427 0.395 1.000]
		[0.178 -0.073 -0.054]
		[0.087 0.170 0.059]
		[0.024 -0.076 0.183]
		[-0.441 0.231 0.990]
		[0.181 -0.076 -0.039]
		[0.082 0.180 0.031]
		[0.023 -0.044 0.194]
		[-0.450 0.082 1.008]
		[0.163 0.090 0.074]
		[-0.116 0.134 0.092]
		[-0.008 -0.118 0.161]
		[0.480 0.219 1.142]
		[0.157 0.099 0.074]
		[-0.124 0.127 0.092]
		[-0.001 -0.118 0.161]
		[0.466 0.247 1.142]
		[0.150 0.110 0.074]
		[-0.132 0.118 0.092]
		[0.007 -0.118 0.161]
		[0.448 0.279 1.142]
		[0.141 0.121 0.074]
		[-0.141 0.108 0.092]
		[0.016 -0.117 0.161]
		[0.425 0.312 1.142]
		[0.131 0.132 0.074]
		[-0.149 0.096 0.092]
		[0.025 -0.115 0.161]
		[0.399 0.345 1.142]
		[0.121 0.141 0.074]
		[-0.156 0.085 0.092]
		[0.034 -0.113 0.161]
		[0.372 0.374 1.142]
		[0.111 0.149 0.074]
		[-0.161 0.074 0.092]
		[0.042 -0.111 0.161]
		[0.346 0.398 1.142]
		[0.103 0.155 0.074]
		[-0.165 0.065 0.092]
		[0.048 -0.108 0.161]
		[0.324 0.416 1.142]
		[0.097 0.159 0.074]
		[-0.167 0.059 0.092]
		[0.052 -0.106 0.161]
		[0.308 0.428 1.142]
		[0.094 0.160 0.074]
		[-0.168 0.056 0.092]
		[0.053 -0.105 0.161]
		[0.301 0.433 1.142]
		[0.096 0.159 0.074]
		[-0.168 0.058 0.092]
		[0.306 0.429 1.142]
		[0.104 0.154 0.074]
		[-0.165 0.066 0.092]
		[0.047 -0.108 0.161]
		[0.327 0.414 1.142]
		[0.116 0.145 0.074]
		[-0.158 0.080 0.092]
		[0.037 -0.112 0.161]
		[0.361 0.385 1.142]
		[0.132 0.131 0.074]
		[-0.148 0.098 0.092]
		[0.024 -0.116 0.161]
		[0.402 0.341 1.142]
		[0.148 0.112 0.074]
		[-0.134 0.116 0.092]
		[0.009 -0.118 0.161]
		[0.444 0.285 1.142]
		[0.174 0.066 0.074]
		[-0.096 0.149 0.092]
		[-0.025 -0.116 0.161]
		[0.506 0.149 1.142]
		[0.181 0.042 0.074]
		[-0.075 0.161 0.092]
		[-0.040 -0.111 0.161]
		[0.521 0.080 1.142]
		[0.185 0.022 0.074]
		[-0.056 0.168 0.092]
		[-0.052 -0.106 0.161]
		[0.527 0.021 1.142]
		[0.186 0.006 0.074]
		[-0.042 0.172 0.092]
		[-0.061 -0.101 0.161]
		[0.527 -0.025 1.142]
		[0.186 -0.003 0.074]
		[-0.033 0.174 0.092]
		[-0.066 -0.098 0.161]
		[0.525 -0.050 1.142]
		[0.186 -0.005 0.074]
		[-0.032 0.175 0.092]
		[-0.067 -0.097 0.161]
		[0.524 -0.056 1.142]
		[-0.034 0.174 0.092]
		[-0.065 -0.098 0.161]
		[0.525 -0.048 1.142]
		[0.186 0.004 0.074]
		[-0.041 0.173 0.092]
		[-0.062 -0.101 0.161]
		[0.527 -0.028 1.142]
		[0.185 0.014 0.074]
		[-0.050 0.170 0.092]
		[-0.056 -0.104 0.161]
		[0.527 0.001 1.142]
		[0.184 0.027 0.074]
		[-0.061 0.166 0.092]
		[-0.049 -0.108 0.161]
		[0.526 0.036 1.142]
		[0.181 0.041 0.074]
		[-0.074 0.161 0.092]
		[-0.041 -0.111 0.161]
		[0.522 0.075 1.142]
		[0.178 0.055 0.074]
		[-0.086 0.155 0.092]
		[-0.032 -0.114 0.161]
		[0.514 0.116 1.142]
		[0.173 0.068 0.074]
		[-0.098 0.148 0.092]
		[-0.023 -0.116 0.161]
		[0.504 0.155 1.142]
		[0.168 0.080 0.074]
		[-0.108 0.141 0.092]
		[-0.015 -0.117 0.161]
		[0.492 0.190 1.142]]
}