{ :name "Attack" :length 0.6333333 :bones { 
	"Armature" [
		[0 [1 0 0 0 0 0.9999998 2.007283E-15 0 0 -2.007283E-15 0.9999998 0 0 -1.24345E-17 -8.195644E-11 1]]
	]
	"Skelet" [
		[0 [1 0 0 0 0 0.9999996 0 0 0 0 0.9999996 0 0 -0.0003999998 4.76837E-11 1]]
	]
	"Bedro_L" [
		[0 [0.962227 0.2675513 0.05035086 0 -0.2720293 0.9522918 0.138353 0 -0.01093207 -0.1468193 0.9891027 0 2.970387E-05 0.0003987518 -1.070672E-05 1]]
		[0.02702703 [0.9620338 0.2676061 0.05364029 0 -0.2725632 0.95219 0.1380002 0 -0.01414565 -0.1473766 0.988979 0 2.970387E-05 0.0003987518 -1.070672E-05 1]]
		[0.05405406 [0.9615662 0.2677294 0.06091782 0 -0.2737494 0.9519635 0.1372131 0 -0.02125495 -0.1486109 0.988667 0 2.970387E-05 0.0003987518 -1.070672E-05 1]]
		[0.08108108 [0.9610227 0.2678603 0.06845219 0 -0.2749845 0.9517259 0.1363883 0 -0.0286139 -0.1498908 0.988288 0 2.970387E-05 0.0003987518 -1.070672E-05 1]]
		[0.1081081 [0.9607181 0.2679291 0.07234918 0 -0.2756262 0.9516022 0.1359577 0 -0.03241987 -0.1505536 0.9880699 0 2.970387E-05 0.0003987518 -1.070672E-05 1]]
		[0.1351351 [0.9609922 0.2678674 0.06885114 0 -0.2750503 0.9517133 0.1363443 0 -0.02900362 -0.1499586 0.9882663 0 2.970387E-05 0.0003987518 -1.070672E-05 1]]
		[0.1621622 [0.9619966 0.2676148 0.05426371 0 -0.2726628 0.9521714 0.1379331 0 -0.01475515 -0.1474822 0.9889544 0 2.970387E-05 0.0003987518 -1.070672E-05 1]]
		[0.1891892 [0.9634038 0.2671136 0.02242855 0 -0.267555 0.9531299 0.1412755 0 0.01635854 -0.1421017 0.9897166 0 2.970387E-05 0.0003987518 -1.070672E-05 1]]
		[0.2162162 [0.9634545 0.2664369 -0.02768569 0 -0.2597701 0.9545367 0.1462205 0 0.06538344 -0.1336807 0.9888651 0 2.970387E-05 0.0003987518 -1.070672E-05 1]]
		[0.2432432 [0.9599229 0.2658155 -0.08882476 0 -0.2507077 0.9560867 0.1518043 0 0.1252726 -0.1234474 0.9844118 0 2.970387E-05 0.0003987518 -1.070672E-05 1]]
		[0.2702703 [0.95186 0.2654018 -0.1533771 0 -0.2416451 0.9575359 0.1572677 0 0.188598 -0.1126304 0.9755736 0 2.970387E-05 0.0003987518 -1.070672E-05 1]]
		[0.2972973 [0.9401354 0.2652537 -0.213978 0 -0.2336074 0.9587252 0.1620947 0 0.2481353 -0.1024008 0.9632969 0 2.970387E-05 0.0003987518 -1.070672E-05 1]]
		[0.3243243 [0.927511 0.2653073 -0.2633187 0 -0.2273887 0.9595729 0.1658767 0 0.2966736 -0.09397381 0.9503426 0 2.970387E-05 0.0003987518 -1.070672E-05 1]]
		[0.3513514 [0.9179403 0.2654296 -0.2948467 0 -0.2235676 0.9600573 0.1682513 0 0.3277194 -0.08852369 0.940617 0 2.970387E-05 0.0003987518 -1.070672E-05 1]]
		[0.3783784 [0.9151205 0.2654758 -0.3034454 0 -0.2225463 0.9601814 0.1688959 0 0.336191 -0.08702669 0.9377626 0 2.970387E-05 0.0003987518 -1.070672E-05 1]]
		[0.4054054 [0.9178531 0.2654322 -0.2951158 0 -0.2235366 0.9600608 0.1682719 0 0.3279847 -0.08847693 0.9405289 0 2.970387E-05 0.0003987518 -1.070672E-05 1]]
		[0.4324324 [0.9244152 0.2653409 -0.2739564 0 -0.2260863 0.9597412 0.1666806 0 0.3071461 -0.0921413 0.9471897 0 2.970387E-05 0.0003987518 -1.070672E-05 1]]
		[0.4594595 [0.9332567 0.2652635 -0.2422154 0 -0.230012 0.9592237 0.1642712 0 0.2759062 -0.09759167 0.956216 0 2.970387E-05 0.0003987518 -1.070672E-05 1]]
		[0.4864865 [0.9427395 0.2652632 -0.2021838 0 -0.2351359 0.9585067 0.1611733 0 0.2365413 -0.1044004 0.9659953 0 2.970387E-05 0.0003987518 -1.070672E-05 1]]
		[0.5135135 [0.9514 0.2653892 -0.1562267 0 -0.2412567 0.9575957 0.1575003 0 0.1913955 -0.1121515 0.9750838 0 2.970387E-05 0.0003987518 -1.070672E-05 1]]
		[0.5405405 [0.958111 0.2656732 -0.1069618 0 -0.2481087 0.9565132 0.1533792 0 0.1430551 -0.1204123 0.982362 0 2.970387E-05 0.0003987518 -1.070672E-05 1]]
		[0.5675676 [0.9622542 0.2661106 -0.05702303 0 -0.2553623 0.9553027 0.1489559 0 0.09411032 -0.1287678 0.9871988 0 2.970387E-05 0.0003987518 -1.070672E-05 1]]
		[0.5945946 [0.963744 0.2666704 -0.009152018 0 -0.2626122 0.9540308 0.1444339 0 0.04724616 -0.1367896 0.9894726 0 2.970387E-05 0.0003987518 -1.070672E-05 1]]
		[0.6216216 [0.9630247 0.2672876 0.03376694 0 -0.2693614 0.952794 0.140104 0 0.005274795 -0.1440146 0.9895613 0 2.970387E-05 0.0003987518 -1.070672E-05 1]]
		[0.6486486 [0.962227 0.2675513 0.05035086 0 -0.2720293 0.9522918 0.138353 0 -0.01093207 -0.1468193 0.9891027 0 2.970387E-05 0.0003987518 -1.070672E-05 1]]
		[0.6756757 [0.962227 0.2675513 0.05035086 0 -0.2720293 0.9522918 0.138353 0 -0.01093207 -0.1468193 0.9891027 0 2.970387E-05 0.0003987518 -1.070672E-05 1]]
		[0.7027027 [0.962227 0.2675513 0.05035086 0 -0.2720293 0.9522918 0.138353 0 -0.01093207 -0.1468193 0.9891027 0 2.970387E-05 0.0003987518 -1.070672E-05 1]]
		[0.7297297 [0.962227 0.2675513 0.05035086 0 -0.2720293 0.9522918 0.138353 0 -0.01093207 -0.1468193 0.9891027 0 2.970387E-05 0.0003987518 -1.070672E-05 1]]
		[0.7567568 [0.962227 0.2675513 0.05035086 0 -0.2720293 0.9522918 0.138353 0 -0.01093207 -0.1468193 0.9891027 0 2.970387E-05 0.0003987518 -1.070672E-05 1]]
		[0.7837838 [0.962227 0.2675513 0.05035086 0 -0.2720293 0.9522918 0.138353 0 -0.01093207 -0.1468193 0.9891027 0 2.970387E-05 0.0003987518 -1.070672E-05 1]]
		[0.8108108 [0.962227 0.2675513 0.05035086 0 -0.2720293 0.9522918 0.138353 0 -0.01093207 -0.1468193 0.9891027 0 2.970387E-05 0.0003987518 -1.070672E-05 1]]
		[0.8378378 [0.962227 0.2675513 0.05035086 0 -0.2720293 0.9522918 0.138353 0 -0.01093207 -0.1468193 0.9891027 0 2.970387E-05 0.0003987518 -1.070672E-05 1]]
		[0.8648649 [0.962227 0.2675513 0.05035086 0 -0.2720293 0.9522918 0.138353 0 -0.01093207 -0.1468193 0.9891027 0 2.970387E-05 0.0003987518 -1.070672E-05 1]]
		[0.8918919 [0.962227 0.2675513 0.05035086 0 -0.2720293 0.9522918 0.138353 0 -0.01093207 -0.1468193 0.9891027 0 2.970387E-05 0.0003987518 -1.070672E-05 1]]
		[0.9189189 [0.962227 0.2675513 0.05035086 0 -0.2720293 0.9522918 0.138353 0 -0.01093207 -0.1468193 0.9891027 0 2.970387E-05 0.0003987518 -1.070672E-05 1]]
		[0.9459459 [0.962227 0.2675513 0.05035086 0 -0.2720293 0.9522918 0.138353 0 -0.01093207 -0.1468193 0.9891027 0 2.970387E-05 0.0003987518 -1.070672E-05 1]]
		[0.972973 [0.962227 0.2675513 0.05035086 0 -0.2720293 0.9522918 0.138353 0 -0.01093207 -0.1468193 0.9891027 0 2.970387E-05 0.0003987518 -1.070672E-05 1]]
	]
	"Koleno_L" [
		[0 [0.9997441 0.01792954 -0.01383084 0 -0.0198877 0.9872741 -0.1577801 0 0.01082533 0.1580101 0.987378 0 0.001422857 -6.604592E-05 -0.0007256172 1]]
		[0.02702703 [0.9997566 0.01740478 -0.01357456 0 -0.01932616 0.9873283 -0.1575086 0 0.01066086 0.1577279 0.9874249 0 0.001425592 -6.696478E-05 -0.0007237329 1]]
		[0.05405406 [0.9997839 0.01623837 -0.01300581 0 -0.01807811 0.9874486 -0.1569014 0 0.01029469 0.1570978 0.9875291 0 0.00143167 -6.900609E-05 -0.0007195281 1]]
		[0.08108108 [0.9998103 0.01502236 -0.01241492 0 -0.01677801 0.9875728 -0.1562629 0 0.009913323 0.1564368 0.9876382 0 0.001437997 -7.114167E-05 -0.0007151217 1]]
		[0.1081081 [0.9998236 0.0143903 -0.01210831 0 -0.01610232 0.9876371 -0.1559288 0 0.009714773 0.1560914 0.9876947 0 0.001441283 -7.225226E-05 -0.0007128214 1]]
		[0.1351351 [0.9998118 0.01495773 -0.01238349 0 -0.01670878 0.9875795 -0.1562289 0 0.0098929 0.1564015 0.9876438 0 0.001438333 -7.125438E-05 -0.0007148871 1]]
		[0.1621622 [0.9997593 0.01730699 -0.01352595 0 -0.0192214 0.9873388 -0.1574569 0 0.01062916 0.1576743 0.987434 0 0.001426103 -6.713373E-05 -0.0007233749 1]]
		[0.1891892 [0.9996235 0.02231713 -0.0159888 0 -0.02458946 0.9868087 -0.1600126 0 0.01220549 0.1603411 0.9869862 0 0.001399921 -5.84265E-05 -0.0007412311 1]]
		[0.2162162 [0.9993573 0.02991139 -0.01978849 0 -0.03275146 0.985963 -0.1637212 0 0.01461092 0.16426 0.9863092 0 0.001359976 -4.54324E-05 -0.0007676504 1]]
		[0.2432432 [0.9989557 0.03868404 -0.02431628 0 -0.04222386 0.9849167 -0.1677978 0 0.01745447 0.1686458 0.9855222 0 0.001313411 -3.075643E-05 -0.0007974795 1]]
		[0.2702703 [0.9984559 0.0473774 -0.02899768 0 -0.05166637 0.9837988 -0.1716688 0 0.02038907 0.172899 0.9847288 0 0.001266769 -1.660381E-05 -0.0008266633 1]]
		[0.2972973 [0.9979287 0.0550108 -0.03333217 0 -0.06001685 0.9827384 -0.1749954 0 0.02312306 0.1766309 0.9840063 0 0.001225329 -4.556551E-06 -0.000852443 1]]
		[0.3243243 [0.9974656 0.06085902 -0.03684165 0 -0.06646322 0.9818652 -0.1775478 0 0.02535996 0.1795443 0.9834242 0 0.001193213 4.379816E-06 -0.0008726362 1]]
		[0.3513514 [0.997156 0.06442341 -0.03908483 0 -0.07041831 0.9813018 -0.1791311 0 0.02680482 0.1813722 0.9830505 0 0.001173451 9.67651E-06 -0.0008853116 1]]
		[0.3783784 [0.99707 0.06537176 -0.03969782 0 -0.07147469 0.9811472 -0.1795589 0 0.02720219 0.1818685 0.9829479 0 0.001168165 1.106271E-05 -0.0008887519 1]]
		[0.4054054 [0.9971535 0.06445195 -0.03910429 0 -0.07045033 0.9812968 -0.1791449 0 0.02681765 0.1813881 0.9830472 0 0.00117329 9.71665E-06 -0.0008854208 1]]
		[0.4324324 [0.9973619 0.06207654 -0.03759788 0 -0.06781165 0.9816755 -0.1780853 0 0.02584575 0.180163 0.9832981 0 0.001186479 6.201979E-06 -0.0008769274 1]]
		[0.4594595 [0.997667 0.05839884 -0.03534129 0 -0.06374535 0.9822398 -0.1764693 0 0.02440026 0.1783082 0.983673 0 0.001206767 6.555368E-07 -0.0008640646 1]]
		[0.4864865 [0.9980353 0.05356537 -0.03249154 0 -0.0584306 0.9829456 -0.1743667 0 0.02259061 0.17592 0.9841459 0 0.001233215 -6.80724E-06 -0.000847523 1]]
		[0.5135135 [0.9984322 0.04774802 -0.02920262 0 -0.05207035 0.9837493 -0.171831 0 0.02051772 0.1730793 0.9846944 0 0.001264768 -1.600922E-05 -0.0008279057 1]]
		[0.5405405 [0.9988226 0.04118579 -0.02564021 0 -0.04493482 0.9846039 -0.1689257 0 0.01828361 0.1698756 0.9852961 0 0.001300043 -2.664102E-05 -0.0008058934 1]]
		[0.5675676 [0.9991742 0.0341877 -0.02197419 0 -0.03736243 0.9854625 -0.1657335 0 0.01598548 0.1664138 0.9859266 0 0.001337337 -3.823177E-05 -0.0007822629 1]]
		[0.5945946 [0.9994625 0.02714484 -0.01839328 0 -0.02977426 0.9862771 -0.1623918 0 0.01373077 0.1628479 0.9865555 0 0.001374565 -5.013693E-05 -0.0007581057 1]]
		[0.6216216 [0.9996749 0.02054755 -0.01511632 0 -0.02269213 0.9869983 -0.1591212 0 0.01164925 0.1594079 0.9871441 0 0.001409183 -6.149108E-05 -0.0007349726 1]]
		[0.6486486 [0.9997441 0.01792954 -0.01383084 0 -0.0198877 0.9872741 -0.1577801 0 0.01082533 0.1580101 0.987378 0 0.001422857 -6.604592E-05 -0.0007256172 1]]
		[0.6756757 [0.9997441 0.01792954 -0.01383084 0 -0.0198877 0.9872741 -0.1577801 0 0.01082533 0.1580101 0.987378 0 0.001422857 -6.604592E-05 -0.0007256172 1]]
		[0.7027027 [0.9997441 0.01792954 -0.01383084 0 -0.0198877 0.9872741 -0.1577801 0 0.01082533 0.1580101 0.987378 0 0.001422857 -6.604592E-05 -0.0007256172 1]]
		[0.7297297 [0.9997441 0.01792954 -0.01383084 0 -0.0198877 0.9872741 -0.1577801 0 0.01082533 0.1580101 0.987378 0 0.001422857 -6.604592E-05 -0.0007256172 1]]
		[0.7567568 [0.9997441 0.01792954 -0.01383084 0 -0.0198877 0.9872741 -0.1577801 0 0.01082533 0.1580101 0.987378 0 0.001422857 -6.604592E-05 -0.0007256172 1]]
		[0.7837838 [0.9997441 0.01792954 -0.01383084 0 -0.0198877 0.9872741 -0.1577801 0 0.01082533 0.1580101 0.987378 0 0.001422857 -6.604592E-05 -0.0007256172 1]]
		[0.8108108 [0.9997441 0.01792954 -0.01383084 0 -0.0198877 0.9872741 -0.1577801 0 0.01082533 0.1580101 0.987378 0 0.001422857 -6.604592E-05 -0.0007256172 1]]
		[0.8378378 [0.9997441 0.01792954 -0.01383084 0 -0.0198877 0.9872741 -0.1577801 0 0.01082533 0.1580101 0.987378 0 0.001422857 -6.604592E-05 -0.0007256172 1]]
		[0.8648649 [0.9997441 0.01792954 -0.01383084 0 -0.0198877 0.9872741 -0.1577801 0 0.01082533 0.1580101 0.987378 0 0.001422857 -6.604592E-05 -0.0007256172 1]]
		[0.8918919 [0.9997441 0.01792954 -0.01383084 0 -0.0198877 0.9872741 -0.1577801 0 0.01082533 0.1580101 0.987378 0 0.001422857 -6.604592E-05 -0.0007256172 1]]
		[0.9189189 [0.9997441 0.01792954 -0.01383084 0 -0.0198877 0.9872741 -0.1577801 0 0.01082533 0.1580101 0.987378 0 0.001422857 -6.604592E-05 -0.0007256172 1]]
		[0.9459459 [0.9997441 0.01792954 -0.01383084 0 -0.0198877 0.9872741 -0.1577801 0 0.01082533 0.1580101 0.987378 0 0.001422857 -6.604592E-05 -0.0007256172 1]]
		[0.972973 [0.9997441 0.01792954 -0.01383084 0 -0.0198877 0.9872741 -0.1577801 0 0.01082533 0.1580101 0.987378 0 0.001422857 -6.604592E-05 -0.0007256172 1]]
	]
	"Koleno_L_end" [
		[0 [0.9997441 0.01792954 -0.01383084 0 -0.0198877 0.9872741 -0.1577801 0 0.01082533 0.1580101 0.987378 0 0.001307976 -0.0001395573 -0.001637035 1]]
		[0.02702703 [0.9997566 0.01740478 -0.01357456 0 -0.01932616 0.9873283 -0.1575086 0 0.01066086 0.1577279 0.9874249 0 0.001313954 -0.0001401629 -0.001633582 1]]
		[0.05405406 [0.9997839 0.01623837 -0.01300581 0 -0.01807811 0.9874486 -0.1569014 0 0.01029469 0.1570978 0.9875291 0 0.001327241 -0.0001415097 -0.001625869 1]]
		[0.08108108 [0.9998103 0.01502236 -0.01241492 0 -0.01677801 0.9875728 -0.1562629 0 0.009913323 0.1564368 0.9876382 0 0.001341079 -0.0001429265 -0.001617774 1]]
		[0.1081081 [0.9998236 0.0143903 -0.01210831 0 -0.01610232 0.9876371 -0.1559288 0 0.009714773 0.1560914 0.9876947 0 0.001348269 -0.0001436663 -0.001613543 1]]
		[0.1351351 [0.9998118 0.01495773 -0.01238349 0 -0.01670878 0.9875795 -0.1562289 0 0.0098929 0.1564015 0.9876438 0 0.001341815 -0.0001430026 -0.001617343 1]]
		[0.1621622 [0.9997593 0.01730699 -0.01352595 0 -0.0192214 0.9873388 -0.1574569 0 0.01062916 0.1576743 0.987434 0 0.001315071 -0.0001402709 -0.001632925 1]]
		[0.1891892 [0.9996235 0.02231713 -0.0159888 0 -0.02458946 0.9868087 -0.1600126 0 0.01220549 0.1603411 0.9869862 0 0.00125788 -0.0001346263 -0.001665543 1]]
		[0.2162162 [0.9993573 0.02991139 -0.01978849 0 -0.03275146 0.985963 -0.1637212 0 0.01461092 0.16426 0.9863092 0 0.001170787 -0.0001265167 -0.001713385 1]]
		[0.2432432 [0.9989557 0.03868404 -0.02431628 0 -0.04222386 0.9849167 -0.1677978 0 0.01745447 0.1686458 0.9855222 0 0.001069505 -0.0001178855 -0.001766764 1]]
		[0.2702703 [0.9984559 0.0473774 -0.02899768 0 -0.05166637 0.9837988 -0.1716688 0 0.02038907 0.172899 0.9847288 0 0.0009683179 -0.0001101903 -0.001818308 1]]
		[0.2972973 [0.9979287 0.0550108 -0.03333217 0 -0.06001685 0.9827384 -0.1749954 0 0.02312306 0.1766309 0.9840063 0 0.0008786421 -0.000104269 -0.001863304 1]]
		[0.3243243 [0.9974656 0.06085902 -0.03684165 0 -0.06646322 0.9818652 -0.1775478 0 0.02535996 0.1795443 0.9834242 0 0.0008092878 -0.0001003755 -0.001898241 1]]
		[0.3513514 [0.997156 0.06442341 -0.03908483 0 -0.07041831 0.9813018 -0.1791311 0 0.02680482 0.1813722 0.9830505 0 0.000766679 -9.833529E-05 -0.001920062 1]]
		[0.3783784 [0.99707 0.06537176 -0.03969782 0 -0.07147469 0.9811472 -0.1795589 0 0.02720219 0.1818685 0.9829479 0 0.0007552913 -9.784169E-05 -0.001925974 1]]
		[0.4054054 [0.9971535 0.06445195 -0.03910429 0 -0.07045033 0.9812968 -0.1791449 0 0.02681765 0.1813881 0.9830472 0 0.0007663341 -9.832192E-05 -0.001920252 1]]
		[0.4324324 [0.9973619 0.06207654 -0.03759788 0 -0.06781165 0.9816755 -0.1780853 0 0.02584575 0.180163 0.9832981 0 0.0007947655 -9.964938E-05 -0.001905637 1]]
		[0.4594595 [0.997667 0.05839884 -0.03534129 0 -0.06374535 0.9822398 -0.1764693 0 0.02440026 0.1783082 0.983673 0 0.0008385421 -0.0001019365 -0.00188344 1]]
		[0.4864865 [0.9980353 0.05356537 -0.03249154 0 -0.0584306 0.9829456 -0.1743667 0 0.02259061 0.17592 0.9841459 0 0.0008956912 -0.000105322 -0.001854751 1]]
		[0.5135135 [0.9984322 0.04774802 -0.02920262 0 -0.05207035 0.9837493 -0.171831 0 0.02051772 0.1730793 0.9846944 0 0.0009639838 -0.0001098818 -0.001820487 1]]
		[0.5405405 [0.9988226 0.04118579 -0.02564021 0 -0.04493482 0.9846039 -0.1689257 0 0.01828361 0.1698756 0.9852961 0 0.001040477 -0.0001155767 -0.001781692 1]]
		[0.5675676 [0.9991742 0.0341877 -0.02197419 0 -0.03736243 0.9854625 -0.1657335 0 0.01598548 0.1664138 0.9859266 0 0.001121512 -0.0001222077 -0.001739622 1]]
		[0.5945946 [0.9994625 0.02714484 -0.01839328 0 -0.02977426 0.9862771 -0.1623918 0 0.01373077 0.1628479 0.9865555 0 0.001202574 -0.0001294082 -0.00169616 1]]
		[0.6216216 [0.9996749 0.02054755 -0.01511632 0 -0.02269213 0.9869983 -0.1591212 0 0.01164925 0.1594079 0.9871441 0 0.001278102 -0.0001365941 -0.001654136 1]]
		[0.6486486 [0.9997441 0.01792954 -0.01383084 0 -0.0198877 0.9872741 -0.1577801 0 0.01082533 0.1580101 0.987378 0 0.001307976 -0.0001395573 -0.001637035 1]]
		[0.6756757 [0.9997441 0.01792954 -0.01383084 0 -0.0198877 0.9872741 -0.1577801 0 0.01082533 0.1580101 0.987378 0 0.001307976 -0.0001395573 -0.001637035 1]]
		[0.7027027 [0.9997441 0.01792954 -0.01383084 0 -0.0198877 0.9872741 -0.1577801 0 0.01082533 0.1580101 0.987378 0 0.001307976 -0.0001395573 -0.001637035 1]]
		[0.7297297 [0.9997441 0.01792954 -0.01383084 0 -0.0198877 0.9872741 -0.1577801 0 0.01082533 0.1580101 0.987378 0 0.001307976 -0.0001395573 -0.001637035 1]]
		[0.7567568 [0.9997441 0.01792954 -0.01383084 0 -0.0198877 0.9872741 -0.1577801 0 0.01082533 0.1580101 0.987378 0 0.001307976 -0.0001395573 -0.001637035 1]]
		[0.7837838 [0.9997441 0.01792954 -0.01383084 0 -0.0198877 0.9872741 -0.1577801 0 0.01082533 0.1580101 0.987378 0 0.001307976 -0.0001395573 -0.001637035 1]]
		[0.8108108 [0.9997441 0.01792954 -0.01383084 0 -0.0198877 0.9872741 -0.1577801 0 0.01082533 0.1580101 0.987378 0 0.001307976 -0.0001395573 -0.001637035 1]]
		[0.8378378 [0.9997441 0.01792954 -0.01383084 0 -0.0198877 0.9872741 -0.1577801 0 0.01082533 0.1580101 0.987378 0 0.001307976 -0.0001395573 -0.001637035 1]]
		[0.8648649 [0.9997441 0.01792954 -0.01383084 0 -0.0198877 0.9872741 -0.1577801 0 0.01082533 0.1580101 0.987378 0 0.001307976 -0.0001395573 -0.001637035 1]]
		[0.8918919 [0.9997441 0.01792954 -0.01383084 0 -0.0198877 0.9872741 -0.1577801 0 0.01082533 0.1580101 0.987378 0 0.001307976 -0.0001395573 -0.001637035 1]]
		[0.9189189 [0.9997441 0.01792954 -0.01383084 0 -0.0198877 0.9872741 -0.1577801 0 0.01082533 0.1580101 0.987378 0 0.001307976 -0.0001395573 -0.001637035 1]]
		[0.9459459 [0.9997441 0.01792954 -0.01383084 0 -0.0198877 0.9872741 -0.1577801 0 0.01082533 0.1580101 0.987378 0 0.001307976 -0.0001395573 -0.001637035 1]]
		[0.972973 [0.9997441 0.01792954 -0.01383084 0 -0.0198877 0.9872741 -0.1577801 0 0.01082533 0.1580101 0.987378 0 0.001307976 -0.0001395573 -0.001637035 1]]
	]
	"Bedro_P" [
		[0 [0.6740398 0.2694751 0.6877978 0 -0.026827 0.9394017 -0.3417725 0 -0.7381975 0.2119101 0.6404237 0 2.960738E-05 0.0003987603 1.063789E-05 1]]
		[0.02702703 [0.6679147 0.2714252 0.6929869 0 -0.02664313 0.9392475 -0.3422108 0 -0.7437505 0.2100977 0.6345691 0 2.960738E-05 0.0003987603 1.063789E-05 1]]
		[0.05405406 [0.6541889 0.2757541 0.7042796 0 -0.02622911 0.9388773 -0.3432561 0 -0.7558657 0.2060752 0.6214362 0 2.960738E-05 0.0003987603 1.063789E-05 1]]
		[0.08108108 [0.6397285 0.2802546 0.7156942 0 -0.02578592 0.9384536 -0.3444459 0 -0.7681573 0.2018907 0.6075826 0 2.960738E-05 0.0003987603 1.063789E-05 1]]
		[0.1081081 [0.6321513 0.2825888 0.721486 0 -0.02554957 0.9382188 -0.3451029 0 -0.7744129 0.1997173 0.6003166 0 2.960738E-05 0.0003987603 1.063789E-05 1]]
		[0.1351351 [0.638956 0.2804942 0.7162904 0 -0.02576214 0.9384298 -0.3445128 0 -0.768801 0.2016689 0.6068418 0 2.960738E-05 0.0003987603 1.063789E-05 1]]
		[0.1621622 [0.6667505 0.2717822 0.6939676 0 -0.02660646 0.9392225 -0.3422809 0 -0.7447954 0.2097453 0.6334586 0 2.960738E-05 0.0003987603 1.063789E-05 1]]
		[0.1891892 [0.7240071 0.2530867 0.6416943 0 -0.02836241 0.9403945 -0.3389055 0 -0.6891994 0.2271629 0.6880309 0 2.960738E-05 0.0003987603 1.063789E-05 1]]
		[0.2162162 [0.8041503 0.2243734 0.5504603 0 -0.03154295 0.9408267 -0.3374217 0 -0.5935798 0.2539666 0.763644 0 2.960738E-05 0.0003987603 1.063789E-05 1]]
		[0.2432432 [0.8841587 0.1907311 0.426485 0 -0.03776032 0.9390556 -0.3416902 0 -0.4656514 0.2859951 0.8374766 0 2.960738E-05 0.0003987603 1.063789E-05 1]]
		[0.2702703 [0.945989 0.1569203 0.283694 0 -0.04934898 0.9345537 -0.3523876 0 -0.3204152 0.3193448 0.8918222 0 2.960738E-05 0.0003987603 1.063789E-05 1]]
		[0.2972973 [0.9817504 0.1268764 0.1416646 0 -0.06698164 0.9278732 -0.3668366 0 -0.177985 0.350642 0.9194385 0 2.960738E-05 0.0003987603 1.063789E-05 1]]
		[0.3243243 [0.9943616 0.103636 0.02245789 0 -0.08736321 0.9206668 -0.3804536 0 -0.06010335 0.3763345 0.9245299 0 2.960738E-05 0.0003987603 1.063789E-05 1]]
		[0.3513514 [0.9945 0.08938202 -0.05459382 0 -0.1036341 0.9151936 -0.3894682 0 0.01515183 0.3929715 0.9194233 0 2.960738E-05 0.0003987603 1.063789E-05 1]]
		[0.3783784 [0.9934544 0.08558128 -0.07565664 0 -0.1085461 0.9135782 -0.3919149 0 0.0355766 0.3975493 0.9168882 0 2.960738E-05 0.0003987603 1.063789E-05 1]]
		[0.4054054 [0.9944735 0.08927227 -0.0552519 0 -0.1037933 0.9151403 -0.3895508 0 0.01578654 0.3931203 0.919349 0 2.960738E-05 0.0003987603 1.063789E-05 1]]
		[0.4324324 [0.9951038 0.09877421 -0.003495401 0 -0.09255712 0.9188964 -0.3834939 0 -0.03466674 0.3819276 0.9235395 0 2.960738E-05 0.0003987603 1.063789E-05 1]]
		[0.4594595 [0.9908072 0.1134317 0.07371844 0 -0.07791509 0.9239504 -0.3744989 0 -0.1105895 0.3653008 0.9242949 0 2.960738E-05 0.0003987603 1.063789E-05 1]]
		[0.4864865 [0.9765251 0.1325868 0.1697641 0 -0.06294608 0.9293622 -0.3637687 0 -0.2059978 0.3445324 0.9158916 0 2.960738E-05 0.0003987603 1.063789E-05 1]]
		[0.5135135 [0.9481633 0.155466 0.2771611 0 -0.05001346 0.9342939 -0.3529834 0 -0.3138183 0.320814 0.893639 0 2.960738E-05 0.0003987603 1.063789E-05 1]]
		[0.5405405 [0.9039398 0.1810461 0.3874516 0 -0.04039284 0.9380634 -0.344106 0 -0.4257416 0.2953915 0.8552663 0 2.960738E-05 0.0003987603 1.063789E-05 1]]
		[0.5675676 [0.8450615 0.2080352 0.4925429 0 -0.03408508 0.9402861 -0.3386793 0 -0.533574 0.269408 0.8016909 0 2.960738E-05 0.0003987603 1.063789E-05 1]]
		[0.5945946 [0.7759836 0.2348831 0.5853959 0 -0.03024531 0.9408665 -0.33743 0 -0.6300187 0.2441269 0.7372014 0 2.960738E-05 0.0003987603 1.063789E-05 1]]
		[0.6216216 [0.70416 0.2597188 0.6608452 0 -0.02773902 0.9400529 -0.3399039 0 -0.7094895 0.2210085 0.6691521 0 2.960738E-05 0.0003987603 1.063789E-05 1]]
		[0.6486486 [0.6740398 0.2694751 0.6877978 0 -0.026827 0.9394017 -0.3417725 0 -0.7381975 0.2119101 0.6404237 0 2.960738E-05 0.0003987603 1.063789E-05 1]]
		[0.6756757 [0.6740398 0.2694751 0.6877978 0 -0.026827 0.9394017 -0.3417725 0 -0.7381975 0.2119101 0.6404237 0 2.960738E-05 0.0003987603 1.063789E-05 1]]
		[0.7027027 [0.6740398 0.2694751 0.6877978 0 -0.026827 0.9394017 -0.3417725 0 -0.7381975 0.2119101 0.6404237 0 2.960738E-05 0.0003987603 1.063789E-05 1]]
		[0.7297297 [0.6740398 0.2694751 0.6877978 0 -0.026827 0.9394017 -0.3417725 0 -0.7381975 0.2119101 0.6404237 0 2.960738E-05 0.0003987603 1.063789E-05 1]]
		[0.7567568 [0.6740398 0.2694751 0.6877978 0 -0.026827 0.9394017 -0.3417725 0 -0.7381975 0.2119101 0.6404237 0 2.960738E-05 0.0003987603 1.063789E-05 1]]
		[0.7837838 [0.6740398 0.2694751 0.6877978 0 -0.026827 0.9394017 -0.3417725 0 -0.7381975 0.2119101 0.6404237 0 2.960738E-05 0.0003987603 1.063789E-05 1]]
		[0.8108108 [0.6740398 0.2694751 0.6877978 0 -0.026827 0.9394017 -0.3417725 0 -0.7381975 0.2119101 0.6404237 0 2.960738E-05 0.0003987603 1.063789E-05 1]]
		[0.8378378 [0.6740398 0.2694751 0.6877978 0 -0.026827 0.9394017 -0.3417725 0 -0.7381975 0.2119101 0.6404237 0 2.960738E-05 0.0003987603 1.063789E-05 1]]
		[0.8648649 [0.6740398 0.2694751 0.6877978 0 -0.026827 0.9394017 -0.3417725 0 -0.7381975 0.2119101 0.6404237 0 2.960738E-05 0.0003987603 1.063789E-05 1]]
		[0.8918919 [0.6740398 0.2694751 0.6877978 0 -0.026827 0.9394017 -0.3417725 0 -0.7381975 0.2119101 0.6404237 0 2.960738E-05 0.0003987603 1.063789E-05 1]]
		[0.9189189 [0.6740398 0.2694751 0.6877978 0 -0.026827 0.9394017 -0.3417725 0 -0.7381975 0.2119101 0.6404237 0 2.960738E-05 0.0003987603 1.063789E-05 1]]
		[0.9459459 [0.6740398 0.2694751 0.6877978 0 -0.026827 0.9394017 -0.3417725 0 -0.7381975 0.2119101 0.6404237 0 2.960738E-05 0.0003987603 1.063789E-05 1]]
		[0.972973 [0.6740398 0.2694751 0.6877978 0 -0.026827 0.9394017 -0.3417725 0 -0.7381975 0.2119101 0.6404237 0 2.960738E-05 0.0003987603 1.063789E-05 1]]
	]
	"Koleno_P" [
		[0 [0.6324121 0.05455814 0.7727193 0 -0.1208792 0.9922469 0.02887438 0 -0.765132 -0.1116624 0.6341044 0 0.0001105708 4.025244E-05 0.00180856 1]]
		[0.02702703 [0.6268303 0.05110018 0.7774891 0 -0.1168625 0.9927252 0.0289727 0 -0.7703316 -0.1090166 0.6282424 0 0.0001094703 3.955434E-05 0.001810877 1]]
		[0.05405406 [0.6142633 0.04344064 0.7879158 0 -0.1080114 0.9937139 0.02942093 0 -0.7816634 -0.1031725 0.6150945 0 0.0001069733 3.785947E-05 0.001816402 1]]
		[0.08108108 [0.6009374 0.0355003 0.7985183 0 -0.09890801 0.994637 0.03021728 0 -0.7931415 -0.09713528 0.6012266 0 0.0001042769 3.589618E-05 0.001822692 1]]
		[0.1081081 [0.5939206 0.03139056 0.8039224 0 -0.09422704 0.9950749 0.03076029 0 -0.7989757 -0.0940172 0.593954 0 0.0001028316 3.480172E-05 0.001826165 1]]
		[0.1351351 [0.6002231 0.03507879 0.7990743 0 -0.09842782 0.9946832 0.03026969 0 -0.7937423 -0.09681641 0.6004852 0 0.0001041313 3.578499E-05 0.001823045 1]]
		[0.1621622 [0.6257688 0.05045828 0.7783858 0 -0.1161046 0.9928135 0.02898334 0 -0.7713083 -0.1085074 0.6271307 0 0.0001092559 3.944691E-05 0.001811246 1]]
		[0.1891892 [0.6773093 0.08380141 0.7309206 0 -0.1552489 0.987399 0.03065609 0 -0.7191216 -0.1342338 0.6817853 0 0.0001195079 4.448123E-05 0.001793415 1]]
		[0.2162162 [0.7466925 0.1357801 0.6511728 0 -0.2169266 0.9751303 0.04541885 0 -0.628794 -0.175165 0.7575774 0 0.000136633 4.443554E-05 0.001785637 1]]
		[0.2432432 [0.8120633 0.1978993 0.5489968 0 -0.2885781 0.9538497 0.08302284 0 -0.5072165 -0.2258411 0.8316963 0 0.0001678748 3.016851E-05 0.001808401 1]]
		[0.2702703 [0.85917 0.2614462 0.4398612 0 -0.3549418 0.9236878 0.1442791 0 -0.3685631 -0.2800769 0.886404 0 0.0002251005 -2.902717E-06 0.001865338 1]]
		[0.2972973 [0.8847567 0.3185354 0.3402119 0 -0.4040796 0.8880177 0.2194206 0 -0.2322148 -0.3315962 0.9143937 0 0.0003123657 -5.222763E-05 0.00194226 1]]
		[0.3243243 [0.8939232 0.3627358 0.2632992 0 -0.4320747 0.8536177 0.2909471 0 -0.1192167 -0.3738378 0.9197983 0 0.0004137361 -0.0001063518 0.002014802 1]]
		[0.3513514 [0.8950616 0.3896855 0.2168213 0 -0.4434527 0.8290843 0.3405464 0 -0.04705602 -0.4009476 0.9148891 0 0.0004949396 -0.0001479816 0.002062858 1]]
		[0.3783784 [0.8948069 0.3968362 0.2045556 0 -0.4456071 0.8220472 0.3545077 0 -0.0274722 -0.4083548 0.912407 0 0.0005194919 -0.0001603387 0.002075906 1]]
		[0.4054054 [0.8950608 0.3899002 0.216439 0 -0.4435188 0.8288688 0.3409846 0 -0.04644841 -0.4011844 0.9148166 0 0.0004957349 -0.0001483873 0.002063298 1]]
		[0.4324324 [0.8946887 0.3719491 0.247363 0 -0.4365091 0.8455628 0.3073858 0 -0.09482674 -0.3829789 0.918875 0 0.0004396341 -0.0001197725 0.002031005 1]]
		[0.4594595 [0.8911743 0.3441206 0.2956217 0 -0.4215581 0.8689233 0.259351 0 -0.1676202 -0.3557376 0.9194294 0 0.0003666887 -8.158251E-05 0.001983072 1]]
		[0.4864865 [0.8810827 0.3076568 0.3592279 0 -0.3957075 0.8955237 0.2036017 0 -0.2590507 -0.3215291 0.910773 0 0.0002923546 -4.116335E-05 0.001925924 1]]
		[0.5135135 [0.8607607 0.2641955 0.4350834 0 -0.3575743 0.9221702 0.1474539 0 -0.3622544 -0.2824883 0.8882381 0 0.0002283809 -4.807664E-06 0.001868509 1]]
		[0.5405405 [0.827501 0.2159979 0.5182616 0 -0.3084117 0.9461812 0.09809633 0 -0.469168 -0.2410051 0.8495827 0 0.0001808978 2.281699E-05 0.001821261 1]]
		[0.5675676 [0.7806659 0.1657912 0.6025651 0 -0.2520716 0.9657934 0.06084846 0 -0.5718496 -0.1993855 0.7957537 0 0.0001495633 3.959691E-05 0.001792362 1]]
		[0.5945946 [0.7227085 0.1166457 0.6812486 0 -0.1942499 0.9802062 0.03823934 0 -0.6632856 -0.1599632 0.7310623 0 0.000129831 4.562619E-05 0.001785648 1]]
		[0.6216216 [0.6596138 0.07193664 0.7481648 0 -0.1412475 0.9895378 0.02938673 0 -0.7382033 -0.1250561 0.6628742 0 0.0001159317 4.30974E-05 0.001798686 1]]
		[0.6486486 [0.6324121 0.05455814 0.7727193 0 -0.1208792 0.9922469 0.02887438 0 -0.765132 -0.1116624 0.6341044 0 0.0001105708 4.025244E-05 0.00180856 1]]
		[0.6756757 [0.6324121 0.05455814 0.7727193 0 -0.1208792 0.9922469 0.02887438 0 -0.765132 -0.1116624 0.6341044 0 0.0001105708 4.025244E-05 0.00180856 1]]
		[0.7027027 [0.6324121 0.05455814 0.7727193 0 -0.1208792 0.9922469 0.02887438 0 -0.765132 -0.1116624 0.6341044 0 0.0001105708 4.025244E-05 0.00180856 1]]
		[0.7297297 [0.6324121 0.05455814 0.7727193 0 -0.1208792 0.9922469 0.02887438 0 -0.765132 -0.1116624 0.6341044 0 0.0001105708 4.025244E-05 0.00180856 1]]
		[0.7567568 [0.6324121 0.05455814 0.7727193 0 -0.1208792 0.9922469 0.02887438 0 -0.765132 -0.1116624 0.6341044 0 0.0001105708 4.025244E-05 0.00180856 1]]
		[0.7837838 [0.6324121 0.05455814 0.7727193 0 -0.1208792 0.9922469 0.02887438 0 -0.765132 -0.1116624 0.6341044 0 0.0001105708 4.025244E-05 0.00180856 1]]
		[0.8108108 [0.6324121 0.05455814 0.7727193 0 -0.1208792 0.9922469 0.02887438 0 -0.765132 -0.1116624 0.6341044 0 0.0001105708 4.025244E-05 0.00180856 1]]
		[0.8378378 [0.6324121 0.05455814 0.7727193 0 -0.1208792 0.9922469 0.02887438 0 -0.765132 -0.1116624 0.6341044 0 0.0001105708 4.025244E-05 0.00180856 1]]
		[0.8648649 [0.6324121 0.05455814 0.7727193 0 -0.1208792 0.9922469 0.02887438 0 -0.765132 -0.1116624 0.6341044 0 0.0001105708 4.025244E-05 0.00180856 1]]
		[0.8918919 [0.6324121 0.05455814 0.7727193 0 -0.1208792 0.9922469 0.02887438 0 -0.765132 -0.1116624 0.6341044 0 0.0001105708 4.025244E-05 0.00180856 1]]
		[0.9189189 [0.6324121 0.05455814 0.7727193 0 -0.1208792 0.9922469 0.02887438 0 -0.765132 -0.1116624 0.6341044 0 0.0001105708 4.025244E-05 0.00180856 1]]
		[0.9459459 [0.6324121 0.05455814 0.7727193 0 -0.1208792 0.9922469 0.02887438 0 -0.765132 -0.1116624 0.6341044 0 0.0001105708 4.025244E-05 0.00180856 1]]
		[0.972973 [0.6324121 0.05455814 0.7727193 0 -0.1208792 0.9922469 0.02887438 0 -0.765132 -0.1116624 0.6341044 0 0.0001105708 4.025244E-05 0.00180856 1]]
	]
	"Koleno_P_end" [
		[0 [0.6324121 0.05455814 0.7727193 0 -0.1208792 0.9922469 0.02887438 0 -0.765132 -0.1116624 0.6341044 0 -0.0005876881 -4.531734E-06 0.001975352 1]]
		[0.02702703 [0.6268303 0.05110018 0.7774891 0 -0.1168625 0.9927252 0.0289727 0 -0.7703316 -0.1090166 0.6282424 0 -0.0005655856 -2.467516E-06 0.001978237 1]]
		[0.05405406 [0.6142633 0.04344064 0.7879158 0 -0.1080114 0.9937139 0.02942093 0 -0.7816634 -0.1031725 0.6150945 0 -0.0005169545 1.54842E-06 0.001986351 1]]
		[0.08108108 [0.6009374 0.0355003 0.7985183 0 -0.09890801 0.994637 0.03021728 0 -0.7931415 -0.09713528 0.6012266 0 -0.0004670654 4.917431E-06 0.001997241 1]]
		[0.1081081 [0.5939206 0.03139056 0.8039224 0 -0.09422704 0.9950749 0.03076029 0 -0.7989757 -0.0940172 0.593954 0 -0.0004414711 6.353649E-06 0.002003851 1]]
		[0.1351351 [0.6002231 0.03507879 0.7990743 0 -0.09842782 0.9946832 0.03026969 0 -0.7937423 -0.09681641 0.6004852 0 -0.000464437 5.074396E-06 0.001997897 1]]
		[0.1621622 [0.6257688 0.05045828 0.7783858 0 -0.1161046 0.9928135 0.02898334 0 -0.7713083 -0.1085074 0.6271307 0 -0.0005614222 -2.064586E-06 0.001978669 1]]
		[0.1891892 [0.6773093 0.08380141 0.7309206 0 -0.1552489 0.987399 0.03065609 0 -0.7191216 -0.1342338 0.6817853 0 -0.0007772869 -2.830623E-05 0.0019705 1]]
		[0.2162162 [0.7466925 0.1357801 0.6511728 0 -0.2169266 0.9751303 0.04541885 0 -0.628794 -0.175165 0.7575774 0 -0.001116443 -9.922285E-05 0.002047999 1]]
		[0.2432432 [0.8120633 0.1978993 0.5489968 0 -0.2885781 0.9538497 0.08302284 0 -0.5072165 -0.2258411 0.8316963 0 -0.001499097 -0.000236417 0.002287982 1]]
		[0.2702703 [0.85917 0.2614462 0.4398612 0 -0.3549418 0.9236878 0.1442791 0 -0.3685631 -0.2800769 0.886404 0 -0.001825221 -0.0004437194 0.002698767 1]]
		[0.2972973 [0.8847567 0.3185354 0.3402119 0 -0.4040796 0.8880177 0.2194206 0 -0.2322148 -0.3315962 0.9143937 0 -0.0020218 -0.0006990922 0.003209744 1]]
		[0.3243243 [0.8939232 0.3627358 0.2632992 0 -0.4320747 0.8536177 0.2909471 0 -0.1192167 -0.3738378 0.9197983 0 -0.002082143 -0.0009519274 0.003695457 1]]
		[0.3513514 [0.8950616 0.3896855 0.2168213 0 -0.4434527 0.8290843 0.3405464 0 -0.04705602 -0.4009476 0.9148891 0 -0.002066664 -0.001135275 0.004030024 1]]
		[0.3783784 [0.8948069 0.3968362 0.2045556 0 -0.4456071 0.8220472 0.3545077 0 -0.0274722 -0.4083548 0.912407 0 -0.002054558 -0.001188283 0.00412372 1]]
		[0.4054054 [0.8950608 0.3899002 0.216439 0 -0.4435188 0.8288688 0.3409846 0 -0.04644841 -0.4011844 0.9148166 0 -0.002066251 -0.001136926 0.004032996 1]]
		[0.4324324 [0.8946887 0.3719491 0.247363 0 -0.4365091 0.8455628 0.3073858 0 -0.09482674 -0.3829789 0.918875 0 -0.002081861 -0.001011876 0.00380662 1]]
		[0.4594595 [0.8911743 0.3441206 0.2956217 0 -0.4215581 0.8689233 0.259351 0 -0.1676202 -0.3557376 0.9194294 0 -0.002068441 -0.0008387464 0.003481214 1]]
		[0.4864865 [0.8810827 0.3076568 0.3592279 0 -0.3957075 0.8955237 0.2036017 0 -0.2590507 -0.3215291 0.910773 0 -0.00199345 -0.0006446691 0.003102029 1]]
		[0.5135135 [0.8607607 0.2641955 0.4350834 0 -0.3575743 0.9221702 0.1474539 0 -0.3622544 -0.2824883 0.8882381 0 -0.001837147 -0.0004543902 0.002720277 1]]
		[0.5405405 [0.827501 0.2159979 0.5182616 0 -0.3084117 0.9461812 0.09809633 0 -0.469168 -0.2410051 0.8495827 0 -0.001600642 -0.0002880658 0.002387916 1]]
		[0.5675676 [0.7806659 0.1657912 0.6025651 0 -0.2520716 0.9657934 0.06084846 0 -0.5718496 -0.1993855 0.7957537 0 -0.001306528 -0.0001579978 0.002143854 1]]
		[0.5945946 [0.7227085 0.1166457 0.6812486 0 -0.1942499 0.9802062 0.03823934 0 -0.6632856 -0.1599632 0.7310623 0 -0.0009922534 -6.871072E-05 0.002006538 1]]
		[0.6216216 [0.6596138 0.07193664 0.7481648 0 -0.1412475 0.9895378 0.02938673 0 -0.7382033 -0.1250561 0.6628742 0 -0.0006999846 -1.73373E-05 0.001968439 1]]
		[0.6486486 [0.6324121 0.05455814 0.7727193 0 -0.1208792 0.9922469 0.02887438 0 -0.765132 -0.1116624 0.6341044 0 -0.0005876881 -4.531734E-06 0.001975352 1]]
		[0.6756757 [0.6324121 0.05455814 0.7727193 0 -0.1208792 0.9922469 0.02887438 0 -0.765132 -0.1116624 0.6341044 0 -0.0005876881 -4.531734E-06 0.001975352 1]]
		[0.7027027 [0.6324121 0.05455814 0.7727193 0 -0.1208792 0.9922469 0.02887438 0 -0.765132 -0.1116624 0.6341044 0 -0.0005876881 -4.531734E-06 0.001975352 1]]
		[0.7297297 [0.6324121 0.05455814 0.7727193 0 -0.1208792 0.9922469 0.02887438 0 -0.765132 -0.1116624 0.6341044 0 -0.0005876881 -4.531734E-06 0.001975352 1]]
		[0.7567568 [0.6324121 0.05455814 0.7727193 0 -0.1208792 0.9922469 0.02887438 0 -0.765132 -0.1116624 0.6341044 0 -0.0005876881 -4.531734E-06 0.001975352 1]]
		[0.7837838 [0.6324121 0.05455814 0.7727193 0 -0.1208792 0.9922469 0.02887438 0 -0.765132 -0.1116624 0.6341044 0 -0.0005876881 -4.531734E-06 0.001975352 1]]
		[0.8108108 [0.6324121 0.05455814 0.7727193 0 -0.1208792 0.9922469 0.02887438 0 -0.765132 -0.1116624 0.6341044 0 -0.0005876881 -4.531734E-06 0.001975352 1]]
		[0.8378378 [0.6324121 0.05455814 0.7727193 0 -0.1208792 0.9922469 0.02887438 0 -0.765132 -0.1116624 0.6341044 0 -0.0005876881 -4.531734E-06 0.001975352 1]]
		[0.8648649 [0.6324121 0.05455814 0.7727193 0 -0.1208792 0.9922469 0.02887438 0 -0.765132 -0.1116624 0.6341044 0 -0.0005876881 -4.531734E-06 0.001975352 1]]
		[0.8918919 [0.6324121 0.05455814 0.7727193 0 -0.1208792 0.9922469 0.02887438 0 -0.765132 -0.1116624 0.6341044 0 -0.0005876881 -4.531734E-06 0.001975352 1]]
		[0.9189189 [0.6324121 0.05455814 0.7727193 0 -0.1208792 0.9922469 0.02887438 0 -0.765132 -0.1116624 0.6341044 0 -0.0005876881 -4.531734E-06 0.001975352 1]]
		[0.9459459 [0.6324121 0.05455814 0.7727193 0 -0.1208792 0.9922469 0.02887438 0 -0.765132 -0.1116624 0.6341044 0 -0.0005876881 -4.531734E-06 0.001975352 1]]
		[0.972973 [0.6324121 0.05455814 0.7727193 0 -0.1208792 0.9922469 0.02887438 0 -0.765132 -0.1116624 0.6341044 0 -0.0005876881 -4.531734E-06 0.001975352 1]]
	]
	"Tors" [
		[0 [1 0 0 0 0 0.9396923 -0.34202 0 0 0.34202 0.9396923 0 0 -0.000400001 4.768371E-11 1]]
		[0.02702703 [0.994971 1.994892E-06 -0.1001634 0 -0.03731329 0.9280296 -0.3706321 0 0.09295391 0.3725056 0.9233626 0 0 -0.000400001 4.768371E-11 1]]
		[0.05405406 [0.9760358 5.234031E-06 -0.2176099 0 -0.08865906 0.9132493 -0.3976363 0 0.1987301 0.4074003 0.8913645 0 0 -0.000400001 4.768371E-11 1]]
		[0.08108108 [0.9428778 7.48038E-06 -0.3331386 0 -0.1472618 0.8970026 -0.4167728 0 0.2988233 0.4420244 0.845765 0 0 -0.000400001 4.768371E-11 1]]
		[0.1081081 [0.9035428 2.302228E-06 -0.4284977 0 -0.2021553 0.8817199 -0.4262657 0 0.3778142 0.4717724 0.7966722 0 0 -0.000400001 4.768371E-11 1]]
		[0.1351351 [0.8721007 -7.644292E-06 -0.4893263 0 -0.2409982 0.8702998 -0.4295319 0 0.4258641 0.4925218 0.7589871 0 0 -0.000400001 4.768371E-11 1]]
		[0.1621622 [0.8640933 -1.104176E-05 -0.5033315 0 -0.2518007 0.8658609 -0.4322971 0 0.4358201 0.5002841 0.7481818 0 0 -0.000400001 4.768371E-11 1]]
		[0.1891892 [0.8906978 7.949767E-06 -0.4545956 0 -0.2231915 0.8711854 -0.437288 0 0.3960339 0.4909534 0.7759648 0 0 -0.000400001 4.768371E-11 1]]
		[0.2162162 [0.9399395 -4.969535E-06 -0.341341 0 -0.1588934 0.8850425 -0.4375522 0 0.3021037 0.4655094 0.8318856 0 0 -0.000400001 4.768371E-11 1]]
		[0.2432432 [0.9839115 6.459651E-06 -0.1786563 0 -0.07657073 0.9035128 -0.4216642 0 0.1614156 0.4285601 0.8889772 0 0 -0.000400001 4.768371E-11 1]]
		[0.2702703 [0.9999387 7.612395E-06 0.01107342 0 0.004256174 0.9229187 -0.3849703 0 -0.0102228 0.3849939 0.9228621 0 0 -0.000400001 4.768371E-11 1]]
		[0.2972973 [0.9798332 1.534074E-05 0.1998169 0 0.06791704 0.940437 -0.3331138 0 -0.1879204 0.339967 0.9214703 0 0 -0.000400001 4.768371E-11 1]]
		[0.3243243 [0.9334136 2.26125E-06 0.3588021 0 0.107413 0.9541366 -0.2794376 0 -0.3423471 0.2993709 0.8906038 0 0 -0.000400001 4.768371E-11 1]]
		[0.3513514 [0.8843031 -1.253187E-05 0.466913 0 0.1256582 0.9631112 -0.2379625 0 -0.4496865 0.2691025 0.8516839 0 0 -0.000400001 4.768371E-11 1]]
		[0.3783784 [0.8580462 -3.188848E-06 0.5135722 0 0.1304525 0.9672026 -0.2179462 0 -0.4967281 0.2540047 0.8299051 0 0 -0.000400001 4.768371E-11 1]]
		[0.4054054 [0.8528222 -1.721084E-06 0.5222012 0 0.1298632 0.968585 -0.2120802 0 -0.5057963 0.2486814 0.826031 0 0 -0.000400001 4.768371E-11 1]]
		[0.4324324 [0.8634001 -8.419154E-07 0.5045196 0 0.126182 0.9682192 -0.2159374 0 -0.4884858 0.2501017 0.8359607 0 0 -0.000400001 4.768371E-11 1]]
		[0.4594595 [0.8854189 -7.487831E-07 0.4647937 0 0.119442 0.9664172 -0.2275319 0 -0.4491847 0.2569769 0.8556842 0 0 -0.000400001 4.768371E-11 1]]
		[0.4864865 [0.9134348 2.428888E-06 0.4069849 0 0.1090551 0.9634287 -0.2447684 0 -0.3921017 0.2679638 0.880029 0 0 -0.000400001 4.768371E-11 1]]
		[0.5135135 [0.9420974 -8.270141E-07 0.335339 0 0.09447861 0.9594911 -0.2654245 0 -0.3217548 0.2817382 0.9039341 0 0 -0.000400001 4.768371E-11 1]]
		[0.5405405 [0.9669038 1.460313E-06 0.255141 0 0.07575701 0.9548998 -0.2871004 0 -0.2436347 0.2969272 0.9232962 0 0 -0.000400001 4.768371E-11 1]]
		[0.5675676 [0.9850508 -4.135071E-07 0.1722642 0 0.05378731 0.9500047 -0.3075671 0 -0.1636518 0.3122348 0.9358029 0 0 -0.000400001 4.768371E-11 1]]
		[0.5945946 [0.9956451 2.31713E-06 0.09322461 0 0.03042326 0.9452428 -0.3249458 0 -0.08812071 0.3263668 0.9411263 0 0 -0.000400001 4.768371E-11 1]]
		[0.6216216 [0.999687 2.503394E-06 0.02501693 0 0.00845295 0.9411519 -0.3378774 0 -0.02354559 0.3379831 0.9408573 0 0 -0.000400001 4.768371E-11 1]]
		[0.6486486 [1 0 0 0 0 0.9396923 -0.34202 0 0 0.34202 0.9396923 0 0 -0.000400001 4.768371E-11 1]]
		[0.6756757 [1 0 0 0 0 0.9396923 -0.34202 0 0 0.34202 0.9396923 0 0 -0.000400001 4.768371E-11 1]]
		[0.7027027 [1 0 0 0 0 0.9396923 -0.34202 0 0 0.34202 0.9396923 0 0 -0.000400001 4.768371E-11 1]]
		[0.7297297 [1 0 0 0 0 0.9396923 -0.34202 0 0 0.34202 0.9396923 0 0 -0.000400001 4.768371E-11 1]]
		[0.7567568 [1 0 0 0 0 0.9396923 -0.34202 0 0 0.34202 0.9396923 0 0 -0.000400001 4.768371E-11 1]]
		[0.7837838 [1 0 0 0 0 0.9396923 -0.34202 0 0 0.34202 0.9396923 0 0 -0.000400001 4.768371E-11 1]]
		[0.8108108 [1 0 0 0 0 0.9396923 -0.34202 0 0 0.34202 0.9396923 0 0 -0.000400001 4.768371E-11 1]]
		[0.8378378 [1 0 0 0 0 0.9396923 -0.34202 0 0 0.34202 0.9396923 0 0 -0.000400001 4.768371E-11 1]]
		[0.8648649 [1 0 0 0 0 0.9396923 -0.34202 0 0 0.34202 0.9396923 0 0 -0.000400001 4.768371E-11 1]]
		[0.8918919 [1 0 0 0 0 0.9396923 -0.34202 0 0 0.34202 0.9396923 0 0 -0.000400001 4.768371E-11 1]]
		[0.9189189 [1 0 0 0 0 0.9396923 -0.34202 0 0 0.34202 0.9396923 0 0 -0.000400001 4.768371E-11 1]]
		[0.9459459 [1 0 0 0 0 0.9396923 -0.34202 0 0 0.34202 0.9396923 0 0 -0.000400001 4.768371E-11 1]]
