{ :name "Attack_3" :length 0.6 :bones { 
	"Skelet" [
		[ 0 [ 0 1 2 3 ] ]
	]
	"Bedro_L" [
		[ 0 [ 4 5 6 7 ] ]
	]
	"Koleno_L" [
		[ 0 [ 8 9 10 11 ] ]
	]
	"Koleno_L_end" [
		[ 0 [ 0 12 1 13 ] ]
	]
	"Bedro_P" [
		[ 0 [ 14 15 16 17 ] ]
	]
	"Koleno_P" [
		[ 0 [ 8 9 10 11 ] ]
	]
	"Koleno_P_end" [
		[ 0 [ 0 12 1 13 ] ]
	]
	"Tors" [
		[ 0 [ 0 18 19 20 ] ]
		[ 0.01666667 [ 21 22 23 20 ] ]
		[ 0.03333334 [ 24 25 26 20 ] ]
		[ 0.05 [ 27 28 29 20 ] ]
		[ 0.06666667 [ 30 31 32 20 ] ]
		[ 0.08333334 [ 33 34 35 20 ] ]
		[ 0.1 [ 36 37 38 20 ] ]
		[ 0.1166667 [ 39 40 41 20 ] ]
		[ 0.1333333 [ 42 43 44 20 ] ]
		[ 0.15 [ 45 46 47 20 ] ]
		[ 0.1666667 [ 48 49 50 20 ] ]
		[ 0.1833333 [ 51 52 53 20 ] ]
		[ 0.2 [ 54 55 56 20 ] ]
		[ 0.2166667 [ 57 58 59 20 ] ]
		[ 0.2333333 [ 60 61 62 20 ] ]
		[ 0.25 [ 63 64 65 20 ] ]
		[ 0.2666667 [ 66 67 68 20 ] ]
		[ 0.2833333 [ 69 70 71 20 ] ]
		[ 0.3 [ 72 73 74 20 ] ]
		[ 0.3166667 [ 75 76 77 20 ] ]
		[ 0.3333333 [ 78 79 80 20 ] ]
		[ 0.35 [ 81 82 83 20 ] ]
		[ 0.3666667 [ 84 85 86 20 ] ]
		[ 0.3833334 [ 87 88 89 20 ] ]
		[ 0.4 [ 90 91 92 20 ] ]
		[ 0.4166667 [ 93 94 95 20 ] ]
		[ 0.4333333 [ 96 97 98 20 ] ]
		[ 0.45 [ 99 100 101 20 ] ]
		[ 0.4666667 [ 102 103 104 20 ] ]
		[ 0.4833333 [ 105 106 107 20 ] ]
		[ 0.5 [ 108 109 110 20 ] ]
		[ 0.5166667 [ 111 112 113 20 ] ]
		[ 0.5333334 [ 114 115 116 20 ] ]
		[ 0.55 [ 117 118 119 20 ] ]
		[ 0.5666667 [ 120 121 122 20 ] ]
		[ 0.5833334 [ 123 124 125 20 ] ]
	]
	"Golova" [
		[ 0 [ 0 126 127 128 ] ]
		[ 0.01666667 [ 129 130 131 128 ] ]
		[ 0.03333334 [ 132 133 134 128 ] ]
		[ 0.05 [ 135 136 137 128 ] ]
		[ 0.06666667 [ 138 139 140 128 ] ]
		[ 0.08333334 [ 141 142 143 128 ] ]
		[ 0.1 [ 144 145 146 128 ] ]
		[ 0.1166667 [ 147 148 149 128 ] ]
		[ 0.1333333 [ 150 151 152 128 ] ]
		[ 0.15 [ 153 154 155 128 ] ]
		[ 0.1666667 [ 156 157 158 128 ] ]
		[ 0.1833333 [ 159 160 161 128 ] ]
		[ 0.2 [ 162 163 164 128 ] ]
		[ 0.2166667 [ 165 166 167 128 ] ]
		[ 0.2333333 [ 168 169 170 128 ] ]
		[ 0.25 [ 171 126 172 128 ] ]
		[ 0.2666667 [ 173 174 175 128 ] ]
		[ 0.2833333 [ 176 177 178 128 ] ]
		[ 0.3 [ 179 180 181 128 ] ]
		[ 0.3166667 [ 182 183 184 128 ] ]
		[ 0.3333333 [ 185 186 187 128 ] ]
		[ 0.35 [ 188 189 190 128 ] ]
		[ 0.3666667 [ 191 192 193 128 ] ]
		[ 0.3833334 [ 194 195 196 128 ] ]
		[ 0.4 [ 197 198 199 128 ] ]
		[ 0.4166667 [ 185 186 187 128 ] ]
		[ 0.4333333 [ 200 201 202 128 ] ]
		[ 0.45 [ 203 204 205 128 ] ]
		[ 0.4666667 [ 206 207 208 128 ] ]
		[ 0.4833333 [ 209 210 211 128 ] ]
		[ 0.5 [ 212 213 214 128 ] ]
		[ 0.5166667 [ 215 216 217 128 ] ]
		[ 0.5333334 [ 218 219 220 128 ] ]
		[ 0.55 [ 221 222 223 128 ] ]
		[ 0.5666667 [ 224 174 225 128 ] ]
		[ 0.5833334 [ 226 126 227 128 ] ]
	]
	"Golova_end" [
		[ 0 [ 0 12 1 228 ] ]
	]
	"Kluchitsa_L" [
		[ 0 [ 1 0 12 229 ] ]
	]
	"Kluchitsa_L_end" [
		[ 0 [ 0 12 1 230 ] ]
	]
	"Kluchitsa_P" [
		[ 0 [ 10 231 12 229 ] ]
	]
	"Kluchitsa_P_end" [
		[ 0 [ 0 12 1 230 ] ]
	]
	"Ruka_L" [
		[ 0 [ 232 233 234 235 ] ]
		[ 0.01666667 [ 236 237 238 235 ] ]
		[ 0.03333334 [ 239 240 241 235 ] ]
		[ 0.05 [ 242 243 244 235 ] ]
		[ 0.06666667 [ 245 246 247 235 ] ]
		[ 0.08333334 [ 248 249 250 235 ] ]
		[ 0.1 [ 251 252 253 235 ] ]
		[ 0.1166667 [ 254 255 256 235 ] ]
		[ 0.1333333 [ 257 258 259 235 ] ]
		[ 0.15 [ 260 261 262 235 ] ]
		[ 0.1666667 [ 263 264 158 235 ] ]
		[ 0.1833333 [ 265 266 267 235 ] ]
		[ 0.2 [ 268 269 270 235 ] ]
		[ 0.2166667 [ 271 272 273 235 ] ]
		[ 0.2333333 [ 274 275 276 235 ] ]
		[ 0.25 [ 277 278 279 235 ] ]
		[ 0.2666667 [ 280 281 282 235 ] ]
		[ 0.2833333 [ 283 284 285 235 ] ]
		[ 0.3 [ 286 287 288 235 ] ]
		[ 0.3166667 [ 289 290 291 235 ] ]
		[ 0.3333333 [ 292 293 294 235 ] ]
		[ 0.35 [ 295 296 297 235 ] ]
		[ 0.3666667 [ 298 299 300 235 ] ]
		[ 0.3833334 [ 301 302 303 235 ] ]
		[ 0.4 [ 304 305 306 235 ] ]
		[ 0.4166667 [ 307 308 309 235 ] ]
		[ 0.4333333 [ 310 311 312 235 ] ]
		[ 0.45 [ 313 314 315 235 ] ]
		[ 0.4666667 [ 316 317 318 235 ] ]
		[ 0.4833333 [ 319 320 321 235 ] ]
		[ 0.5 [ 322 323 324 235 ] ]
		[ 0.5166667 [ 325 326 327 235 ] ]
		[ 0.5333334 [ 328 329 330 235 ] ]
		[ 0.55 [ 331 332 333 235 ] ]
		[ 0.5666667 [ 334 335 336 235 ] ]
		[ 0.5833334 [ 337 338 339 235 ] ]
	]
	"Lokot_L" [
		[ 0 [ 12 231 1 340 ] ]
		[ 0.01666667 [ 341 342 343 340 ] ]
		[ 0.03333334 [ 344 345 346 340 ] ]
		[ 0.05 [ 347 348 349 340 ] ]
		[ 0.06666667 [ 350 351 352 340 ] ]
		[ 0.08333334 [ 353 354 355 340 ] ]
		[ 0.1 [ 356 357 358 340 ] ]
		[ 0.1166667 [ 359 360 361 340 ] ]
		[ 0.1333333 [ 362 363 364 340 ] ]
		[ 0.15 [ 365 366 367 340 ] ]
		[ 0.1666667 [ 368 369 370 340 ] ]
		[ 0.1833333 [ 371 372 373 340 ] ]
		[ 0.2 [ 374 375 376 340 ] ]
		[ 0.2166667 [ 377 378 379 340 ] ]
		[ 0.2333333 [ 380 381 382 340 ] ]
		[ 0.25 [ 383 384 385 340 ] ]
		[ 0.2666667 [ 386 387 388 340 ] ]
		[ 0.2833333 [ 389 390 391 340 ] ]
		[ 0.3 [ 392 393 394 340 ] ]
		[ 0.3166667 [ 395 396 397 340 ] ]
		[ 0.3333333 [ 398 399 400 340 ] ]
		[ 0.35 [ 401 402 403 340 ] ]
		[ 0.3666667 [ 404 405 406 340 ] ]
		[ 0.3833334 [ 407 408 409 340 ] ]
		[ 0.4 [ 410 411 412 340 ] ]
		[ 0.4166667 [ 398 399 400 340 ] ]
		[ 0.4333333 [ 413 414 415 340 ] ]
		[ 0.45 [ 416 417 418 340 ] ]
		[ 0.4666667 [ 419 420 421 340 ] ]
		[ 0.4833333 [ 422 423 424 340 ] ]
		[ 0.5 [ 425 426 427 340 ] ]
		[ 0.5166667 [ 428 429 430 340 ] ]
		[ 0.5333334 [ 431 432 433 340 ] ]
		[ 0.55 [ 434 435 436 340 ] ]
		[ 0.5666667 [ 437 438 439 340 ] ]
		[ 0.5833334 [ 440 441 442 340 ] ]
	]
	"Lokot_L_end" [
		[ 0 [ 0 12 1 443 ] ]
	]
	"Ruka_P" [
		[ 0 [ 444 445 446 447 ] ]
		[ 0.01666667 [ 448 449 450 447 ] ]
		[ 0.03333334 [ 451 452 453 447 ] ]
		[ 0.05 [ 454 455 456 447 ] ]
		[ 0.06666667 [ 457 458 459 447 ] ]
		[ 0.08333334 [ 460 461 462 447 ] ]
		[ 0.1 [ 463 464 465 447 ] ]
		[ 0.1166667 [ 466 467 465 447 ] ]
		[ 0.1333333 [ 468 469 470 447 ] ]
		[ 0.15 [ 471 472 473 447 ] ]
		[ 0.1666667 [ 444 445 446 447 ] ]
		[ 0.1833333 [ 474 475 476 447 ] ]
		[ 0.2 [ 477 478 479 447 ] ]
		[ 0.2166667 [ 480 481 482 447 ] ]
		[ 0.2333333 [ 483 484 485 447 ] ]
		[ 0.25 [ 486 487 488 447 ] ]
		[ 0.2666667 [ 489 490 491 447 ] ]
		[ 0.2833333 [ 492 493 494 447 ] ]
		[ 0.3 [ 495 496 497 447 ] ]
		[ 0.3166667 [ 498 499 500 447 ] ]
		[ 0.3333333 [ 501 502 503 447 ] ]
		[ 0.35 [ 504 505 506 447 ] ]
		[ 0.3666667 [ 507 508 509 447 ] ]
		[ 0.3833334 [ 507 510 511 447 ] ]
		[ 0.4 [ 512 513 514 447 ] ]
		[ 0.4166667 [ 501 502 503 447 ] ]
		[ 0.4333333 [ 515 516 517 447 ] ]
		[ 0.45 [ 518 519 520 447 ] ]
		[ 0.4666667 [ 521 522 523 447 ] ]
		[ 0.4833333 [ 524 525 526 447 ] ]
		[ 0.5 [ 527 528 529 447 ] ]
		[ 0.5166667 [ 530 531 532 447 ] ]
		[ 0.5333334 [ 533 534 535 447 ] ]
		[ 0.55 [ 536 537 538 447 ] ]
		[ 0.5666667 [ 539 540 541 447 ] ]
		[ 0.5833334 [ 542 543 544 447 ] ]
	]
	"Lokot_P" [
		[ 0 [ 545 546 1 340 ] ]
	]
	"Lokot_P_end" [
		[ 0 [ 0 12 1 443 ] ]
	]
	"Woin" [
		[ 0 [ 547 548 549 549 ] ]
	]
	"Cube" [
		[ 0 [ 550 551 552 553 ] ]
		[ 0.01666667 [ 554 555 556 557 ] ]
		[ 0.03333334 [ 558 559 560 561 ] ]
		[ 0.05 [ 562 563 564 565 ] ]
		[ 0.06666667 [ 566 567 568 569 ] ]
		[ 0.08333334 [ 570 571 572 573 ] ]
		[ 0.1 [ 574 575 572 576 ] ]
		[ 0.1166667 [ 577 578 579 580 ] ]
		[ 0.1333333 [ 581 582 583 584 ] ]
		[ 0.15 [ 585 586 587 588 ] ]
		[ 0.1666667 [ 589 590 591 592 ] ]
		[ 0.1833333 [ 593 594 595 596 ] ]
		[ 0.2 [ 597 598 599 600 ] ]
		[ 0.2166667 [ 601 602 603 604 ] ]
		[ 0.2333333 [ 605 606 607 608 ] ]
		[ 0.25 [ 609 610 611 612 ] ]
		[ 0.2666667 [ 613 614 615 616 ] ]
		[ 0.2833333 [ 617 618 619 620 ] ]
		[ 0.3 [ 621 622 623 624 ] ]
		[ 0.3166667 [ 625 626 627 628 ] ]
		[ 0.3333333 [ 629 630 631 632 ] ]
		[ 0.35 [ 633 634 635 636 ] ]
		[ 0.3666667 [ 637 638 639 640 ] ]
		[ 0.3833334 [ 641 642 643 644 ] ]
		[ 0.4 [ 645 646 647 648 ] ]
		[ 0.4166667 [ 649 650 651 652 ] ]
		[ 0.4333333 [ 653 654 655 656 ] ]
		[ 0.45 [ 657 658 659 660 ] ]
		[ 0.4666667 [ 661 662 663 664 ] ]
		[ 0.4833333 [ 665 666 667 668 ] ]
		[ 0.5 [ 669 670 671 672 ] ]
		[ 0.5166667 [ 673 674 675 676 ] ]
		[ 0.5333334 [ 677 678 679 680 ] ]
		[ 0.55 [ 681 682 683 684 ] ]
		[ 0.5666667 [ 685 686 687 688 ] ]
		[ 0.5833334 [ 689 690 691 692 ] ]
	]
	"Cube.001" [
		[ 0 [ 693 694 695 696 ] ]
		[ 0.01666667 [ 697 698 699 700 ] ]
		[ 0.03333334 [ 701 702 703 704 ] ]
		[ 0.05 [ 705 706 707 708 ] ]
		[ 0.06666667 [ 709 710 711 712 ] ]
		[ 0.08333334 [ 713 714 715 716 ] ]
		[ 0.1 [ 717 718 719 720 ] ]
		[ 0.1166667 [ 721 722 723 724 ] ]
		[ 0.1333333 [ 725 726 727 728 ] ]
		[ 0.15 [ 729 730 731 732 ] ]
		[ 0.1666667 [ 733 734 735 736 ] ]
		[ 0.1833333 [ 737 738 739 740 ] ]
		[ 0.2 [ 741 742 743 744 ] ]
		[ 0.2166667 [ 745 746 747 748 ] ]
		[ 0.2333333 [ 749 750 751 752 ] ]
		[ 0.25 [ 753 754 755 756 ] ]
		[ 0.2666667 [ 757 758 759 760 ] ]
		[ 0.2833333 [ 761 762 763 764 ] ]
		[ 0.3 [ 765 766 767 768 ] ]
		[ 0.3166667 [ 769 770 771 772 ] ]
		[ 0.3333333 [ 773 774 775 776 ] ]
		[ 0.35 [ 777 778 779 780 ] ]
		[ 0.3666667 [ 781 782 783 784 ] ]
		[ 0.3833334 [ 785 786 787 788 ] ]
		[ 0.4 [ 789 790 791 792 ] ]
		[ 0.4166667 [ 793 794 795 796 ] ]
		[ 0.4333333 [ 797 798 799 800 ] ]
		[ 0.45 [ 801 802 803 804 ] ]
		[ 0.4666667 [ 805 806 807 808 ] ]
		[ 0.4833333 [ 809 810 811 812 ] ]
		[ 0.5 [ 813 814 815 816 ] ]
		[ 0.5166667 [ 817 818 819 820 ] ]
		[ 0.5333334 [ 821 822 823 824 ] ]
		[ 0.55 [ 825 826 827 828 ] ]
		[ 0.5666667 [ 829 830 831 832 ] ]
		[ 0.5833334 [ 833 834 835 836 ] ]
	]
	}
	:resources [
		[1.000 0.000 0.000]
		[0.000 0.000 1.000]
		[0.000 -1.000 0.000]
		[0.000 0.000 -0.040]
		[0.059 -0.337 0.940]
		[0.163 -0.925 -0.342]
		[0.985 0.174 0.000]
		[0.123 -0.038 0.000]
		[-0.906 0.423 0.000]
		[0.423 0.906 0.000]
		[0.000 0.000 -1.000]
		[0.000 0.532 0.000]
		[0.000 1.000 0.000]
		[0.000 0.578 0.000]
		[0.682 -0.337 0.650]
		[-0.367 -0.925 -0.095]
		[0.633 -0.174 -0.754]
		[-0.123 -0.038 0.000]
		[0.000 0.940 -0.342]
		[0.000 0.342 0.940]
		[0.000 0.130 0.000]
		[0.998 0.000 0.059]
		[0.020 0.940 -0.341]
		[-0.056 0.342 0.938]
		[0.992 0.000 0.129]
		[0.044 0.940 -0.339]
		[-0.122 0.342 0.932]
		[0.979 0.000 0.205]
		[0.070 0.940 -0.335]
		[-0.193 0.342 0.920]
		[0.960 0.000 0.281]
		[0.096 0.940 -0.328]
		[-0.264 0.342 0.902]
		[0.936 0.000 0.352]
		[0.120 0.940 -0.320]
		[-0.331 0.342 0.879]
		[0.910 0.000 0.414]
		[0.142 0.940 -0.311]
		[-0.389 0.342 0.855]
		[0.886 0.000 0.464]
		[0.159 0.940 -0.303]
		[-0.436 0.342 0.833]
		[0.868 0.000 0.496]
		[0.170 0.940 -0.297]
		[-0.466 0.342 0.816]
		[0.860 0.000 0.510]
		[0.174 0.940 -0.294]
		[-0.479 0.342 0.808]
		[0.866 0.000 0.500]
		[0.171 0.940 -0.296]
		[-0.470 0.342 0.814]
		[0.887 0.000 0.463]
		[0.158 0.940 -0.303]
		[-0.435 0.342 0.833]
		[0.917 0.000 0.398]
		[0.136 0.940 -0.314]
		[-0.374 0.342 0.862]
		[0.951 0.000 0.309]
		[0.106 0.940 -0.325]
		[-0.290 0.342 0.894]
		[0.980 0.000 0.200]
		[0.068 0.940 -0.335]
		[-0.188 0.342 0.921]
		[0.997 0.000 0.076]
		[0.026 0.940 -0.341]
		[-0.072 0.342 0.937]
		[0.999 0.000 -0.054]
		[-0.019 0.940 -0.342]
		[0.051 0.342 0.938]
		[0.983 0.000 -0.185]
		[-0.063 0.940 -0.336]
		[0.173 0.342 0.924]
		[0.952 0.000 -0.306]
		[-0.105 0.940 -0.326]
		[0.288 0.342 0.895]
		[0.911 0.000 -0.413]
		[-0.141 0.940 -0.311]
		[0.388 0.342 0.856]
		[0.866 0.000 -0.500]
		[-0.171 0.940 -0.296]
		[0.470 0.342 0.814]
		[0.816 0.000 -0.578]
		[-0.198 0.940 -0.279]
		[0.543 0.342 0.767]
		[0.757 0.000 -0.653]
		[-0.223 0.940 -0.259]
		[0.614 0.342 0.712]
		[0.700 0.000 -0.714]
		[-0.244 0.940 -0.239]
		[0.671 0.342 0.658]
		[0.657 0.000 -0.754]
		[-0.258 0.940 -0.225]
		[0.708 0.342 0.618]
		[0.643 0.000 -0.766]
		[-0.262 0.940 -0.220]
		[0.720 0.342 0.604]
		[0.656 0.000 -0.755]
		[-0.258 0.940 -0.224]
		[0.709 0.342 0.617]
		[0.687 0.000 -0.727]
		[-0.249 0.940 -0.235]
		[0.683 0.342 0.645]
		[0.730 0.000 -0.684]
		[-0.234 0.940 -0.250]
		[0.643 0.342 0.686]
		[0.780 0.000 -0.626]
		[-0.214 0.940 -0.267]
		[0.588 0.342 0.733]
		[0.833 0.000 -0.554]
		[-0.189 0.940 -0.285]
		[0.520 0.342 0.782]
		[0.883 0.000 -0.470]
		[-0.161 0.940 -0.302]
		[0.442 0.342 0.830]
		[0.926 0.000 -0.377]
		[-0.129 0.940 -0.317]
		[0.354 0.342 0.870]
		[0.960 0.000 -0.279]
		[-0.095 0.940 -0.328]
		[0.262 0.342 0.902]
		[0.984 0.000 -0.180]
		[-0.062 0.940 -0.336]
		[0.169 0.342 0.924]
		[0.996 0.000 -0.085]
		[-0.029 0.940 -0.341]
		[0.080 0.342 0.936]
		[0.000 0.940 0.342]
		[0.000 -0.342 0.940]
		[0.000 0.596 0.000]
		[0.998 0.019 -0.053]
		[0.001 0.940 0.343]
		[0.056 -0.342 0.938]
		[0.993 0.041 -0.115]
		[0.001 0.939 0.344]
		[0.122 -0.342 0.932]
		[0.981 0.065 -0.182]
		[0.003 0.937 0.348]
		[0.193 -0.342 0.920]
		[0.964 0.089 -0.249]
		[0.005 0.935 0.353]
		[0.264 -0.342 0.902]
		[0.944 0.112 -0.311]
		[0.008 0.933 0.360]
		[0.331 -0.342 0.879]
		[0.921 0.133 -0.366]
		[0.011 0.930 0.367]
		[0.389 -0.342 0.855]
		[0.900 0.150 -0.409]
		[0.015 0.928 0.373]
		[0.436 -0.342 0.833]
		[0.884 0.162 -0.438]
		[0.018 0.926 0.378]
		[0.466 -0.342 0.816]
		[0.878 0.167 -0.449]
		[0.019 0.925 0.380]
		[0.479 -0.342 0.808]
		[0.883 0.163 -0.441]
		[0.018 0.925 0.379]
		[0.470 -0.342 0.814]
		[0.902 0.149 -0.406]
		[0.014 0.928 0.373]
		[0.432 -0.342 0.834]
		[0.931 0.124 -0.342]
		[0.009 0.931 0.364]
		[0.364 -0.342 0.866]
		[0.963 0.091 -0.255]
		[0.005 0.935 0.354]
		[0.270 -0.342 0.900]
		[0.988 0.052 -0.148]
		[0.002 0.938 0.346]
		[0.157 -0.342 0.927]
		[1.000 0.010 -0.029]
		[0.031 -0.342 0.939]
		[0.995 -0.033 0.093]
		[-0.001 0.939 0.344]
		[-0.098 -0.342 0.935]
		[0.975 -0.074 0.208]
		[-0.003 0.937 0.350]
		[-0.221 -0.342 0.913]
		[0.945 -0.111 0.308]
		[-0.007 0.933 0.360]
		[-0.328 -0.342 0.881]
		[0.911 -0.142 0.387]
		[-0.013 0.929 0.370]
		[-0.412 -0.342 0.844]
		[0.883 -0.163 0.441]
		[-0.018 0.925 0.379]
		[-0.470 -0.342 0.814]
		[0.866 -0.175 0.469]
		[-0.021 0.923 0.383]
		[-0.500 -0.342 0.796]
		[0.860 -0.178 0.478]
		[-0.023 0.923 0.385]
		[-0.509 -0.342 0.790]
		[0.864 -0.176 0.473]
		[-0.022 0.923 0.384]
		[-0.504 -0.342 0.793]
		[0.872 -0.170 0.459]
		[-0.020 0.924 0.382]
		[-0.489 -0.342 0.802]
		[0.894 -0.155 0.420]
		[-0.016 0.927 0.375]
		[-0.447 -0.342 0.827]
		[0.909 -0.144 0.392]
		[-0.013 0.929 0.371]
		[-0.417 -0.342 0.842]
		[0.924 -0.131 0.359]
		[-0.011 0.931 0.366]
		[-0.382 -0.342 0.859]
		[0.940 -0.116 0.321]
		[-0.008 0.932 0.361]
		[-0.341 -0.342 0.876]
		[0.955 -0.100 0.279]
		[-0.006 0.934 0.356]
		[-0.296 -0.342 0.892]
		[0.969 -0.084 0.234]
		[-0.004 0.936 0.352]
		[-0.248 -0.342 0.906]
		[0.980 -0.066 0.187]
		[-0.003 0.937 0.348]
		[-0.198 -0.342 0.919]
		[0.989 -0.049 0.138]
		[-0.002 0.938 0.346]
		[-0.147 -0.342 0.928]
		[0.995 -0.032 0.090]
		[-0.096 -0.342 0.935]
		[0.999 -0.016 0.044]
		[-0.047 -0.342 0.939]
		[0.000 0.315 0.000]
		[0.000 0.470 0.000]
		[0.000 0.300 0.000]
		[-1.000 0.000 0.000]
		[-0.040 0.557 0.830]
		[0.580 -0.663 0.473]
		[0.814 0.500 -0.296]
		[0.279 0.394 -0.035]
		[-0.065 0.507 0.859]
		[0.454 -0.752 0.478]
		[0.889 0.421 -0.181]
		[-0.123 0.442 0.888]
		[0.315 -0.831 0.457]
		[0.941 0.337 -0.037]
		[-0.213 0.363 0.907]
		[0.179 -0.898 0.401]
		[0.961 0.248 0.126]
		[-0.327 0.272 0.905]
		[0.062 -0.949 0.308]
		[0.943 0.157 0.293]
		[-0.455 0.173 0.873]
		[-0.021 -0.983 0.184]
		[0.890 0.065 0.451]
		[-0.584 0.070 0.809]
		[-0.061 -0.997 0.042]
		[0.810 -0.025 0.586]
		[-0.698 -0.035 0.715]
		[-0.057 -0.993 -0.103]
		[0.714 -0.113 0.691]
		[-0.787 -0.136 0.601]
		[-0.014 -0.971 -0.238]
		[0.617 -0.196 0.763]
		[-0.845 -0.233 0.481]
		[0.056 -0.934 -0.354]
		[0.532 -0.272 0.802]
		[-0.872 -0.321 0.369]
		[0.136 -0.883 -0.449]
		[-0.874 -0.405 0.269]
		[0.216 -0.820 -0.531]
		[0.435 -0.406 0.804]
		[-0.858 -0.481 0.177]
		[0.292 -0.742 -0.603]
		[0.422 -0.466 0.778]
		[-0.832 -0.547 0.094]
		[0.356 -0.655 -0.667]
		[0.426 -0.521 0.739]
		[-0.801 -0.599 0.017]
		[0.404 -0.561 -0.723]
		[0.442 -0.572 0.691]
		[-0.771 -0.634 -0.052]
		[0.434 -0.465 -0.771]
		[0.465 -0.617 0.634]
		[-0.748 -0.655 -0.112]
		[0.448 -0.373 -0.812]
		[0.490 -0.658 0.572]
		[-0.733 -0.661 -0.162]
		[0.447 -0.289 -0.847]
		[0.513 -0.693 0.507]
		[-0.727 -0.657 -0.198]
		[0.433 -0.216 -0.875]
		[0.532 -0.722 0.442]
		[-0.730 -0.647 -0.220]
		[0.410 -0.156 -0.899]
		[0.547 -0.747 0.379]
		[-0.740 -0.633 -0.227]
		[0.377 -0.112 -0.919]
		[0.557 -0.766 0.321]
		[-0.758 -0.617 -0.210]
		[0.324 -0.078 -0.943]
		[0.565 -0.783 0.259]
		[-0.783 -0.602 -0.160]
		[0.240 -0.055 -0.969]
		[0.574 -0.797 0.187]
		[-0.800 -0.595 -0.076]
		[0.130 -0.048 -0.990]
		[0.586 -0.802 0.116]
		[-0.796 -0.604 0.037]
		[0.002 -0.064 -0.998]
		[0.606 -0.794 0.052]
		[-0.754 -0.633 0.174]
		[-0.133 -0.112 -0.985]
		[0.643 -0.766 0.000]
		[-0.668 -0.670 0.324]
		[-0.261 -0.197 -0.945]
		[0.697 -0.716 -0.043]
		[-0.539 -0.694 0.478]
		[-0.369 -0.316 -0.874]
		[0.758 -0.647 -0.085]
		[-0.372 -0.687 0.624]
		[-0.436 -0.465 -0.771]
		[0.820 -0.558 -0.127]
		[-0.184 -0.633 0.752]
		[-0.443 -0.629 -0.639]
		[0.877 -0.451 -0.165]
		[0.000 -0.523 0.853]
		[-0.383 -0.788 -0.483]
		[0.924 -0.326 -0.200]
		[0.151 -0.357 0.922]
		[-0.256 -0.915 -0.312]
		[0.955 -0.189 -0.229]
		[0.244 -0.151 0.958]
		[-0.079 -0.988 -0.135]
		[0.967 -0.043 -0.253]
		[0.264 0.070 0.962]
		[0.120 -0.992 0.039]
		[0.957 0.105 -0.271]
		[0.212 0.276 0.937]
		[0.311 -0.929 0.203]
		[0.926 0.248 -0.283]
		[0.103 0.443 0.891]
		[0.469 -0.811 0.349]
		[0.877 0.382 -0.291]
		[0.000 0.316 0.000]
		[0.148 0.985 -0.088]
		[-0.983 0.156 0.093]
		[0.105 0.073 0.992]
		[0.272 0.940 -0.205]
		[-0.939 0.306 0.155]
		[0.208 0.150 0.966]
		[0.367 0.867 -0.337]
		[-0.879 0.442 0.181]
		[0.306 0.229 0.924]
		[0.432 0.770 -0.470]
		[-0.811 0.559 0.171]
		[0.394 0.308 0.866]
		[0.471 0.653 -0.593]
		[-0.746 0.653 0.127]
		[0.471 0.383 0.795]
		[0.490 0.524 -0.697]
		[-0.690 0.722 0.058]
		[0.533 0.452 0.715]
		[0.496 0.389 -0.776]
		[-0.644 0.764 -0.028]
		[0.582 0.514 0.630]
		[0.497 0.254 -0.830]
		[-0.609 0.783 -0.125]
		[0.618 0.567 0.544]
		[0.497 0.124 -0.859]
		[-0.581 0.782 -0.224]
		[0.644 0.610 0.461]
		[0.500 0.000 -0.866]
		[-0.557 0.766 -0.321]
		[0.663 0.643 0.383]
		[0.506 -0.122 -0.854]
		[-0.529 0.738 -0.419]
		[0.681 0.664 0.308]
		[0.514 -0.245 -0.822]
		[-0.499 0.695 -0.519]
		[0.698 0.676 0.234]
		[0.521 -0.364 -0.772]
		[-0.467 0.635 -0.615]
		[0.714 0.681 0.161]
		[0.528 -0.474 -0.704]
		[-0.438 0.559 -0.705]
		[0.728 0.680 0.088]
		[0.536 -0.570 -0.623]
		[-0.412 0.468 -0.782]
		[0.737 0.676 0.016]
		[0.545 -0.647 -0.533]
		[-0.390 0.367 -0.845]
		[0.742 0.668 -0.053]
		[0.556 -0.705 -0.441]
		[-0.373 0.262 -0.890]
		[0.742 0.659 -0.117]
		[0.570 -0.742 -0.353]
		[-0.360 0.161 -0.919]
		[0.738 0.651 -0.175]
		[0.587 -0.761 -0.278]
		[-0.350 0.071 -0.934]
		[0.730 0.645 -0.224]
		[0.604 -0.766 -0.220]
		[-0.342 0.000 -0.940]
		[0.720 0.643 -0.262]
		[0.624 -0.761 -0.178]
		[-0.336 -0.056 -0.940]
		[0.705 0.647 -0.291]
		[0.643 -0.750 -0.152]
		[-0.332 -0.094 -0.938]
		[0.690 0.654 -0.310]
		[0.652 -0.744 -0.147]
		[-0.331 -0.105 -0.938]
		[0.682 0.660 -0.315]
		[0.641 -0.749 -0.167]
		[-0.336 -0.078 -0.939]
		[0.690 0.658 -0.301]
		[0.546 -0.778 -0.310]
		[-0.340 0.132 -0.931]
		[0.766 0.614 -0.193]
		[0.488 -0.759 -0.431]
		[-0.320 0.303 -0.897]
		[0.812 0.576 -0.095]
		[0.449 -0.685 -0.574]
		[-0.283 0.500 -0.819]
		[0.848 0.530 0.031]
		[0.448 -0.539 -0.713]
		[-0.241 0.695 -0.677]
		[0.861 0.476 0.181]
		[0.493 -0.316 -0.810]
		[-0.226 0.853 -0.470]
		[0.840 0.415 0.349]
		[0.566 -0.032 -0.824]
		[-0.271 0.937 -0.223]
		[0.779 0.349 0.521]
		[0.623 0.280 -0.730]
		[-0.396 0.918 0.015]
		[0.675 0.279 0.683]
		[0.612 0.576 -0.543]
		[-0.585 0.791 0.179]
		[0.532 0.208 0.821]
		[0.495 0.810 -0.314]
		[-0.789 0.571 0.227]
		[0.363 0.136 0.922]
		[0.277 0.954 -0.115]
		[-0.944 0.292 0.154]
		[0.180 0.066 0.981]
		[0.000 0.469 0.000]
		[-0.106 0.621 0.777]
		[-0.406 -0.740 0.536]
		[0.908 -0.259 0.330]
		[-0.279 0.394 -0.035]
		[-0.105 0.624 0.775]
		[-0.405 -0.738 0.539]
		[0.908 -0.257 0.330]
		[-0.103 0.630 0.769]
		[-0.401 -0.734 0.548]
		[0.910 -0.252 0.328]
		[-0.101 0.639 0.762]
		[-0.396 -0.729 0.559]
		[0.913 -0.246 0.327]
		[-0.098 0.649 0.755]
		[-0.391 -0.723 0.570]
		[0.915 -0.239 0.324]
		[-0.096 0.657 0.748]
		[-0.386 -0.717 0.580]
		[0.918 -0.232 0.323]
		[-0.095 0.662 0.743]
		[-0.383 -0.713 0.587]
		[0.919 -0.228 0.321]
		[-0.095 0.663 0.742]
		[-0.382 -0.713 0.588]
		[-0.096 0.658 0.747]
		[-0.385 -0.717 0.582]
		[0.918 -0.232 0.322]
		[-0.099 0.644 0.758]
		[-0.393 -0.725 0.565]
		[0.914 -0.242 0.325]
		[-0.117 0.583 0.804]
		[-0.427 -0.761 0.489]
		[0.897 -0.286 0.338]
		[-0.137 0.528 0.838]
		[-0.453 -0.786 0.421]
		[0.881 -0.322 0.347]
		[-0.166 0.461 0.872]
		[-0.483 -0.809 0.335]
		[0.859 -0.366 0.357]
		[-0.206 0.384 0.900]
		[-0.513 -0.826 0.235]
		[0.833 -0.413 0.367]
		[-0.254 0.303 0.918]
		[-0.538 -0.834 0.127]
		[0.804 -0.462 0.375]
		[-0.309 0.223 0.925]
		[-0.556 -0.831 0.015]
		[0.772 -0.509 0.381]
		[-0.365 0.149 0.919]
		[-0.565 -0.820 -0.091]
		[0.740 -0.553 0.384]
		[-0.419 0.085 0.904]
		[-0.567 -0.802 -0.187]
		[0.709 -0.591 0.385]
		[-0.466 0.035 0.884]
		[-0.563 -0.783 -0.265]
		[0.683 -0.621 0.384]
		[-0.500 0.000 0.866]
		[-0.557 -0.766 -0.321]
		[0.663 -0.643 0.383]
		[-0.521 -0.021 0.853]
		[-0.552 -0.755 -0.355]
		[0.651 -0.656 0.382]
		[-0.531 -0.030 0.847]
		[-0.549 -0.749 -0.371]
		[0.645 -0.662 0.381]
		[-0.549 -0.749 -0.370]
		[0.646 -0.662 0.381]
		[-0.520 -0.020 0.854]
		[-0.552 -0.755 -0.353]
		[0.652 -0.655 0.382]
		[-0.471 0.029 0.881]
		[-0.562 -0.780 -0.275]
		[0.680 -0.625 0.384]
		[-0.435 0.067 0.898]
		[-0.566 -0.796 -0.215]
		[0.700 -0.601 0.385]
		[-0.394 0.114 0.912]
		[-0.567 -0.811 -0.143]
		[0.723 -0.573 0.385]
		[-0.349 0.169 0.922]
		[-0.563 -0.824 -0.062]
		[0.749 -0.541 0.383]
		[-0.303 0.230 0.925]
		[-0.554 -0.832 0.025]
		[0.775 -0.505 0.380]
		[-0.259 0.296 0.919]
		[-0.540 -0.834 0.117]
		[0.801 -0.466 0.375]
		[-0.217 0.365 0.905]
		[-0.519 -0.828 0.210]
		[0.827 -0.425 0.369]
		[-0.180 0.434 0.883]
		[-0.494 -0.816 0.300]
		[0.850 -0.383 0.361]
		[-0.148 0.501 0.853]
		[-0.466 -0.796 0.386]
		[0.872 -0.340 0.352]
		[-0.124 0.564 0.817]
		[-0.436 -0.770 0.466]
		[0.891 -0.298 0.341]
		[0.500 0.866 0.000]
		[-0.866 0.500 0.000]
		[100.000 0.000 0.000]
		[0.000 0.000 -100.000]
		[0.000 100.000 0.000]
		[0.182 -0.080 -0.026]
		[0.081 0.183 0.004]
		[0.022 -0.014 0.198]
		[-0.457 -0.040 1.045]
		[0.177 -0.090 -0.026]
		[0.091 0.178 0.003]
		[0.021 -0.015 0.198]
		[-0.458 -0.015 1.046]
		[0.170 -0.102 -0.025]
		[0.103 0.172 0.002]
		[0.021 -0.014 0.198]
		[-0.458 0.011 1.048]
		[0.163 -0.114 -0.024]
		[0.115 0.164 -0.001]
		[0.020 -0.013 0.199]
		[-0.455 0.037 1.050]
		[0.154 -0.126 -0.023]
		[0.126 0.155 -0.003]
		[0.019 -0.012 0.199]
		[-0.452 0.064 1.053]
		[0.145 -0.136 -0.022]
		[0.137 0.146 -0.005]
		[0.019 -0.011 0.199]
		[-0.447 0.089 1.056]
		[0.136 -0.145 -0.021]
		[0.146 0.137 -0.006]
		[-0.441 0.114 1.058]
		[0.128 -0.153 -0.021]
		[0.153 0.129 -0.007]
		[0.018 -0.012 0.199]
		[-0.434 0.137 1.058]
		[0.121 -0.157 -0.021]
		[0.158 0.123 -0.005]
		[0.017 -0.014 0.199]
		[-0.427 0.158 1.056]
		[0.118 -0.160 -0.023]
		[0.161 0.119 -0.002]
		[0.015 -0.018 0.199]
		[-0.421 0.177 1.052]
		[0.117 -0.160 -0.026]
		[0.162 0.118 0.004]
		[0.012 -0.023 0.198]
		[-0.416 0.194 1.045]
		[0.121 -0.157 -0.031]
		[0.159 0.120 0.013]
		[0.009 -0.032 0.197]
		[-0.413 0.210 1.036]
		[0.127 -0.150 -0.037]
		[0.155 0.125 0.025]
		[0.004 -0.044 0.195]
		[-0.414 0.228 1.027]
		[0.135 -0.141 -0.044]
		[0.148 0.129 0.039]
		[0.001 -0.059 0.191]
		[-0.420 0.246 1.019]
		[0.144 -0.129 -0.053]
		[0.139 0.134 0.054]
		[0.001 -0.075 0.185]
		[-0.432 0.264 1.016]
		[0.153 -0.114 -0.061]
		[0.129 0.136 0.068]
		[0.003 -0.092 0.178]
		[-0.451 0.278 1.019]
		[0.160 -0.098 -0.070]
		[0.120 0.138 0.082]
		[0.008 -0.107 0.169]
		[-0.475 0.287 1.028]
		[0.166 -0.081 -0.078]
		[0.111 0.138 0.093]
		[0.016 -0.120 0.159]
		[-0.504 0.288 1.041]
		[0.170 -0.064 -0.085]
		[0.103 0.137 0.103]
		[0.025 -0.131 0.149]
		[-0.534 0.281 1.058]
		[0.172 -0.048 -0.090]
		[0.096 0.137 0.110]
		[0.036 -0.138 0.141]
		[-0.562 0.265 1.074]
		[0.173 -0.034 -0.095]
		[0.090 0.138 0.114]
		[0.046 -0.141 0.134]
		[-0.586 0.243 1.087]
		[0.174 -0.020 -0.097]
		[0.081 0.141 0.117]
		[0.057 -0.141 0.130]
		[-0.607 0.208 1.096]
		[0.174 -0.004 -0.098]
		[0.070 0.146 0.118]
		[0.069 -0.137 0.128]
		[-0.625 0.159 1.100]
		[0.174 0.010 -0.098]
		[0.058 0.151 0.118]
		[0.080 -0.131 0.128]
		[-0.636 0.105 1.100]
		[0.174 0.022 -0.097]
		[0.046 0.156 0.117]
		[0.088 -0.123 0.130]
		[-0.638 0.058 1.096]
		[0.174 0.027 -0.095]
		[0.037 0.160 0.114]
		[0.091 -0.117 0.134]
		[-0.633 0.028 1.087]
		[0.176 0.027 -0.091]
		[0.032 0.164 0.110]
		[0.090 -0.112 0.140]
		[-0.623 0.012 1.076]
		[0.179 0.024 -0.087]
		[0.029 0.168 0.105]
		[0.085 -0.106 0.146]
		[-0.610 0.004 1.063]
		[0.182 0.018 -0.081]
		[0.028 0.172 0.099]
		[0.079 -0.101 0.154]
		[-0.593 0.001 1.050]
		[0.185 0.009 -0.075]
		[0.029 0.176 0.090]
		[0.070 -0.094 0.162]
		[-0.574 0.000 1.037]
		[0.188 -0.002 -0.069]
		[0.032 0.180 0.081]
		[0.061 -0.087 0.170]
		[-0.553 0.000 1.027]
		[0.190 -0.015 -0.062]
		[0.037 0.184 0.069]
		[0.052 -0.077 0.177]
		[-0.532 -0.001 1.019]
		[0.190 -0.029 -0.055]
		[0.045 0.186 0.057]
		[0.043 -0.067 0.184]
		[-0.511 -0.004 1.016]
		[0.190 -0.043 -0.047]
		[0.053 0.188 0.044]
		[0.035 -0.054 0.189]
		[-0.493 -0.009 1.017]
		[0.188 -0.057 -0.040]
		[0.063 0.187 0.030]
		[0.029 -0.041 0.194]
		[-0.477 -0.018 1.023]
		[0.185 -0.069 -0.033]
		[0.072 0.186 0.017]
		[0.025 -0.027 0.197]
		[-0.465 -0.028 1.033]
		[0.163 0.090 0.074]
		[-0.116 0.134 0.092]
		[-0.008 -0.118 0.161]
		[0.480 0.219 1.142]
		[0.184 0.028 0.075]
		[-0.062 0.167 0.090]
		[-0.050 -0.106 0.162]
		[0.529 0.155 1.115]
		[0.182 -0.045 0.070]
		[0.009 0.178 0.091]
		[-0.083 -0.079 0.164]
		[0.552 0.071 1.085]
		[0.152 -0.116 0.058]
		[0.083 0.156 0.093]
		[-0.100 -0.047 0.167]
		[0.541 -0.012 1.053]
		[0.097 -0.170 0.039]
		[0.142 0.103 0.096]
		[-0.102 -0.019 0.171]
		[0.506 -0.067 1.018]
		[0.029 -0.197 0.012]
		[0.173 0.031 0.095]
		[-0.095 -0.004 0.176]
		[0.470 -0.081 0.984]
		[-0.036 -0.195 -0.022]
		[0.175 -0.042 0.088]
		[-0.090 -0.003 0.178]
		[0.458 -0.058 0.959]
		[-0.086 -0.171 -0.058]
		[0.154 -0.103 0.075]
		[-0.094 -0.013 0.176]
		[0.483 -0.011 0.950]
		[-0.114 -0.135 -0.095]
		[0.126 -0.145 0.056]
		[-0.106 -0.028 0.167]
		[0.542 0.042 0.962]
		[-0.120 -0.098 -0.127]
		[0.102 -0.169 0.033]
		[-0.123 -0.045 0.151]
		[0.618 0.098 0.997]
		[-0.110 -0.066 -0.153]
		[0.092 -0.177 0.010]
		[-0.139 -0.065 0.128]
		[0.691 0.163 1.051]
		[-0.093 -0.041 -0.172]
		[0.099 -0.173 -0.012]
		[-0.147 -0.091 0.101]
		[0.745 0.252 1.123]
		[-0.074 -0.018 -0.185]
		[0.119 -0.157 -0.032]
		[-0.143 -0.122 0.069]
		[0.765 0.369 1.210]
		[-0.058 0.006 -0.191]
		[0.146 -0.128 -0.048]
		[-0.124 -0.154 0.033]
		[0.740 0.502 1.308]
		[-0.049 0.030 -0.192]
		[0.172 -0.085 -0.057]
		[-0.090 -0.178 -0.005]
		[0.664 0.632 1.414]
		[-0.050 0.053 -0.186]
		[0.188 -0.033 -0.059]
		[-0.046 -0.190 -0.042]
		[0.544 0.738 1.520]
		[-0.060 0.072 -0.176]
		[0.191 0.024 -0.055]
		[0.002 -0.185 -0.076]
		[0.396 0.803 1.620]
		[-0.079 0.085 -0.163]
		[0.178 0.078 -0.046]
		[0.044 -0.164 -0.106]
		[0.243 0.824 1.708]
		[-0.101 0.088 -0.148]
		[0.155 0.122 -0.034]
		[0.075 -0.132 -0.130]
		[0.104 0.806 1.780]
		[-0.124 0.084 -0.133]
		[0.126 0.154 -0.021]
		[0.093 -0.096 -0.148]
		[-0.009 0.764 1.835]
		[-0.143 0.073 -0.119]
		[0.098 0.174 -0.010]
		[0.100 -0.065 -0.161]
		[-0.092 0.715 1.874]
		[-0.160 0.057 -0.105]
		[0.068 0.188 -0.002]
		[0.099 -0.037 -0.170]
		[-0.163 0.662 1.902]
		[-0.174 0.030 -0.093]
		[0.034 0.197 0.001]
		[0.092 -0.014 -0.177]
		[-0.230 0.604 1.922]
		[-0.181 -0.003 -0.086]
		[-0.003 0.200 -0.002]
		[0.086 0.000 -0.181]
		[-0.292 0.549 1.930]
		[-0.176 -0.040 -0.086]
		[-0.038 0.196 -0.013]
		[0.086 0.005 -0.180]
		[-0.353 0.501 1.923]
		[-0.158 -0.075 -0.096]
		[-0.067 0.185 -0.035]
		[0.102 0.005 -0.172]
		[-0.419 0.459 1.892]
		[-0.126 -0.104 -0.115]
		[-0.081 0.171 -0.065]
		[0.132 0.006 -0.150]
		[-0.488 0.415 1.822]
		[-0.080 -0.123 -0.136]
		[-0.076 0.157 -0.098]
		[0.167 0.013 -0.110]
		[-0.546 0.360 1.704]
		[-0.021 -0.129 -0.151]
		[-0.048 0.151 -0.122]
		[0.193 0.023 -0.047]
		[-0.564 0.297 1.533]
		[0.044 -0.122 -0.153]
		[-0.005 0.156 -0.125]
		[0.195 0.031 0.031]
		[-0.508 0.244 1.323]
		[0.107 -0.102 -0.135]
		[0.038 0.170 -0.098]
		[0.165 0.027 0.110]
		[-0.361 0.215 1.117]
		[0.158 -0.074 -0.097]
		[0.058 0.186 -0.046]
		[0.107 0.008 0.169]
		[-0.140 0.218 0.967]
		[0.190 -0.041 -0.047]
		[0.045 0.194 0.013]
		[0.043 -0.023 0.194]
		[0.102 0.241 0.908]
		[0.200 -0.006 0.005]
		[0.005 0.191 0.058]
		[-0.006 -0.058 0.191]
		[0.305 0.265 0.931]
		[0.193 0.029 0.045]
		[-0.046 0.177 0.081]
		[-0.028 -0.089 0.177]
		[0.433 0.273 1.000]
		[0.177 0.062 0.068]
		[-0.089 0.156 0.089]
		[-0.026 -0.109 0.166]
		[0.485 0.256 1.076]]
}