{ :name "Attack_2" :length 0.5 :bones { 
	"Skelet" [
		[0 [1.000 0.000 0.000 0.000 0.000 0.000 1.000 0.000 0.000 -1.000 0.000 0.000 0.000 0.000 -0.040 1.000]]
	]
	"Bedro_L" [
		[0 [0.059 -0.337 0.940 0.000 0.163 -0.925 -0.342 0.000 0.985 0.174 0.000 0.000 0.123 -0.038 0.000 1.000]]
		[0.03333334 [0.065 -0.337 0.939 0.000 0.163 -0.925 -0.343 0.000 0.985 0.175 -0.005 0.000 0.123 -0.038 0.000 1.000]]
		[0.06666667 [0.077 -0.337 0.939 0.000 0.161 -0.925 -0.345 0.000 0.984 0.178 -0.016 0.000 0.123 -0.038 0.000 1.000]]
		[0.1 [0.085 -0.336 0.938 0.000 0.160 -0.924 -0.346 0.000 0.983 0.180 -0.025 0.000 0.123 -0.038 0.000 1.000]]
		[0.1333333 [0.082 -0.336 0.938 0.000 0.161 -0.924 -0.346 0.000 0.984 0.179 -0.022 0.000 0.123 -0.038 0.000 1.000]]
		[0.1666667 [0.059 -0.337 0.940 0.000 0.163 -0.925 -0.342 0.000 0.985 0.174 0.000 0.000 0.123 -0.038 0.000 1.000]]
		[0.2 [-0.001 -0.338 0.941 0.000 0.169 -0.928 -0.333 0.000 0.986 0.159 0.058 0.000 0.123 -0.038 0.000 1.000]]
		[0.2333333 [-0.092 -0.339 0.936 0.000 0.178 -0.931 -0.319 0.000 0.980 0.137 0.146 0.000 0.123 -0.038 0.000 1.000]]
		[0.2666667 [-0.188 -0.340 0.921 0.000 0.186 -0.934 -0.306 0.000 0.964 0.114 0.239 0.000 0.123 -0.038 0.000 1.000]]
		[0.3 [-0.263 -0.340 0.903 0.000 0.192 -0.935 -0.297 0.000 0.945 0.095 0.312 0.000 0.123 -0.038 0.000 1.000]]
		[0.3333333 [-0.293 -0.341 0.893 0.000 0.194 -0.936 -0.293 0.000 0.936 0.087 0.341 0.000 0.123 -0.038 0.000 1.000]]
		[0.3666667 [-0.269 -0.341 0.901 0.000 0.192 -0.936 -0.296 0.000 0.944 0.093 0.317 0.000 0.123 -0.038 0.000 1.000]]
		[0.4 [-0.205 -0.340 0.918 0.000 0.187 -0.934 -0.304 0.000 0.961 0.109 0.255 0.000 0.123 -0.038 0.000 1.000]]
		[0.4333333 [-0.118 -0.339 0.933 0.000 0.180 -0.932 -0.316 0.000 0.977 0.131 0.171 0.000 0.123 -0.038 0.000 1.000]]
		[0.4666667 [-0.024 -0.338 0.941 0.000 0.172 -0.929 -0.329 0.000 0.985 0.154 0.080 0.000 0.123 -0.038 0.000 1.000]]
		[0.5 [0.059 -0.337 0.940 0.000 0.163 -0.925 -0.342 0.000 0.985 0.174 0.000 0.000 0.123 -0.038 0.000 1.000]]
		[0.5333334 [0.059 -0.337 0.940 0.000 0.163 -0.925 -0.342 0.000 0.985 0.174 0.000 0.000 0.123 -0.038 0.000 1.000]]
		[0.5666667 [0.059 -0.337 0.940 0.000 0.163 -0.925 -0.342 0.000 0.985 0.174 0.000 0.000 0.123 -0.038 0.000 1.000]]
		[0.6 [0.059 -0.337 0.940 0.000 0.163 -0.925 -0.342 0.000 0.985 0.174 0.000 0.000 0.123 -0.038 0.000 1.000]]
		[0.6333333 [0.059 -0.337 0.940 0.000 0.163 -0.925 -0.342 0.000 0.985 0.174 0.000 0.000 0.123 -0.038 0.000 1.000]]
		[0.6666667 [0.059 -0.337 0.940 0.000 0.163 -0.925 -0.342 0.000 0.985 0.174 0.000 0.000 0.123 -0.038 0.000 1.000]]
		[0.7 [0.059 -0.337 0.940 0.000 0.163 -0.925 -0.342 0.000 0.985 0.174 0.000 0.000 0.123 -0.038 0.000 1.000]]
		[0.7333333 [0.059 -0.337 0.940 0.000 0.163 -0.925 -0.342 0.000 0.985 0.174 0.000 0.000 0.123 -0.038 0.000 1.000]]
		[0.7666667 [0.059 -0.337 0.940 0.000 0.163 -0.925 -0.342 0.000 0.985 0.174 0.000 0.000 0.123 -0.038 0.000 1.000]]
		[0.8 [0.059 -0.337 0.940 0.000 0.163 -0.925 -0.342 0.000 0.985 0.174 0.000 0.000 0.123 -0.038 0.000 1.000]]
		[0.8333333 [0.059 -0.337 0.940 0.000 0.163 -0.925 -0.342 0.000 0.985 0.174 0.000 0.000 0.123 -0.038 0.000 1.000]]
		[0.8666667 [0.059 -0.337 0.940 0.000 0.163 -0.925 -0.342 0.000 0.985 0.174 0.000 0.000 0.123 -0.038 0.000 1.000]]
		[0.9 [0.059 -0.337 0.940 0.000 0.163 -0.925 -0.342 0.000 0.985 0.174 0.000 0.000 0.123 -0.038 0.000 1.000]]
		[0.9333333 [0.059 -0.337 0.940 0.000 0.163 -0.925 -0.342 0.000 0.985 0.174 0.000 0.000 0.123 -0.038 0.000 1.000]]
		[0.9666666 [0.059 -0.337 0.940 0.000 0.163 -0.925 -0.342 0.000 0.985 0.174 0.000 0.000 0.123 -0.038 0.000 1.000]]
	]
	"Koleno_L" [
		[0 [-0.906 0.423 0.000 0.000 0.423 0.906 0.000 0.000 0.000 0.000 -1.000 0.000 0.000 0.532 0.000 1.000]]
		[0.03333334 [-0.906 0.423 -0.024 0.000 0.422 0.906 0.011 0.000 0.026 0.000 -1.000 0.000 0.000 0.532 0.000 1.000]]
		[0.06666667 [-0.905 0.423 -0.052 0.000 0.422 0.906 0.024 0.000 0.058 0.000 -0.998 0.000 0.000 0.532 0.000 1.000]]
		[0.1 [-0.902 0.423 -0.083 0.000 0.421 0.906 0.039 0.000 0.092 0.000 -0.996 0.000 0.000 0.532 0.000 1.000]]
		[0.1333333 [-0.899 0.423 -0.114 0.000 0.419 0.906 0.053 0.000 0.126 0.000 -0.992 0.000 0.000 0.532 0.000 1.000]]
		[0.1666667 [-0.895 0.423 -0.144 0.000 0.417 0.906 0.067 0.000 0.159 0.000 -0.987 0.000 0.000 0.532 0.000 1.000]]
		[0.2 [-0.890 0.423 -0.171 0.000 0.415 0.906 0.080 0.000 0.189 0.000 -0.982 0.000 0.000 0.532 0.000 1.000]]
		[0.2333333 [-0.886 0.423 -0.192 0.000 0.413 0.906 0.090 0.000 0.212 0.000 -0.977 0.000 0.000 0.532 0.000 1.000]]
		[0.2666667 [-0.882 0.423 -0.207 0.000 0.411 0.906 0.097 0.000 0.229 0.000 -0.974 0.000 0.000 0.532 0.000 1.000]]
		[0.3 [-0.881 0.423 -0.213 0.000 0.411 0.906 0.099 0.000 0.235 0.000 -0.972 0.000 0.000 0.532 0.000 1.000]]
		[0.3333333 [-0.882 0.423 -0.209 0.000 0.411 0.906 0.097 0.000 0.230 0.000 -0.973 0.000 0.000 0.532 0.000 1.000]]
		[0.3666667 [-0.887 0.423 -0.187 0.000 0.413 0.906 0.087 0.000 0.207 0.000 -0.978 0.000 0.000 0.532 0.000 1.000]]
		[0.4 [-0.894 0.423 -0.149 0.000 0.417 0.906 0.069 0.000 0.164 0.000 -0.986 0.000 0.000 0.532 0.000 1.000]]
		[0.4333333 [-0.901 0.423 -0.099 0.000 0.420 0.906 0.046 0.000 0.110 0.000 -0.994 0.000 0.000 0.532 0.000 1.000]]
		[0.4666667 [-0.905 0.423 -0.047 0.000 0.422 0.906 0.022 0.000 0.052 0.000 -0.999 0.000 0.000 0.532 0.000 1.000]]
		[0.5 [-0.906 0.423 0.000 0.000 0.423 0.906 0.000 0.000 0.000 0.000 -1.000 0.000 0.000 0.532 0.000 1.000]]
		[0.5333334 [-0.906 0.423 0.000 0.000 0.423 0.906 0.000 0.000 0.000 0.000 -1.000 0.000 0.000 0.532 0.000 1.000]]
		[0.5666667 [-0.906 0.423 0.000 0.000 0.423 0.906 0.000 0.000 0.000 0.000 -1.000 0.000 0.000 0.532 0.000 1.000]]
		[0.6 [-0.906 0.423 0.000 0.000 0.423 0.906 0.000 0.000 0.000 0.000 -1.000 0.000 0.000 0.532 0.000 1.000]]
		[0.6333333 [-0.906 0.423 0.000 0.000 0.423 0.906 0.000 0.000 0.000 0.000 -1.000 0.000 0.000 0.532 0.000 1.000]]
		[0.6666667 [-0.906 0.423 0.000 0.000 0.423 0.906 0.000 0.000 0.000 0.000 -1.000 0.000 0.000 0.532 0.000 1.000]]
		[0.7 [-0.906 0.423 0.000 0.000 0.423 0.906 0.000 0.000 0.000 0.000 -1.000 0.000 0.000 0.532 0.000 1.000]]
		[0.7333333 [-0.906 0.423 0.000 0.000 0.423 0.906 0.000 0.000 0.000 0.000 -1.000 0.000 0.000 0.532 0.000 1.000]]
		[0.7666667 [-0.906 0.423 0.000 0.000 0.423 0.906 0.000 0.000 0.000 0.000 -1.000 0.000 0.000 0.532 0.000 1.000]]
		[0.8 [-0.906 0.423 0.000 0.000 0.423 0.906 0.000 0.000 0.000 0.000 -1.000 0.000 0.000 0.532 0.000 1.000]]
		[0.8333333 [-0.906 0.423 0.000 0.000 0.423 0.906 0.000 0.000 0.000 0.000 -1.000 0.000 0.000 0.532 0.000 1.000]]
		[0.8666667 [-0.906 0.423 0.000 0.000 0.423 0.906 0.000 0.000 0.000 0.000 -1.000 0.000 0.000 0.532 0.000 1.000]]
		[0.9 [-0.906 0.423 0.000 0.000 0.423 0.906 0.000 0.000 0.000 0.000 -1.000 0.000 0.000 0.532 0.000 1.000]]
		[0.9333333 [-0.906 0.423 0.000 0.000 0.423 0.906 0.000 0.000 0.000 0.000 -1.000 0.000 0.000 0.532 0.000 1.000]]
		[0.9666666 [-0.906 0.423 0.000 0.000 0.423 0.906 0.000 0.000 0.000 0.000 -1.000 0.000 0.000 0.532 0.000 1.000]]
	]
	"Koleno_L_end" [
		[0 [1.000 0.000 0.000 0.000 0.000 1.000 0.000 0.000 0.000 0.000 1.000 0.000 0.000 0.578 0.000 1.000]]
	]
	"Bedro_P" [
		[0 [0.682 -0.337 0.650 0.000 -0.367 -0.925 -0.095 0.000 0.633 -0.174 -0.754 0.000 -0.123 -0.038 0.000 1.000]]
		[0.03333334 [0.687 -0.340 0.642 0.000 -0.367 -0.925 -0.097 0.000 0.627 -0.170 -0.760 0.000 -0.123 -0.038 0.000 1.000]]
		[0.06666667 [0.697 -0.345 0.628 0.000 -0.368 -0.925 -0.100 0.000 0.615 -0.161 -0.772 0.000 -0.123 -0.038 0.000 1.000]]
		[0.1 [0.705 -0.350 0.617 0.000 -0.368 -0.924 -0.103 0.000 0.606 -0.155 -0.780 0.000 -0.123 -0.038 0.000 1.000]]
		[0.1333333 [0.702 -0.348 0.621 0.000 -0.368 -0.924 -0.102 0.000 0.609 -0.157 -0.777 0.000 -0.123 -0.038 0.000 1.000]]
		[0.1666667 [0.682 -0.337 0.650 0.000 -0.367 -0.925 -0.095 0.000 0.633 -0.174 -0.754 0.000 -0.123 -0.038 0.000 1.000]]
		[0.2 [0.623 -0.307 0.720 0.000 -0.368 -0.927 -0.077 0.000 0.691 -0.217 -0.690 0.000 -0.123 -0.038 0.000 1.000]]
		[0.2333333 [0.522 -0.261 0.812 0.000 -0.380 -0.923 -0.052 0.000 0.763 -0.282 -0.581 0.000 -0.123 -0.038 0.000 1.000]]
		[0.2666667 [0.405 -0.211 0.889 0.000 -0.407 -0.913 -0.032 0.000 0.819 -0.349 -0.456 0.000 -0.123 -0.038 0.000 1.000]]
		[0.3 [0.308 -0.173 0.936 0.000 -0.437 -0.899 -0.022 0.000 0.845 -0.402 -0.353 0.000 -0.123 -0.038 0.000 1.000]]
		[0.3333333 [0.268 -0.157 0.951 0.000 -0.450 -0.893 -0.021 0.000 0.852 -0.423 -0.310 0.000 -0.123 -0.038 0.000 1.000]]
		[0.3666667 [0.301 -0.170 0.938 0.000 -0.439 -0.898 -0.022 0.000 0.847 -0.405 -0.345 0.000 -0.123 -0.038 0.000 1.000]]
		[0.4 [0.384 -0.203 0.901 0.000 -0.413 -0.910 -0.029 0.000 0.826 -0.361 -0.433 0.000 -0.123 -0.038 0.000 1.000]]
		[0.4333333 [0.492 -0.248 0.835 0.000 -0.386 -0.921 -0.046 0.000 0.780 -0.300 -0.549 0.000 -0.123 -0.038 0.000 1.000]]
		[0.4666667 [0.599 -0.295 0.745 0.000 -0.370 -0.927 -0.070 0.000 0.711 -0.233 -0.664 0.000 -0.123 -0.038 0.000 1.000]]
		[0.5 [0.682 -0.337 0.650 0.000 -0.367 -0.925 -0.095 0.000 0.633 -0.174 -0.754 0.000 -0.123 -0.038 0.000 1.000]]
		[0.5333334 [0.682 -0.337 0.650 0.000 -0.367 -0.925 -0.095 0.000 0.633 -0.174 -0.754 0.000 -0.123 -0.038 0.000 1.000]]
		[0.5666667 [0.682 -0.337 0.650 0.000 -0.367 -0.925 -0.095 0.000 0.633 -0.174 -0.754 0.000 -0.123 -0.038 0.000 1.000]]
		[0.6 [0.682 -0.337 0.650 0.000 -0.367 -0.925 -0.095 0.000 0.633 -0.174 -0.754 0.000 -0.123 -0.038 0.000 1.000]]
		[0.6333333 [0.682 -0.337 0.650 0.000 -0.367 -0.925 -0.095 0.000 0.633 -0.174 -0.754 0.000 -0.123 -0.038 0.000 1.000]]
		[0.6666667 [0.682 -0.337 0.650 0.000 -0.367 -0.925 -0.095 0.000 0.633 -0.174 -0.754 0.000 -0.123 -0.038 0.000 1.000]]
		[0.7 [0.682 -0.337 0.650 0.000 -0.367 -0.925 -0.095 0.000 0.633 -0.174 -0.754 0.000 -0.123 -0.038 0.000 1.000]]
		[0.7333333 [0.682 -0.337 0.650 0.000 -0.367 -0.925 -0.095 0.000 0.633 -0.174 -0.754 0.000 -0.123 -0.038 0.000 1.000]]
		[0.7666667 [0.682 -0.337 0.650 0.000 -0.367 -0.925 -0.095 0.000 0.633 -0.174 -0.754 0.000 -0.123 -0.038 0.000 1.000]]
		[0.8 [0.682 -0.337 0.650 0.000 -0.367 -0.925 -0.095 0.000 0.633 -0.174 -0.754 0.000 -0.123 -0.038 0.000 1.000]]
		[0.8333333 [0.682 -0.337 0.650 0.000 -0.367 -0.925 -0.095 0.000 0.633 -0.174 -0.754 0.000 -0.123 -0.038 0.000 1.000]]
		[0.8666667 [0.682 -0.337 0.650 0.000 -0.367 -0.925 -0.095 0.000 0.633 -0.174 -0.754 0.000 -0.123 -0.038 0.000 1.000]]
		[0.9 [0.682 -0.337 0.650 0.000 -0.367 -0.925 -0.095 0.000 0.633 -0.174 -0.754 0.000 -0.123 -0.038 0.000 1.000]]
		[0.9333333 [0.682 -0.337 0.650 0.000 -0.367 -0.925 -0.095 0.000 0.633 -0.174 -0.754 0.000 -0.123 -0.038 0.000 1.000]]
		[0.9666666 [0.682 -0.337 0.650 0.000 -0.367 -0.925 -0.095 0.000 0.633 -0.174 -0.754 0.000 -0.123 -0.038 0.000 1.000]]
	]
	"Koleno_P" [
		[0 [-0.906 0.423 0.000 0.000 0.423 0.906 0.000 0.000 0.000 0.000 -1.000 0.000 0.000 0.532 0.000 1.000]]
		[0.03333334 [-0.898 0.440 0.000 0.000 0.440 0.898 0.000 0.000 0.000 0.000 -1.000 0.000 0.000 0.532 0.000 1.000]]
		[0.06666667 [-0.887 0.461 0.000 0.000 0.461 0.887 0.000 0.000 0.000 0.000 -1.000 0.000 0.000 0.532 0.000 1.000]]
		[0.1 [-0.875 0.484 0.000 0.000 0.484 0.875 0.000 0.000 0.000 0.000 -1.000 0.000 0.000 0.532 0.000 1.000]]
		[0.1333333 [-0.862 0.507 0.000 0.000 0.507 0.862 0.000 0.000 0.000 0.000 -1.000 0.000 0.000 0.532 0.000 1.000]]
		[0.1666667 [-0.849 0.528 0.000 0.000 0.528 0.849 0.000 0.000 0.000 0.000 -1.000 0.000 0.000 0.532 0.000 1.000]]
		[0.2 [-0.837 0.547 0.000 0.000 0.547 0.837 0.000 0.000 0.000 0.000 -1.000 0.000 0.000 0.532 0.000 1.000]]
		[0.2333333 [-0.827 0.562 0.000 0.000 0.562 0.827 0.000 0.000 0.000 0.000 -1.000 0.000 0.000 0.532 0.000 1.000]]
		[0.2666667 [-0.820 0.572 0.000 0.000 0.572 0.820 0.000 0.000 0.000 0.000 -1.000 0.000 0.000 0.532 0.000 1.000]]
		[0.3 [-0.817 0.577 0.000 0.000 0.577 0.817 0.000 0.000 0.000 0.000 -1.000 0.000 0.000 0.532 0.000 1.000]]
		[0.3333333 [-0.819 0.573 0.000 0.000 0.573 0.819 0.000 0.000 0.000 0.000 -1.000 0.000 0.000 0.532 0.000 1.000]]
		[0.3666667 [-0.830 0.558 0.000 0.000 0.558 0.830 0.000 0.000 0.000 0.000 -1.000 0.000 0.000 0.532 0.000 1.000]]
		[0.4 [-0.847 0.531 0.000 0.000 0.531 0.847 0.000 0.000 0.000 0.000 -1.000 0.000 0.000 0.532 0.000 1.000]]
		[0.4333333 [-0.868 0.496 0.000 0.000 0.496 0.868 0.000 0.000 0.000 0.000 -1.000 0.000 0.000 0.532 0.000 1.000]]
		[0.4666667 [-0.889 0.458 0.000 0.000 0.458 0.889 0.000 0.000 0.000 0.000 -1.000 0.000 0.000 0.532 0.000 1.000]]
		[0.5 [-0.906 0.423 0.000 0.000 0.423 0.906 0.000 0.000 0.000 0.000 -1.000 0.000 0.000 0.532 0.000 1.000]]
		[0.5333334 [-0.906 0.423 0.000 0.000 0.423 0.906 0.000 0.000 0.000 0.000 -1.000 0.000 0.000 0.532 0.000 1.000]]
		[0.5666667 [-0.906 0.423 0.000 0.000 0.423 0.906 0.000 0.000 0.000 0.000 -1.000 0.000 0.000 0.532 0.000 1.000]]
		[0.6 [-0.906 0.423 0.000 0.000 0.423 0.906 0.000 0.000 0.000 0.000 -1.000 0.000 0.000 0.532 0.000 1.000]]
		[0.6333333 [-0.906 0.423 0.000 0.000 0.423 0.906 0.000 0.000 0.000 0.000 -1.000 0.000 0.000 0.532 0.000 1.000]]
		[0.6666667 [-0.906 0.423 0.000 0.000 0.423 0.906 0.000 0.000 0.000 0.000 -1.000 0.000 0.000 0.532 0.000 1.000]]
		[0.7 [-0.906 0.423 0.000 0.000 0.423 0.906 0.000 0.000 0.000 0.000 -1.000 0.000 0.000 0.532 0.000 1.000]]
		[0.7333333 [-0.906 0.423 0.000 0.000 0.423 0.906 0.000 0.000 0.000 0.000 -1.000 0.000 0.000 0.532 0.000 1.000]]
		[0.7666667 [-0.906 0.423 0.000 0.000 0.423 0.906 0.000 0.000 0.000 0.000 -1.000 0.000 0.000 0.532 0.000 1.000]]
		[0.8 [-0.906 0.423 0.000 0.000 0.423 0.906 0.000 0.000 0.000 0.000 -1.000 0.000 0.000 0.532 0.000 1.000]]
		[0.8333333 [-0.906 0.423 0.000 0.000 0.423 0.906 0.000 0.000 0.000 0.000 -1.000 0.000 0.000 0.532 0.000 1.000]]
		[0.8666667 [-0.906 0.423 0.000 0.000 0.423 0.906 0.000 0.000 0.000 0.000 -1.000 0.000 0.000 0.532 0.000 1.000]]
		[0.9 [-0.906 0.423 0.000 0.000 0.423 0.906 0.000 0.000 0.000 0.000 -1.000 0.000 0.000 0.532 0.000 1.000]]
		[0.9333333 [-0.906 0.423 0.000 0.000 0.423 0.906 0.000 0.000 0.000 0.000 -1.000 0.000 0.000 0.532 0.000 1.000]]
		[0.9666666 [-0.906 0.423 0.000 0.000 0.423 0.906 0.000 0.000 0.000 0.000 -1.000 0.000 0.000 0.532 0.000 1.000]]
	]
	"Koleno_P_end" [
		[0 [1.000 0.000 0.000 0.000 0.000 1.000 0.000 0.000 0.000 0.000 1.000 0.000 0.000 0.578 0.000 1.000]]
	]
	"Tors" [
		[0 [1.000 0.000 0.000 0.000 0.000 0.940 -0.342 0.000 0.000 0.342 0.940 0.000 0.000 0.130 0.000 1.000]]
		[0.03333334 [0.992 0.000 -0.129 0.000 -0.044 0.940 -0.339 0.000 0.122 0.342 0.932 0.000 0.000 0.130 0.000 1.000]]
		[0.06666667 [0.960 0.000 -0.281 0.000 -0.096 0.940 -0.328 0.000 0.264 0.342 0.902 0.000 0.000 0.130 0.000 1.000]]
		[0.1 [0.910 0.000 -0.414 0.000 -0.142 0.940 -0.311 0.000 0.389 0.342 0.855 0.000 0.000 0.130 0.000 1.000]]
		[0.1333333 [0.868 0.000 -0.496 0.000 -0.170 0.940 -0.297 0.000 0.466 0.342 0.816 0.000 0.000 0.130 0.000 1.000]]
		[0.1666667 [0.866 0.000 -0.500 0.000 -0.171 0.940 -0.296 0.000 0.470 0.342 0.814 0.000 0.000 0.130 0.000 1.000]]
		[0.2 [0.925 0.000 -0.380 0.000 -0.130 0.940 -0.316 0.000 0.357 0.342 0.869 0.000 0.000 0.130 0.000 1.000]]
		[0.2333333 [0.990 0.000 -0.142 0.000 -0.049 0.940 -0.339 0.000 0.134 0.342 0.930 0.000 0.000 0.130 0.000 1.000]]
		[0.2666667 [0.990 0.000 0.141 0.000 0.048 0.940 -0.339 0.000 -0.133 0.342 0.930 0.000 0.000 0.130 0.000 1.000]]
		[0.3 [0.925 0.000 0.379 0.000 0.130 0.940 -0.317 0.000 -0.356 0.342 0.870 0.000 0.000 0.130 0.000 1.000]]
		[0.3333333 [0.867 0.000 0.499 0.000 0.171 0.940 -0.296 0.000 -0.469 0.342 0.814 0.000 0.000 0.130 0.000 1.000]]
		[0.3666667 [0.869 0.000 0.495 0.000 0.169 0.940 -0.297 0.000 -0.466 0.342 0.816 0.000 0.000 0.130 0.000 1.000]]
		[0.4 [0.910 0.000 0.414 0.000 0.141 0.940 -0.311 0.000 -0.389 0.342 0.856 0.000 0.000 0.130 0.000 1.000]]
		[0.4333333 [0.960 0.000 0.280 0.000 0.096 0.940 -0.328 0.000 -0.264 0.342 0.902 0.000 0.000 0.130 0.000 1.000]]
		[0.4666667 [0.992 0.000 0.129 0.000 0.044 0.940 -0.339 0.000 -0.121 0.342 0.932 0.000 0.000 0.130 0.000 1.000]]
		[0.5 [1.000 0.000 0.000 0.000 0.000 0.940 -0.342 0.000 0.000 0.342 0.940 0.000 0.000 0.130 0.000 1.000]]
		[0.5333334 [1.000 0.000 0.000 0.000 0.000 0.940 -0.342 0.000 0.000 0.342 0.940 0.000 0.000 0.130 0.000 1.000]]
		[0.5666667 [1.000 0.000 0.000 0.000 0.000 0.940 -0.342 0.000 0.000 0.342 0.940 0.000 0.000 0.130 0.000 1.000]]
		[0.6 [1.000 0.000 0.000 0.000 0.000 0.940 -0.342 0.000 0.000 0.342 0.940 0.000 0.000 0.130 0.000 1.000]]
		[0.6333333 [1.000 0.000 0.000 0.000 0.000 0.940 -0.342 0.000 0.000 0.342 0.940 0.000 0.000 0.130 0.000 1.000]]
		[0.6666667 [1.000 0.000 0.000 0.000 0.000 0.940 -0.342 0.000 0.000 0.342 0.940 0.000 0.000 0.130 0.000 1.000]]
		[0.7 [1.000 0.000 0.000 0.000 0.000 0.940 -0.342 0.000 0.000 0.342 0.940 0.000 0.000 0.130 0.000 1.000]]
		[0.7333333 [1.000 0.000 0.000 0.000 0.000 0.940 -0.342 0.000 0.000 0.342 0.940 0.000 0.000 0.130 0.000 1.000]]
		[0.7666667 [1.000 0.000 0.000 0.000 0.000 0.940 -0.342 0.000 0.000 0.342 0.940 0.000 0.000 0.130 0.000 1.000]]
		[0.8 [1.000 0.000 0.000 0.000 0.000 0.940 -0.342 0.000 0.000 0.342 0.940 0.000 0.000 0.130 0.000 1.000]]
		[0.8333333 [1.000 0.000 0.000 0.000 0.000 0.940 -0.342 0.000 0.000 0.342 0.940 0.000 0.000 0.130 0.000 1.000]]
		[0.8666667 [1.000 0.000 0.000 0.000 0.000 0.940 -0.342 0.000 0.000 0.342 0.940 0.000 0.000 0.130 0.000 1.000]]
		[0.9 [1.000 0.000 0.000 0.000 0.000 0.940 -0.342 0.000 0.000 0.342 0.940 0.000 0.000 0.130 0.000 1.000]]
		[0.9333333 [1.000 0.000 0.000 0.000 0.000 0.940 -0.342 0.000 0.000 0.342 0.940 0.000 0.000 0.130 0.000 1.000]]
		[0.9666666 [1.000 0.000 0.000 0.000 0.000 0.940 -0.342 0.000 0.000 0.342 0.940 0.000 0.000 0.130 0.000 1.000]]
	]
	"Golova" [
		[0 [1.000 0.000 0.000 0.000 0.000 0.940 0.342 0.000 0.000 -0.342 0.940 0.000 0.000 0.596 0.000 1.000]]
		[0.03333334 [0.993 -0.041 0.115 0.000 -0.001 0.939 0.344 0.000 -0.122 -0.342 0.932 0.000 0.000 0.596 0.000 1.000]]
		[0.06666667 [0.965 -0.089 0.249 0.000 -0.005 0.935 0.353 0.000 -0.264 -0.342 0.902 0.000 0.000 0.596 0.000 1.000]]
		[0.1 [0.921 -0.133 0.366 0.000 -0.011 0.930 0.367 0.000 -0.389 -0.342 0.855 0.000 0.000 0.596 0.000 1.000]]
		[0.1333333 [0.884 -0.162 0.438 0.000 -0.018 0.926 0.378 0.000 -0.466 -0.342 0.816 0.000 0.000 0.596 0.000 1.000]]
		[0.1666667 [0.883 -0.163 0.441 0.000 -0.018 0.925 0.379 0.000 -0.470 -0.342 0.814 0.000 0.000 0.596 0.000 1.000]]
		[0.2 [0.934 -0.122 0.336 0.000 -0.009 0.932 0.363 0.000 -0.357 -0.342 0.869 0.000 0.000 0.596 0.000 1.000]]
		[0.2333333 [0.991 -0.045 0.126 0.000 -0.002 0.939 0.345 0.000 -0.134 -0.342 0.930 0.000 0.000 0.596 0.000 1.000]]
		[0.2666667 [0.991 0.044 -0.125 0.000 0.002 0.939 0.345 0.000 0.133 -0.342 0.930 0.000 0.000 0.596 0.000 1.000]]
		[0.3 [0.934 0.121 -0.335 0.000 0.009 0.932 0.363 0.000 0.356 -0.342 0.870 0.000 0.000 0.596 0.000 1.000]]
		[0.3333333 [0.883 0.163 -0.440 0.000 0.018 0.925 0.378 0.000 0.469 -0.342 0.814 0.000 0.000 0.596 0.000 1.000]]
		[0.3666667 [0.885 0.162 -0.437 0.000 0.018 0.926 0.378 0.000 0.466 -0.342 0.816 0.000 0.000 0.596 0.000 1.000]]
		[0.4 [0.921 0.133 -0.365 0.000 0.011 0.930 0.367 0.000 0.389 -0.342 0.856 0.000 0.000 0.596 0.000 1.000]]
		[0.4333333 [0.965 0.089 -0.248 0.000 0.005 0.935 0.353 0.000 0.264 -0.342 0.902 0.000 0.000 0.596 0.000 1.000]]
		[0.4666667 [0.993 0.041 -0.114 0.000 0.001 0.939 0.344 0.000 0.121 -0.342 0.932 0.000 0.000 0.596 0.000 1.000]]
		[0.5 [1.000 0.000 0.000 0.000 0.000 0.940 0.342 0.000 0.000 -0.342 0.940 0.000 0.000 0.596 0.000 1.000]]
		[0.5333334 [1.000 0.000 0.000 0.000 0.000 0.940 0.342 0.000 0.000 -0.342 0.940 0.000 0.000 0.596 0.000 1.000]]
		[0.5666667 [1.000 0.000 0.000 0.000 0.000 0.940 0.342 0.000 0.000 -0.342 0.940 0.000 0.000 0.596 0.000 1.000]]
		[0.6 [1.000 0.000 0.000 0.000 0.000 0.940 0.342 0.000 0.000 -0.342 0.940 0.000 0.000 0.596 0.000 1.000]]
		[0.6333333 [1.000 0.000 0.000 0.000 0.000 0.940 0.342 0.000 0.000 -0.342 0.940 0.000 0.000 0.596 0.000 1.000]]
		[0.6666667 [1.000 0.000 0.000 0.000 0.000 0.940 0.342 0.000 0.000 -0.342 0.940 0.000 0.000 0.596 0.000 1.000]]
		[0.7 [1.000 0.000 0.000 0.000 0.000 0.940 0.342 0.000 0.000 -0.342 0.940 0.000 0.000 0.596 0.000 1.000]]
		[0.7333333 [1.000 0.000 0.000 0.000 0.000 0.940 0.342 0.000 0.000 -0.342 0.940 0.000 0.000 0.596 0.000 1.000]]
		[0.7666667 [1.000 0.000 0.000 0.000 0.000 0.940 0.342 0.000 0.000 -0.342 0.940 0.000 0.000 0.596 0.000 1.000]]
		[0.8 [1.000 0.000 0.000 0.000 0.000 0.940 0.342 0.000 0.000 -0.342 0.940 0.000 0.000 0.596 0.000 1.000]]
		[0.8333333 [1.000 0.000 0.000 0.000 0.000 0.940 0.342 0.000 0.000 -0.342 0.940 0.000 0.000 0.596 0.000 1.000]]
		[0.8666667 [1.000 0.000 0.000 0.000 0.000 0.940 0.342 0.000 0.000 -0.342 0.940 0.000 0.000 0.596 0.000 1.000]]
		[0.9 [1.000 0.000 0.000 0.000 0.000 0.940 0.342 0.000 0.000 -0.342 0.940 0.000 0.000 0.596 0.000 1.000]]
		[0.9333333 [1.000 0.000 0.000 0.000 0.000 0.940 0.342 0.000 0.000 -0.342 0.940 0.000 0.000 0.596 0.000 1.000]]
		[0.9666666 [1.000 0.000 0.000 0.000 0.000 0.940 0.342 0.000 0.000 -0.342 0.940 0.000 0.000 0.596 0.000 1.000]]
	]
	"Golova_end" [
		[0 [1.000 0.000 0.000 0.000 0.000 1.000 0.000 0.000 0.000 0.000 1.000 0.000 0.000 0.315 0.000 1.000]]
	]
	"Kluchitsa_L" [
		[0 [0.000 0.000 1.000 0.000 1.000 0.000 0.000 0.000 0.000 1.000 0.000 0.000 0.000 0.470 0.000 1.000]]
	]
	"Kluchitsa_L_end" [
		[0 [1.000 0.000 0.000 0.000 0.000 1.000 0.000 0.000 0.000 0.000 1.000 0.000 0.000 0.300 0.000 1.000]]
	]
	"Kluchitsa_P" [
		[0 [0.000 0.000 -1.000 0.000 -1.000 0.000 0.000 0.000 0.000 1.000 0.000 0.000 0.000 0.470 0.000 1.000]]
	]
	"Kluchitsa_P_end" [
		[0 [1.000 0.000 0.000 0.000 0.000 1.000 0.000 0.000 0.000 0.000 1.000 0.000 0.000 0.300 0.000 1.000]]
	]
	"Ruka_L" [
		[0 [-0.040 0.557 0.830 0.000 0.580 -0.663 0.473 0.000 0.814 0.500 -0.296 0.000 0.279 0.394 -0.035 1.000]]
	]
	"Lokot_L" [
		[0 [0.000 1.000 0.000 0.000 -1.000 0.000 0.000 0.000 0.000 0.000 1.000 0.000 0.000 0.316 0.000 1.000]]
	]
	"Lokot_L_end" [
		[0 [1.000 0.000 0.000 0.000 0.000 1.000 0.000 0.000 0.000 0.000 1.000 0.000 0.000 0.469 0.000 1.000]]
	]
	"Ruka_P" [
		[0 [-0.106 0.621 0.777 0.000 -0.406 -0.740 0.536 0.000 0.908 -0.259 0.330 0.000 -0.279 0.394 -0.035 1.000]]
		[0.03333334 [-0.073 0.701 0.710 0.000 -0.421 -0.667 0.615 0.000 0.904 -0.253 0.344 0.000 -0.279 0.394 -0.035 1.000]]
		[0.06666667 [-0.033 0.797 0.604 0.000 -0.441 -0.554 0.706 0.000 0.897 -0.243 0.370 0.000 -0.279 0.394 -0.035 1.000]]
		[0.1 [0.008 0.865 0.502 0.000 -0.454 -0.444 0.772 0.000 0.891 -0.234 0.389 0.000 -0.279 0.394 -0.035 1.000]]
		[0.1333333 [0.036 0.885 0.465 0.000 -0.449 -0.401 0.798 0.000 0.893 -0.237 0.383 0.000 -0.279 0.394 -0.035 1.000]]
		[0.1666667 [0.040 0.837 0.547 0.000 -0.418 -0.483 0.770 0.000 0.908 -0.259 0.330 0.000 -0.279 0.394 -0.035 1.000]]
		[0.2 [0.043 0.607 0.794 0.000 -0.366 -0.730 0.578 0.000 0.930 -0.315 0.191 0.000 -0.279 0.394 -0.035 1.000]]
		[0.2333333 [0.071 0.116 0.991 0.000 -0.392 -0.910 0.135 0.000 0.917 -0.398 -0.019 0.000 -0.279 0.394 -0.035 1.000]]
		[0.2666667 [0.005 -0.412 0.911 0.000 -0.532 -0.772 -0.346 0.000 0.846 -0.483 -0.224 0.000 -0.279 0.394 -0.035 1.000]]
		[0.3 [-0.179 -0.701 0.690 0.000 -0.632 -0.456 -0.627 0.000 0.755 -0.548 -0.362 0.000 -0.279 0.394 -0.035 1.000]]
		[0.3333333 [-0.295 -0.770 0.565 0.000 -0.640 -0.280 -0.716 0.000 0.710 -0.573 -0.410 0.000 -0.279 0.394 -0.035 1.000]]
		[0.3666667 [-0.243 -0.745 0.621 0.000 -0.619 -0.374 -0.690 0.000 0.747 -0.552 -0.371 0.000 -0.279 0.394 -0.035 1.000]]
		[0.4 [-0.111 -0.595 0.796 0.000 -0.549 -0.631 -0.548 0.000 0.828 -0.498 -0.256 0.000 -0.279 0.394 -0.035 1.000]]
		[0.4333333 [-0.032 -0.243 0.970 0.000 -0.427 -0.874 -0.233 0.000 0.904 -0.421 -0.076 0.000 -0.279 0.394 -0.035 1.000]]
		[0.4666667 [-0.060 0.230 0.971 0.000 -0.358 -0.913 0.194 0.000 0.932 -0.336 0.138 0.000 -0.279 0.394 -0.035 1.000]]
		[0.5 [-0.106 0.621 0.777 0.000 -0.406 -0.740 0.536 0.000 0.908 -0.259 0.330 0.000 -0.279 0.394 -0.035 1.000]]
		[0.5333334 [-0.106 0.621 0.777 0.000 -0.406 -0.740 0.536 0.000 0.908 -0.259 0.330 0.000 -0.279 0.394 -0.035 1.000]]
		[0.5666667 [-0.106 0.621 0.777 0.000 -0.406 -0.740 0.536 0.000 0.908 -0.259 0.330 0.000 -0.279 0.394 -0.035 1.000]]
		[0.6 [-0.106 0.621 0.777 0.000 -0.406 -0.740 0.536 0.000 0.908 -0.259 0.330 0.000 -0.279 0.394 -0.035 1.000]]
		[0.6333333 [-0.106 0.621 0.777 0.000 -0.406 -0.740 0.536 0.000 0.908 -0.259 0.330 0.000 -0.279 0.394 -0.035 1.000]]
		[0.6666667 [-0.106 0.621 0.777 0.000 -0.406 -0.740 0.536 0.000 0.908 -0.259 0.330 0.000 -0.279 0.394 -0.035 1.000]]
		[0.7 [-0.106 0.621 0.777 0.000 -0.406 -0.740 0.536 0.000 0.908 -0.259 0.330 0.000 -0.279 0.394 -0.035 1.000]]
		[0.7333333 [-0.106 0.621 0.777 0.000 -0.406 -0.740 0.536 0.000 0.908 -0.259 0.330 0.000 -0.279 0.394 -0.035 1.000]]
		[0.7666667 [-0.106 0.621 0.777 0.000 -0.406 -0.740 0.536 0.000 0.908 -0.259 0.330 0.000 -0.279 0.394 -0.035 1.000]]
		[0.8 [-0.106 0.621 0.777 0.000 -0.406 -0.740 0.536 0.000 0.908 -0.259 0.330 0.000 -0.279 0.394 -0.035 1.000]]
		[0.8333333 [-0.106 0.621 0.777 0.000 -0.406 -0.740 0.536 0.000 0.908 -0.259 0.330 0.000 -0.279 0.394 -0.035 1.000]]
		[0.8666667 [-0.106 0.621 0.777 0.000 -0.406 -0.740 0.536 0.000 0.908 -0.259 0.330 0.000 -0.279 0.394 -0.035 1.000]]
		[0.9 [-0.106 0.621 0.777 0.000 -0.406 -0.740 0.536 0.000 0.908 -0.259 0.330 0.000 -0.279 0.394 -0.035 1.000]]
		[0.9333333 [-0.106 0.621 0.777 0.000 -0.406 -0.740 0.536 0.000 0.908 -0.259 0.330 0.000 -0.279 0.394 -0.035 1.000]]
		[0.9666666 [-0.106 0.621 0.777 0.000 -0.406 -0.740 0.536 0.000 0.908 -0.259 0.330 0.000 -0.279 0.394 -0.035 1.000]]
	]
	"Lokot_P" [
		[0 [0.500 0.866 0.000 0.000 -0.866 0.500 0.000 0.000 0.000 0.000 1.000 0.000 0.000 0.316 0.000 1.000]]
		[0.03333334 [0.384 0.923 0.000 0.000 -0.923 0.384 0.000 0.000 0.000 0.000 1.000 0.000 0.000 0.316 0.000 1.000]]
		[0.06666667 [0.237 0.972 0.000 0.000 -0.972 0.237 0.000 0.000 0.000 0.000 1.000 0.000 0.000 0.316 0.000 1.000]]
		[0.1 [0.096 0.995 0.000 0.000 -0.995 0.096 0.000 0.000 0.000 0.000 1.000 0.000 0.000 0.316 0.000 1.000]]
		[0.1333333 [0.004 1.000 0.000 0.000 -1.000 0.004 0.000 0.000 0.000 0.000 1.000 0.000 0.000 0.316 0.000 1.000]]
		[0.1666667 [0.000 1.000 0.000 0.000 -1.000 0.000 0.000 0.000 0.000 0.000 1.000 0.000 0.000 0.316 0.000 1.000]]
		[0.2 [0.133 0.991 0.000 0.000 -0.991 0.133 0.000 0.000 0.000 0.000 1.000 0.000 0.000 0.316 0.000 1.000]]
		[0.2333333 [0.372 0.928 0.000 0.000 -0.928 0.372 0.000 0.000 0.000 0.000 1.000 0.000 0.000 0.316 0.000 1.000]]
		[0.2666667 [0.617 0.787 0.000 0.000 -0.787 0.617 0.000 0.000 0.000 0.000 1.000 0.000 0.000 0.316 0.000 1.000]]
		[0.3 [0.791 0.612 0.000 0.000 -0.612 0.791 0.000 0.000 0.000 0.000 1.000 0.000 0.000 0.316 0.000 1.000]]
		[0.3333333 [0.865 0.501 0.000 0.000 -0.501 0.865 0.000 0.000 0.000 0.000 1.000 0.000 0.000 0.316 0.000 1.000]]
		[0.3666667 [0.863 0.504 0.000 0.000 -0.504 0.863 0.000 0.000 0.000 0.000 1.000 0.000 0.000 0.316 0.000 1.000]]
		[0.4 [0.813 0.582 0.000 0.000 -0.582 0.813 0.000 0.000 0.000 0.000 1.000 0.000 0.000 0.316 0.000 1.000]]
		[0.4333333 [0.723 0.691 0.000 0.000 -0.691 0.723 0.000 0.000 0.000 0.000 1.000 0.000 0.000 0.316 0.000 1.000]]
		[0.4666667 [0.608 0.794 0.000 0.000 -0.794 0.608 0.000 0.000 0.000 0.000 1.000 0.000 0.000 0.316 0.000 1.000]]
		[0.5 [0.500 0.866 0.000 0.000 -0.866 0.500 0.000 0.000 0.000 0.000 1.000 0.000 0.000 0.316 0.000 1.000]]
		[0.5333334 [0.500 0.866 0.000 0.000 -0.866 0.500 0.000 0.000 0.000 0.000 1.000 0.000 0.000 0.316 0.000 1.000]]
		[0.5666667 [0.500 0.866 0.000 0.000 -0.866 0.500 0.000 0.000 0.000 0.000 1.000 0.000 0.000 0.316 0.000 1.000]]
		[0.6 [0.500 0.866 0.000 0.000 -0.866 0.500 0.000 0.000 0.000 0.000 1.000 0.000 0.000 0.316 0.000 1.000]]
		[0.6333333 [0.500 0.866 0.000 0.000 -0.866 0.500 0.000 0.000 0.000 0.000 1.000 0.000 0.000 0.316 0.000 1.000]]
		[0.6666667 [0.500 0.866 0.000 0.000 -0.866 0.500 0.000 0.000 0.000 0.000 1.000 0.000 0.000 0.316 0.000 1.000]]
		[0.7 [0.500 0.866 0.000 0.000 -0.866 0.500 0.000 0.000 0.000 0.000 1.000 0.000 0.000 0.316 0.000 1.000]]
		[0.7333333 [0.500 0.866 0.000 0.000 -0.866 0.500 0.000 0.000 0.000 0.000 1.000 0.000 0.000 0.316 0.000 1.000]]
		[0.7666667 [0.500 0.866 0.000 0.000 -0.866 0.500 0.000 0.000 0.000 0.000 1.000 0.000 0.000 0.316 0.000 1.000]]
		[0.8 [0.500 0.866 0.000 0.000 -0.866 0.500 0.000 0.000 0.000 0.000 1.000 0.000 0.000 0.316 0.000 1.000]]
		[0.8333333 [0.500 0.866 0.000 0.000 -0.866 0.500 0.000 0.000 0.000 0.000 1.000 0.000 0.000 0.316 0.000 1.000]]
		[0.8666667 [0.500 0.866 0.000 0.000 -0.866 0.500 0.000 0.000 0.000 0.000 1.000 0.000 0.000 0.316 0.000 1.000]]
		[0.9 [0.500 0.866 0.000 0.000 -0.866 0.500 0.000 0.000 0.000 0.000 1.000 0.000 0.000 0.316 0.000 1.000]]
		[0.9333333 [0.500 0.866 0.000 0.000 -0.866 0.500 0.000 0.000 0.000 0.000 1.000 0.000 0.000 0.316 0.000 1.000]]
		[0.9666666 [0.500 0.866 0.000 0.000 -0.866 0.500 0.000 0.000 0.000 0.000 1.000 0.000 0.000 0.316 0.000 1.000]]
	]
	"Lokot_P_end" [
		[0 [1.000 0.000 0.000 0.000 0.000 1.000 0.000 0.000 0.000 0.000 1.000 0.000 0.000 0.469 0.000 1.000]]
	]
	"Cube" [
		[0 [0.182 -0.080 -0.026 0.000 0.081 0.183 0.004 0.000 0.022 -0.014 0.198 0.000 -0.457 -0.040 -0.155 1.000]]
		[0.03333334 [0.190 -0.058 -0.024 0.000 0.059 0.191 0.008 0.000 0.021 -0.015 0.198 0.000 -0.443 -0.107 -0.125 1.000]]
		[0.06666667 [0.196 -0.032 -0.020 0.000 0.033 0.197 0.009 0.000 0.019 -0.012 0.199 0.000 -0.414 -0.188 -0.082 1.000]]
		[0.1 [0.199 -0.007 -0.017 0.000 0.008 0.199 0.012 0.000 0.017 -0.012 0.199 0.000 -0.377 -0.247 -0.043 1.000]]
		[0.1333333 [0.199 0.012 -0.018 0.000 -0.010 0.199 0.020 0.000 0.019 -0.019 0.198 0.000 -0.353 -0.264 -0.026 1.000]]
		[0.1666667 [0.197 0.022 -0.026 0.000 -0.016 0.196 0.038 0.000 0.030 -0.035 0.195 0.000 -0.365 -0.224 -0.045 1.000]]
		[0.2 [0.194 0.018 -0.046 0.000 0.001 0.186 0.074 0.000 0.049 -0.072 0.180 0.000 -0.443 -0.066 -0.106 1.000]]
		[0.2333333 [0.185 0.003 -0.076 0.000 0.046 0.156 0.117 0.000 0.061 -0.126 0.143 0.000 -0.538 0.251 -0.126 1.000]]
		[0.2666667 [0.169 -0.015 -0.106 0.000 0.098 0.101 0.142 0.000 0.043 -0.172 0.092 0.000 -0.511 0.632 -0.024 1.000]]
		[0.3 [0.151 -0.029 -0.128 0.000 0.131 0.041 0.146 0.000 0.005 -0.194 0.050 0.000 -0.339 0.894 0.134 1.000]]
		[0.3333333 [0.142 -0.038 -0.136 0.000 0.140 0.012 0.143 0.000 -0.019 -0.196 0.035 0.000 -0.199 0.979 0.210 1.000]]
		[0.3666667 [0.145 -0.046 -0.129 0.000 0.136 0.028 0.143 0.000 -0.015 -0.192 0.052 0.000 -0.214 0.952 0.146 1.000]]
		[0.4 [0.157 -0.056 -0.111 0.000 0.124 0.075 0.137 0.000 0.004 -0.177 0.094 0.000 -0.312 0.819 -0.007 1.000]]
		[0.4333333 [0.169 -0.065 -0.084 0.000 0.104 0.131 0.110 0.000 0.020 -0.137 0.145 0.000 -0.401 0.557 -0.158 1.000]]
		[0.4666667 [0.178 -0.073 -0.054 0.000 0.087 0.170 0.059 0.000 0.024 -0.076 0.183 0.000 -0.441 0.231 -0.210 1.000]]
		[0.5 [0.182 -0.080 -0.026 0.000 0.081 0.183 0.004 0.000 0.022 -0.014 0.198 0.000 -0.457 -0.040 -0.155 1.000]]
		[0.5333334 [0.182 -0.080 -0.026 0.000 0.081 0.183 0.004 0.000 0.022 -0.014 0.198 0.000 -0.457 -0.040 -0.155 1.000]]
		[0.5666667 [0.182 -0.080 -0.026 0.000 0.081 0.183 0.004 0.000 0.022 -0.014 0.198 0.000 -0.457 -0.040 -0.155 1.000]]
		[0.6 [0.182 -0.080 -0.026 0.000 0.081 0.183 0.004 0.000 0.022 -0.014 0.198 0.000 -0.457 -0.040 -0.155 1.000]]
		[0.6333333 [0.182 -0.080 -0.026 0.000 0.081 0.183 0.004 0.000 0.022 -0.014 0.198 0.000 -0.457 -0.040 -0.155 1.000]]
		[0.6666667 [0.182 -0.080 -0.026 0.000 0.081 0.183 0.004 0.000 0.022 -0.014 0.198 0.000 -0.457 -0.040 -0.155 1.000]]
		[0.7 [0.182 -0.080 -0.026 0.000 0.081 0.183 0.004 0.000 0.022 -0.014 0.198 0.000 -0.457 -0.040 -0.155 1.000]]
		[0.7333333 [0.182 -0.080 -0.026 0.000 0.081 0.183 0.004 0.000 0.022 -0.014 0.198 0.000 -0.457 -0.040 -0.155 1.000]]
		[0.7666667 [0.182 -0.080 -0.026 0.000 0.081 0.183 0.004 0.000 0.022 -0.014 0.198 0.000 -0.457 -0.040 -0.155 1.000]]
		[0.8 [0.182 -0.080 -0.026 0.000 0.081 0.183 0.004 0.000 0.022 -0.014 0.198 0.000 -0.457 -0.040 -0.155 1.000]]
		[0.8333333 [0.182 -0.080 -0.026 0.000 0.081 0.183 0.004 0.000 0.022 -0.014 0.198 0.000 -0.457 -0.040 -0.155 1.000]]
		[0.8666667 [0.182 -0.080 -0.026 0.000 0.081 0.183 0.004 0.000 0.022 -0.014 0.198 0.000 -0.457 -0.040 -0.155 1.000]]
		[0.9 [0.182 -0.080 -0.026 0.000 0.081 0.183 0.004 0.000 0.022 -0.014 0.198 0.000 -0.457 -0.040 -0.155 1.000]]
		[0.9333333 [0.182 -0.080 -0.026 0.000 0.081 0.183 0.004 0.000 0.022 -0.014 0.198 0.000 -0.457 -0.040 -0.155 1.000]]
		[0.9666666 [0.182 -0.080 -0.026 0.000 0.081 0.183 0.004 0.000 0.022 -0.014 0.198 0.000 -0.457 -0.040 -0.155 1.000]]
	]
	"Cube.001" [
		[0 [0.163 0.090 0.074 0.000 -0.116 0.134 0.092 0.000 -0.008 -0.118 0.161 0.000 0.480 0.219 -0.058 1.000]]
		[0.03333334 [0.150 0.110 0.074 0.000 -0.132 0.118 0.092 0.000 0.007 -0.118 0.161 0.000 0.448 0.279 -0.058 1.000]]
		[0.06666667 [0.131 0.132 0.074 0.000 -0.149 0.096 0.092 0.000 0.025 -0.115 0.161 0.000 0.399 0.345 -0.058 1.000]]
		[0.1 [0.111 0.149 0.074 0.000 -0.161 0.074 0.092 0.000 0.042 -0.111 0.161 0.000 0.346 0.398 -0.058 1.000]]
		[0.1333333 [0.097 0.159 0.074 0.000 -0.167 0.059 0.092 0.000 0.052 -0.106 0.161 0.000 0.308 0.428 -0.058 1.000]]
		[0.1666667 [0.096 0.159 0.074 0.000 -0.168 0.058 0.092 0.000 0.052 -0.106 0.161 0.000 0.306 0.429 -0.058 1.000]]
		[0.2 [0.116 0.145 0.074 0.000 -0.158 0.080 0.092 0.000 0.037 -0.112 0.161 0.000 0.361 0.385 -0.058 1.000]]
		[0.2333333 [0.148 0.112 0.074 0.000 -0.134 0.116 0.092 0.000 0.009 -0.118 0.161 0.000 0.444 0.285 -0.058 1.000]]
		[0.2666667 [0.174 0.066 0.074 0.000 -0.096 0.149 0.092 0.000 -0.025 -0.116 0.161 0.000 0.506 0.149 -0.058 1.000]]
		[0.3 [0.185 0.022 0.074 0.000 -0.056 0.168 0.092 0.000 -0.052 -0.106 0.161 0.000 0.527 0.021 -0.058 1.000]]
		[0.3333333 [0.186 -0.003 0.074 0.000 -0.033 0.174 0.092 0.000 -0.066 -0.098 0.161 0.000 0.525 -0.050 -0.058 1.000]]
		[0.3666667 [0.186 -0.003 0.074 0.000 -0.034 0.174 0.092 0.000 -0.065 -0.098 0.161 0.000 0.525 -0.048 -0.058 1.000]]
		[0.4 [0.185 0.014 0.074 0.000 -0.050 0.170 0.092 0.000 -0.056 -0.104 0.161 0.000 0.527 0.001 -0.058 1.000]]
		[0.4333333 [0.181 0.041 0.074 0.000 -0.074 0.161 0.092 0.000 -0.041 -0.111 0.161 0.000 0.522 0.075 -0.058 1.000]]
		[0.4666667 [0.173 0.068 0.074 0.000 -0.098 0.148 0.092 0.000 -0.023 -0.116 0.161 0.000 0.504 0.155 -0.058 1.000]]
		[0.5 [0.163 0.090 0.074 0.000 -0.116 0.134 0.092 0.000 -0.008 -0.118 0.161 0.000 0.480 0.219 -0.058 1.000]]
		[0.5333334 [0.163 0.090 0.074 0.000 -0.116 0.134 0.092 0.000 -0.008 -0.118 0.161 0.000 0.480 0.219 -0.058 1.000]]
		[0.5666667 [0.163 0.090 0.074 0.000 -0.116 0.134 0.092 0.000 -0.008 -0.118 0.161 0.000 0.480 0.219 -0.058 1.000]]
		[0.6 [0.163 0.090 0.074 0.000 -0.116 0.134 0.092 0.000 -0.008 -0.118 0.161 0.000 0.480 0.219 -0.058 1.000]]
		[0.6333333 [0.163 0.090 0.074 0.000 -0.116 0.134 0.092 0.000 -0.008 -0.118 0.161 0.000 0.480 0.219 -0.058 1.000]]
		[0.6666667 [0.163 0.090 0.074 0.000 -0.116 0.134 0.092 0.000 -0.008 -0.118 0.161 0.000 0.480 0.219 -0.058 1.000]]
		[0.7 [0.163 0.090 0.074 0.000 -0.116 0.134 0.092 0.000 -0.008 -0.118 0.161 0.000 0.480 0.219 -0.058 1.000]]
		[0.7333333 [0.163 0.090 0.074 0.000 -0.116 0.134 0.092 0.000 -0.008 -0.118 0.161 0.000 0.480 0.219 -0.058 1.000]]
		[0.7666667 [0.163 0.090 0.074 0.000 -0.116 0.134 0.092 0.000 -0.008 -0.118 0.161 0.000 0.480 0.219 -0.058 1.000]]
		[0.8 [0.163 0.090 0.074 0.000 -0.116 0.134 0.092 0.000 -0.008 -0.118 0.161 0.000 0.480 0.219 -0.058 1.000]]
		[0.8333333 [0.163 0.090 0.074 0.000 -0.116 0.134 0.092 0.000 -0.008 -0.118 0.161 0.000 0.480 0.219 -0.058 1.000]]
		[0.8666667 [0.163 0.090 0.074 0.000 -0.116 0.134 0.092 0.000 -0.008 -0.118 0.161 0.000 0.480 0.219 -0.058 1.000]]
		[0.9 [0.163 0.090 0.074 0.000 -0.116 0.134 0.092 0.000 -0.008 -0.118 0.161 0.000 0.480 0.219 -0.058 1.000]]
		[0.9333333 [0.163 0.090 0.074 0.000 -0.116 0.134 0.092 0.000 -0.008 -0.118 0.161 0.000 0.480 0.219 -0.058 1.000]]
		[0.9666666 [0.163 0.090 0.074 0.000 -0.116 0.134 0.092 0.000 -0.008 -0.118 0.161 0.000 0.480 0.219 -0.058 1.000]]
	]
	"Woin" [
		[0 [100.000 0.000 0.000 0.000 0.000 0.000 -100.000 0.000 0.000 100.000 0.000 0.000 0.000 100.000 0.000 1.000]]
	]
} }