{ :name "Attack" :length 0.6333333 :bones { 
	"Skelet" [
		[ 0 [ 0 1 2 3 ] ]
	]
	"Bedro_L" [
		[ 0 [ 4 5 6 7 ] ]
		[ 0.01711712 [ 8 5 9 7 ] ]
		[ 0.03423423 [ 10 11 12 7 ] ]
		[ 0.05135135 [ 13 14 15 7 ] ]
		[ 0.06846847 [ 16 14 17 7 ] ]
		[ 0.08558559 [ 18 19 20 7 ] ]
		[ 0.1027027 [ 21 22 23 7 ] ]
		[ 0.1198198 [ 21 19 23 7 ] ]
		[ 0.1369369 [ 24 19 25 7 ] ]
		[ 0.154054 [ 13 14 15 7 ] ]
		[ 0.1711712 [ 26 27 28 7 ] ]
		[ 0.1882883 [ 29 30 31 7 ] ]
		[ 0.2054054 [ 32 33 34 7 ] ]
		[ 0.2225225 [ 35 36 37 7 ] ]
		[ 0.2396396 [ 38 39 40 7 ] ]
		[ 0.2567568 [ 41 42 43 7 ] ]
		[ 0.2738739 [ 44 45 46 7 ] ]
		[ 0.290991 [ 47 48 49 7 ] ]
		[ 0.3081081 [ 50 51 52 7 ] ]
		[ 0.3252252 [ 53 54 55 7 ] ]
		[ 0.3423423 [ 56 57 58 7 ] ]
		[ 0.3594595 [ 59 60 61 7 ] ]
		[ 0.3765766 [ 62 63 64 7 ] ]
		[ 0.3936937 [ 59 60 65 7 ] ]
		[ 0.4108108 [ 66 57 67 7 ] ]
		[ 0.4279279 [ 68 69 70 7 ] ]
		[ 0.4450451 [ 71 54 72 7 ] ]
		[ 0.4621622 [ 73 51 74 7 ] ]
		[ 0.4792793 [ 75 76 77 7 ] ]
		[ 0.4963964 [ 78 79 80 7 ] ]
		[ 0.5135135 [ 81 82 83 7 ] ]
		[ 0.5306306 [ 84 85 86 7 ] ]
		[ 0.5477477 [ 87 88 89 7 ] ]
		[ 0.5648649 [ 90 91 92 7 ] ]
		[ 0.581982 [ 93 94 95 7 ] ]
		[ 0.5990991 [ 96 97 98 7 ] ]
		[ 0.6162162 [ 99 30 100 7 ] ]
	]
	"Koleno_L" [
		[ 0 [ 101 102 103 104 ] ]
		[ 0.01711712 [ 105 106 107 104 ] ]
		[ 0.03423423 [ 108 109 110 104 ] ]
		[ 0.05135135 [ 111 112 113 104 ] ]
		[ 0.06846847 [ 114 115 116 104 ] ]
		[ 0.08558559 [ 117 118 119 104 ] ]
		[ 0.1027027 [ 120 121 122 104 ] ]
		[ 0.1198198 [ 120 121 122 104 ] ]
		[ 0.1369369 [ 123 124 125 104 ] ]
		[ 0.154054 [ 111 112 126 104 ] ]
		[ 0.1711712 [ 127 128 129 104 ] ]
		[ 0.1882883 [ 130 131 132 104 ] ]
		[ 0.2054054 [ 133 134 135 104 ] ]
		[ 0.2225225 [ 136 137 138 104 ] ]
		[ 0.2396396 [ 139 140 141 104 ] ]
		[ 0.2567568 [ 142 143 144 104 ] ]
		[ 0.2738739 [ 145 146 147 104 ] ]
		[ 0.290991 [ 148 149 150 104 ] ]
		[ 0.3081081 [ 151 152 153 104 ] ]
		[ 0.3252252 [ 154 155 156 104 ] ]
		[ 0.3423423 [ 157 158 159 104 ] ]
		[ 0.3594595 [ 160 161 162 104 ] ]
		[ 0.3765766 [ 163 164 165 104 ] ]
		[ 0.3936937 [ 160 166 167 104 ] ]
		[ 0.4108108 [ 168 169 170 104 ] ]
		[ 0.4279279 [ 171 172 173 104 ] ]
		[ 0.4450451 [ 174 175 176 104 ] ]
		[ 0.4621622 [ 177 178 179 104 ] ]
		[ 0.4792793 [ 180 181 182 104 ] ]
		[ 0.4963964 [ 183 184 185 104 ] ]
		[ 0.5135135 [ 186 187 188 104 ] ]
		[ 0.5306306 [ 189 190 191 104 ] ]
		[ 0.5477477 [ 192 193 194 104 ] ]
		[ 0.5648649 [ 195 196 197 104 ] ]
		[ 0.581982 [ 198 199 200 104 ] ]
		[ 0.5990991 [ 201 202 203 104 ] ]
		[ 0.6162162 [ 204 205 206 104 ] ]
	]
	"Koleno_L_end" [
		[ 0 [ 0 207 1 208 ] ]
	]
	"Bedro_P" [
		[ 0 [ 209 210 211 212 ] ]
		[ 0.01711712 [ 213 210 214 212 ] ]
		[ 0.03423423 [ 215 216 217 212 ] ]
		[ 0.05135135 [ 218 219 220 212 ] ]
		[ 0.06846847 [ 221 222 223 212 ] ]
		[ 0.08558559 [ 224 225 226 212 ] ]
		[ 0.1027027 [ 227 228 229 212 ] ]
		[ 0.1198198 [ 230 228 229 212 ] ]
		[ 0.1369369 [ 231 225 232 212 ] ]
		[ 0.154054 [ 218 219 220 212 ] ]
		[ 0.1711712 [ 233 234 235 212 ] ]
		[ 0.1882883 [ 236 237 238 212 ] ]
		[ 0.2054054 [ 239 240 241 212 ] ]
		[ 0.2225225 [ 242 243 244 212 ] ]
		[ 0.2396396 [ 245 246 247 212 ] ]
		[ 0.2567568 [ 248 249 250 212 ] ]
		[ 0.2738739 [ 251 252 253 212 ] ]
		[ 0.290991 [ 254 255 256 212 ] ]
		[ 0.3081081 [ 257 258 259 212 ] ]
		[ 0.3252252 [ 260 261 262 212 ] ]
		[ 0.3423423 [ 263 264 265 212 ] ]
		[ 0.3594595 [ 266 267 268 212 ] ]
		[ 0.3765766 [ 269 270 271 212 ] ]
		[ 0.3936937 [ 272 273 274 212 ] ]
		[ 0.4108108 [ 275 276 277 212 ] ]
		[ 0.4279279 [ 278 279 280 212 ] ]
		[ 0.4450451 [ 281 282 283 212 ] ]
		[ 0.4621622 [ 284 285 286 212 ] ]
		[ 0.4792793 [ 287 288 289 212 ] ]
		[ 0.4963964 [ 290 291 292 212 ] ]
		[ 0.5135135 [ 293 294 295 212 ] ]
		[ 0.5306306 [ 296 297 298 212 ] ]
		[ 0.5477477 [ 299 300 301 212 ] ]
		[ 0.5648649 [ 302 303 304 212 ] ]
		[ 0.581982 [ 305 306 307 212 ] ]
		[ 0.5990991 [ 308 240 309 212 ] ]
		[ 0.6162162 [ 310 237 311 212 ] ]
	]
	"Koleno_P" [
		[ 0 [ 101 102 103 104 ] ]
		[ 0.01711712 [ 312 313 103 104 ] ]
		[ 0.03423423 [ 314 315 103 104 ] ]
		[ 0.05135135 [ 316 317 103 104 ] ]
		[ 0.06846847 [ 318 319 103 104 ] ]
		[ 0.08558559 [ 320 321 103 104 ] ]
		[ 0.1027027 [ 322 323 103 104 ] ]
		[ 0.1198198 [ 322 323 103 104 ] ]
		[ 0.1369369 [ 324 325 103 104 ] ]
		[ 0.154054 [ 316 317 103 104 ] ]
		[ 0.1711712 [ 326 327 103 104 ] ]
		[ 0.1882883 [ 328 329 103 104 ] ]
		[ 0.2054054 [ 330 331 103 104 ] ]
		[ 0.2225225 [ 332 333 103 104 ] ]
		[ 0.2396396 [ 334 335 103 104 ] ]
		[ 0.2567568 [ 336 337 103 104 ] ]
		[ 0.2738739 [ 338 339 103 104 ] ]
		[ 0.290991 [ 340 341 103 104 ] ]
		[ 0.3081081 [ 342 343 103 104 ] ]
		[ 0.3252252 [ 344 345 103 104 ] ]
		[ 0.3423423 [ 346 347 103 104 ] ]
		[ 0.3594595 [ 348 349 103 104 ] ]
		[ 0.3765766 [ 350 351 103 104 ] ]
		[ 0.3936937 [ 352 353 103 104 ] ]
		[ 0.4108108 [ 354 355 103 104 ] ]
		[ 0.4279279 [ 356 357 103 104 ] ]
		[ 0.4450451 [ 358 359 103 104 ] ]
		[ 0.4621622 [ 360 361 103 104 ] ]
		[ 0.4792793 [ 362 363 103 104 ] ]
		[ 0.4963964 [ 364 365 103 104 ] ]
		[ 0.5135135 [ 366 367 103 104 ] ]
		[ 0.5306306 [ 368 369 103 104 ] ]
		[ 0.5477477 [ 370 371 103 104 ] ]
		[ 0.5648649 [ 372 373 103 104 ] ]
		[ 0.581982 [ 374 375 103 104 ] ]
		[ 0.5990991 [ 376 377 103 104 ] ]
		[ 0.6162162 [ 378 379 103 104 ] ]
	]
	"Koleno_P_end" [
		[ 0 [ 0 207 1 208 ] ]
	]
	"Tors" [
		[ 0 [ 0 380 381 382 ] ]
		[ 0.01711712 [ 383 384 385 382 ] ]
		[ 0.03423423 [ 386 387 388 382 ] ]
		[ 0.05135135 [ 389 390 391 382 ] ]
		[ 0.06846847 [ 392 393 394 382 ] ]
		[ 0.08558559 [ 395 396 397 382 ] ]
		[ 0.1027027 [ 398 399 400 382 ] ]
		[ 0.1198198 [ 401 402 403 382 ] ]
		[ 0.1369369 [ 404 405 406 382 ] ]
		[ 0.154054 [ 407 408 409 382 ] ]
		[ 0.1711712 [ 410 411 412 382 ] ]
		[ 0.1882883 [ 413 414 415 382 ] ]
		[ 0.2054054 [ 416 417 418 382 ] ]
		[ 0.2225225 [ 419 420 421 382 ] ]
		[ 0.2396396 [ 422 423 424 382 ] ]
		[ 0.2567568 [ 425 426 427 382 ] ]
		[ 0.2738739 [ 428 429 430 382 ] ]
		[ 0.290991 [ 431 432 433 382 ] ]
		[ 0.3081081 [ 434 435 436 382 ] ]
		[ 0.3252252 [ 437 438 439 382 ] ]
		[ 0.3423423 [ 440 441 442 382 ] ]
		[ 0.3594595 [ 443 444 445 382 ] ]
		[ 0.3765766 [ 446 447 448 382 ] ]
		[ 0.3936937 [ 449 450 451 382 ] ]
		[ 0.4108108 [ 452 453 454 382 ] ]
		[ 0.4279279 [ 455 456 457 382 ] ]
		[ 0.4450451 [ 458 459 460 382 ] ]
		[ 0.4621622 [ 461 462 463 382 ] ]
		[ 0.4792793 [ 464 465 466 382 ] ]
		[ 0.4963964 [ 467 468 469 382 ] ]
		[ 0.5135135 [ 470 471 472 382 ] ]
		[ 0.5306306 [ 473 474 475 382 ] ]
		[ 0.5477477 [ 476 477 478 382 ] ]
		[ 0.5648649 [ 479 480 481 382 ] ]
		[ 0.581982 [ 482 483 484 382 ] ]
		[ 0.5990991 [ 485 486 487 382 ] ]
		[ 0.6162162 [ 428 488 489 382 ] ]
	]
	"Golova" [
		[ 0 [ 0 490 491 492 ] ]
		[ 0.01711712 [ 493 494 495 492 ] ]
		[ 0.03423423 [ 496 497 498 492 ] ]
		[ 0.05135135 [ 499 500 501 492 ] ]
		[ 0.06846847 [ 502 503 504 492 ] ]
		[ 0.08558559 [ 505 506 507 492 ] ]
		[ 0.1027027 [ 508 509 510 492 ] ]
		[ 0.1198198 [ 511 512 513 492 ] ]
		[ 0.1369369 [ 514 515 516 492 ] ]
		[ 0.154054 [ 517 518 519 492 ] ]
		[ 0.1711712 [ 520 521 522 492 ] ]
		[ 0.1882883 [ 523 524 525 492 ] ]
		[ 0.2054054 [ 526 527 528 492 ] ]
		[ 0.2225225 [ 529 530 531 492 ] ]
		[ 0.2396396 [ 532 533 534 492 ] ]
		[ 0.2567568 [ 535 536 537 492 ] ]
		[ 0.2738739 [ 538 539 540 492 ] ]
		[ 0.290991 [ 541 542 543 492 ] ]
		[ 0.3081081 [ 544 545 546 492 ] ]
		[ 0.3252252 [ 547 548 549 492 ] ]
		[ 0.3423423 [ 550 551 552 492 ] ]
		[ 0.3594595 [ 553 554 555 492 ] ]
		[ 0.3765766 [ 556 557 558 492 ] ]
		[ 0.3936937 [ 559 560 561 492 ] ]
		[ 0.4108108 [ 562 563 564 492 ] ]
		[ 0.4279279 [ 565 566 567 492 ] ]
		[ 0.4450451 [ 568 569 570 492 ] ]
		[ 0.4621622 [ 571 572 573 492 ] ]
		[ 0.4792793 [ 574 575 576 492 ] ]
		[ 0.4963964 [ 577 578 579 492 ] ]
		[ 0.5135135 [ 580 581 582 492 ] ]
		[ 0.5306306 [ 583 584 585 492 ] ]
		[ 0.5477477 [ 586 587 588 492 ] ]
		[ 0.5648649 [ 589 590 591 492 ] ]
		[ 0.581982 [ 592 593 594 492 ] ]
		[ 0.5990991 [ 595 596 597 492 ] ]
		[ 0.6162162 [ 598 599 600 492 ] ]
	]
	"Golova_end" [
		[ 0 [ 0 207 1 601 ] ]
	]
	"Kluchitsa_L" [
		[ 0 [ 1 0 207 602 ] ]
	]
	"Kluchitsa_L_end" [
		[ 0 [ 0 207 1 603 ] ]
	]
	"Kluchitsa_P" [
		[ 0 [ 103 604 207 602 ] ]
	]
	"Kluchitsa_P_end" [
		[ 0 [ 0 207 1 603 ] ]
	]
	"Ruka_L" [
		[ 0 [ 605 606 607 608 ] ]
		[ 0.01711712 [ 609 610 611 608 ] ]
		[ 0.03423423 [ 612 613 614 608 ] ]
		[ 0.05135135 [ 615 616 617 608 ] ]
		[ 0.06846847 [ 618 619 620 608 ] ]
		[ 0.08558559 [ 621 622 623 608 ] ]
		[ 0.1027027 [ 624 625 626 608 ] ]
		[ 0.1198198 [ 627 628 629 608 ] ]
		[ 0.1369369 [ 630 631 632 608 ] ]
		[ 0.154054 [ 633 634 635 608 ] ]
		[ 0.1711712 [ 636 637 638 608 ] ]
		[ 0.1882883 [ 639 640 641 608 ] ]
		[ 0.2054054 [ 642 643 644 608 ] ]
		[ 0.2225225 [ 645 646 647 608 ] ]
		[ 0.2396396 [ 648 649 650 608 ] ]
		[ 0.2567568 [ 651 652 653 608 ] ]
		[ 0.2738739 [ 654 655 656 608 ] ]
		[ 0.290991 [ 657 658 659 608 ] ]
		[ 0.3081081 [ 660 661 662 608 ] ]
		[ 0.3252252 [ 663 664 665 608 ] ]
		[ 0.3423423 [ 666 667 668 608 ] ]
		[ 0.3594595 [ 669 670 671 608 ] ]
		[ 0.3765766 [ 672 673 674 608 ] ]
		[ 0.3936937 [ 675 676 677 608 ] ]
		[ 0.4108108 [ 678 679 680 608 ] ]
		[ 0.4279279 [ 681 682 683 608 ] ]
		[ 0.4450451 [ 684 685 686 608 ] ]
		[ 0.4621622 [ 687 688 689 608 ] ]
		[ 0.4792793 [ 690 691 692 608 ] ]
		[ 0.4963964 [ 693 694 695 608 ] ]
		[ 0.5135135 [ 696 697 698 608 ] ]
		[ 0.5306306 [ 699 700 701 608 ] ]
		[ 0.5477477 [ 702 703 704 608 ] ]
		[ 0.5648649 [ 705 706 707 608 ] ]
		[ 0.581982 [ 708 709 710 608 ] ]
		[ 0.5990991 [ 711 712 713 608 ] ]
		[ 0.6162162 [ 714 715 716 608 ] ]
	]
	"Lokot_L" [
		[ 0 [ 207 604 1 717 ] ]
		[ 0.01711712 [ 718 719 1 717 ] ]
		[ 0.03423423 [ 720 721 1 717 ] ]
		[ 0.05135135 [ 722 723 1 717 ] ]
		[ 0.06846847 [ 724 725 1 717 ] ]
		[ 0.08558559 [ 726 727 1 717 ] ]
		[ 0.1027027 [ 728 729 1 717 ] ]
		[ 0.1198198 [ 730 731 1 717 ] ]
		[ 0.1369369 [ 732 733 1 717 ] ]
		[ 0.154054 [ 734 735 1 717 ] ]
		[ 0.1711712 [ 736 737 1 717 ] ]
		[ 0.1882883 [ 738 739 1 717 ] ]
		[ 0.2054054 [ 740 741 1 717 ] ]
		[ 0.2225225 [ 742 743 1 717 ] ]
		[ 0.2396396 [ 744 745 1 717 ] ]
		[ 0.2567568 [ 746 747 1 717 ] ]
		[ 0.2738739 [ 748 749 1 717 ] ]
		[ 0.290991 [ 750 751 1 717 ] ]
		[ 0.3081081 [ 752 753 1 717 ] ]
		[ 0.3252252 [ 754 755 1 717 ] ]
		[ 0.3423423 [ 756 757 1 717 ] ]
		[ 0.3594595 [ 758 759 1 717 ] ]
		[ 0.3765766 [ 760 761 1 717 ] ]
		[ 0.3936937 [ 762 763 1 717 ] ]
		[ 0.4108108 [ 764 765 1 717 ] ]
		[ 0.4279279 [ 766 767 1 717 ] ]
		[ 0.4450451 [ 768 769 1 717 ] ]
		[ 0.4621622 [ 770 771 1 717 ] ]
		[ 0.4792793 [ 772 773 1 717 ] ]
		[ 0.4963964 [ 774 775 1 717 ] ]
		[ 0.5135135 [ 776 777 1 717 ] ]
		[ 0.5306306 [ 778 779 1 717 ] ]
		[ 0.5477477 [ 780 781 1 717 ] ]
		[ 0.5648649 [ 782 783 1 717 ] ]
		[ 0.581982 [ 784 785 1 717 ] ]
		[ 0.5990991 [ 786 787 1 717 ] ]
		[ 0.6162162 [ 788 789 1 717 ] ]
	]
	"Lokot_L_end" [
		[ 0 [ 0 207 1 790 ] ]
	]
	"Ruka_P" [
		[ 0 [ 791 792 793 794 ] ]
		[ 0.01711712 [ 795 796 797 794 ] ]
		[ 0.03423423 [ 798 799 800 794 ] ]
		[ 0.05135135 [ 801 802 803 794 ] ]
		[ 0.06846847 [ 804 805 806 794 ] ]
		[ 0.08558559 [ 807 808 809 794 ] ]
		[ 0.1027027 [ 810 811 812 794 ] ]
		[ 0.1198198 [ 813 814 815 794 ] ]
		[ 0.1369369 [ 816 817 818 794 ] ]
		[ 0.154054 [ 819 820 821 794 ] ]
		[ 0.1711712 [ 822 823 824 794 ] ]
		[ 0.1882883 [ 825 826 827 794 ] ]
		[ 0.2054054 [ 828 829 830 794 ] ]
		[ 0.2225225 [ 831 832 833 794 ] ]
		[ 0.2396396 [ 834 835 836 794 ] ]
		[ 0.2567568 [ 837 838 839 794 ] ]
		[ 0.2738739 [ 840 841 842 794 ] ]
		[ 0.290991 [ 843 844 845 794 ] ]
		[ 0.3081081 [ 846 847 848 794 ] ]
		[ 0.3252252 [ 849 850 851 794 ] ]
		[ 0.3423423 [ 852 853 854 794 ] ]
		[ 0.3594595 [ 855 856 857 794 ] ]
		[ 0.3765766 [ 858 859 860 794 ] ]
		[ 0.3936937 [ 861 862 863 794 ] ]
		[ 0.4108108 [ 864 865 866 794 ] ]
		[ 0.4279279 [ 867 868 869 794 ] ]
		[ 0.4450451 [ 870 871 872 794 ] ]
		[ 0.4621622 [ 873 874 875 794 ] ]
		[ 0.4792793 [ 876 877 878 794 ] ]
		[ 0.4963964 [ 879 880 881 794 ] ]
		[ 0.5135135 [ 882 883 884 794 ] ]
		[ 0.5306306 [ 885 886 887 794 ] ]
		[ 0.5477477 [ 888 889 890 794 ] ]
		[ 0.5648649 [ 891 892 893 794 ] ]
		[ 0.581982 [ 894 895 896 794 ] ]
		[ 0.5990991 [ 897 898 899 794 ] ]
		[ 0.6162162 [ 900 901 902 794 ] ]
	]
	"Lokot_P" [
		[ 0 [ 903 904 1 717 ] ]
		[ 0.01711712 [ 905 906 1 717 ] ]
		[ 0.03423423 [ 907 908 1 717 ] ]
		[ 0.05135135 [ 909 910 1 717 ] ]
		[ 0.06846847 [ 911 912 1 717 ] ]
		[ 0.08558559 [ 913 914 1 717 ] ]
		[ 0.1027027 [ 915 916 1 717 ] ]
		[ 0.1198198 [ 917 918 1 717 ] ]
		[ 0.1369369 [ 919 920 1 717 ] ]
		[ 0.154054 [ 921 922 1 717 ] ]
		[ 0.1711712 [ 923 924 1 717 ] ]
		[ 0.1882883 [ 925 926 1 717 ] ]
		[ 0.2054054 [ 927 928 1 717 ] ]
		[ 0.2225225 [ 929 930 1 717 ] ]
		[ 0.2396396 [ 931 932 1 717 ] ]
		[ 0.2567568 [ 933 934 1 717 ] ]
		[ 0.2738739 [ 935 936 1 717 ] ]
		[ 0.290991 [ 937 938 1 717 ] ]
		[ 0.3081081 [ 939 940 1 717 ] ]
		[ 0.3252252 [ 941 942 1 717 ] ]
		[ 0.3423423 [ 943 944 1 717 ] ]
		[ 0.3594595 [ 945 946 1 717 ] ]
		[ 0.3765766 [ 947 948 1 717 ] ]
		[ 0.3936937 [ 949 950 1 717 ] ]
		[ 0.4108108 [ 947 948 1 717 ] ]
		[ 0.4279279 [ 951 952 1 717 ] ]
		[ 0.4450451 [ 953 954 1 717 ] ]
		[ 0.4621622 [ 955 956 1 717 ] ]
		[ 0.4792793 [ 957 958 1 717 ] ]
		[ 0.4963964 [ 959 960 1 717 ] ]
		[ 0.5135135 [ 961 962 1 717 ] ]
		[ 0.5306306 [ 963 964 1 717 ] ]
		[ 0.5477477 [ 965 966 1 717 ] ]
		[ 0.5648649 [ 967 968 1 717 ] ]
		[ 0.581982 [ 361 360 1 717 ] ]
		[ 0.5990991 [ 969 970 1 717 ] ]
		[ 0.6162162 [ 971 972 1 717 ] ]
	]
	"Lokot_P_end" [
		[ 0 [ 0 207 1 790 ] ]
	]
	"Woin" [
		[ 0 [ 973 974 975 975 ] ]
	]
	"Cube" [
		[ 0 [ 976 977 978 979 ] ]
		[ 0.01711712 [ 980 981 982 983 ] ]
		[ 0.03423423 [ 984 985 986 987 ] ]
		[ 0.05135135 [ 988 989 990 991 ] ]
		[ 0.06846847 [ 992 993 994 995 ] ]
		[ 0.08558559 [ 996 997 998 999 ] ]
		[ 0.1027027 [ 1000 1001 1002 1003 ] ]
		[ 0.1198198 [ 1004 1005 1006 1007 ] ]
		[ 0.1369369 [ 1008 1009 1010 1011 ] ]
		[ 0.154054 [ 1012 1013 1014 1015 ] ]
		[ 0.1711712 [ 1016 1017 1018 1019 ] ]
		[ 0.1882883 [ 1020 1021 1022 1023 ] ]
		[ 0.2054054 [ 1024 1025 1026 1027 ] ]
		[ 0.2225225 [ 1028 1029 1030 1031 ] ]
		[ 0.2396396 [ 1032 1033 1034 1035 ] ]
		[ 0.2567568 [ 1036 1037 1038 1039 ] ]
		[ 0.2738739 [ 1040 1041 1042 1043 ] ]
		[ 0.290991 [ 1044 1045 1046 1047 ] ]
		[ 0.3081081 [ 1048 1049 1050 1051 ] ]
		[ 0.3252252 [ 1052 1053 1054 1055 ] ]
		[ 0.3423423 [ 1056 1057 1058 1059 ] ]
		[ 0.3594595 [ 1060 1061 1062 1063 ] ]
		[ 0.3765766 [ 1064 1065 1066 1067 ] ]
		[ 0.3936937 [ 1068 1069 1070 1071 ] ]
		[ 0.4108108 [ 1072 1073 1074 1075 ] ]
		[ 0.4279279 [ 1076 1077 1078 1079 ] ]
		[ 0.4450451 [ 1080 1081 1082 1083 ] ]
		[ 0.4621622 [ 1084 1085 1086 1087 ] ]
		[ 0.4792793 [ 1088 1089 1090 1091 ] ]
		[ 0.4963964 [ 1092 1093 1094 1095 ] ]
		[ 0.5135135 [ 1096 1097 1098 1099 ] ]
		[ 0.5306306 [ 1100 1101 1102 1103 ] ]
		[ 0.5477477 [ 1104 1105 1106 1107 ] ]
		[ 0.5648649 [ 1108 1109 1110 1111 ] ]
		[ 0.581982 [ 1112 1113 1114 1115 ] ]
		[ 0.5990991 [ 1116 1117 1118 1119 ] ]
		[ 0.6162162 [ 1120 1121 1122 1123 ] ]
	]
	"Cube.001" [
		[ 0 [ 1124 1125 1126 1127 ] ]
		[ 0.01711712 [ 1128 1129 1130 1131 ] ]
		[ 0.03423423 [ 1132 1133 1134 1135 ] ]
		[ 0.05135135 [ 1136 1137 1138 1139 ] ]
		[ 0.06846847 [ 1140 1141 1142 1143 ] ]
		[ 0.08558559 [ 1144 1145 1146 1147 ] ]
		[ 0.1027027 [ 1148 1149 1150 1151 ] ]
		[ 0.1198198 [ 1152 1153 1154 1155 ] ]
		[ 0.1369369 [ 1156 1157 1158 1159 ] ]
		[ 0.154054 [ 1160 1161 1162 1163 ] ]
		[ 0.1711712 [ 1164 1165 1166 1167 ] ]
		[ 0.1882883 [ 1168 1169 1170 1171 ] ]
		[ 0.2054054 [ 1172 1173 1174 1175 ] ]
		[ 0.2225225 [ 1176 1177 1178 1179 ] ]
		[ 0.2396396 [ 1180 1181 1182 1183 ] ]
		[ 0.2567568 [ 1184 1185 1186 1187 ] ]
		[ 0.2738739 [ 1188 1189 1190 1191 ] ]
		[ 0.290991 [ 1192 1193 1194 1195 ] ]
		[ 0.3081081 [ 1196 1197 1198 1199 ] ]
		[ 0.3252252 [ 1200 1201 1202 1203 ] ]
		[ 0.3423423 [ 1204 1205 1206 1207 ] ]
		[ 0.3594595 [ 1208 1209 1210 1211 ] ]
		[ 0.3765766 [ 1212 1213 1214 1215 ] ]
		[ 0.3936937 [ 1216 1217 1218 1219 ] ]
		[ 0.4108108 [ 1220 1221 1222 1223 ] ]
		[ 0.4279279 [ 1224 1225 1226 1227 ] ]
		[ 0.4450451 [ 1228 1229 1230 1231 ] ]
		[ 0.4621622 [ 1232 1233 1234 1235 ] ]
		[ 0.4792793 [ 1236 1237 1238 1239 ] ]
		[ 0.4963964 [ 1240 1241 1242 1243 ] ]
		[ 0.5135135 [ 1244 1245 1246 1247 ] ]
		[ 0.5306306 [ 1248 1249 1250 1251 ] ]
		[ 0.5477477 [ 1252 1253 1254 1255 ] ]
		[ 0.5648649 [ 1256 1257 1258 1259 ] ]
		[ 0.581982 [ 1260 1261 1262 1263 ] ]
		[ 0.5990991 [ 1264 1265 1266 1267 ] ]
		[ 0.6162162 [ 1268 1269 1270 1271 ] ]
	]
	}
	:resources [
		[1.000 0.000 0.000]
		[0.000 0.000 1.000]
		[0.000 -1.000 0.000]
		[0.000 0.000 -0.040]
		[0.059 -0.337 0.940]
		[0.163 -0.925 -0.342]
		[0.985 0.174 0.000]
		[0.123 -0.038 0.000]
		[0.061 -0.337 0.940]
		[0.985 0.174 -0.001]
		[0.064 -0.337 0.939]
		[0.163 -0.925 -0.343]
		[0.985 0.175 -0.005]
		[0.069 -0.337 0.939]
		[0.162 -0.925 -0.344]
		[0.984 0.176 -0.009]
		[0.074 -0.337 0.939]
		[0.984 0.177 -0.014]
		[0.078 -0.337 0.938]
		[0.161 -0.925 -0.345]
		[0.984 0.178 -0.018]
		[0.081 -0.337 0.938]
		[0.161 -0.925 -0.346]
		[0.984 0.179 -0.021]
		[0.077 -0.337 0.938]
		[0.984 0.178 -0.017]
		[0.055 -0.337 0.940]
		[0.164 -0.926 -0.341]
		[0.985 0.173 0.004]
		[0.033 -0.337 0.941]
		[0.166 -0.926 -0.338]
		[0.986 0.167 0.026]
		[0.003 -0.338 0.941]
		[0.169 -0.928 -0.333]
		[0.986 0.160 0.054]
		[-0.032 -0.338 0.941]
		[0.172 -0.929 -0.328]
		[0.984 0.152 0.088]
		[-0.071 -0.339 0.938]
		[0.176 -0.930 -0.322]
		[0.982 0.142 0.126]
		[-0.112 -0.339 0.934]
		[0.180 -0.931 -0.317]
		[0.977 0.132 0.165]
		[-0.153 -0.339 0.928]
		[0.183 -0.933 -0.311]
		[0.971 0.122 0.205]
		[-0.192 -0.340 0.921]
		[0.186 -0.934 -0.306]
		[0.964 0.113 0.242]
		[-0.226 -0.340 0.913]
		[0.189 -0.935 -0.301]
		[0.956 0.104 0.276]
		[-0.256 -0.340 0.905]
		[0.191 -0.935 -0.298]
		[0.948 0.097 0.304]
		[-0.278 -0.341 0.898]
		[0.193 -0.936 -0.295]
		[0.941 0.091 0.326]
		[-0.291 -0.341 0.894]
		[0.194 -0.936 -0.294]
		[0.937 0.088 0.338]
		[-0.294 -0.341 0.893]
		[0.194 -0.936 -0.293]
		[0.936 0.087 0.342]
		[0.937 0.088 0.339]
		[-0.283 -0.341 0.897]
		[0.940 0.090 0.330]
		[-0.269 -0.341 0.901]
		[0.192 -0.936 -0.296]
		[0.944 0.093 0.317]
		[-0.251 -0.340 0.906]
		[0.949 0.098 0.300]
		[-0.230 -0.340 0.912]
		[0.955 0.103 0.279]
		[-0.204 -0.340 0.918]
		[0.187 -0.934 -0.304]
		[0.961 0.110 0.255]
		[-0.177 -0.340 0.924]
		[0.185 -0.933 -0.308]
		[0.967 0.116 0.228]
		[-0.147 -0.339 0.929]
		[0.183 -0.932 -0.312]
		[0.972 0.124 0.199]
		[-0.116 -0.339 0.934]
		[0.180 -0.932 -0.316]
		[0.977 0.131 0.169]
		[-0.085 -0.339 0.937]
		[0.177 -0.931 -0.320]
		[0.981 0.139 0.139]
		[-0.053 -0.338 0.940]
		[0.174 -0.930 -0.325]
		[0.983 0.147 0.108]
		[-0.022 -0.338 0.941]
		[0.171 -0.928 -0.329]
		[0.985 0.154 0.078]
		[0.007 -0.338 0.941]
		[0.169 -0.927 -0.334]
		[0.986 0.161 0.050]
		[0.035 -0.337 0.941]
		[0.986 0.168 0.024]
		[-0.906 0.423 0.000]
		[0.423 0.906 0.000]
		[0.000 0.000 -1.000]
		[0.000 0.532 0.000]
		[-0.906 0.423 0.001]
		[0.423 0.906 -0.001]
		[-0.001 0.000 -1.000]
		[-0.906 0.423 0.004]
		[0.423 0.906 -0.002]
		[-0.005 0.000 -1.000]
		[-0.906 0.423 0.009]
		[0.423 0.906 -0.004]
		[-0.010 0.000 -1.000]
		[-0.906 0.423 0.013]
		[0.423 0.906 -0.006]
		[-0.014 0.000 -1.000]
		[-0.906 0.423 0.017]
		[0.423 0.906 -0.008]
		[-0.019 0.000 -1.000]
		[-0.906 0.423 0.019]
		[0.423 0.906 -0.009]
		[-0.021 0.000 -1.000]
		[-0.906 0.423 0.016]
		[0.423 0.906 -0.007]
		[-0.017 0.000 -1.000]
		[-0.009 0.000 -1.000]
		[-0.906 0.423 -0.004]
		[0.423 0.906 0.002]
		[0.004 0.000 -1.000]
		[-0.906 0.423 -0.023]
		[0.422 0.906 0.011]
		[0.026 0.000 -1.000]
		[-0.905 0.423 -0.050]
		[0.422 0.906 0.023]
		[0.055 0.000 -0.998]
		[-0.903 0.423 -0.081]
		[0.421 0.906 0.038]
		[0.089 0.000 -0.996]
		[-0.899 0.423 -0.115]
		[0.419 0.906 0.054]
		[0.127 0.000 -0.992]
		[-0.894 0.423 -0.151]
		[0.417 0.906 0.070]
		[0.167 0.000 -0.986]
		[-0.887 0.423 -0.187]
		[0.414 0.906 0.087]
		[0.206 0.000 -0.979]
		[-0.879 0.423 -0.221]
		[0.410 0.906 0.103]
		[0.244 0.000 -0.970]
		[-0.871 0.423 -0.251]
		[0.406 0.906 0.117]
		[0.277 0.000 -0.961]
		[-0.863 0.423 -0.277]
		[0.402 0.906 0.129]
		[0.306 0.000 -0.952]
		[-0.857 0.423 -0.296]
		[0.399 0.906 0.138]
		[0.327 0.000 -0.945]
		[-0.852 0.423 -0.308]
		[0.398 0.906 0.143]
		[0.339 0.000 -0.941]
		[-0.851 0.423 -0.311]
		[0.397 0.906 0.145]
		[0.343 0.000 -0.939]
		[0.397 0.906 0.144]
		[0.340 0.000 -0.940]
		[-0.855 0.423 -0.301]
		[0.399 0.906 0.140]
		[0.332 0.000 -0.943]
		[-0.859 0.423 -0.289]
		[0.401 0.906 0.135]
		[0.319 0.000 -0.948]
		[-0.864 0.423 -0.273]
		[0.403 0.906 0.127]
		[0.301 0.000 -0.954]
		[-0.870 0.423 -0.254]
		[0.406 0.906 0.118]
		[0.280 0.000 -0.960]
		[-0.876 0.423 -0.232]
		[0.409 0.906 0.108]
		[0.256 0.000 -0.967]
		[-0.882 0.423 -0.208]
		[0.411 0.906 0.097]
		[0.229 0.000 -0.973]
		[-0.888 0.423 -0.182]
		[0.414 0.906 0.085]
		[0.201 0.000 -0.980]
		[-0.893 0.423 -0.155]
		[0.416 0.906 0.072]
		[0.171 0.000 -0.985]
		[-0.897 0.423 -0.127]
		[0.418 0.906 0.059]
		[0.140 0.000 -0.990]
		[-0.901 0.423 -0.099]
		[0.420 0.906 0.046]
		[0.109 0.000 -0.994]
		[-0.903 0.423 -0.072]
		[0.421 0.906 0.034]
		[0.079 0.000 -0.997]
		[-0.905 0.423 -0.046]
		[0.422 0.906 0.021]
		[0.051 0.000 -0.999]
		[-0.906 0.423 -0.022]
		[0.422 0.906 0.010]
		[0.024 0.000 -1.000]
		[0.000 1.000 0.000]
		[0.000 0.578 0.000]
		[0.682 -0.337 0.650]
		[-0.367 -0.925 -0.095]
		[0.633 -0.174 -0.754]
		[-0.123 -0.038 0.000]
		[0.684 -0.338 0.647]
		[0.631 -0.173 -0.757]
		[0.689 -0.339 0.640]
		[-0.368 -0.925 -0.095]
		[0.624 -0.170 -0.763]
		[0.697 -0.342 0.631]
		[-0.368 -0.925 -0.094]
		[0.616 -0.167 -0.770]
		[0.704 -0.344 0.621]
		[-0.369 -0.925 -0.094]
		[0.606 -0.163 -0.778]
		[0.711 -0.346 0.612]
		[-0.370 -0.924 -0.094]
		[0.599 -0.160 -0.785]
		[0.714 -0.348 0.607]
		[-0.370 -0.924 -0.093]
		[0.594 -0.158 -0.789]
		[0.714 -0.347 0.607]
		[0.709 -0.346 0.615]
		[0.601 -0.161 -0.783]
		[0.675 -0.335 0.658]
		[-0.366 -0.926 -0.095]
		[0.641 -0.177 -0.747]
		[0.638 -0.324 0.698]
		[-0.364 -0.926 -0.096]
		[0.678 -0.193 -0.709]
		[0.586 -0.309 0.749]
		[-0.363 -0.927 -0.098]
		[0.724 -0.214 -0.655]
		[0.520 -0.291 0.803]
		[-0.363 -0.926 -0.101]
		[0.773 -0.239 -0.587]
		[0.441 -0.271 0.856]
		[-0.366 -0.925 -0.105]
		[0.820 -0.267 -0.507]
		[0.353 -0.250 0.901]
		[-0.371 -0.922 -0.111]
		[0.859 -0.296 -0.419]
		[0.262 -0.230 0.937]
		[-0.379 -0.918 -0.119]
		[0.887 -0.324 -0.327]
		[0.172 -0.210 0.963]
		[-0.388 -0.912 -0.130]
		[0.905 -0.351 -0.238]
		[0.089 -0.192 0.977]
		[-0.397 -0.907 -0.142]
		[0.913 -0.376 -0.157]
		[0.018 -0.177 0.984]
		[-0.406 -0.901 -0.154]
		[0.914 -0.396 -0.088]
		[-0.035 -0.165 0.986]
		[-0.412 -0.896 -0.165]
		[0.911 -0.412 -0.037]
		[-0.067 -0.159 0.985]
		[-0.415 -0.893 -0.172]
		[0.907 -0.421 -0.006]
		[-0.076 -0.157 0.985]
		[-0.417 -0.892 -0.174]
		[0.906 -0.423 0.003]
		[-0.069 -0.158 0.985]
		[-0.416 -0.893 -0.173]
		[0.907 -0.421 -0.005]
		[-0.048 -0.163 0.986]
		[-0.413 -0.895 -0.168]
		[0.909 -0.415 -0.025]
		[-0.015 -0.170 0.985]
		[-0.409 -0.898 -0.161]
		[0.912 -0.406 -0.056]
		[0.029 -0.179 0.983]
		[-0.404 -0.902 -0.152]
		[0.914 -0.393 -0.098]
		[0.081 -0.190 0.978]
		[-0.398 -0.906 -0.143]
		[0.914 -0.378 -0.150]
		[0.141 -0.203 0.969]
		[-0.392 -0.910 -0.134]
		[0.909 -0.361 -0.208]
		[0.206 -0.217 0.954]
		[-0.385 -0.915 -0.125]
		[0.900 -0.341 -0.272]
		[0.275 -0.233 0.933]
		[-0.378 -0.918 -0.118]
		[0.884 -0.320 -0.340]
		[0.344 -0.248 0.905]
		[-0.372 -0.921 -0.111]
		[0.862 -0.299 -0.410]
		[0.413 -0.265 0.872]
		[-0.367 -0.924 -0.106]
		[0.833 -0.276 -0.479]
		[0.479 -0.281 0.832]
		[-0.364 -0.926 -0.103]
		[0.799 -0.254 -0.545]
		[0.539 -0.296 0.788]
		[-0.363 -0.927 -0.100]
		[0.760 -0.232 -0.607]
		[0.594 -0.311 0.742]
		[0.718 -0.211 -0.663]
		[0.642 -0.325 0.695]
		[0.675 -0.191 -0.713]
		[-0.907 0.422 0.000]
		[0.422 0.907 0.000]
		[-0.908 0.419 0.000]
		[0.419 0.908 0.000]
		[-0.909 0.416 0.000]
		[0.416 0.909 0.000]
		[-0.911 0.413 0.000]
		[0.413 0.911 0.000]
		[-0.912 0.410 0.000]
		[0.410 0.912 0.000]
		[-0.913 0.408 0.000]
		[0.408 0.913 0.000]
		[-0.912 0.411 0.000]
		[0.411 0.912 0.000]
		[-0.905 0.426 0.000]
		[0.426 0.905 0.000]
		[-0.898 0.440 0.000]
		[0.440 0.898 0.000]
		[-0.888 0.460 0.000]
		[0.460 0.888 0.000]
		[-0.876 0.482 0.000]
		[0.482 0.876 0.000]
		[-0.862 0.507 0.000]
		[0.507 0.862 0.000]
		[-0.846 0.533 0.000]
		[0.533 0.846 0.000]
		[-0.830 0.558 0.000]
		[0.558 0.830 0.000]
		[-0.813 0.582 0.000]
		[0.582 0.813 0.000]
		[-0.798 0.603 0.000]
		[0.603 0.798 0.000]
		[-0.784 0.620 0.000]
		[0.620 0.784 0.000]
		[-0.774 0.634 0.000]
		[0.634 0.774 0.000]
		[-0.767 0.641 0.000]
		[0.641 0.767 0.000]
		[-0.765 0.643 0.000]
		[0.643 0.765 0.000]
		[-0.767 0.642 0.000]
		[0.642 0.767 0.000]
		[-0.771 0.637 0.000]
		[0.637 0.771 0.000]
		[-0.778 0.628 0.000]
		[0.628 0.778 0.000]
		[-0.786 0.618 0.000]
		[0.618 0.786 0.000]
		[-0.796 0.605 0.000]
		[0.605 0.796 0.000]
		[-0.808 0.590 0.000]
		[0.590 0.808 0.000]
		[-0.820 0.573 0.000]
		[0.573 0.820 0.000]
		[-0.832 0.555 0.000]
		[0.555 0.832 0.000]
		[-0.845 0.535 0.000]
		[0.535 0.845 0.000]
		[-0.857 0.516 0.000]
		[0.516 0.857 0.000]
		[-0.869 0.496 0.000]
		[0.496 0.869 0.000]
		[-0.880 0.476 0.000]
		[0.476 0.880 0.000]
		[-0.890 0.457 0.000]
		[0.457 0.890 0.000]
		[-0.899 0.439 0.000]
		[0.439 0.899 0.000]
		[0.000 0.940 -0.342]
		[0.000 0.342 0.940]
		[0.000 0.130 0.000]
		[0.998 0.000 -0.060]
		[-0.022 0.933 -0.360]
		[0.056 0.361 0.931]
		[0.991 0.000 -0.131]
		[-0.050 0.924 -0.378]
		[0.121 0.382 0.916]
		[0.979 0.000 -0.206]
		[-0.083 0.915 -0.395]
		[0.188 0.404 0.895]
		[0.960 0.000 -0.281]
		[-0.120 0.905 -0.409]
		[0.254 0.426 0.868]
		[0.936 0.000 -0.351]
		[-0.157 0.894 -0.419]
		[0.314 0.447 0.838]
		[0.911 0.000 -0.412]
		[-0.192 0.885 -0.425]
		[0.364 0.466 0.806]
		[0.888 0.000 -0.460]
		[-0.222 0.876 -0.428]
		[0.403 0.482 0.778]
		[0.871 0.000 -0.492]
		[-0.243 0.870 -0.430]
		[0.428 0.493 0.757]
		[0.863 0.000 -0.505]
		[-0.252 0.866 -0.431]
		[0.437 0.500 0.748]
		[0.869 0.000 -0.495]
		[-0.247 0.867 -0.434]
		[0.429 0.499 0.753]
		[0.889 0.000 -0.457]
		[-0.225 0.871 -0.437]
		[0.398 0.492 0.774]
		[0.919 0.000 -0.394]
		[-0.188 0.879 -0.439]
		[0.346 0.477 0.808]
		[0.952 0.000 -0.307]
		[-0.141 0.889 -0.436]
		[0.273 0.458 0.846]
		[0.979 0.000 -0.203]
		[-0.088 0.901 -0.425]
		[0.183 0.434 0.882]
		[0.996 0.000 -0.086]
		[-0.035 0.913 -0.406]
		[0.078 0.407 0.910]
		[0.999 0.000 0.037]
		[0.014 0.925 -0.379]
		[-0.034 0.379 0.925]
		[0.988 0.000 0.157]
		[0.055 0.937 -0.346]
		[-0.147 0.350 0.925]
		[0.963 0.000 0.268]
		[0.087 0.946 -0.311]
		[-0.254 0.323 0.912]
		[0.932 0.000 0.363]
		[0.108 0.955 -0.278]
		[-0.347 0.298 0.889]
		[0.899 0.000 0.438]
		[0.121 0.961 -0.250]
		[-0.420 0.278 0.864]
		[0.874 0.000 0.487]
		[0.128 0.965 -0.230]
		[-0.470 0.263 0.843]
		[0.859 0.000 0.512]
		[0.130 0.967 -0.219]
		[-0.495 0.255 0.831]
		[0.853 0.000 0.522]
		[0.131 0.968 -0.213]
		[-0.505 0.250 0.826]
		[0.854 0.000 0.521]
		[0.129 0.969 -0.212]
		[-0.504 0.248 0.827]
		[0.861 0.000 0.509]
		[0.127 0.968 -0.215]
		[-0.493 0.249 0.833]
		[0.873 0.000 0.488]
		[0.123 0.968 -0.221]
		[-0.473 0.253 0.844]
		[0.888 0.000 0.460]
		[0.119 0.966 -0.229]
		[-0.444 0.258 0.858]
		[0.906 0.000 0.424]
		[0.112 0.964 -0.240]
		[-0.409 0.265 0.873]
		[0.924 0.000 0.382]
		[0.104 0.962 -0.252]
		[-0.368 0.273 0.889]
		[0.942 0.000 0.335]
		[0.094 0.959 -0.265]
		[-0.322 0.282 0.904]
		[0.958 0.000 0.285]
		[0.083 0.957 -0.279]
		[-0.273 0.291 0.917]
		[0.972 0.000 0.233]
		[0.070 0.954 -0.293]
		[-0.222 0.301 0.927]
		[0.984 0.000 0.180]
		[0.056 0.950 -0.306]
		[-0.172 0.311 0.935]
		[0.992 0.000 0.129]
		[0.041 0.947 -0.317]
		[-0.122 0.320 0.939]
		[0.997 0.000 0.081]
		[0.027 0.944 -0.327]
		[-0.076 0.329 0.941]
		[0.013 0.942 -0.336]
		[-0.035 0.336 0.941]
		[0.000 0.940 0.342]
		[0.000 -0.342 0.940]
		[0.000 0.596 0.000]
		[0.998 -0.018 0.054]
		[-0.001 0.939 0.344]
		[-0.057 -0.343 0.938]
		[0.992 -0.039 0.116]
		[-0.004 0.937 0.349]
		[-0.122 -0.347 0.930]
		[0.981 -0.060 0.183]
		[-0.009 0.934 0.356]
		[-0.193 -0.351 0.916]
		[0.965 -0.082 0.250]
		[-0.015 0.931 0.365]
		[-0.262 -0.356 0.897]
		[0.945 -0.103 0.312]
		[-0.022 0.928 0.373]
		[-0.327 -0.359 0.874]
		[0.923 -0.122 0.365]
		[-0.029 0.924 0.381]
		[-0.384 -0.362 0.850]
		[0.903 -0.138 0.407]
		[-0.033 0.922 0.386]
		[-0.429 -0.362 0.828]
		[0.888 -0.151 0.435]
		[-0.033 0.921 0.388]
		[-0.459 -0.358 0.813]
		[0.881 -0.160 0.446]
		[-0.027 0.923 0.385]
		[-0.473 -0.351 0.808]
		[0.885 -0.164 0.436]
		[-0.014 0.927 0.375]
		[-0.466 -0.338 0.818]
		[0.901 -0.162 0.403]
		[0.008 0.934 0.356]
		[-0.434 -0.318 0.843]
		[0.926 -0.155 0.345]
		[0.036 0.944 0.327]
		[-0.377 -0.290 0.880]
		[0.953 -0.143 0.268]
		[0.063 0.956 0.287]
		[-0.297 -0.257 0.920]
		[0.977 -0.128 0.173]
		[0.084 0.967 0.240]
		[-0.198 -0.220 0.955]
		[0.992 -0.110 0.065]
		[0.096 0.977 0.188]
		[-0.084 -0.181 0.980]
		[0.995 -0.090 -0.050]
		[0.096 0.986 0.137]
		[0.037 -0.141 0.989]
		[0.984 -0.070 -0.164]
		[0.086 0.992 0.090]
		[0.157 -0.103 0.982]
		[0.961 -0.050 -0.271]
		[0.066 0.996 0.052]
		[0.268 -0.068 0.961]
		[0.931 -0.031 -0.364]
		[0.043 0.999 0.024]
		[0.363 -0.038 0.931]
		[0.899 -0.016 -0.438]
		[0.021 1.000 0.008]
		[0.438 -0.016 0.899]
		[0.874 -0.004 -0.487]
		[0.005 1.000 0.001]
		[0.487 -0.003 0.874]
		[0.859 0.004 -0.512]
		[-0.004 1.000 0.001]
		[0.512 0.001 0.859]
		[0.853 0.010 -0.522]
		[-0.007 1.000 0.007]
		[0.522 -0.002 0.853]
		[0.854 0.013 -0.520]
		[-0.006 1.000 0.016]
		[0.521 -0.011 0.854]
		[0.861 0.016 -0.509]
		[-0.001 1.000 0.029]
		[0.509 -0.025 0.860]
		[0.873 0.017 -0.488]
		[0.006 0.999 0.046]
		[0.488 -0.043 0.872]
		[0.888 0.017 -0.459]
		[0.015 0.998 0.065]
		[0.459 -0.065 0.886]
		[0.906 0.016 -0.423]
		[0.023 0.996 0.088]
		[0.422 -0.090 0.902]
		[0.925 0.015 -0.380]
		[0.031 0.993 0.114]
		[0.379 -0.117 0.918]
		[0.943 0.013 -0.334]
		[0.037 0.989 0.142]
		[0.332 -0.146 0.932]
		[0.959 0.010 -0.283]
		[0.040 0.984 0.172]
		[0.281 -0.177 0.943]
		[0.973 0.008 -0.231]
		[0.040 0.978 0.203]
		[0.228 -0.207 0.951]
		[0.984 0.006 -0.179]
		[0.037 0.971 0.234]
		[0.175 -0.237 0.956]
		[0.992 0.003 -0.128]
		[0.031 0.964 0.265]
		[0.125 -0.266 0.956]
		[0.997 0.002 -0.080]
		[0.022 0.956 0.293]
		[0.077 -0.294 0.953]
		[0.999 0.000 -0.037]
		[0.011 0.948 0.319]
		[0.035 -0.319 0.947]
		[0.000 0.315 0.000]
		[0.000 0.470 0.000]
		[0.000 0.300 0.000]
		[-1.000 0.000 0.000]
		[-0.040 0.557 0.830]
		[0.580 -0.663 0.473]
		[0.814 0.500 -0.296]
		[0.279 0.394 -0.035]
		[0.098 0.483 0.870]
		[0.662 -0.685 0.306]
		[0.743 0.546 -0.387]
		[0.271 0.397 0.877]
		[0.703 -0.704 0.102]
		[0.657 0.589 -0.470]
		[0.459 0.304 0.835]
		[0.690 -0.714 -0.120]
		[0.559 0.631 -0.537]
		[0.640 0.212 0.739]
		[0.620 -0.710 -0.333]
		[0.454 0.671 -0.586]
		[0.792 0.128 0.598]
		[0.503 -0.693 -0.517]
		[0.348 0.709 -0.613]
		[0.900 0.060 0.432]
		[0.359 -0.663 -0.657]
		[0.247 0.746 -0.618]
		[0.964 0.012 0.266]
		[0.215 -0.625 -0.751]
		[0.157 0.781 -0.605]
		[0.992 -0.013 0.126]
		[0.095 -0.581 -0.808]
		[0.084 0.814 -0.575]
		[0.999 -0.014 0.031]
		[0.019 -0.535 -0.844]
		[0.028 0.844 -0.535]
		[1.000 0.008 -0.001]
		[0.003 -0.486 -0.874]
		[-0.008 0.874 -0.486]
		[0.998 0.050 0.038]
		[0.055 -0.426 -0.903]
		[-0.029 0.904 -0.427]
		[0.985 0.095 0.144]
		[0.168 -0.347 -0.923]
		[-0.038 0.933 -0.358]
		[0.944 0.126 0.304]
		[0.327 -0.255 -0.910]
		[-0.037 0.959 -0.282]
		[0.859 0.129 0.496]
		[0.512 -0.159 -0.844]
		[-0.030 0.979 -0.202]
		[0.718 0.098 0.689]
		[0.696 -0.075 -0.715]
		[-0.019 0.992 -0.122]
		[0.526 0.042 0.850]
		[0.851 -0.018 -0.525]
		[-0.007 0.999 -0.045]
		[0.297 -0.025 0.954]
		[0.955 0.004 -0.297]
		[0.003 1.000 0.025]
		[0.060 -0.086 0.995]
		[0.998 -0.004 -0.060]
		[0.010 0.996 0.086]
		[-0.160 -0.129 0.979]
		[0.987 -0.032 0.157]
		[0.011 0.991 0.133]
		[-0.339 -0.151 0.929]
		[0.941 -0.063 0.333]
		[0.009 0.986 0.164]
		[-0.463 -0.154 0.873]
		[0.886 -0.084 0.455]
		[0.003 0.985 0.175]
		[-0.539 -0.142 0.831]
		[0.843 -0.086 0.532]
		[-0.004 0.986 0.165]
		[-0.586 -0.118 0.801]
		[0.810 -0.073 0.582]
		[-0.010 0.990 0.138]
		[-0.617 -0.083 0.783]
		[0.787 -0.049 0.615]
		[-0.013 0.995 0.095]
		[-0.633 -0.036 0.773]
		[0.774 -0.019 0.633]
		[-0.008 0.999 0.040]
		[-0.636 0.025 0.771]
		[0.772 0.011 0.636]
		[0.007 1.000 -0.026]
		[-0.627 0.098 0.773]
		[0.778 0.034 0.627]
		[0.035 0.995 -0.098]
		[-0.605 0.184 0.775]
		[0.792 0.043 0.609]
		[0.079 0.982 -0.172]
		[-0.569 0.276 0.775]
		[0.811 0.031 0.584]
		[0.137 0.961 -0.242]
		[-0.518 0.370 0.771]
		[0.829 -0.005 0.559]
		[0.210 0.929 -0.304]
		[-0.453 0.456 0.766]
		[0.841 -0.066 0.536]
		[0.295 0.888 -0.354]
		[-0.376 0.527 0.762]
		[0.842 -0.150 0.519]
		[0.388 0.837 -0.387]
		[-0.293 0.577 0.763]
		[0.824 -0.252 0.507]
		[0.484 0.777 -0.402]
		[-0.210 0.603 0.770]
		[0.788 -0.362 0.499]
		[0.579 0.711 -0.398]
		[-0.137 0.605 0.785]
		[0.731 -0.473 0.492]
		[0.668 0.641 -0.378]
		[-0.078 0.587 0.806]
		[0.660 -0.575 0.483]
		[0.747 0.570 -0.342]
		[0.000 0.316 0.000]
		[0.099 0.995 0.000]
		[-0.995 0.099 0.000]
		[0.208 0.978 0.000]
		[-0.978 0.208 0.000]
		[0.314 0.950 0.000]
		[-0.950 0.314 0.000]
		[0.404 0.915 0.000]
		[-0.915 0.404 0.000]
		[0.470 0.883 0.000]
		[-0.883 0.470 0.000]
		[0.501 0.865 0.000]
		[-0.865 0.501 0.000]
		[0.478 0.878 0.000]
		[-0.878 0.478 0.000]
		[0.416 0.910 0.000]
		[-0.910 0.416 0.000]
		[0.358 0.934 0.000]
		[-0.934 0.358 0.000]
		[0.343 0.939 0.000]
		[-0.939 0.343 0.000]
		[0.371 0.929 0.000]
		[-0.929 0.371 0.000]
		[0.417 0.909 0.000]
		[-0.909 0.417 0.000]
		[0.477 0.879 0.000]
		[-0.879 0.477 0.000]
		[0.545 0.838 0.000]
		[-0.838 0.545 0.000]
		[0.616 0.788 0.000]
		[-0.788 0.616 0.000]
		[0.683 0.731 0.000]
		[-0.731 0.683 0.000]
		[0.743 0.670 0.000]
		[-0.670 0.743 0.000]
		[0.792 0.610 0.000]
		[-0.610 0.792 0.000]
		[0.830 0.558 0.000]
		[-0.558 0.830 0.000]
		[0.854 0.520 0.000]
		[-0.520 0.854 0.000]
		[0.865 0.501 0.000]
		[-0.501 0.865 0.000]
		[0.864 0.504 0.000]
		[-0.504 0.864 0.000]
		[0.853 0.522 0.000]
		[-0.522 0.853 0.000]
		[0.835 0.551 0.000]
		[-0.551 0.835 0.000]
		[0.808 0.589 0.000]
		[-0.589 0.808 0.000]
		[0.773 0.634 0.000]
		[-0.634 0.773 0.000]
		[0.730 0.684 0.000]
		[-0.684 0.730 0.000]
		[0.677 0.736 0.000]
		[-0.736 0.677 0.000]
		[0.617 0.787 0.000]
		[-0.787 0.617 0.000]
		[0.548 0.836 0.000]
		[-0.836 0.548 0.000]
		[0.474 0.881 0.000]
		[-0.881 0.474 0.000]
		[0.394 0.919 0.000]
		[-0.919 0.394 0.000]
		[0.312 0.950 0.000]
		[-0.950 0.312 0.000]
		[0.229 0.973 0.000]
		[-0.973 0.229 0.000]
		[0.148 0.989 0.000]
		[-0.989 0.148 0.000]
		[0.071 0.997 0.000]
		[-0.997 0.071 0.000]
		[0.000 0.469 0.000]
		[-0.106 0.621 0.777]
		[-0.406 -0.740 0.536]
		[0.908 -0.259 0.330]
		[-0.279 0.394 -0.035]
		[-0.189 0.437 0.879]
		[-0.451 -0.834 0.318]
		[0.872 -0.337 0.355]
		[-0.312 0.216 0.925]
		[-0.464 -0.884 0.050]
		[0.829 -0.414 0.377]
		[-0.459 -0.016 0.888]
		[-0.428 -0.872 -0.237]
		[0.779 -0.489 0.394]
		[-0.604 -0.229 0.763]
		[-0.335 -0.796 -0.504]
		[0.723 -0.560 0.404]
		[-0.722 -0.395 0.568]
		[-0.195 -0.671 -0.715]
		[0.664 -0.627 0.407]
		[-0.798 -0.500 0.336]
		[-0.030 -0.524 -0.851]
		[0.602 -0.689 0.403]
		[-0.831 -0.546 0.109]
		[0.132 -0.383 -0.914]
		[0.540 -0.745 0.390]
		[-0.836 -0.543 -0.081]
		[0.266 -0.270 -0.925]
		[0.480 -0.795 0.370]
		[-0.835 -0.508 -0.211]
		[0.352 -0.198 -0.915]
		[0.423 -0.838 0.344]
		[-0.850 -0.454 -0.268]
		[0.376 -0.166 -0.911]
		[0.369 -0.876 0.312]
		[-0.891 -0.381 -0.248]
		[0.329 -0.166 -0.930]
		[0.313 -0.910 0.273]
		[-0.944 -0.291 -0.155]
		[0.211 -0.174 -0.962]
		[0.253 -0.941 0.225]
		[-0.981 -0.193 0.003]
		[0.030 -0.170 -0.985]
		[0.191 -0.966 0.172]
		[-0.972 -0.101 0.212]
		[-0.197 -0.141 -0.970]
		[0.128 -0.985 0.117]
		[-0.895 -0.033 0.445]
		[-0.441 -0.085 -0.893]
		[0.068 -0.996 0.062]
		[-0.745 -0.002 0.667]
		[-0.667 -0.015 -0.745]
		[0.011 -1.000 0.010]
		[-0.536 -0.009 0.844]
		[-0.843 0.053 -0.535]
		[-0.040 -0.999 -0.036]
		[-0.298 -0.046 0.953]
		[-0.951 0.100 -0.292]
		[-0.082 -0.994 -0.073]
		[-0.064 -0.093 0.994]
		[-0.991 0.119 -0.052]
		[-0.114 -0.988 -0.100]
		[0.138 -0.133 0.982]
		[-0.982 0.114 0.153]
		[-0.133 -0.985 -0.115]
		[0.286 -0.151 0.946]
		[-0.949 0.096 0.302]
		[-0.136 -0.984 -0.115]
		[0.382 -0.142 0.913]
		[-0.916 0.074 0.395]
		[-0.124 -0.987 -0.102]
		[0.450 -0.112 0.886]
		[-0.888 0.050 0.457]
		[-0.096 -0.992 -0.077]
		[0.498 -0.063 0.865]
		[-0.865 0.026 0.500]
		[-0.054 -0.998 -0.042]
		[0.527 0.002 0.850]
		[-0.850 -0.001 0.527]
		[0.001 -1.000 0.001]
		[0.538 0.079 0.840]
		[-0.840 -0.031 0.541]
		[0.069 -0.996 0.049]
		[0.529 0.164 0.832]
		[-0.836 -0.069 0.545]
		[0.147 -0.984 0.100]
		[0.503 0.252 0.827]
		[-0.832 -0.117 0.542]
		[0.233 -0.961 0.151]
		[0.459 0.340 0.821]
		[-0.826 -0.176 0.535]
		[0.326 -0.924 0.200]
		[0.400 0.420 0.814]
		[-0.814 -0.245 0.526]
		[0.421 -0.874 0.244]
		[0.328 0.490 0.808]
		[-0.791 -0.324 0.518]
		[0.515 -0.809 0.281]
		[0.249 0.545 0.801]
		[-0.756 -0.408 0.512]
		[0.606 -0.733 0.310]
		[0.166 0.584 0.795]
		[-0.706 -0.492 0.509]
		[0.689 -0.646 0.330]
		[0.086 0.608 0.789]
		[-0.643 -0.572 0.510]
		[0.761 -0.551 0.341]
		[0.012 0.619 0.785]
		[-0.568 -0.642 0.515]
		[0.823 -0.453 0.344]
		[-0.053 0.622 0.782]
		[-0.488 -0.699 0.523]
		[0.871 -0.354 0.340]
		[0.500 0.866 0.000]
		[-0.866 0.500 0.000]
		[0.464 0.886 0.000]
		[-0.886 0.464 0.000]
		[0.420 0.907 0.000]
		[-0.907 0.420 0.000]
		[0.372 0.928 0.000]
		[-0.928 0.372 0.000]
		[0.321 0.947 0.000]
		[-0.947 0.321 0.000]
		[0.272 0.962 0.000]
		[-0.962 0.272 0.000]
		[0.228 0.974 0.000]
		[-0.974 0.228 0.000]
		[0.193 0.981 0.000]
		[-0.981 0.193 0.000]
		[0.171 0.985 0.000]
		[-0.985 0.171 0.000]
		[0.165 0.986 0.000]
		[-0.986 0.165 0.000]
		[0.180 0.984 0.000]
		[-0.984 0.180 0.000]
		[0.218 0.976 0.000]
		[-0.976 0.218 0.000]
		[0.278 0.961 0.000]
		[-0.961 0.278 0.000]
		[0.352 0.936 0.000]
		[-0.936 0.352 0.000]
		[0.436 0.900 0.000]
		[-0.900 0.436 0.000]
		[0.523 0.852 0.000]
		[-0.852 0.523 0.000]
		[0.607 0.795 0.000]
		[-0.795 0.607 0.000]
		[0.683 0.730 0.000]
		[-0.730 0.683 0.000]
		[0.748 0.664 0.000]
		[-0.664 0.748 0.000]
		[0.800 0.600 0.000]
		[-0.600 0.800 0.000]
		[0.837 0.547 0.000]
		[-0.547 0.837 0.000]
		[0.860 0.510 0.000]
		[-0.510 0.860 0.000]
		[0.871 0.491 0.000]
		[-0.491 0.871 0.000]
		[0.874 0.486 0.000]
		[-0.486 0.874 0.000]
		[0.863 0.505 0.000]
		[-0.505 0.863 0.000]
		[0.850 0.526 0.000]
		[-0.526 0.850 0.000]
		[0.833 0.554 0.000]
		[-0.554 0.833 0.000]
		[0.810 0.586 0.000]
		[-0.586 0.810 0.000]
		[0.784 0.621 0.000]
		[-0.621 0.784 0.000]
		[0.753 0.658 0.000]
		[-0.658 0.753 0.000]
		[0.719 0.695 0.000]
		[-0.695 0.719 0.000]
		[0.682 0.731 0.000]
		[-0.731 0.682 0.000]
		[0.644 0.765 0.000]
		[-0.765 0.644 0.000]
		[0.567 0.824 0.000]
		[-0.824 0.567 0.000]
		[0.532 0.847 0.000]
		[-0.847 0.532 0.000]
		[100.000 0.000 0.000]
		[0.000 0.000 -100.000]
		[0.000 100.000 0.000]
		[0.182 -0.080 -0.026]
		[0.081 0.183 0.004]
		[0.022 -0.014 0.198]
		[-0.457 -0.040 1.045]
		[0.180 -0.080 -0.037]
		[0.087 0.173 0.050]
		[0.012 -0.061 0.190]
		[-0.447 0.097 1.013]
		[0.178 -0.079 -0.048]
		[0.092 0.148 0.098]
		[-0.003 -0.109 0.167]
		[-0.422 0.249 1.016]
		[0.175 -0.077 -0.058]
		[0.093 0.108 0.140]
		[-0.023 -0.150 0.130]
		[-0.384 0.394 1.064]
		[0.173 -0.075 -0.067]
		[0.090 0.056 0.169]
		[-0.045 -0.177 0.082]
		[-0.335 0.512 1.153]
		[0.170 -0.074 -0.076]
		[0.082 0.001 0.182]
		[-0.068 -0.186 0.031]
		[-0.279 0.589 1.267]
		[0.166 -0.074 -0.084]
		[0.069 -0.051 0.181]
		[-0.088 -0.179 -0.016]
		[-0.221 0.621 1.387]
		[0.160 -0.075 -0.093]
		[0.055 -0.092 0.169]
		[-0.106 -0.161 -0.053]
		[-0.166 0.618 1.492]
		[0.154 -0.077 -0.102]
		[0.041 -0.121 0.154]
		[-0.121 -0.139 -0.077]
		[-0.116 0.595 1.569]
		[0.145 -0.081 -0.111]
		[0.032 -0.137 0.142]
