{ :name "Attack_2" :length 0.5 :bones { 
	"Armature" [
		[0 [1 0 0 0 0 0.9999998 2.007283E-15 0 0 -2.007283E-15 0.9999998 0 0 -1.24345E-17 -8.195644E-11 1]]
	]
	"Skelet" [
		[0 [1 0 0 0 0 0.9999996 0 0 0 0 0.9999996 0 0 -0.0003999998 4.76837E-11 1]]
	]
	"Bedro_L" [
		[0 [0.962227 0.2675513 0.05035086 0 -0.2720293 0.9522918 0.138353 0 -0.01093207 -0.1468193 0.9891027 0 2.970387E-05 0.0003987518 -1.070672E-05 1]]
		[0.03333334 [0.961884 0.2676468 0.05606876 0 -0.2729582 0.9521148 0.1377386 0 -0.01651806 -0.1477883 0.9888806 0 2.970387E-05 0.0003987518 -1.070672E-05 1]]
		[0.06666667 [0.961095 0.2678435 0.06749751 0 -0.2748276 0.9517562 0.1364934 0 -0.02768161 -0.1497285 0.9883391 0 2.970387E-05 0.0003987518 -1.070672E-05 1]]
		[0.1 [0.9604127 0.2679958 0.07606252 0 -0.2762397 0.9514831 0.1355449 0 -0.03604592 -0.1511857 0.9878476 0 2.970387E-05 0.0003987518 -1.070672E-05 1]]
		[0.1333333 [0.9606486 0.2679445 0.07320832 0 -0.275768 0.9515746 0.1358624 0 -0.03325868 -0.1506998 0.9880196 0 2.970387E-05 0.0003987518 -1.070672E-05 1]]
		[0.1666667 [0.962227 0.2675513 0.05035086 0 -0.2720293 0.9522918 0.138353 0 -0.01093207 -0.1468193 0.9891027 0 2.970387E-05 0.0003987518 -1.070672E-05 1]]
		[0.2 [0.9637404 0.2666617 -0.009763549 0 -0.2625171 0.9540476 0.1444936 0 0.04784457 -0.136687 0.9894579 0 2.970387E-05 0.0003987518 -1.070672E-05 1]]
		[0.2333333 [0.9587215 0.2657154 -0.1012338 0 -0.2489245 0.9563804 0.1528854 0 0.137438 -0.1213711 0.9830458 0 2.970387E-05 0.0003987518 -1.070672E-05 1]]
		[0.2666667 [0.9437515 0.2652694 -0.1973976 0 -0.2357607 0.9584164 0.160797 0 0.2318372 -0.1052105 0.9670473 0 2.970387E-05 0.0003987518 -1.070672E-05 1]]
		[0.3 [0.9248904 0.2653358 -0.2723534 0 -0.2262822 0.9597163 0.1665598 0 0.3055674 -0.09241787 0.9476734 0 2.970387E-05 0.0003987518 -1.070672E-05 1]]
		[0.3333333 [0.9154662 0.2654706 -0.3024052 0 -0.22267 0.9601664 0.1688182 0 0.3351662 -0.08720803 0.9381126 0 2.970387E-05 0.0003987518 -1.070672E-05 1]]
		[0.3666667 [0.923251 0.2653556 -0.2778403 0 -0.2256146 0.9598014 0.1669735 0 0.3109703 -0.0914707 0.9460061 0 2.970387E-05 0.0003987518 -1.070672E-05 1]]
		[0.4 [0.9400893 0.2652517 -0.2141839 0 -0.2335791 0.9587294 0.1621102 0 0.2483373 -0.1023659 0.9632486 0 2.970387E-05 0.0003987518 -1.070672E-05 1]]
		[0.4333333 [0.9557206 0.2655405 -0.1268315 0 -0.2453088 0.9569633 0.1550673 0 0.162545 -0.1170845 0.9797292 0 2.970387E-05 0.0003987518 -1.070672E-05 1]]
		[0.4666667 [0.9633145 0.2663782 -0.03267032 0 -0.2590139 0.9546695 0.1466931 0 0.07026311 -0.1328453 0.9886428 0 2.970387E-05 0.0003987518 -1.070672E-05 1]]
		[0.5 [0.962227 0.2675513 0.05035086 0 -0.2720293 0.9522918 0.138353 0 -0.01093207 -0.1468193 0.9891027 0 2.970387E-05 0.0003987518 -1.070672E-05 1]]
		[0.5333334 [0.962227 0.2675513 0.05035086 0 -0.2720293 0.9522918 0.138353 0 -0.01093207 -0.1468193 0.9891027 0 2.970387E-05 0.0003987518 -1.070672E-05 1]]
		[0.5666667 [0.962227 0.2675513 0.05035086 0 -0.2720293 0.9522918 0.138353 0 -0.01093207 -0.1468193 0.9891027 0 2.970387E-05 0.0003987518 -1.070672E-05 1]]
		[0.6 [0.962227 0.2675513 0.05035086 0 -0.2720293 0.9522918 0.138353 0 -0.01093207 -0.1468193 0.9891027 0 2.970387E-05 0.0003987518 -1.070672E-05 1]]
		[0.6333333 [0.962227 0.2675513 0.05035086 0 -0.2720293 0.9522918 0.138353 0 -0.01093207 -0.1468193 0.9891027 0 2.970387E-05 0.0003987518 -1.070672E-05 1]]
		[0.6666667 [0.962227 0.2675513 0.05035086 0 -0.2720293 0.9522918 0.138353 0 -0.01093207 -0.1468193 0.9891027 0 2.970387E-05 0.0003987518 -1.070672E-05 1]]
		[0.7 [0.962227 0.2675513 0.05035086 0 -0.2720293 0.9522918 0.138353 0 -0.01093207 -0.1468193 0.9891027 0 2.970387E-05 0.0003987518 -1.070672E-05 1]]
		[0.7333333 [0.962227 0.2675513 0.05035086 0 -0.2720293 0.9522918 0.138353 0 -0.01093207 -0.1468193 0.9891027 0 2.970387E-05 0.0003987518 -1.070672E-05 1]]
		[0.7666667 [0.962227 0.2675513 0.05035086 0 -0.2720293 0.9522918 0.138353 0 -0.01093207 -0.1468193 0.9891027 0 2.970387E-05 0.0003987518 -1.070672E-05 1]]
		[0.8 [0.962227 0.2675513 0.05035086 0 -0.2720293 0.9522918 0.138353 0 -0.01093207 -0.1468193 0.9891027 0 2.970387E-05 0.0003987518 -1.070672E-05 1]]
		[0.8333333 [0.962227 0.2675513 0.05035086 0 -0.2720293 0.9522918 0.138353 0 -0.01093207 -0.1468193 0.9891027 0 2.970387E-05 0.0003987518 -1.070672E-05 1]]
		[0.8666667 [0.962227 0.2675513 0.05035086 0 -0.2720293 0.9522918 0.138353 0 -0.01093207 -0.1468193 0.9891027 0 2.970387E-05 0.0003987518 -1.070672E-05 1]]
		[0.9 [0.962227 0.2675513 0.05035086 0 -0.2720293 0.9522918 0.138353 0 -0.01093207 -0.1468193 0.9891027 0 2.970387E-05 0.0003987518 -1.070672E-05 1]]
		[0.9333333 [0.962227 0.2675513 0.05035086 0 -0.2720293 0.9522918 0.138353 0 -0.01093207 -0.1468193 0.9891027 0 2.970387E-05 0.0003987518 -1.070672E-05 1]]
		[0.9666666 [0.962227 0.2675513 0.05035086 0 -0.2720293 0.9522918 0.138353 0 -0.01093207 -0.1468193 0.9891027 0 2.970387E-05 0.0003987518 -1.070672E-05 1]]
	]
	"Koleno_L" [
		[0 [0.9997441 0.01792954 -0.01383084 0 -0.0198877 0.9872741 -0.1577801 0 0.01082533 0.1580101 0.987378 0 0.001422857 -6.604592E-05 -0.0007256172 1]]
		[0.03333334 [0.9996479 0.02176651 0.01520003 0 -0.01885556 0.9851536 -0.1706364 0 -0.01868867 0.1702849 0.9852173 0 0.001427616 -6.764343E-05 -0.0007223357 1]]
		[0.06666667 [0.9981876 0.026736 0.05392042 0 -0.01618803 0.982167 -0.1873121 0 -0.05796681 0.1860948 0.9808201 0 0.001437193 -7.08689E-05 -0.0007156823 1]]
		[0.1 [0.9952008 0.03274706 0.09221609 0 -0.01329506 0.9788561 -0.2041185 0 -0.09695043 0.2019078 0.9745938 0 0.001444425 -7.331737E-05 -0.0007106158 1]]
		[0.1333333 [0.9919806 0.03926823 0.1201386 0 -0.01229445 0.9759852 -0.2174909 0 -0.1257938 0.2142646 0.9686412 0 0.001442009 -7.24986E-05 -0.0007123118 1]]
		[0.1666667 [0.9907398 0.04535613 0.1279766 0 -0.01568899 0.9744849 -0.223906 0 -0.1348673 0.2198199 0.9661725 0 0.001422857 -6.604592E-05 -0.0007256172 1]]
		[0.2 [0.9939482 0.04958275 0.0980219 0 -0.02730429 0.9758468 -0.2167432 0 -0.1064029 0.2127508 0.9712955 0 0.001374076 -4.998029E-05 -0.0007584245 1]]
		[0.2333333 [0.9981188 0.05128394 0.03359407 0 -0.04373601 0.9796281 -0.196 0 -0.04296574 0.1941585 0.9800292 0 0.00130424 -2.792721E-05 -0.0008032551 1]]
		[0.2666667 [0.9977646 0.05104021 -0.04312961 0 -0.05763588 0.9839311 -0.1689892 0 0.03380467 0.1710946 0.9846749 0 0.001236438 -7.732091E-06 -0.0008455131 1]]
		[0.3 [0.9927311 0.04977618 -0.1095762 0 -0.0654421 0.9873548 -0.1443874 0 0.1009948 0.1505069 0.9834374 0 0.001187492 5.930347E-06 -0.0008762819 1]]
		[0.3333333 [0.9884755 0.04828035 -0.1434753 0 -0.06733421 0.9890822 -0.1310806 0 0.1355708 0.1392291 0.9809366 0 0.001168805 1.08954E-05 -0.0008883366 1]]
		[0.3666667 [0.9889604 0.04582513 -0.1409163 0 -0.06439994 0.9893896 -0.1302314 0 0.1334446 0.1378669 0.9814204 0 0.00118404 6.857816E-06 -0.0008784911 1]]
		[0.4 [0.9921291 0.04133343 -0.1182023 0 -0.0573427 0.9891252 -0.135437 0 0.1113114 0.1411466 0.9837112 0 0.001225183 -4.513618E-06 -0.000852526 1]]
		[0.4333333 [0.9958838 0.03472907 -0.08372752 0 -0.0465533 0.9885243 -0.1437099 0 0.07777062 0.1470129 0.9860726 0 0.001285634 -2.225573E-05 -0.0008149112 1]]
		[0.4666667 [0.9985902 0.02648163 -0.04601156 0 -0.03319935 0.9878201 -0.1520169 0 0.04142283 0.1533261 0.9873069 0 0.001356093 -4.418974E-05 -0.0007701747 1]]
		[0.5 [0.9997441 0.01792954 -0.01383084 0 -0.0198877 0.9872741 -0.1577801 0 0.01082533 0.1580101 0.987378 0 0.001422857 -6.604592E-05 -0.0007256172 1]]
		[0.5333334 [0.9997441 0.01792954 -0.01383084 0 -0.0198877 0.9872741 -0.1577801 0 0.01082533 0.1580101 0.987378 0 0.001422857 -6.604592E-05 -0.0007256172 1]]
		[0.5666667 [0.9997441 0.01792954 -0.01383084 0 -0.0198877 0.9872741 -0.1577801 0 0.01082533 0.1580101 0.987378 0 0.001422857 -6.604592E-05 -0.0007256172 1]]
		[0.6 [0.9997441 0.01792954 -0.01383084 0 -0.0198877 0.9872741 -0.1577801 0 0.01082533 0.1580101 0.987378 0 0.001422857 -6.604592E-05 -0.0007256172 1]]
		[0.6333333 [0.9997441 0.01792954 -0.01383084 0 -0.0198877 0.9872741 -0.1577801 0 0.01082533 0.1580101 0.987378 0 0.001422857 -6.604592E-05 -0.0007256172 1]]
		[0.6666667 [0.9997441 0.01792954 -0.01383084 0 -0.0198877 0.9872741 -0.1577801 0 0.01082533 0.1580101 0.987378 0 0.001422857 -6.604592E-05 -0.0007256172 1]]
		[0.7 [0.9997441 0.01792954 -0.01383084 0 -0.0198877 0.9872741 -0.1577801 0 0.01082533 0.1580101 0.987378 0 0.001422857 -6.604592E-05 -0.0007256172 1]]
		[0.7333333 [0.9997441 0.01792954 -0.01383084 0 -0.0198877 0.9872741 -0.1577801 0 0.01082533 0.1580101 0.987378 0 0.001422857 -6.604592E-05 -0.0007256172 1]]
		[0.7666667 [0.9997441 0.01792954 -0.01383084 0 -0.0198877 0.9872741 -0.1577801 0 0.01082533 0.1580101 0.987378 0 0.001422857 -6.604592E-05 -0.0007256172 1]]
		[0.8 [0.9997441 0.01792954 -0.01383084 0 -0.0198877 0.9872741 -0.1577801 0 0.01082533 0.1580101 0.987378 0 0.001422857 -6.604592E-05 -0.0007256172 1]]
		[0.8333333 [0.9997441 0.01792954 -0.01383084 0 -0.0198877 0.9872741 -0.1577801 0 0.01082533 0.1580101 0.987378 0 0.001422857 -6.604592E-05 -0.0007256172 1]]
		[0.8666667 [0.9997441 0.01792954 -0.01383084 0 -0.0198877 0.9872741 -0.1577801 0 0.01082533 0.1580101 0.987378 0 0.001422857 -6.604592E-05 -0.0007256172 1]]
		[0.9 [0.9997441 0.01792954 -0.01383084 0 -0.0198877 0.9872741 -0.1577801 0 0.01082533 0.1580101 0.987378 0 0.001422857 -6.604592E-05 -0.0007256172 1]]
		[0.9333333 [0.9997441 0.01792954 -0.01383084 0 -0.0198877 0.9872741 -0.1577801 0 0.01082533 0.1580101 0.987378 0 0.001422857 -6.604592E-05 -0.0007256172 1]]
		[0.9666666 [0.9997441 0.01792954 -0.01383084 0 -0.0198877 0.9872741 -0.1577801 0 0.01082533 0.1580101 0.987378 0 0.001422857 -6.604592E-05 -0.0007256172 1]]
	]
	"Koleno_L_end" [
		[0 [0.9997441 0.01792954 -0.01383084 0 -0.0198877 0.9872741 -0.1577801 0 0.01082533 0.1580101 0.987378 0 0.001307976 -0.0001395573 -0.001637035 1]]
		[0.03333334 [0.9996479 0.02176651 0.01520003 0 -0.01885556 0.9851536 -0.1706364 0 -0.01868867 0.1702849 0.9852173 0 0.001318697 -0.0001534033 -0.001708017 1]]
		[0.06666667 [0.9981876 0.026736 0.05392042 0 -0.01618803 0.982167 -0.1873121 0 -0.05796681 0.1860948 0.9808201 0 0.001343682 -0.0001738806 -0.001797691 1]]
		[0.1 [0.9952008 0.03274706 0.09221609 0 -0.01329506 0.9788561 -0.2041185 0 -0.09695043 0.2019078 0.9745938 0 0.001367626 -0.0001954561 -0.001889705 1]]
		[0.1333333 [0.9919806 0.03926823 0.1201386 0 -0.01229445 0.9759852 -0.2174909 0 -0.1257938 0.2142646 0.9686412 0 0.001370991 -0.00021122 -0.001968649 1]]
		[0.1666667 [0.9907398 0.04535613 0.1279766 0 -0.01568899 0.9744849 -0.223906 0 -0.1348673 0.2198199 0.9661725 0 0.001332229 -0.0002134334 -0.002019011 1]]
		[0.2 [0.9939482 0.04958275 0.0980219 0 -0.02730429 0.9758468 -0.2167432 0 -0.1064029 0.2127508 0.9712955 0 0.001216353 -0.0001895022 -0.002010441 1]]
		[0.2333333 [0.9981188 0.05128394 0.03359407 0 -0.04373601 0.9796281 -0.196 0 -0.04296574 0.1941585 0.9800292 0 0.001051599 -0.0001456058 -0.001935449 1]]
		[0.2666667 [0.9977646 0.05104021 -0.04312961 0 -0.05763588 0.9839311 -0.1689892 0 0.03380467 0.1710946 0.9846749 0 0.0009035046 -0.0001005542 -0.00182168 1]]
		[0.3 [0.9927311 0.04977618 -0.1095762 0 -0.0654421 0.9873548 -0.1443874 0 0.1009948 0.1505069 0.9834374 0 0.0008094659 -6.71147E-05 -0.001710337 1]]
		[0.3333333 [0.9884755 0.04828035 -0.1434753 0 -0.06733421 0.9890822 -0.1310806 0 0.1355708 0.1392291 0.9809366 0 0.000779849 -5.217189E-05 -0.001645524 1]]
		[0.3666667 [0.9889604 0.04582513 -0.1409163 0 -0.06439994 0.9893896 -0.1302314 0 0.1334446 0.1378669 0.9814204 0 0.0008120339 -5.44332E-05 -0.001630772 1]]
		[0.4 [0.9921291 0.04133343 -0.1182023 0 -0.0573427 0.9891252 -0.135437 0 0.1113114 0.1411466 0.9837112 0 0.0008939432 -6.73325E-05 -0.001634877 1]]
		[0.4333333 [0.9958838 0.03472907 -0.08372752 0 -0.0465533 0.9885243 -0.1437099 0 0.07777062 0.1470129 0.9860726 0 0.001016719 -8.854608E-05 -0.001645051 1]]
		[0.4666667 [0.9985902 0.02648163 -0.04601156 0 -0.03319935 0.9878201 -0.1520169 0 0.04142283 0.1533261 0.9873069 0 0.001164317 -0.0001145475 -0.0016483 1]]
		[0.5 [0.9997441 0.01792954 -0.01383084 0 -0.0198877 0.9872741 -0.1577801 0 0.01082533 0.1580101 0.987378 0 0.001307976 -0.0001395573 -0.001637035 1]]
		[0.5333334 [0.9997441 0.01792954 -0.01383084 0 -0.0198877 0.9872741 -0.1577801 0 0.01082533 0.1580101 0.987378 0 0.001307976 -0.0001395573 -0.001637035 1]]
		[0.5666667 [0.9997441 0.01792954 -0.01383084 0 -0.0198877 0.9872741 -0.1577801 0 0.01082533 0.1580101 0.987378 0 0.001307976 -0.0001395573 -0.001637035 1]]
		[0.6 [0.9997441 0.01792954 -0.01383084 0 -0.0198877 0.9872741 -0.1577801 0 0.01082533 0.1580101 0.987378 0 0.001307976 -0.0001395573 -0.001637035 1]]
		[0.6333333 [0.9997441 0.01792954 -0.01383084 0 -0.0198877 0.9872741 -0.1577801 0 0.01082533 0.1580101 0.987378 0 0.001307976 -0.0001395573 -0.001637035 1]]
		[0.6666667 [0.9997441 0.01792954 -0.01383084 0 -0.0198877 0.9872741 -0.1577801 0 0.01082533 0.1580101 0.987378 0 0.001307976 -0.0001395573 -0.001637035 1]]
		[0.7 [0.9997441 0.01792954 -0.01383084 0 -0.0198877 0.9872741 -0.1577801 0 0.01082533 0.1580101 0.987378 0 0.001307976 -0.0001395573 -0.001637035 1]]
		[0.7333333 [0.9997441 0.01792954 -0.01383084 0 -0.0198877 0.9872741 -0.1577801 0 0.01082533 0.1580101 0.987378 0 0.001307976 -0.0001395573 -0.001637035 1]]
		[0.7666667 [0.9997441 0.01792954 -0.01383084 0 -0.0198877 0.9872741 -0.1577801 0 0.01082533 0.1580101 0.987378 0 0.001307976 -0.0001395573 -0.001637035 1]]
		[0.8 [0.9997441 0.01792954 -0.01383084 0 -0.0198877 0.9872741 -0.1577801 0 0.01082533 0.1580101 0.987378 0 0.001307976 -0.0001395573 -0.001637035 1]]
		[0.8333333 [0.9997441 0.01792954 -0.01383084 0 -0.0198877 0.9872741 -0.1577801 0 0.01082533 0.1580101 0.987378 0 0.001307976 -0.0001395573 -0.001637035 1]]
		[0.8666667 [0.9997441 0.01792954 -0.01383084 0 -0.0198877 0.9872741 -0.1577801 0 0.01082533 0.1580101 0.987378 0 0.001307976 -0.0001395573 -0.001637035 1]]
		[0.9 [0.9997441 0.01792954 -0.01383084 0 -0.0198877 0.9872741 -0.1577801 0 0.01082533 0.1580101 0.987378 0 0.001307976 -0.0001395573 -0.001637035 1]]
		[0.9333333 [0.9997441 0.01792954 -0.01383084 0 -0.0198877 0.9872741 -0.1577801 0 0.01082533 0.1580101 0.987378 0 0.001307976 -0.0001395573 -0.001637035 1]]
		[0.9666666 [0.9997441 0.01792954 -0.01383084 0 -0.0198877 0.9872741 -0.1577801 0 0.01082533 0.1580101 0.987378 0 0.001307976 -0.0001395573 -0.001637035 1]]
	]
	"Bedro_P" [
		[0 [0.6740398 0.2694751 0.6877978 0 -0.026827 0.9394017 -0.3417725 0 -0.7381975 0.2119101 0.6404237 0 2.960738E-05 0.0003987603 1.063789E-05 1]]
		[0.03333334 [0.6671902 0.2726792 0.6931926 0 -0.02855157 0.9392654 -0.3420067 0 -0.7443297 0.2083852 0.6344545 0 2.960738E-05 0.0003987603 1.063789E-05 1]]
		[0.06666667 [0.6532935 0.2790921 0.7037957 0 -0.0319984 0.9389231 -0.3426413 0 -0.7564176 0.2013186 0.6223232 0 2.960738E-05 0.0003987603 1.063789E-05 1]]
		[0.1 [0.6427003 0.2839052 0.7115809 0 -0.03457804 0.9386044 -0.3432628 0 -0.7653261 0.1960039 0.6130587 0 2.960738E-05 0.0003987603 1.063789E-05 1]]
		[0.1333333 [0.6462476 0.2823006 0.7090018 0 -0.03371906 0.9387165 -0.3430418 0 -0.7623716 0.1977769 0.6161627 0 2.960738E-05 0.0003987603 1.063789E-05 1]]
		[0.1666667 [0.6740398 0.2694751 0.6877978 0 -0.026827 0.9394017 -0.3417725 0 -0.7381975 0.2119101 0.6404237 0 2.960738E-05 0.0003987603 1.063789E-05 1]]
		[0.2 [0.7418742 0.2359753 0.6276534 0 -0.008932928 0.9394252 -0.3426428 0 -0.6704702 0.2485832 0.6990435 0 2.960738E-05 0.0003987603 1.063789E-05 1]]
		[0.2333333 [0.8302249 0.1857568 0.5255743 0 0.01581166 0.9346153 -0.3553145 0 -0.5571966 0.3032916 0.7730039 0 2.960738E-05 0.0003987603 1.063789E-05 1]]
		[0.2666667 [0.9034439 0.1341398 0.4071853 0 0.03528972 0.9232946 -0.3824737 0 -0.4272453 0.3599016 0.8294115 0 2.960738E-05 0.0003987603 1.063789E-05 1]]
		[0.3 [0.94638 0.0948918 0.3088084 0 0.04336565 0.9099201 -0.4125158 0 -0.3201264 0.4037756 0.8570158 0 2.960738E-05 0.0003987603 1.063789E-05 1]]
		[0.3333333 [0.9600953 0.07942821 0.2681601 0 0.04438642 0.9033951 -0.4265126 0 -0.2761243 0.4213821 0.8638201 0 2.960738E-05 0.0003987603 1.063789E-05 1]]
		[0.3666667 [0.949034 0.09205607 0.3014334 0 0.04365502 0.9087797 -0.4149925 0 -0.3121306 0.4069882 0.8584446 0 2.960738E-05 0.0003987603 1.063789E-05 1]]
		[0.4 [0.9141394 0.1252704 0.3855648 0 0.03771998 0.920652 -0.3885635 0 -0.4036354 0.369733 0.8368795 0 2.960738E-05 0.0003987603 1.063789E-05 1]]
		[0.4333333 [0.8516952 0.1718898 0.4950511 0 0.02180541 0.9322312 -0.3612115 0 -0.5235764 0.3184268 0.7902289 0 2.960738E-05 0.0003987603 1.063789E-05 1]]
		[0.4666667 [0.7656952 0.2233074 0.6032032 0 -0.002356979 0.938766 -0.3445527 0 -0.6431902 0.2623923 0.7193353 0 2.960738E-05 0.0003987603 1.063789E-05 1]]
		[0.5 [0.6740398 0.2694751 0.6877978 0 -0.026827 0.9394017 -0.3417725 0 -0.7381975 0.2119101 0.6404237 0 2.960738E-05 0.0003987603 1.063789E-05 1]]
		[0.5333334 [0.6740398 0.2694751 0.6877978 0 -0.026827 0.9394017 -0.3417725 0 -0.7381975 0.2119101 0.6404237 0 2.960738E-05 0.0003987603 1.063789E-05 1]]
		[0.5666667 [0.6740398 0.2694751 0.6877978 0 -0.026827 0.9394017 -0.3417725 0 -0.7381975 0.2119101 0.6404237 0 2.960738E-05 0.0003987603 1.063789E-05 1]]
		[0.6 [0.6740398 0.2694751 0.6877978 0 -0.026827 0.9394017 -0.3417725 0 -0.7381975 0.2119101 0.6404237 0 2.960738E-05 0.0003987603 1.063789E-05 1]]
		[0.6333333 [0.6740398 0.2694751 0.6877978 0 -0.026827 0.9394017 -0.3417725 0 -0.7381975 0.2119101 0.6404237 0 2.960738E-05 0.0003987603 1.063789E-05 1]]
		[0.6666667 [0.6740398 0.2694751 0.6877978 0 -0.026827 0.9394017 -0.3417725 0 -0.7381975 0.2119101 0.6404237 0 2.960738E-05 0.0003987603 1.063789E-05 1]]
		[0.7 [0.6740398 0.2694751 0.6877978 0 -0.026827 0.9394017 -0.3417725 0 -0.7381975 0.2119101 0.6404237 0 2.960738E-05 0.0003987603 1.063789E-05 1]]
		[0.7333333 [0.6740398 0.2694751 0.6877978 0 -0.026827 0.9394017 -0.3417725 0 -0.7381975 0.2119101 0.6404237 0 2.960738E-05 0.0003987603 1.063789E-05 1]]
		[0.7666667 [0.6740398 0.2694751 0.6877978 0 -0.026827 0.9394017 -0.3417725 0 -0.7381975 0.2119101 0.6404237 0 2.960738E-05 0.0003987603 1.063789E-05 1]]
		[0.8 [0.6740398 0.2694751 0.6877978 0 -0.026827 0.9394017 -0.3417725 0 -0.7381975 0.2119101 0.6404237 0 2.960738E-05 0.0003987603 1.063789E-05 1]]
		[0.8333333 [0.6740398 0.2694751 0.6877978 0 -0.026827 0.9394017 -0.3417725 0 -0.7381975 0.2119101 0.6404237 0 2.960738E-05 0.0003987603 1.063789E-05 1]]
		[0.8666667 [0.6740398 0.2694751 0.6877978 0 -0.026827 0.9394017 -0.3417725 0 -0.7381975 0.2119101 0.6404237 0 2.960738E-05 0.0003987603 1.063789E-05 1]]
		[0.9 [0.6740398 0.2694751 0.6877978 0 -0.026827 0.9394017 -0.3417725 0 -0.7381975 0.2119101 0.6404237 0 2.960738E-05 0.0003987603 1.063789E-05 1]]
		[0.9333333 [0.6740398 0.2694751 0.6877978 0 -0.026827 0.9394017 -0.3417725 0 -0.7381975 0.2119101 0.6404237 0 2.960738E-05 0.0003987603 1.063789E-05 1]]
		[0.9666666 [0.6740398 0.2694751 0.6877978 0 -0.026827 0.9394017 -0.3417725 0 -0.7381975 0.2119101 0.6404237 0 2.960738E-05 0.0003987603 1.063789E-05 1]]
	]
	"Koleno_P" [
		[0 [0.6324121 0.05455814 0.7727193 0 -0.1208792 0.9922469 0.02887438 0 -0.765132 -0.1116624 0.6341044 0 0.0001105708 4.025244E-05 0.00180856 1]]
		[0.03333334 [0.6241103 0.07199124 0.7780235 0 -0.1286546 0.9916229 0.01144881 0 -0.7706608 -0.107238 0.6281446 0 0.000119539 3.821774E-05 0.001809844 1]]
		[0.06666667 [0.6093956 0.09086171 0.7876539 0 -0.1334754 0.99099 -0.01104954 0 -0.7815396 -0.09839554 0.6160333 0 0.0001374045 3.37731E-05 0.001813292 1]]
		[0.1 [0.5971785 0.112888 0.7941358 0 -0.1413763 0.9893601 -0.03432671 0 -0.7895398 -0.09176967 0.6067849 0 0.0001507229 3.010983E-05 0.00181665 1]]
		[0.1333333 [0.5961075 0.1397165 0.790666 0 -0.1595157 0.9857211 -0.05392102 0 -0.7868882 -0.0939777 0.6098834 0 0.0001462931 3.136199E-05 0.001815458 1]]
		[0.1666667 [0.613416 0.172837 0.7706263 0 -0.1956467 0.9786001 -0.06374833 0 -0.765132 -0.1116624 0.6341044 0 0.0001105708 4.025244E-05 0.00180856 1]]
		[0.2 [0.6597308 0.2163443 0.7196979 0 -0.2637176 0.9634113 -0.04786236 0 -0.7037005 -0.1582154 0.6926463 0 1.634706E-05 5.385558E-05 0.001812697 1]]
		[0.2333333 [0.7194233 0.2647157 0.6421584 0 -0.3501393 0.9366772 0.006144596 0 -0.5998521 -0.2292582 0.7665552 0 -0.000118021 4.652144E-05 0.001879115 1]]
		[0.2666667 [0.7690449 0.3057784 0.5613185 0 -0.4224949 0.9021405 0.08740896 0 -0.4796472 -0.304366 0.8229769 0 -0.0002301031 1.043335E-07 0.002022331 1]]
		[0.3 [0.8008659 0.3308741 0.4991419 0 -0.4627959 0.8709304 0.1652269 0 -0.380038 -0.3633141 0.8506267 0 -0.0002838104 -6.591135E-05 0.002181066 1]]
		[0.3333333 [0.8145773 0.3351983 0.4734049 0 -0.4706577 0.8589617 0.2016616 0 -0.339031 -0.3870686 0.857455 0 -0.0002946194 -0.0001002874 0.00225508 1]]
		[0.3666667 [0.8130965 0.313195 0.4907033 0 -0.4472661 0.8756371 0.1822446 0 -0.3725897 -0.3676459 0.8520598 0 -0.0002862849 -7.183742E-05 0.002194162 1]]
		[0.4 [0.797681 0.2658512 0.5413285 0 -0.3926668 0.9102155 0.1316081 0 -0.4577249 -0.317533 0.8304531 0 -0.0002451144 -1.231713E-05 0.00205449 1]]
		[0.4333333 [0.7617993 0.1994999 0.6163378 0 -0.3099565 0.947679 0.07636162 0 -0.5688408 -0.2492022 0.783778 0 -0.0001515912 3.816669E-05 0.001910167 1]]
		[0.4666667 [0.7030781 0.1244044 0.7001562 0 -0.2119027 0.9765007 0.03928334 0 -0.6787973 -0.1759785 0.7129183 0 -1.884135E-05 5.524905E-05 0.001822633 1]]
		[0.5 [0.6324121 0.05455814 0.7727193 0 -0.1208792 0.9922469 0.02887438 0 -0.765132 -0.1116624 0.6341044 0 0.0001105708 4.025244E-05 0.00180856 1]]
		[0.5333334 [0.6324121 0.05455814 0.7727193 0 -0.1208792 0.9922469 0.02887438 0 -0.765132 -0.1116624 0.6341044 0 0.0001105708 4.025244E-05 0.00180856 1]]
		[0.5666667 [0.6324121 0.05455814 0.7727193 0 -0.1208792 0.9922469 0.02887438 0 -0.765132 -0.1116624 0.6341044 0 0.0001105708 4.025244E-05 0.00180856 1]]
		[0.6 [0.6324121 0.05455814 0.7727193 0 -0.1208792 0.9922469 0.02887438 0 -0.765132 -0.1116624 0.6341044 0 0.0001105708 4.025244E-05 0.00180856 1]]
		[0.6333333 [0.6324121 0.05455814 0.7727193 0 -0.1208792 0.9922469 0.02887438 0 -0.765132 -0.1116624 0.6341044 0 0.0001105708 4.025244E-05 0.00180856 1]]
		[0.6666667 [0.6324121 0.05455814 0.7727193 0 -0.1208792 0.9922469 0.02887438 0 -0.765132 -0.1116624 0.6341044 0 0.0001105708 4.025244E-05 0.00180856 1]]
		[0.7 [0.6324121 0.05455814 0.7727193 0 -0.1208792 0.9922469 0.02887438 0 -0.765132 -0.1116624 0.6341044 0 0.0001105708 4.025244E-05 0.00180856 1]]
		[0.7333333 [0.6324121 0.05455814 0.7727193 0 -0.1208792 0.9922469 0.02887438 0 -0.765132 -0.1116624 0.6341044 0 0.0001105708 4.025244E-05 0.00180856 1]]
		[0.7666667 [0.6324121 0.05455814 0.7727193 0 -0.1208792 0.9922469 0.02887438 0 -0.765132 -0.1116624 0.6341044 0 0.0001105708 4.025244E-05 0.00180856 1]]
		[0.8 [0.6324121 0.05455814 0.7727193 0 -0.1208792 0.9922469 0.02887438 0 -0.765132 -0.1116624 0.6341044 0 0.0001105708 4.025244E-05 0.00180856 1]]
		[0.8333333 [0.6324121 0.05455814 0.7727193 0 -0.1208792 0.9922469 0.02887438 0 -0.765132 -0.1116624 0.6341044 0 0.0001105708 4.025244E-05 0.00180856 1]]
		[0.8666667 [0.6324121 0.05455814 0.7727193 0 -0.1208792 0.9922469 0.02887438 0 -0.765132 -0.1116624 0.6341044 0 0.0001105708 4.025244E-05 0.00180856 1]]
		[0.9 [0.6324121 0.05455814 0.7727193 0 -0.1208792 0.9922469 0.02887438 0 -0.765132 -0.1116624 0.6341044 0 0.0001105708 4.025244E-05 0.00180856 1]]
		[0.9333333 [0.6324121 0.05455814 0.7727193 0 -0.1208792 0.9922469 0.02887438 0 -0.765132 -0.1116624 0.6341044 0 0.0001105708 4.025244E-05 0.00180856 1]]
		[0.9666666 [0.6324121 0.05455814 0.7727193 0 -0.1208792 0.9922469 0.02887438 0 -0.765132 -0.1116624 0.6341044 0 0.0001105708 4.025244E-05 0.00180856 1]]
	]
	"Koleno_P_end" [
		[0 [0.6324121 0.05455814 0.7727193 0 -0.1208792 0.9922469 0.02887438 0 -0.765132 -0.1116624 0.6341044 0 -0.0005876881 -4.531734E-06 0.001975352 1]]
		[0.03333334 [0.6241103 0.07199124 0.7780235 0 -0.1286546 0.9916229 0.01144881 0 -0.7706608 -0.107238 0.6281446 0 -0.0006236343 -1.017189E-05 0.001875978 1]]
		[0.06666667 [0.6093956 0.09086171 0.7876539 0 -0.1334754 0.99099 -0.01104954 0 -0.7815396 -0.09839554 0.6160333 0 -0.0006336162 -1.827167E-05 0.001749465 1]]
		[0.1 [0.5971785 0.112888 0.7941358 0 -0.1413763 0.9893601 -0.03432671 0 -0.7895398 -0.09176967 0.6067849 0 -0.0006659372 -3.135101E-05 0.001618362 1]]
		[0.1333333 [0.5961075 0.1397165 0.790666 0 -0.1595157 0.9857211 -0.05392102 0 -0.7868882 -0.0939777 0.6098834 0 -0.0007751494 -5.111915E-05 0.001503983 1]]
		[0.1666667 [0.613416 0.172837 0.7706263 0 -0.1956467 0.9786001 -0.06374833 0 -0.765132 -0.1116624 0.6341044 0 -0.001019582 -8.336334E-05 0.001440317 1]]
		[0.2 [0.6597308 0.2163443 0.7196979 0 -0.2637176 0.9634113 -0.04786236 0 -0.7037005 -0.1582154 0.6926463 0 -0.001507017 -0.0001574981 0.001536219 1]]
		[0.2333333 [0.7194233 0.2647157 0.6421584 0 -0.3501393 0.9366772 0.006144596 0 -0.5998521 -0.2292582 0.7665552 0 -0.002140601 -0.0003192611 0.001914609 1]]
		[0.2666667 [0.7690449 0.3057784 0.5613185 0 -0.4224949 0.9021405 0.08740896 0 -0.4796472 -0.304366 0.8229769 0 -0.002670645 -0.0005651799 0.002527249 1]]
		[0.3 [0.8008659 0.3308741 0.4991419 0 -0.4627959 0.8709304 0.1652269 0 -0.380038 -0.3633141 0.8506267 0 -0.002957151 -0.0008114807 0.003135501 1]]
		[0.3333333 [0.8145773 0.3351983 0.4734049 0 -0.4706577 0.8589617 0.2016616 0 -0.339031 -0.3870686 0.857455 0 -0.003013374 -0.0009149946 0.003419978 1]]
		[0.3666667 [0.8130965 0.313195 0.4907033 0 -0.4472661 0.8756371 0.1822446 0 -0.3725897 -0.3676459 0.8520598 0 -0.002869918 -0.0007902184 0.003246896 1]]
		[0.4 [0.797681 0.2658512 0.5413285 0 -0.3926668 0.9102155 0.1316081 0 -0.4577249 -0.317533 0.8304531 0 -0.002513354 -0.0005309564 0.002814724 1]]
		[0.4333333 [0.7617993 0.1994999 0.6163378 0 -0.3099565 0.947679 0.07636162 0 -0.5688408 -0.2492022 0.783778 0 -0.001942055 -0.0002640641 0.002351271 1]]
		[0.4666667 [0.7030781 0.1244044 0.7001562 0 -0.2119027 0.9765007 0.03928334 0 -0.6787973 -0.1759785 0.7129183 0 -0.001242897 -8.049466E-05 0.002049554 1]]
		[0.5 [0.6324121 0.05455814 0.7727193 0 -0.1208792 0.9922469 0.02887438 0 -0.765132 -0.1116624 0.6341044 0 -0.0005876881 -4.531734E-06 0.001975352 1]]
		[0.5333334 [0.6324121 0.05455814 0.7727193 0 -0.1208792 0.9922469 0.02887438 0 -0.765132 -0.1116624 0.6341044 0 -0.0005876881 -4.531734E-06 0.001975352 1]]
		[0.5666667 [0.6324121 0.05455814 0.7727193 0 -0.1208792 0.9922469 0.02887438 0 -0.765132 -0.1116624 0.6341044 0 -0.0005876881 -4.531734E-06 0.001975352 1]]
		[0.6 [0.6324121 0.05455814 0.7727193 0 -0.1208792 0.9922469 0.02887438 0 -0.765132 -0.1116624 0.6341044 0 -0.0005876881 -4.531734E-06 0.001975352 1]]
		[0.6333333 [0.6324121 0.05455814 0.7727193 0 -0.1208792 0.9922469 0.02887438 0 -0.765132 -0.1116624 0.6341044 0 -0.0005876881 -4.531734E-06 0.001975352 1]]
		[0.6666667 [0.6324121 0.05455814 0.7727193 0 -0.1208792 0.9922469 0.02887438 0 -0.765132 -0.1116624 0.6341044 0 -0.0005876881 -4.531734E-06 0.001975352 1]]
		[0.7 [0.6324121 0.05455814 0.7727193 0 -0.1208792 0.9922469 0.02887438 0 -0.765132 -0.1116624 0.6341044 0 -0.0005876881 -4.531734E-06 0.001975352 1]]
		[0.7333333 [0.6324121 0.05455814 0.7727193 0 -0.1208792 0.9922469 0.02887438 0 -0.765132 -0.1116624 0.6341044 0 -0.0005876881 -4.531734E-06 0.001975352 1]]
		[0.7666667 [0.6324121 0.05455814 0.7727193 0 -0.1208792 0.9922469 0.02887438 0 -0.765132 -0.1116624 0.6341044 0 -0.0005876881 -4.531734E-06 0.001975352 1]]
		[0.8 [0.6324121 0.05455814 0.7727193 0 -0.1208792 0.9922469 0.02887438 0 -0.765132 -0.1116624 0.6341044 0 -0.0005876881 -4.531734E-06 0.001975352 1]]
		[0.8333333 [0.6324121 0.05455814 0.7727193 0 -0.1208792 0.9922469 0.02887438 0 -0.765132 -0.1116624 0.6341044 0 -0.0005876881 -4.531734E-06 0.001975352 1]]
		[0.8666667 [0.6324121 0.05455814 0.7727193 0 -0.1208792 0.9922469 0.02887438 0 -0.765132 -0.1116624 0.6341044 0 -0.0005876881 -4.531734E-06 0.001975352 1]]
		[0.9 [0.6324121 0.05455814 0.7727193 0 -0.1208792 0.9922469 0.02887438 0 -0.765132 -0.1116624 0.6341044 0 -0.0005876881 -4.531734E-06 0.001975352 1]]
		[0.9333333 [0.6324121 0.05455814 0.7727193 0 -0.1208792 0.9922469 0.02887438 0 -0.765132 -0.1116624 0.6341044 0 -0.0005876881 -4.531734E-06 0.001975352 1]]
		[0.9666666 [0.6324121 0.05455814 0.7727193 0 -0.1208792 0.9922469 0.02887438 0 -0.765132 -0.1116624 0.6341044 0 -0.0005876881 -4.531734E-06 0.001975352 1]]
	]
	"Tors" [
		[0 [1 0 0 0 0 0.9396923 -0.34202 0 0 0.34202 0.9396923 0 0 -0.000400001 4.768371E-11 1]]
		[0.03333334 [0.9915832 1.136868E-15 -0.1294706 0 -0.04428158 0.9396923 -0.3391413 0 0.1216626 0.34202 0.9317831 0 0 -0.000400001 4.768371E-11 1]]
		[0.06666667 [0.9597219 -3.725287E-09 -0.2809516 0 -0.09609114 0.9396923 -0.3282441 0 0.2640083 0.34202 0.9018433 0 0 -0.000400001 4.768371E-11 1]]
		[0.1 [0.9101384 0 -0.4143043 0 -0.1417005 0.9396923 -0.3112856 0 0.3893188 0.34202 0.85525 0 0 -0.000400001 4.768371E-11 1]]
		[0.1333333 [0.8681467 0 -0.4963075 0 -0.1697472 0.9396923 -0.2969235 0 0.4663766 0.34202 0.8157908 0 0 -0.000400001 4.768371E-11 1]]
		[0.1666667 [0.8660254 4.547473E-15 -0.4999999 0 -0.1710101 0.9396923 -0.296198 0 0.4698463 0.3420201 0.8137974 0 0 -0.000400001 4.768371E-11 1]]
		[0.2 [0.9250078 7.450579E-09 -0.3799478 0 -0.1299498 0.9396923 -0.3163712 0 0.3570342 0.3420201 0.8692228 0 0 -0.000400001 4.768371E-11 1]]
		[0.2333333 [0.9898101 -1.862644E-09 -0.1423937 0 -0.04870152 0.9396923 -0.3385349 0 0.1338063 0.34202 0.9301169 0 0 -0.000400001 4.768371E-11 1]]
		[0.2666667 [0.9899825 -1.136868E-15 0.1411897 0 0.04828973 0.9396923 -0.3385939 0 -0.132675 0.34202 0.930279 0 0 -0.000400001 4.768371E-11 1]]
		[0.3 [0.9254529 0 0.3788626 0 0.1295787 0.9396923 -0.3165234 0 -0.3560145 0.34202 0.8696408 0 0 -0.000400001 4.768371E-11 1]]
		[0.3333333 [0.8665679 0 0.4990591 0 0.1706883 0.9396923 -0.2963836 0 -0.4689623 0.3420201 0.8143072 0 0 -0.000400001 4.768371E-11 1]]
		[0.3666667 [0.868612 0 0.4954928 0 0.1694686 0.9396923 -0.2970827 0 -0.465611 0.3420201 0.8162279 0 0 -0.000400001 4.768371E-11 1]]
		[0.4 [0.9104405 7.450579E-09 0.41364 0 0.1414733 0.9396923 -0.3113889 0 -0.3886946 0.3420201 0.8555339 0 0 -0.000400001 4.768371E-11 1]]
		[0.4333333 [0.9598585 -2.273736E-15 0.2804846 0 0.09593143 0.9396923 -0.3282908 0 -0.2635694 0.34202 0.9019716 0 0 -0.000400001 4.768371E-11 1]]
		[0.4666667 [0.9916136 -1.136868E-15 0.129238 0 0.04420201 0.9396923 -0.3391517 0 -0.121444 0.34202 0.9318116 0 0 -0.000400001 4.768371E-11 1]]
		[0.5 [1 0 0 0 0 0.9396923 -0.34202 0 0 0.34202 0.9396923 0 0 -0.000400001 4.768371E-11 1]]
		[0.5333334 [1 0 0 0 0 0.9396923 -0.34202 0 0 0.34202 0.9396923 0 0 -0.000400001 4.768371E-11 1]]
		[0.5666667 [1 0 0 0 0 0.9396923 -0.34202 0 0 0.34202 0.9396923 0 0 -0.000400001 4.768371E-11 1]]
		[0.6 [1 0 0 0 0 0.9396923 -0.34202 0 0 0.34202 0.9396923 0 0 -0.000400001 4.768371E-11 1]]
		[0.6333333 [1 0 0 0 0 0.9396923 -0.34202 0 0 0.34202 0.9396923 0 0 -0.000400001 4.768371E-11 1]]
		[0.6666667 [1 0 0 0 0 0.9396923 -0.34202 0 0 0.34202 0.9396923 0 0 -0.000400001 4.768371E-11 1]]
		[0.7 [1 0 0 0 0 0.9396923 -0.34202 0 0 0.34202 0.9396923 0 0 -0.000400001 4.768371E-11 1]]
		[0.7333333 [1 0 0 0 0 0.9396923 -0.34202 0 0 0.34202 0.9396923 0 0 -0.000400001 4.768371E-11 1]]
		[0.7666667 [1 0 0 0 0 0.9396923 -0.34202 0 0 0.34202 0.9396923 0 0 -0.000400001 4.768371E-11 1]]
		[0.8 [1 0 0 0 0 0.9396923 -0.34202 0 0 0.34202 0.9396923 0 0 -0.000400001 4.768371E-11 1]]
		[0.8333333 [1 0 0 0 0 0.9396923 -0.34202 0 0 0.34202 0.9396923 0 0 -0.000400001 4.768371E-11 1]]
		[0.8666667 [1 0 0 0 0 0.9396923 -0.34202 0 0 0.34202 0.9396923 0 0 -0.000400001 4.768371E-11 1]]
		[0.9 [1 0 0 0 0 0.9396923 -0.34202 0 0 0.34202 0.9396923 0 0 -0.000400001 4.768371E-11 1]]
		[0.9333333 [1 0 0 0 0 0.9396923 -0.34202 0 0 0.34202 0.9396923 0 0 -0.000400001 4.768371E-11 1]]
		[0.9666666 [1 0 0 0 0 0.9396923 -0.34202 0 0 0.34202 0.9396923 0 0 -0.000400001 4.768371E-11 1]]
	]
	"Golova" [
		[0 [1 0 -2.384186E-07 0 0 0.9999996 0 0 2.384185E-07 0 0.9999996 0 -4.861851E-10 -0.0007595706 -0.002039208 1]]
		[0.03333334 [0.9999685 0.001017846 -0.007867311 0 -0.0009965268 0.9999955 0.002713016 0 0.007870041 -0.002705066 0.999965 0 -0.000264018 -0.0007595706 -0.002022044 1]]
		[0.06666667 [0.9998448 0.001319084 -0.01756936 0 -0.001091315 0.999915 0.01296633 0 0.01758498 -0.01294511 0.9997612 0 -0.0005729191 -0.0007595706 -0.001957072 1]]
		[0.1 [0.9996324 -0.0001540183 -0.02711146 0 0.0009368988 0.9995825 0.0288662 0 0.0270957 -0.02888097 0.9992152 0 -0.0008448533 -0.0007595718 -0.001855961 1]]
		[0.1333333 [0.9994267 -0.002383336 -0.03377084 0 0.003810932 0.9990985 0.04227237 0 0.0336397 -0.04237689 0.9985348 0 -0.001012075 -0.0007595718 -0.001770331 1]]
		[0.1666667 [0.9994156 -0.002514674 -0.03408988 0 0.003978785 0.9990691 0.04294808 0 0.03395009 -0.04305862 0.9984952 0 -0.001019605 -0.0007595718 -0.001766006 1]]
		[0.2 [0.9996991 0.0004430481 -0.02452507 0 0.0001483179 0.999709 0.02410562 0 0.02452862 -0.02410194 0.9994083 0 -0.0007747941 -0.0007595718 -0.001886284 1]]
		[0.2333333 [0.9999619 0.001094585 -0.008666303 0 -0.001066148 0.9999937 0.003284383 0 0.008669853 -0.003275006 0.9999567 0 -0.0002903705 -0.0007595706 -0.002018429 1]]
		[0.2666667 [0.9999625 -0.001087758 0.008591246 0 0.00106005 0.9999939 0.003228795 0 -0.008594722 -0.003219544 0.9999576 0 0.000287915 -0.0007595706 -0.00201878 1]]
		[0.3 [0.9997011 -0.0004591344 0.02444454 0 -0.0001267911 0.9997125 0.02396304 0 -0.02444848 -0.02395906 0.9994135 0 0.0007725795 -0.0007595718 -0.001887191 1]]
		[0.3333333 [0.9994185 0.002480938 0.03400795 0 -0.003935684 0.9990767 0.04277525 0 -0.03387049 -0.04288422 0.9985054 0 0.001017686 -0.0007595718 -0.001767113 1]]
		[0.3666667 [0.9994292 0.002354696 0.03370033 0 -0.003774356 0.9991049 0.04212412 0 -0.03357103 -0.04222728 0.9985435 0 0.001010413 -0.0007595718 -0.001771281 1]]
		[0.4 [0.9996338 0.0001407855 0.02705999 0 -0.0009195596 0.9995853 0.0287695 0 -0.02704474 -0.02878384 0.9992194 0 0.0008434983 -0.0007595718 -0.001856578 1]]
		[0.4333333 [0.9998453 -0.001320719 0.01753756 0 0.001094134 0.9999155 0.01292245 0 -0.01755315 -0.01290124 0.9997624 0 0.0005719669 -0.0007595706 -0.001957351 1]]
		[0.4666667 [0.9999687 -0.001016374 0.007852484 0 0.0009951764 0.9999955 0.002703291 0 -0.007855207 -0.002695381 0.9999653 0 0.0002635426 -0.0007595706 -0.002022106 1]]
		[0.5 [1 0 -2.384186E-07 0 0 0.9999996 0 0 2.384185E-07 0 0.9999996 0 -4.861851E-10 -0.0007595706 -0.002039208 1]]
		[0.5333334 [1 0 -2.384186E-07 0 0 0.9999996 0 0 2.384185E-07 0 0.9999996 0 -4.861851E-10 -0.0007595706 -0.002039208 1]]
		[0.5666667 [1 0 -2.384186E-07 0 0 0.9999996 0 0 2.384185E-07 0 0.9999996 0 -4.861851E-10 -0.0007595706 -0.002039208 1]]
		[0.6 [1 0 -2.384186E-07 0 0 0.9999996 0 0 2.384185E-07 0 0.9999996 0 -4.861851E-10 -0.0007595706 -0.002039208 1]]
		[0.6333333 [1 0 -2.384186E-07 0 0 0.9999996 0 0 2.384185E-07 0 0.9999996 0 -4.861851E-10 -0.0007595706 -0.002039208 1]]
		[0.6666667 [1 0 -2.384186E-07 0 0 0.9999996 0 0 2.384185E-07 0 0.9999996 0 -4.861851E-10 -0.0007595706 -0.002039208 1]]
		[0.7 [1 0 -2.384186E-07 0 0 0.9999996 0 0 2.384185E-07 0 0.9999996 0 -4.861851E-10 -0.0007595706 -0.002039208 1]]
		[0.7333333 [1 0 -2.384186E-07 0 0 0.9999996 0 0 2.384185E-07 0 0.9999996 0 -4.861851E-10 -0.0007595706 -0.002039208 1]]
		[0.7666667 [1 0 -2.384186E-07 0 0 0.9999996 0 0 2.384185E-07 0 0.9999996 0 -4.861851E-10 -0.0007595706 -0.002039208 1]]
		[0.8 [1 0 -2.384186E-07 0 0 0.9999996 0 0 2.384185E-07 0 0.9999996 0 -4.861851E-10 -0.0007595706 -0.002039208 1]]
		[0.8333333 [1 0 -2.384186E-07 0 0 0.9999996 0 0 2.384185E-07 0 0.9999996 0 -4.861851E-10 -0.0007595706 -0.002039208 1]]
		[0.8666667 [1 0 -2.384186E-07 0 0 0.9999996 0 0 2.384185E-07 0 0.9999996 0 -4.861851E-10 -0.0007595706 -0.002039208 1]]
		[0.9 [1 0 -2.384186E-07 0 0 0.9999996 0 0 2.384185E-07 0 0.9999996 0 -4.861851E-10 -0.0007595706 -0.002039208 1]]
		[0.9333333 [1 0 -2.384186E-07 0 0 0.9999996 0 0 2.384185E-07 0 0.9999996 0 -4.861851E-10 -0.0007595706 -0.002039208 1]]
		[0.9666666 [1 0 -2.384186E-07 0 0 0.9999996 0 0 2.384185E-07 0 0.9999996 0 -4.861851E-10 -0.0007595706 -0.002039208 1]]
	]
	"Golova_end" [
		[0 [1 0 -2.384186E-07 0 0 0.9999996 0 0 2.384185E-07 0 0.9999996 0 -4.861852E-10 -0.0007595729 -0.002039209 1]]
		[0.03333334 [0.9999685 0.001017846 -0.007867311 0 -0.0009965268 0.9999955 0.002713016 0 0.007870041 -0.002705066 0.999965 0 -0.0002671556 -0.0007595848 -0.002013502 1]]
		[0.06666667 [0.9998448 0.001319084 -0.01756936 0 -0.001091315 0.999915 0.01296633 0 0.01758498 -0.01294511 0.9997612 0 -0.0005763559 -0.0007598399 -0.001916245 1]]
		[0.1 [0.9996324 -0.0001540183 -0.02711146 0 0.0009368988 0.9995825 0.0288662 0 0.0270957 -0.02888097 0.9992152 0 -0.0008419041 -0.0007608866 -0.00176507 1]]
		[0.1333333 [0.9994267 -0.002383336 -0.03377084 0 0.003810932 0.9990985 0.04227237 0 0.0336397 -0.04237689 0.9985348 0 -0.001000076 -0.0007624077 -0.001637228 1]]
		[0.1666667 [0.9994156 -0.002514674 -0.03408988 0 0.003978785 0.9990691 0.04294808 0 0.03395009 -0.04305862 0.9984952 0 -0.001007077 -0.0007625031 -0.001630775 1]]
		[0.2 [0.9996991 0.0004430481 -0.02452507 0 0.0001483179 0.999709 0.02410562 0 0.02452862 -0.02410194 0.9994083 0 -0.0007743267 -0.000760486 -0.001810382 1]]
		[0.2333333 [0.9999619 0.001094585 -0.008666303 0 -0.001066148 0.9999937 0.003284383 0 0.008669853 -0.003275006 0.9999567 0 -0.0002937286 -0.0007595919 -0.002008087 1]]
		[0.2666667 [0.9999625 -0.001087758 0.008591246 0 0.00106005 0.9999939 0.003228795 0 -0.008594722 -0.003219544 0.9999576 0 0.0002912528 -0.0007595895 -0.002008614 1]]
		[0.3 [0.9997011 -0.0004591344 0.02444454 0 -0.0001267911 0.9997125 0.02396304 0 -0.02444848 -0.02395906 0.9994135 0 0.0007721801 -0.0007604765 -0.001811738 1]]
		[0.3333333 [0.9994185 0.002480938 0.03400795 0 -0.003935684 0.9990767 0.04277525 0 -0.03387049 -0.04288422 0.9985054 0 0.001005294 -0.0007624792 -0.001632426 1]]
		[0.3666667 [0.9994292 0.002354696 0.03370033 0 -0.003774356 0.9991049 0.04212412 0 -0.03357103 -0.04222728 0.9985435 0 0.0009985288 -0.000762391 -0.001638644 1]]
		[0.4 [0.9996338 0.0001407855 0.02705999 0 -0.0009195596 0.9995853 0.0287695 0 -0.02704474 -0.02878384 0.9992194 0 0.0008406027 -0.000760877 -0.001765991 1]]
		[0.4333333 [0.9998453 -0.001320719 0.01753756 0 0.001094134 0.9999155 0.01292245 0 -0.01755315 -0.01290124 0.9997624 0 0.0005754121 -0.0007598375 -0.001916662 1]]
		[0.4666667 [0.9999687 -0.001016374 0.007852484 0 0.0009951764 0.9999955 0.002703291 0 -0.007855207 -0.002695381 0.9999653 0 0.0002666767 -0.0007595848 -0.002013594 1]]
		[0.5 [1 0 -2.384186E-07 0 0 0.9999996 0 0 2.384185E-07 0 0.9999996 0 -4.861852E-10 -0.0007595729 -0.002039209 1]]
		[0.5333334 [1 0 -2.384186E-07 0 0 0.9999996 0 0 2.384185E-07 0 0.9999996 0 -4.861852E-10 -0.0007595729 -0.002039209 1]]
		[0.5666667 [1 0 -2.384186E-07 0 0 0.9999996 0 0 2.384185E-07 0 0.9999996 0 -4.861852E-10 -0.0007595729 -0.002039209 1]]
		[0.6 [1 0 -2.384186E-07 0 0 0.9999996 0 0 2.384185E-07 0 0.9999996 0 -4.861852E-10 -0.0007595729 -0.002039209 1]]
		[0.6333333 [1 0 -2.384186E-07 0 0 0.9999996 0 0 2.384185E-07 0 0.9999996 0 -4.861852E-10 -0.0007595729 -0.002039209 1]]
		[0.6666667 [1 0 -2.384186E-07 0 0 0.9999996 0 0 2.384185E-07 0 0.9999996 0 -4.861852E-10 -0.0007595729 -0.002039209 1]]
		[0.7 [1 0 -2.384186E-07 0 0 0.9999996 0 0 2.384185E-07 0 0.9999996 0 -4.861852E-10 -0.0007595729 -0.002039209 1]]
		[0.7333333 [1 0 -2.384186E-07 0 0 0.9999996 0 0 2.384185E-07 0 0.9999996 0 -4.861852E-10 -0.0007595729 -0.002039209 1]]
		[0.7666667 [1 0 -2.384186E-07 0 0 0.9999996 0 0 2.384185E-07 0 0.9999996 0 -4.861852E-10 -0.0007595729 -0.002039209 1]]
		[0.8 [1 0 -2.384186E-07 0 0 0.9999996 0 0 2.384185E-07 0 0.9999996 0 -4.861852E-10 -0.0007595729 -0.002039209 1]]
		[0.8333333 [1 0 -2.384186E-07 0 0 0.9999996 0 0 2.384185E-07 0 0.9999996 0 -4.861852E-10 -0.0007595729 -0.002039209 1]]
		[0.8666667 [1 0 -2.384186E-07 0 0 0.9999996 0 0 2.384185E-07 0 0.9999996 0 -4.861852E-10 -0.0007595729 -0.002039209 1]]
