{ :name "Attack" :length 0.6333333 :bones { 
	"Skelet" [
		[0 [1.000 0.000 0.000 0.000 0.000 0.000 1.000 0.000 0.000 -1.000 0.000 0.000 0.000 0.000 -0.040 1.000]]
	]
	"Bedro_L" [
		[0 [0.059 -0.337 0.940 0.000 0.163 -0.925 -0.342 0.000 0.985 0.174 0.000 0.000 0.123 -0.038 0.000 1.000]]
		[0.02702703 [0.063 -0.337 0.939 0.000 0.163 -0.925 -0.343 0.000 0.985 0.174 -0.003 0.000 0.123 -0.038 0.000 1.000]]
		[0.05405406 [0.070 -0.337 0.939 0.000 0.162 -0.925 -0.344 0.000 0.984 0.176 -0.010 0.000 0.123 -0.038 0.000 1.000]]
		[0.08108108 [0.077 -0.337 0.938 0.000 0.161 -0.925 -0.345 0.000 0.984 0.178 -0.017 0.000 0.123 -0.038 0.000 1.000]]
		[0.1081081 [0.081 -0.336 0.938 0.000 0.161 -0.925 -0.346 0.000 0.984 0.179 -0.021 0.000 0.123 -0.038 0.000 1.000]]
		[0.1351351 [0.078 -0.337 0.938 0.000 0.161 -0.925 -0.345 0.000 0.984 0.178 -0.018 0.000 0.123 -0.038 0.000 1.000]]
		[0.1621622 [0.063 -0.337 0.939 0.000 0.163 -0.925 -0.343 0.000 0.985 0.175 -0.004 0.000 0.123 -0.038 0.000 1.000]]
		[0.1891892 [0.031 -0.337 0.941 0.000 0.166 -0.927 -0.338 0.000 0.986 0.167 0.027 0.000 0.123 -0.038 0.000 1.000]]
		[0.2162162 [-0.019 -0.338 0.941 0.000 0.171 -0.928 -0.330 0.000 0.985 0.155 0.075 0.000 0.123 -0.038 0.000 1.000]]
		[0.2432432 [-0.080 -0.339 0.938 0.000 0.177 -0.930 -0.321 0.000 0.981 0.140 0.134 0.000 0.123 -0.038 0.000 1.000]]
		[0.2702703 [-0.144 -0.339 0.930 0.000 0.182 -0.932 -0.312 0.000 0.973 0.124 0.196 0.000 0.123 -0.038 0.000 1.000]]
		[0.2972973 [-0.205 -0.340 0.918 0.000 0.187 -0.934 -0.304 0.000 0.961 0.109 0.255 0.000 0.123 -0.038 0.000 1.000]]
		[0.3243243 [-0.254 -0.340 0.905 0.000 0.191 -0.935 -0.298 0.000 0.948 0.097 0.303 0.000 0.123 -0.038 0.000 1.000]]
		[0.3513514 [-0.286 -0.341 0.896 0.000 0.193 -0.936 -0.294 0.000 0.939 0.089 0.333 0.000 0.123 -0.038 0.000 1.000]]
		[0.3783784 [-0.294 -0.341 0.893 0.000 0.194 -0.936 -0.293 0.000 0.936 0.087 0.342 0.000 0.123 -0.038 0.000 1.000]]
		[0.4054054 [-0.286 -0.341 0.896 0.000 0.193 -0.936 -0.294 0.000 0.938 0.089 0.334 0.000 0.123 -0.038 0.000 1.000]]
		[0.4324324 [-0.265 -0.340 0.902 0.000 0.192 -0.935 -0.297 0.000 0.945 0.094 0.313 0.000 0.123 -0.038 0.000 1.000]]
		[0.4594595 [-0.233 -0.340 0.911 0.000 0.189 -0.935 -0.301 0.000 0.954 0.102 0.282 0.000 0.123 -0.038 0.000 1.000]]
		[0.4864865 [-0.193 -0.340 0.920 0.000 0.186 -0.934 -0.306 0.000 0.963 0.112 0.244 0.000 0.123 -0.038 0.000 1.000]]
		[0.5135135 [-0.147 -0.339 0.929 0.000 0.183 -0.932 -0.312 0.000 0.972 0.124 0.199 0.000 0.123 -0.038 0.000 1.000]]
		[0.5405405 [-0.098 -0.339 0.936 0.000 0.178 -0.931 -0.318 0.000 0.979 0.136 0.152 0.000 0.123 -0.038 0.000 1.000]]
		[0.5675676 [-0.048 -0.338 0.940 0.000 0.174 -0.929 -0.326 0.000 0.984 0.148 0.103 0.000 0.123 -0.038 0.000 1.000]]
		[0.5945946 [0.000 -0.338 0.941 0.000 0.169 -0.928 -0.333 0.000 0.986 0.159 0.057 0.000 0.123 -0.038 0.000 1.000]]
		[0.6216216 [0.043 -0.337 0.941 0.000 0.165 -0.926 -0.339 0.000 0.985 0.170 0.016 0.000 0.123 -0.038 0.000 1.000]]
		[0.6486486 [0.059 -0.337 0.940 0.000 0.163 -0.925 -0.342 0.000 0.985 0.174 0.000 0.000 0.123 -0.038 0.000 1.000]]
		[0.6756757 [0.059 -0.337 0.940 0.000 0.163 -0.925 -0.342 0.000 0.985 0.174 0.000 0.000 0.123 -0.038 0.000 1.000]]
		[0.7027027 [0.059 -0.337 0.940 0.000 0.163 -0.925 -0.342 0.000 0.985 0.174 0.000 0.000 0.123 -0.038 0.000 1.000]]
		[0.7297297 [0.059 -0.337 0.940 0.000 0.163 -0.925 -0.342 0.000 0.985 0.174 0.000 0.000 0.123 -0.038 0.000 1.000]]
		[0.7567568 [0.059 -0.337 0.940 0.000 0.163 -0.925 -0.342 0.000 0.985 0.174 0.000 0.000 0.123 -0.038 0.000 1.000]]
		[0.7837838 [0.059 -0.337 0.940 0.000 0.163 -0.925 -0.342 0.000 0.985 0.174 0.000 0.000 0.123 -0.038 0.000 1.000]]
		[0.8108108 [0.059 -0.337 0.940 0.000 0.163 -0.925 -0.342 0.000 0.985 0.174 0.000 0.000 0.123 -0.038 0.000 1.000]]
		[0.8378378 [0.059 -0.337 0.940 0.000 0.163 -0.925 -0.342 0.000 0.985 0.174 0.000 0.000 0.123 -0.038 0.000 1.000]]
		[0.8648649 [0.059 -0.337 0.940 0.000 0.163 -0.925 -0.342 0.000 0.985 0.174 0.000 0.000 0.123 -0.038 0.000 1.000]]
		[0.8918919 [0.059 -0.337 0.940 0.000 0.163 -0.925 -0.342 0.000 0.985 0.174 0.000 0.000 0.123 -0.038 0.000 1.000]]
		[0.9189189 [0.059 -0.337 0.940 0.000 0.163 -0.925 -0.342 0.000 0.985 0.174 0.000 0.000 0.123 -0.038 0.000 1.000]]
		[0.9459459 [0.059 -0.337 0.940 0.000 0.163 -0.925 -0.342 0.000 0.985 0.174 0.000 0.000 0.123 -0.038 0.000 1.000]]
		[0.972973 [0.059 -0.337 0.940 0.000 0.163 -0.925 -0.342 0.000 0.985 0.174 0.000 0.000 0.123 -0.038 0.000 1.000]]
	]
	"Koleno_L" [
		[0 [-0.906 0.423 0.000 0.000 0.423 0.906 0.000 0.000 0.000 0.000 -1.000 0.000 0.000 0.532 0.000 1.000]]
		[0.02702703 [-0.906 0.423 0.003 0.000 0.423 0.906 -0.001 0.000 -0.003 0.000 -1.000 0.000 0.000 0.532 0.000 1.000]]
		[0.05405406 [-0.906 0.423 0.009 0.000 0.423 0.906 -0.004 0.000 -0.010 0.000 -1.000 0.000 0.000 0.532 0.000 1.000]]
		[0.08108108 [-0.906 0.423 0.016 0.000 0.423 0.906 -0.007 0.000 -0.018 0.000 -1.000 0.000 0.000 0.532 0.000 1.000]]
		[0.1081081 [-0.906 0.423 0.019 0.000 0.423 0.906 -0.009 0.000 -0.021 0.000 -1.000 0.000 0.000 0.532 0.000 1.000]]
		[0.1351351 [-0.906 0.423 0.016 0.000 0.423 0.906 -0.008 0.000 -0.018 0.000 -1.000 0.000 0.000 0.532 0.000 1.000]]
		[0.1621622 [-0.906 0.423 0.003 0.000 0.423 0.906 -0.002 0.000 -0.004 0.000 -1.000 0.000 0.000 0.532 0.000 1.000]]
		[0.1891892 [-0.906 0.423 -0.025 0.000 0.422 0.906 0.012 0.000 0.027 0.000 -1.000 0.000 0.000 0.532 0.000 1.000]]
		[0.2162162 [-0.904 0.423 -0.069 0.000 0.421 0.906 0.032 0.000 0.076 0.000 -0.997 0.000 0.000 0.532 0.000 1.000]]
		[0.2432432 [-0.898 0.423 -0.123 0.000 0.419 0.906 0.057 0.000 0.135 0.000 -0.991 0.000 0.000 0.532 0.000 1.000]]
		[0.2702703 [-0.888 0.423 -0.179 0.000 0.414 0.906 0.084 0.000 0.198 0.000 -0.980 0.000 0.000 0.532 0.000 1.000]]
		[0.2972973 [-0.876 0.423 -0.233 0.000 0.408 0.906 0.108 0.000 0.257 0.000 -0.967 0.000 0.000 0.532 0.000 1.000]]
		[0.3243243 [-0.863 0.423 -0.276 0.000 0.403 0.906 0.129 0.000 0.304 0.000 -0.953 0.000 0.000 0.532 0.000 1.000]]
		[0.3513514 [-0.854 0.423 -0.303 0.000 0.398 0.906 0.141 0.000 0.335 0.000 -0.942 0.000 0.000 0.532 0.000 1.000]]
		[0.3783784 [-0.851 0.423 -0.311 0.000 0.397 0.906 0.145 0.000 0.343 0.000 -0.939 0.000 0.000 0.532 0.000 1.000]]
		[0.4054054 [-0.854 0.423 -0.304 0.000 0.398 0.906 0.142 0.000 0.335 0.000 -0.942 0.000 0.000 0.532 0.000 1.000]]
		[0.4324324 [-0.860 0.423 -0.285 0.000 0.401 0.906 0.133 0.000 0.315 0.000 -0.949 0.000 0.000 0.532 0.000 1.000]]
		[0.4594595 [-0.869 0.423 -0.257 0.000 0.405 0.906 0.120 0.000 0.284 0.000 -0.959 0.000 0.000 0.532 0.000 1.000]]
		[0.4864865 [-0.879 0.423 -0.222 0.000 0.410 0.906 0.104 0.000 0.245 0.000 -0.969 0.000 0.000 0.532 0.000 1.000]]
		[0.5135135 [-0.888 0.423 -0.182 0.000 0.414 0.906 0.085 0.000 0.201 0.000 -0.980 0.000 0.000 0.532 0.000 1.000]]
		[0.5405405 [-0.896 0.423 -0.139 0.000 0.418 0.906 0.065 0.000 0.153 0.000 -0.988 0.000 0.000 0.532 0.000 1.000]]
		[0.5675676 [-0.901 0.423 -0.095 0.000 0.420 0.906 0.044 0.000 0.105 0.000 -0.995 0.000 0.000 0.532 0.000 1.000]]
		[0.5945946 [-0.905 0.423 -0.053 0.000 0.422 0.906 0.025 0.000 0.058 0.000 -0.998 0.000 0.000 0.532 0.000 1.000]]
		[0.6216216 [-0.906 0.423 -0.015 0.000 0.423 0.906 0.007 0.000 0.016 0.000 -1.000 0.000 0.000 0.532 0.000 1.000]]
		[0.6486486 [-0.906 0.423 0.000 0.000 0.423 0.906 0.000 0.000 0.000 0.000 -1.000 0.000 0.000 0.532 0.000 1.000]]
		[0.6756757 [-0.906 0.423 0.000 0.000 0.423 0.906 0.000 0.000 0.000 0.000 -1.000 0.000 0.000 0.532 0.000 1.000]]
		[0.7027027 [-0.906 0.423 0.000 0.000 0.423 0.906 0.000 0.000 0.000 0.000 -1.000 0.000 0.000 0.532 0.000 1.000]]
		[0.7297297 [-0.906 0.423 0.000 0.000 0.423 0.906 0.000 0.000 0.000 0.000 -1.000 0.000 0.000 0.532 0.000 1.000]]
		[0.7567568 [-0.906 0.423 0.000 0.000 0.423 0.906 0.000 0.000 0.000 0.000 -1.000 0.000 0.000 0.532 0.000 1.000]]
		[0.7837838 [-0.906 0.423 0.000 0.000 0.423 0.906 0.000 0.000 0.000 0.000 -1.000 0.000 0.000 0.532 0.000 1.000]]
		[0.8108108 [-0.906 0.423 0.000 0.000 0.423 0.906 0.000 0.000 0.000 0.000 -1.000 0.000 0.000 0.532 0.000 1.000]]
		[0.8378378 [-0.906 0.423 0.000 0.000 0.423 0.906 0.000 0.000 0.000 0.000 -1.000 0.000 0.000 0.532 0.000 1.000]]
		[0.8648649 [-0.906 0.423 0.000 0.000 0.423 0.906 0.000 0.000 0.000 0.000 -1.000 0.000 0.000 0.532 0.000 1.000]]
		[0.8918919 [-0.906 0.423 0.000 0.000 0.423 0.906 0.000 0.000 0.000 0.000 -1.000 0.000 0.000 0.532 0.000 1.000]]
		[0.9189189 [-0.906 0.423 0.000 0.000 0.423 0.906 0.000 0.000 0.000 0.000 -1.000 0.000 0.000 0.532 0.000 1.000]]
		[0.9459459 [-0.906 0.423 0.000 0.000 0.423 0.906 0.000 0.000 0.000 0.000 -1.000 0.000 0.000 0.532 0.000 1.000]]
		[0.972973 [-0.906 0.423 0.000 0.000 0.423 0.906 0.000 0.000 0.000 0.000 -1.000 0.000 0.000 0.532 0.000 1.000]]
	]
	"Koleno_L_end" [
		[0 [1.000 0.000 0.000 0.000 0.000 1.000 0.000 0.000 0.000 0.000 1.000 0.000 0.000 0.578 0.000 1.000]]
	]
	"Bedro_P" [
		[0 [0.682 -0.337 0.650 0.000 -0.367 -0.925 -0.095 0.000 0.633 -0.174 -0.754 0.000 -0.123 -0.038 0.000 1.000]]
		[0.02702703 [0.687 -0.338 0.643 0.000 -0.367 -0.925 -0.095 0.000 0.627 -0.171 -0.760 0.000 -0.123 -0.038 0.000 1.000]]
		[0.05405406 [0.698 -0.342 0.629 0.000 -0.368 -0.925 -0.094 0.000 0.614 -0.166 -0.772 0.000 -0.123 -0.038 0.000 1.000]]
		[0.08108108 [0.709 -0.346 0.614 0.000 -0.370 -0.924 -0.094 0.000 0.600 -0.161 -0.783 0.000 -0.123 -0.038 0.000 1.000]]
		[0.1081081 [0.715 -0.348 0.607 0.000 -0.370 -0.924 -0.093 0.000 0.593 -0.158 -0.789 0.000 -0.123 -0.038 0.000 1.000]]
		[0.1351351 [0.710 -0.346 0.614 0.000 -0.370 -0.924 -0.094 0.000 0.600 -0.160 -0.784 0.000 -0.123 -0.038 0.000 1.000]]
		[0.1621622 [0.688 -0.339 0.642 0.000 -0.367 -0.925 -0.095 0.000 0.626 -0.171 -0.761 0.000 -0.123 -0.038 0.000 1.000]]
		[0.1891892 [0.636 -0.323 0.701 0.000 -0.364 -0.926 -0.096 0.000 0.680 -0.194 -0.707 0.000 -0.123 -0.038 0.000 1.000]]
		[0.2162162 [0.546 -0.298 0.783 0.000 -0.363 -0.927 -0.100 0.000 0.755 -0.230 -0.614 0.000 -0.123 -0.038 0.000 1.000]]
		[0.2432432 [0.423 -0.267 0.866 0.000 -0.367 -0.924 -0.106 0.000 0.829 -0.273 -0.489 0.000 -0.123 -0.038 0.000 1.000]]
		[0.2702703 [0.281 -0.234 0.931 0.000 -0.377 -0.919 -0.117 0.000 0.882 -0.318 -0.347 0.000 -0.123 -0.038 0.000 1.000]]
		[0.2972973 [0.140 -0.203 0.969 0.000 -0.392 -0.910 -0.134 0.000 0.909 -0.361 -0.207 0.000 -0.123 -0.038 0.000 1.000]]
		[0.3243243 [0.022 -0.178 0.984 0.000 -0.405 -0.901 -0.154 0.000 0.914 -0.395 -0.091 0.000 -0.123 -0.038 0.000 1.000]]
		[0.3513514 [-0.055 -0.161 0.985 0.000 -0.414 -0.894 -0.169 0.000 0.909 -0.417 -0.018 0.000 -0.123 -0.038 0.000 1.000]]
		[0.3783784 [-0.076 -0.157 0.985 0.000 -0.416 -0.892 -0.174 0.000 0.906 -0.423 0.002 0.000 -0.123 -0.038 0.000 1.000]]
		[0.4054054 [-0.056 -0.161 0.985 0.000 -0.414 -0.894 -0.170 0.000 0.908 -0.418 -0.017 0.000 -0.123 -0.038 0.000 1.000]]
		[0.4324324 [-0.004 -0.172 0.985 0.000 -0.408 -0.899 -0.159 0.000 0.913 -0.403 -0.066 0.000 -0.123 -0.038 0.000 1.000]]
		[0.4594595 [0.073 -0.188 0.979 0.000 -0.399 -0.905 -0.145 0.000 0.914 -0.381 -0.141 0.000 -0.123 -0.038 0.000 1.000]]
		[0.4864865 [0.168 -0.209 0.963 0.000 -0.389 -0.912 -0.130 0.000 0.906 -0.353 -0.235 0.000 -0.123 -0.038 0.000 1.000]]
		[0.5135135 [0.275 -0.233 0.933 0.000 -0.378 -0.918 -0.118 0.000 0.884 -0.320 -0.340 0.000 -0.123 -0.038 0.000 1.000]]
		[0.5405405 [0.384 -0.258 0.887 0.000 -0.369 -0.923 -0.108 0.000 0.846 -0.286 -0.450 0.000 -0.123 -0.038 0.000 1.000]]
		[0.5675676 [0.488 -0.283 0.825 0.000 -0.364 -0.926 -0.102 0.000 0.793 -0.250 -0.555 0.000 -0.123 -0.038 0.000 1.000]]
		[0.5945946 [0.580 -0.307 0.754 0.000 -0.363 -0.927 -0.098 0.000 0.729 -0.216 -0.649 0.000 -0.123 -0.038 0.000 1.000]]
		[0.6216216 [0.655 -0.329 0.680 0.000 -0.365 -0.926 -0.096 0.000 0.662 -0.186 -0.727 0.000 -0.123 -0.038 0.000 1.000]]
		[0.6486486 [0.682 -0.337 0.650 0.000 -0.367 -0.925 -0.095 0.000 0.633 -0.174 -0.754 0.000 -0.123 -0.038 0.000 1.000]]
		[0.6756757 [0.682 -0.337 0.650 0.000 -0.367 -0.925 -0.095 0.000 0.633 -0.174 -0.754 0.000 -0.123 -0.038 0.000 1.000]]
		[0.7027027 [0.682 -0.337 0.650 0.000 -0.367 -0.925 -0.095 0.000 0.633 -0.174 -0.754 0.000 -0.123 -0.038 0.000 1.000]]
		[0.7297297 [0.682 -0.337 0.650 0.000 -0.367 -0.925 -0.095 0.000 0.633 -0.174 -0.754 0.000 -0.123 -0.038 0.000 1.000]]
		[0.7567568 [0.682 -0.337 0.650 0.000 -0.367 -0.925 -0.095 0.000 0.633 -0.174 -0.754 0.000 -0.123 -0.038 0.000 1.000]]
		[0.7837838 [0.682 -0.337 0.650 0.000 -0.367 -0.925 -0.095 0.000 0.633 -0.174 -0.754 0.000 -0.123 -0.038 0.000 1.000]]
		[0.8108108 [0.682 -0.337 0.650 0.000 -0.367 -0.925 -0.095 0.000 0.633 -0.174 -0.754 0.000 -0.123 -0.038 0.000 1.000]]
		[0.8378378 [0.682 -0.337 0.650 0.000 -0.367 -0.925 -0.095 0.000 0.633 -0.174 -0.754 0.000 -0.123 -0.038 0.000 1.000]]
		[0.8648649 [0.682 -0.337 0.650 0.000 -0.367 -0.925 -0.095 0.000 0.633 -0.174 -0.754 0.000 -0.123 -0.038 0.000 1.000]]
		[0.8918919 [0.682 -0.337 0.650 0.000 -0.367 -0.925 -0.095 0.000 0.633 -0.174 -0.754 0.000 -0.123 -0.038 0.000 1.000]]
		[0.9189189 [0.682 -0.337 0.650 0.000 -0.367 -0.925 -0.095 0.000 0.633 -0.174 -0.754 0.000 -0.123 -0.038 0.000 1.000]]
		[0.9459459 [0.682 -0.337 0.650 0.000 -0.367 -0.925 -0.095 0.000 0.633 -0.174 -0.754 0.000 -0.123 -0.038 0.000 1.000]]
		[0.972973 [0.682 -0.337 0.650 0.000 -0.367 -0.925 -0.095 0.000 0.633 -0.174 -0.754 0.000 -0.123 -0.038 0.000 1.000]]
	]
	"Koleno_P" [
		[0 [-0.906 0.423 0.000 0.000 0.423 0.906 0.000 0.000 0.000 0.000 -1.000 0.000 0.000 0.532 0.000 1.000]]
		[0.02702703 [-0.907 0.420 0.000 0.000 0.420 0.907 0.000 0.000 0.000 0.000 -1.000 0.000 0.000 0.532 0.000 1.000]]
		[0.05405406 [-0.910 0.416 0.000 0.000 0.416 0.910 0.000 0.000 0.000 0.000 -1.000 0.000 0.000 0.532 0.000 1.000]]
		[0.08108108 [-0.912 0.411 0.000 0.000 0.411 0.912 0.000 0.000 0.000 0.000 -1.000 0.000 0.000 0.532 0.000 1.000]]
		[0.1081081 [-0.913 0.408 0.000 0.000 0.408 0.913 0.000 0.000 0.000 0.000 -1.000 0.000 0.000 0.532 0.000 1.000]]
		[0.1351351 [-0.912 0.410 0.000 0.000 0.410 0.912 0.000 0.000 0.000 0.000 -1.000 0.000 0.000 0.532 0.000 1.000]]
		[0.1621622 [-0.908 0.420 0.000 0.000 0.420 0.908 0.000 0.000 0.000 0.000 -1.000 0.000 0.000 0.532 0.000 1.000]]
		[0.1891892 [-0.897 0.441 0.000 0.000 0.441 0.897 0.000 0.000 0.000 0.000 -1.000 0.000 0.000 0.532 0.000 1.000]]
		[0.2162162 [-0.881 0.474 0.000 0.000 0.474 0.881 0.000 0.000 0.000 0.000 -1.000 0.000 0.000 0.532 0.000 1.000]]
		[0.2432432 [-0.859 0.513 0.000 0.000 0.513 0.859 0.000 0.000 0.000 0.000 -1.000 0.000 0.000 0.532 0.000 1.000]]
		[0.2702703 [-0.833 0.553 0.000 0.000 0.553 0.833 0.000 0.000 0.000 0.000 -1.000 0.000 0.000 0.532 0.000 1.000]]
		[0.2972973 [-0.807 0.590 0.000 0.000 0.590 0.807 0.000 0.000 0.000 0.000 -1.000 0.000 0.000 0.532 0.000 1.000]]
		[0.3243243 [-0.785 0.620 0.000 0.000 0.620 0.785 0.000 0.000 0.000 0.000 -1.000 0.000 0.000 0.532 0.000 1.000]]
		[0.3513514 [-0.770 0.638 0.000 0.000 0.638 0.770 0.000 0.000 0.000 0.000 -1.000 0.000 0.000 0.532 0.000 1.000]]
		[0.3783784 [-0.766 0.643 0.000 0.000 0.643 0.766 0.000 0.000 0.000 0.000 -1.000 0.000 0.000 0.532 0.000 1.000]]
		[0.4054054 [-0.770 0.638 0.000 0.000 0.638 0.770 0.000 0.000 0.000 0.000 -1.000 0.000 0.000 0.532 0.000 1.000]]
		[0.4324324 [-0.780 0.626 0.000 0.000 0.626 0.780 0.000 0.000 0.000 0.000 -1.000 0.000 0.000 0.532 0.000 1.000]]
		[0.4594595 [-0.795 0.607 0.000 0.000 0.607 0.795 0.000 0.000 0.000 0.000 -1.000 0.000 0.000 0.532 0.000 1.000]]
		[0.4864865 [-0.813 0.583 0.000 0.000 0.583 0.813 0.000 0.000 0.000 0.000 -1.000 0.000 0.000 0.532 0.000 1.000]]
		[0.5135135 [-0.832 0.555 0.000 0.000 0.555 0.832 0.000 0.000 0.000 0.000 -1.000 0.000 0.000 0.532 0.000 1.000]]
		[0.5405405 [-0.852 0.524 0.000 0.000 0.524 0.852 0.000 0.000 0.000 0.000 -1.000 0.000 0.000 0.532 0.000 1.000]]
		[0.5675676 [-0.870 0.492 0.000 0.000 0.492 0.870 0.000 0.000 0.000 0.000 -1.000 0.000 0.000 0.532 0.000 1.000]]
		[0.5945946 [-0.887 0.462 0.000 0.000 0.462 0.887 0.000 0.000 0.000 0.000 -1.000 0.000 0.000 0.532 0.000 1.000]]
		[0.6216216 [-0.901 0.434 0.000 0.000 0.434 0.901 0.000 0.000 0.000 0.000 -1.000 0.000 0.000 0.532 0.000 1.000]]
		[0.6486486 [-0.906 0.423 0.000 0.000 0.423 0.906 0.000 0.000 0.000 0.000 -1.000 0.000 0.000 0.532 0.000 1.000]]
		[0.6756757 [-0.906 0.423 0.000 0.000 0.423 0.906 0.000 0.000 0.000 0.000 -1.000 0.000 0.000 0.532 0.000 1.000]]
		[0.7027027 [-0.906 0.423 0.000 0.000 0.423 0.906 0.000 0.000 0.000 0.000 -1.000 0.000 0.000 0.532 0.000 1.000]]
		[0.7297297 [-0.906 0.423 0.000 0.000 0.423 0.906 0.000 0.000 0.000 0.000 -1.000 0.000 0.000 0.532 0.000 1.000]]
		[0.7567568 [-0.906 0.423 0.000 0.000 0.423 0.906 0.000 0.000 0.000 0.000 -1.000 0.000 0.000 0.532 0.000 1.000]]
		[0.7837838 [-0.906 0.423 0.000 0.000 0.423 0.906 0.000 0.000 0.000 0.000 -1.000 0.000 0.000 0.532 0.000 1.000]]
		[0.8108108 [-0.906 0.423 0.000 0.000 0.423 0.906 0.000 0.000 0.000 0.000 -1.000 0.000 0.000 0.532 0.000 1.000]]
		[0.8378378 [-0.906 0.423 0.000 0.000 0.423 0.906 0.000 0.000 0.000 0.000 -1.000 0.000 0.000 0.532 0.000 1.000]]
		[0.8648649 [-0.906 0.423 0.000 0.000 0.423 0.906 0.000 0.000 0.000 0.000 -1.000 0.000 0.000 0.532 0.000 1.000]]
		[0.8918919 [-0.906 0.423 0.000 0.000 0.423 0.906 0.000 0.000 0.000 0.000 -1.000 0.000 0.000 0.532 0.000 1.000]]
		[0.9189189 [-0.906 0.423 0.000 0.000 0.423 0.906 0.000 0.000 0.000 0.000 -1.000 0.000 0.000 0.532 0.000 1.000]]
		[0.9459459 [-0.906 0.423 0.000 0.000 0.423 0.906 0.000 0.000 0.000 0.000 -1.000 0.000 0.000 0.532 0.000 1.000]]
		[0.972973 [-0.906 0.423 0.000 0.000 0.423 0.906 0.000 0.000 0.000 0.000 -1.000 0.000 0.000 0.532 0.000 1.000]]
	]
	"Koleno_P_end" [
		[0 [1.000 0.000 0.000 0.000 0.000 1.000 0.000 0.000 0.000 0.000 1.000 0.000 0.000 0.578 0.000 1.000]]
	]
	"Tors" [
		[0 [1.000 0.000 0.000 0.000 0.000 0.940 -0.342 0.000 0.000 0.342 0.940 0.000 0.000 0.130 0.000 1.000]]
		[0.02702703 [0.995 0.000 -0.100 0.000 -0.037 0.928 -0.371 0.000 0.093 0.373 0.923 0.000 0.000 0.130 0.000 1.000]]
		[0.05405406 [0.976 0.000 -0.218 0.000 -0.089 0.913 -0.398 0.000 0.199 0.407 0.891 0.000 0.000 0.130 0.000 1.000]]
		[0.08108108 [0.943 0.000 -0.333 0.000 -0.147 0.897 -0.417 0.000 0.299 0.442 0.846 0.000 0.000 0.130 0.000 1.000]]
		[0.1081081 [0.904 0.000 -0.428 0.000 -0.202 0.882 -0.426 0.000 0.378 0.472 0.797 0.000 0.000 0.130 0.000 1.000]]
		[0.1351351 [0.872 0.000 -0.489 0.000 -0.241 0.870 -0.430 0.000 0.426 0.493 0.759 0.000 0.000 0.130 0.000 1.000]]
		[0.1621622 [0.864 0.000 -0.503 0.000 -0.252 0.866 -0.432 0.000 0.436 0.500 0.748 0.000 0.000 0.130 0.000 1.000]]
		[0.1891892 [0.891 0.000 -0.455 0.000 -0.223 0.871 -0.437 0.000 0.396 0.491 0.776 0.000 0.000 0.130 0.000 1.000]]
		[0.2162162 [0.940 0.000 -0.341 0.000 -0.159 0.885 -0.438 0.000 0.302 0.466 0.832 0.000 0.000 0.130 0.000 1.000]]
		[0.2432432 [0.984 0.000 -0.179 0.000 -0.077 0.904 -0.422 0.000 0.161 0.429 0.889 0.000 0.000 0.130 0.000 1.000]]
		[0.2702703 [1.000 0.000 0.011 0.000 0.004 0.923 -0.385 0.000 -0.010 0.385 0.923 0.000 0.000 0.130 0.000 1.000]]
		[0.2972973 [0.980 0.000 0.200 0.000 0.068 0.940 -0.333 0.000 -0.188 0.340 0.921 0.000 0.000 0.130 0.000 1.000]]
		[0.3243243 [0.933 0.000 0.359 0.000 0.107 0.954 -0.279 0.000 -0.342 0.299 0.891 0.000 0.000 0.130 0.000 1.000]]
		[0.3513514 [0.884 0.000 0.467 0.000 0.126 0.963 -0.238 0.000 -0.450 0.269 0.852 0.000 0.000 0.130 0.000 1.000]]
		[0.3783784 [0.858 0.000 0.514 0.000 0.130 0.967 -0.218 0.000 -0.497 0.254 0.830 0.000 0.000 0.130 0.000 1.000]]
		[0.4054054 [0.853 0.000 0.522 0.000 0.130 0.969 -0.212 0.000 -0.506 0.249 0.826 0.000 0.000 0.130 0.000 1.000]]
		[0.4324324 [0.863 0.000 0.505 0.000 0.126 0.968 -0.216 0.000 -0.488 0.250 0.836 0.000 0.000 0.130 0.000 1.000]]
		[0.4594595 [0.885 0.000 0.465 0.000 0.119 0.966 -0.228 0.000 -0.449 0.257 0.856 0.000 0.000 0.130 0.000 1.000]]
		[0.4864865 [0.913 0.000 0.407 0.000 0.109 0.963 -0.245 0.000 -0.392 0.268 0.880 0.000 0.000 0.130 0.000 1.000]]
		[0.5135135 [0.942 0.000 0.335 0.000 0.094 0.959 -0.265 0.000 -0.322 0.282 0.904 0.000 0.000 0.130 0.000 1.000]]
		[0.5405405 [0.967 0.000 0.255 0.000 0.076 0.955 -0.287 0.000 -0.244 0.297 0.923 0.000 0.000 0.130 0.000 1.000]]
		[0.5675676 [0.985 0.000 0.172 0.000 0.054 0.950 -0.308 0.000 -0.164 0.312 0.936 0.000 0.000 0.130 0.000 1.000]]
		[0.5945946 [0.996 0.000 0.093 0.000 0.030 0.945 -0.325 0.000 -0.088 0.326 0.941 0.000 0.000 0.130 0.000 1.000]]
		[0.6216216 [1.000 0.000 0.025 0.000 0.008 0.941 -0.338 0.000 -0.024 0.338 0.941 0.000 0.000 0.130 0.000 1.000]]
		[0.6486486 [1.000 0.000 0.000 0.000 0.000 0.940 -0.342 0.000 0.000 0.342 0.940 0.000 0.000 0.130 0.000 1.000]]
		[0.6756757 [1.000 0.000 0.000 0.000 0.000 0.940 -0.342 0.000 0.000 0.342 0.940 0.000 0.000 0.130 0.000 1.000]]
		[0.7027027 [1.000 0.000 0.000 0.000 0.000 0.940 -0.342 0.000 0.000 0.342 0.940 0.000 0.000 0.130 0.000 1.000]]
		[0.7297297 [1.000 0.000 0.000 0.000 0.000 0.940 -0.342 0.000 0.000 0.342 0.940 0.000 0.000 0.130 0.000 1.000]]
		[0.7567568 [1.000 0.000 0.000 0.000 0.000 0.940 -0.342 0.000 0.000 0.342 0.940 0.000 0.000 0.130 0.000 1.000]]
		[0.7837838 [1.000 0.000 0.000 0.000 0.000 0.940 -0.342 0.000 0.000 0.342 0.940 0.000 0.000 0.130 0.000 1.000]]
		[0.8108108 [1.000 0.000 0.000 0.000 0.000 0.940 -0.342 0.000 0.000 0.342 0.940 0.000 0.000 0.130 0.000 1.000]]
		[0.8378378 [1.000 0.000 0.000 0.000 0.000 0.940 -0.342 0.000 0.000 0.342 0.940 0.000 0.000 0.130 0.000 1.000]]
		[0.8648649 [1.000 0.000 0.000 0.000 0.000 0.940 -0.342 0.000 0.000 0.342 0.940 0.000 0.000 0.130 0.000 1.000]]
		[0.8918919 [1.000 0.000 0.000 0.000 0.000 0.940 -0.342 0.000 0.000 0.342 0.940 0.000 0.000 0.130 0.000 1.000]]
		[0.9189189 [1.000 0.000 0.000 0.000 0.000 0.940 -0.342 0.000 0.000 0.342 0.940 0.000 0.000 0.130 0.000 1.000]]
		[0.9459459 [1.000 0.000 0.000 0.000 0.000 0.940 -0.342 0.000 0.000 0.342 0.940 0.000 0.000 0.130 0.000 1.000]]
		[0.972973 [1.000 0.000 0.000 0.000 0.000 0.940 -0.342 0.000 0.000 0.342 0.940 0.000 0.000 0.130 0.000 1.000]]
	]
	"Golova" [
		[0 [1.000 0.000 0.000 0.000 0.000 0.940 0.342 0.000 0.000 -0.342 0.940 0.000 0.000 0.596 0.000 1.000]]
		[0.02702703 [0.996 -0.030 0.089 0.000 -0.003 0.938 0.346 0.000 -0.094 -0.345 0.934 0.000 0.000 0.596 0.000 1.000]]
		[0.05405406 [0.979 -0.064 0.194 0.000 -0.010 0.934 0.357 0.000 -0.204 -0.352 0.914 0.000 0.000 0.596 0.000 1.000]]
		[0.08108108 [0.950 -0.097 0.296 0.000 -0.021 0.928 0.371 0.000 -0.311 -0.359 0.880 0.000 0.000 0.596 0.000 1.000]]
		[0.1081081 [0.916 -0.127 0.380 0.000 -0.030 0.923 0.383 0.000 -0.399 -0.362 0.842 0.000 0.000 0.596 0.000 1.000]]
		[0.1351351 [0.889 -0.150 0.433 0.000 -0.033 0.921 0.388 0.000 -0.457 -0.359 0.814 0.000 0.000 0.596 0.000 1.000]]
		[0.1621622 [0.881 -0.162 0.444 0.000 -0.022 0.924 0.381 0.000 -0.472 -0.346 0.811 0.000 0.000 0.596 0.000 1.000]]
		[0.1891892 [0.902 -0.161 0.400 0.000 0.010 0.935 0.355 0.000 -0.431 -0.316 0.845 0.000 0.000 0.596 0.000 1.000]]
		[0.2162162 [0.943 -0.148 0.298 0.000 0.053 0.952 0.303 0.000 -0.329 -0.270 0.905 0.000 0.000 0.596 0.000 1.000]]
		[0.2432432 [0.981 -0.125 0.151 0.000 0.088 0.969 0.229 0.000 -0.175 -0.212 0.962 0.000 0.000 0.596 0.000 1.000]]
		[0.2702703 [0.995 -0.095 -0.025 0.000 0.097 0.984 0.147 0.000 0.011 -0.149 0.989 0.000 0.000 0.596 0.000 1.000]]
		[0.2972973 [0.977 -0.062 -0.205 0.000 0.079 0.994 0.075 0.000 0.199 -0.089 0.976 0.000 0.000 0.596 0.000 1.000]]
		[0.3243243 [0.932 -0.032 -0.360 0.000 0.044 0.999 0.026 0.000 0.359 -0.040 0.933 0.000 0.000 0.596 0.000 1.000]]
		[0.3513514 [0.884 -0.009 -0.467 0.000 0.011 1.000 0.003 0.000 0.467 -0.008 0.884 0.000 0.000 0.596 0.000 1.000]]
		[0.3783784 [0.858 0.005 -0.514 0.000 -0.005 1.000 0.001 0.000 0.514 0.001 0.858 0.000 0.000 0.596 0.000 1.000]]
		[0.4054054 [0.853 0.012 -0.522 0.000 -0.007 1.000 0.013 0.000 0.522 -0.007 0.853 0.000 0.000 0.596 0.000 1.000]]
		[0.4324324 [0.864 0.016 -0.504 0.000 0.001 0.999 0.033 0.000 0.504 -0.029 0.863 0.000 0.000 0.596 0.000 1.000]]
		[0.4594595 [0.886 0.017 -0.464 0.000 0.013 0.998 0.062 0.000 0.464 -0.061 0.884 0.000 0.000 0.596 0.000 1.000]]
		[0.4864865 [0.914 0.016 -0.405 0.000 0.027 0.995 0.099 0.000 0.405 -0.101 0.909 0.000 0.000 0.596 0.000 1.000]]
		[0.5135135 [0.943 0.013 -0.334 0.000 0.037 0.989 0.142 0.000 0.332 -0.146 0.932 0.000 0.000 0.596 0.000 1.000]]
		[0.5405405 [0.967 0.009 -0.253 0.000 0.041 0.981 0.190 0.000 0.250 -0.194 0.948 0.000 0.000 0.596 0.000 1.000]]
		[0.5675676 [0.985 0.005 -0.171 0.000 0.036 0.970 0.239 0.000 0.167 -0.242 0.956 0.000 0.000 0.596 0.000 1.000]]
		[0.5945946 [0.996 0.002 -0.093 0.000 0.025 0.958 0.286 0.000 0.089 -0.287 0.954 0.000 0.000 0.596 0.000 1.000]]
		[0.6216216 [1.000 0.000 -0.025 0.000 0.008 0.945 0.327 0.000 0.024 -0.327 0.945 0.000 0.000 0.596 0.000 1.000]]
		[0.6486486 [1.000 0.000 0.000 0.000 0.000 0.940 0.342 0.000 0.000 -0.342 0.940 0.000 0.000 0.596 0.000 1.000]]
		[0.6756757 [1.000 0.000 0.000 0.000 0.000 0.940 0.342 0.000 0.000 -0.342 0.940 0.000 0.000 0.596 0.000 1.000]]
		[0.7027027 [1.000 0.000 0.000 0.000 0.000 0.940 0.342 0.000 0.000 -0.342 0.940 0.000 0.000 0.596 0.000 1.000]]
		[0.7297297 [1.000 0.000 0.000 0.000 0.000 0.940 0.342 0.000 0.000 -0.342 0.940 0.000 0.000 0.596 0.000 1.000]]
		[0.7567568 [1.000 0.000 0.000 0.000 0.000 0.940 0.342 0.000 0.000 -0.342 0.940 0.000 0.000 0.596 0.000 1.000]]
		[0.7837838 [1.000 0.000 0.000 0.000 0.000 0.940 0.342 0.000 0.000 -0.342 0.940 0.000 0.000 0.596 0.000 1.000]]
		[0.8108108 [1.000 0.000 0.000 0.000 0.000 0.940 0.342 0.000 0.000 -0.342 0.940 0.000 0.000 0.596 0.000 1.000]]
		[0.8378378 [1.000 0.000 0.000 0.000 0.000 0.940 0.342 0.000 0.000 -0.342 0.940 0.000 0.000 0.596 0.000 1.000]]
		[0.8648649 [1.000 0.000 0.000 0.000 0.000 0.940 0.342 0.000 0.000 -0.342 0.940 0.000 0.000 0.596 0.000 1.000]]
		[0.8918919 [1.000 0.000 0.000 0.000 0.000 0.940 0.342 0.000 0.000 -0.342 0.940 0.000 0.000 0.596 0.000 1.000]]
		[0.9189189 [1.000 0.000 0.000 0.000 0.000 0.940 0.342 0.000 0.000 -0.342 0.940 0.000 0.000 0.596 0.000 1.000]]
		[0.9459459 [1.000 0.000 0.000 0.000 0.000 0.940 0.342 0.000 0.000 -0.342 0.940 0.000 0.000 0.596 0.000 1.000]]
		[0.972973 [1.000 0.000 0.000 0.000 0.000 0.940 0.342 0.000 0.000 -0.342 0.940 0.000 0.000 0.596 0.000 1.000]]
	]
	"Golova_end" [
		[0 [1.000 0.000 0.000 0.000 0.000 1.000 0.000 0.000 0.000 0.000 1.000 0.000 0.000 0.315 0.000 1.000]]
	]
	"Kluchitsa_L" [
		[0 [0.000 0.000 1.000 0.000 1.000 0.000 0.000 0.000 0.000 1.000 0.000 0.000 0.000 0.470 0.000 1.000]]
	]
	"Kluchitsa_L_end" [
		[0 [1.000 0.000 0.000 0.000 0.000 1.000 0.000 0.000 0.000 0.000 1.000 0.000 0.000 0.300 0.000 1.000]]
	]
	"Kluchitsa_P" [
		[0 [0.000 0.000 -1.000 0.000 -1.000 0.000 0.000 0.000 0.000 1.000 0.000 0.000 0.000 0.470 0.000 1.000]]
	]
	"Kluchitsa_P_end" [
		[0 [1.000 0.000 0.000 0.000 0.000 1.000 0.000 0.000 0.000 0.000 1.000 0.000 0.000 0.300 0.000 1.000]]
	]
	"Ruka_L" [
		[0 [-0.040 0.557 0.830 0.000 0.580 -0.663 0.473 0.000 0.814 0.500 -0.296 0.000 0.279 0.394 -0.035 1.000]]
		[0.02702703 [0.195 0.435 0.879 0.000 0.692 -0.696 0.191 0.000 0.695 0.571 -0.437 0.000 0.279 0.394 -0.035 1.000]]
		[0.05405406 [0.489 0.289 0.823 0.000 0.683 -0.714 -0.154 0.000 0.543 0.638 -0.547 0.000 0.279 0.394 -0.035 1.000]]
		[0.08108108 [0.756 0.149 0.638 0.000 0.537 -0.699 -0.473 0.000 0.375 0.700 -0.608 0.000 0.279 0.394 -0.035 1.000]]
		[0.1081081 [0.925 0.042 0.378 0.000 0.312 -0.652 -0.691 0.000 0.217 0.757 -0.616 0.000 0.279 0.394 -0.035 1.000]]
		[0.1351351 [0.990 -0.012 0.139 0.000 0.106 -0.586 -0.803 0.000 0.091 0.810 -0.579 0.000 0.279 0.394 -0.035 1.000]]
		[0.1621622 [1.000 -0.006 0.007 0.000 0.002 -0.513 -0.858 0.000 0.009 0.858 -0.513 0.000 0.279 0.394 -0.035 1.000]]
		[0.1891892 [0.998 0.052 0.042 0.000 0.060 -0.422 -0.905 0.000 -0.030 0.905 -0.424 0.000 0.279 0.394 -0.035 1.000]]
		[0.2162162 [0.964 0.118 0.240 0.000 0.265 -0.290 -0.920 0.000 -0.039 0.950 -0.310 0.000 0.279 0.394 -0.035 1.000]]
		[0.2432432 [0.834 0.125 0.538 0.000 0.552 -0.139 -0.822 0.000 -0.028 0.982 -0.185 0.000 0.279 0.394 -0.035 1.000]]
		[0.2702703 [0.570 0.055 0.820 0.000 0.822 -0.027 -0.569 0.000 -0.009 0.998 -0.061 0.000 0.279 0.394 -0.035 1.000]]
		[0.2972973 [0.209 -0.049 0.977 0.000 0.978 0.004 -0.209 0.000 0.006 0.999 0.049 0.000 0.279 0.394 -0.035 1.000]]
		[0.3243243 [-0.149 -0.128 0.981 0.000 0.989 -0.031 0.146 0.000 0.011 0.991 0.131 0.000 0.279 0.394 -0.035 1.000]]
		[0.3513514 [-0.412 -0.155 0.898 0.000 0.911 -0.076 0.405 0.000 0.006 0.985 0.173 0.000 0.279 0.394 -0.035 1.000]]
		[0.3783784 [-0.544 -0.140 0.827 0.000 0.839 -0.085 0.538 0.000 -0.005 0.987 0.163 0.000 0.279 0.394 -0.035 1.000]]
		[0.4054054 [-0.609 -0.095 0.787 0.000 0.793 -0.057 0.607 0.000 -0.012 0.994 0.110 0.000 0.279 0.394 -0.035 1.000]]
		[0.4324324 [-0.635 -0.021 0.772 0.000 0.772 -0.011 0.635 0.000 -0.005 1.000 0.023 0.000 0.279 0.394 -0.035 1.000]]
		[0.4594595 [-0.629 0.086 0.772 0.000 0.777 0.031 0.629 0.000 0.030 0.996 -0.086 0.000 0.279 0.394 -0.035 1.000]]
		[0.4864865 [-0.592 0.222 0.775 0.000 0.800 0.041 0.599 0.000 0.101 0.974 -0.202 0.000 0.279 0.394 -0.035 1.000]]
		[0.5135135 [-0.518 0.370 0.771 0.000 0.829 -0.005 0.559 0.000 0.210 0.929 -0.304 0.000 0.279 0.394 -0.035 1.000]]
		[0.5405405 [-0.409 0.499 0.764 0.000 0.843 -0.112 0.526 0.000 0.348 0.859 -0.375 0.000 0.279 0.394 -0.035 1.000]]
		[0.5675676 [-0.279 0.583 0.763 0.000 0.820 -0.269 0.505 0.000 0.500 0.767 -0.403 0.000 0.279 0.394 -0.035 1.000]]
		[0.5945946 [-0.155 0.606 0.780 0.000 0.748 -0.444 0.493 0.000 0.646 0.660 -0.385 0.000 0.279 0.394 -0.035 1.000]]
		[0.6216216 [-0.065 0.579 0.813 0.000 0.636 -0.604 0.480 0.000 0.769 0.548 -0.329 0.000 0.279 0.394 -0.035 1.000]]
		[0.6486486 [-0.040 0.557 0.830 0.000 0.580 -0.663 0.473 0.000 0.814 0.500 -0.296 0.000 0.279 0.394 -0.035 1.000]]
		[0.6756757 [-0.040 0.557 0.830 0.000 0.580 -0.663 0.473 0.000 0.814 0.500 -0.296 0.000 0.279 0.394 -0.035 1.000]]
		[0.7027027 [-0.040 0.557 0.830 0.000 0.580 -0.663 0.473 0.000 0.814 0.500 -0.296 0.000 0.279 0.394 -0.035 1.000]]
		[0.7297297 [-0.040 0.557 0.830 0.000 0.580 -0.663 0.473 0.000 0.814 0.500 -0.296 0.000 0.279 0.394 -0.035 1.000]]
		[0.7567568 [-0.040 0.557 0.830 0.000 0.580 -0.663 0.473 0.000 0.814 0.500 -0.296 0.000 0.279 0.394 -0.035 1.000]]
		[0.7837838 [-0.040 0.557 0.830 0.000 0.580 -0.663 0.473 0.000 0.814 0.500 -0.296 0.000 0.279 0.394 -0.035 1.000]]
		[0.8108108 [-0.040 0.557 0.830 0.000 0.580 -0.663 0.473 0.000 0.814 0.500 -0.296 0.000 0.279 0.394 -0.035 1.000]]
		[0.8378378 [-0.040 0.557 0.830 0.000 0.580 -0.663 0.473 0.000 0.814 0.500 -0.296 0.000 0.279 0.394 -0.035 1.000]]
		[0.8648649 [-0.040 0.557 0.830 0.000 0.580 -0.663 0.473 0.000 0.814 0.500 -0.296 0.000 0.279 0.394 -0.035 1.000]]
		[0.8918919 [-0.040 0.557 0.830 0.000 0.580 -0.663 0.473 0.000 0.814 0.500 -0.296 0.000 0.279 0.394 -0.035 1.000]]
		[0.9189189 [-0.040 0.557 0.830 0.000 0.580 -0.663 0.473 0.000 0.814 0.500 -0.296 0.000 0.279 0.394 -0.035 1.000]]
		[0.9459459 [-0.040 0.557 0.830 0.000 0.580 -0.663 0.473 0.000 0.814 0.500 -0.296 0.000 0.279 0.394 -0.035 1.000]]
		[0.972973 [-0.040 0.557 0.830 0.000 0.580 -0.663 0.473 0.000 0.814 0.500 -0.296 0.000 0.279 0.394 -0.035 1.000]]
	]
	"Lokot_L" [
		[0 [0.000 1.000 0.000 0.000 -1.000 0.000 0.000 0.000 0.000 0.000 1.000 0.000 0.000 0.316 0.000 1.000]]
		[0.02702703 [0.162 0.987 0.000 0.000 -0.987 0.162 0.000 0.000 0.000 0.000 1.000 0.000 0.000 0.316 0.000 1.000]]
		[0.05405406 [0.329 0.944 0.000 0.000 -0.944 0.329 0.000 0.000 0.000 0.000 1.000 0.000 0.000 0.316 0.000 1.000]]
		[0.08108108 [0.456 0.890 0.000 0.000 -0.890 0.456 0.000 0.000 0.000 0.000 1.000 0.000 0.000 0.316 0.000 1.000]]
		[0.1081081 [0.499 0.867 0.000 0.000 -0.867 0.499 0.000 0.000 0.000 0.000 1.000 0.000 0.000 0.316 0.000 1.000]]
		[0.1351351 [0.423 0.906 0.000 0.000 -0.906 0.423 0.000 0.000 0.000 0.000 1.000 0.000 0.000 0.316 0.000 1.000]]
		[0.1621622 [0.345 0.939 0.000 0.000 -0.939 0.345 0.000 0.000 0.000 0.000 1.000 0.000 0.000 0.316 0.000 1.000]]
		[0.1891892 [0.373 0.928 0.000 0.000 -0.928 0.373 0.000 0.000 0.000 0.000 1.000 0.000 0.000 0.316 0.000 1.000]]
		[0.2162162 [0.453 0.891 0.000 0.000 -0.891 0.453 0.000 0.000 0.000 0.000 1.000 0.000 0.000 0.316 0.000 1.000]]
		[0.2432432 [0.560 0.828 0.000 0.000 -0.828 0.560 0.000 0.000 0.000 0.000 1.000 0.000 0.000 0.316 0.000 1.000]]
		[0.2702703 [0.669 0.743 0.000 0.000 -0.743 0.669 0.000 0.000 0.000 0.000 1.000 0.000 0.000 0.316 0.000 1.000]]
		[0.2972973 [0.762 0.647 0.000 0.000 -0.647 0.762 0.000 0.000 0.000 0.000 1.000 0.000 0.000 0.316 0.000 1.000]]
		[0.3243243 [0.828 0.561 0.000 0.000 -0.561 0.828 0.000 0.000 0.000 0.000 1.000 0.000 0.000 0.316 0.000 1.000]]
		[0.3513514 [0.862 0.507 0.000 0.000 -0.507 0.862 0.000 0.000 0.000 0.000 1.000 0.000 0.000 0.316 0.000 1.000]]
		[0.3783784 [0.863 0.505 0.000 0.000 -0.505 0.863 0.000 0.000 0.000 0.000 1.000 0.000 0.000 0.316 0.000 1.000]]
		[0.4054054 [0.841 0.540 0.000 0.000 -0.540 0.841 0.000 0.000 0.000 0.000 1.000 0.000 0.000 0.316 0.000 1.000]]
		[0.4324324 [0.800 0.600 0.000 0.000 -0.600 0.800 0.000 0.000 0.000 0.000 1.000 0.000 0.000 0.316 0.000 1.000]]
		[0.4594595 [0.737 0.676 0.000 0.000 -0.676 0.737 0.000 0.000 0.000 0.000 1.000 0.000 0.000 0.316 0.000 1.000]]
		[0.4864865 [0.653 0.757 0.000 0.000 -0.757 0.653 0.000 0.000 0.000 0.000 1.000 0.000 0.000 0.316 0.000 1.000]]
		[0.5135135 [0.548 0.836 0.000 0.000 -0.836 0.548 0.000 0.000 0.000 0.000 1.000 0.000 0.000 0.316 0.000 1.000]]
		[0.5405405 [0.428 0.904 0.000 0.000 -0.904 0.428 0.000 0.000 0.000 0.000 1.000 0.000 0.000 0.316 0.000 1.000]]
		[0.5675676 [0.299 0.954 0.000 0.000 -0.954 0.299 0.000 0.000 0.000 0.000 1.000 0.000 0.000 0.316 0.000 1.000]]
		[0.5945946 [0.169 0.986 0.000 0.000 -0.986 0.169 0.000 0.000 0.000 0.000 1.000 0.000 0.000 0.316 0.000 1.000]]
		[0.6216216 [0.048 0.999 0.000 0.000 -0.999 0.048 0.000 0.000 0.000 0.000 1.000 0.000 0.000 0.316 0.000 1.000]]
		[0.6486486 [0.000 1.000 0.000 0.000 -1.000 0.000 0.000 0.000 0.000 0.000 1.000 0.000 0.000 0.316 0.000 1.000]]
		[0.6756757 [0.000 1.000 0.000 0.000 -1.000 0.000 0.000 0.000 0.000 0.000 1.000 0.000 0.000 0.316 0.000 1.000]]
		[0.7027027 [0.000 1.000 0.000 0.000 -1.000 0.000 0.000 0.000 0.000 0.000 1.000 0.000 0.000 0.316 0.000 1.000]]
		[0.7297297 [0.000 1.000 0.000 0.000 -1.000 0.000 0.000 0.000 0.000 0.000 1.000 0.000 0.000 0.316 0.000 1.000]]
		[0.7567568 [0.000 1.000 0.000 0.000 -1.000 0.000 0.000 0.000 0.000 0.000 1.000 0.000 0.000 0.316 0.000 1.000]]
		[0.7837838 [0.000 1.000 0.000 0.000 -1.000 0.000 0.000 0.000 0.000 0.000 1.000 0.000 0.000 0.316 0.000 1.000]]
		[0.8108108 [0.000 1.000 0.000 0.000 -1.000 0.000 0.000 0.000 0.000 0.000 1.000 0.000 0.000 0.316 0.000 1.000]]
		[0.8378378 [0.000 1.000 0.000 0.000 -1.000 0.000 0.000 0.000 0.000 0.000 1.000 0.000 0.000 0.316 0.000 1.000]]
		[0.8648649 [0.000 1.000 0.000 0.000 -1.000 0.000 0.000 0.000 0.000 0.000 1.000 0.000 0.000 0.316 0.000 1.000]]
		[0.8918919 [0.000 1.000 0.000 0.000 -1.000 0.000 0.000 0.000 0.000 0.000 1.000 0.000 0.000 0.316 0.000 1.000]]
		[0.9189189 [0.000 1.000 0.000 0.000 -1.000 0.000 0.000 0.000 0.000 0.000 1.000 0.000 0.000 0.316 0.000 1.000]]
		[0.9459459 [0.000 1.000 0.000 0.000 -1.000 0.000 0.000 0.000 0.000 0.000 1.000 0.000 0.000 0.316 0.000 1.000]]
		[0.972973 [0.000 1.000 0.000 0.000 -1.000 0.000 0.000 0.000 0.000 0.000 1.000 0.000 0.000 0.316 0.000 1.000]]
	]
	"Lokot_L_end" [
		[0 [1.000 0.000 0.000 0.000 0.000 1.000 0.000 0.000 0.000 0.000 1.000 0.000 0.000 0.469 0.000 1.000]]
	]
	"Ruka_P" [
		[0 [-0.106 0.621 0.777 0.000 -0.406 -0.740 0.536 0.000 0.908 -0.259 0.330 0.000 -0.279 0.394 -0.035 1.000]]
		[0.02702703 [-0.257 0.312 0.915 0.000 -0.464 -0.870 0.167 0.000 0.848 -0.382 0.368 0.000 -0.279 0.394 -0.035 1.000]]
		[0.05405406 [-0.483 -0.052 0.874 0.000 -0.417 -0.864 -0.281 0.000 0.770 -0.500 0.396 0.000 -0.279 0.394 -0.035 1.000]]
		[0.08108108 [-0.695 -0.357 0.624 0.000 -0.235 -0.707 -0.667 0.000 0.679 -0.610 0.407 0.000 -0.279 0.394 -0.035 1.000]]
		[0.1081081 [-0.812 -0.521 0.262 0.000 0.023 -0.477 -0.878 0.000 0.583 -0.708 0.400 0.000 -0.279 0.394 -0.035 1.000]]
		[0.1351351 [-0.836 -0.545 -0.064 0.000 0.254 -0.280 -0.926 0.000 0.486 -0.790 0.373 0.000 -0.279 0.394 -0.035 1.000]]
		[0.1621622 [-0.839 -0.485 -0.248 0.000 0.373 -0.178 -0.911 0.000 0.397 -0.856 0.330 0.000 -0.279 0.394 -0.035 1.000]]
		[0.1891892 [-0.894 -0.376 -0.244 0.000 0.325 -0.166 -0.931 0.000 0.310 -0.911 0.271 0.000 -0.279 0.394 -0.035 1.000]]
		[0.2162162 [-0.971 -0.229 -0.062 0.000 0.103 -0.174 -0.979 0.000 0.214 -0.958 0.193 0.000 -0.279 0.394 -0.035 1.000]]
		[0.2432432 [-0.962 -0.084 0.260 0.000 -0.248 -0.131 -0.960 0.000 0.115 -0.988 0.105 0.000 -0.279 0.394 -0.035 1.000]]
		[0.2702703 [-0.782 -0.005 0.623 0.000 -0.623 -0.030 -0.782 0.000 0.022 -1.000 0.020 0.000 -0.279 0.394 -0.035 1.000]]
		[0.2972973 [-0.450 -0.020 0.893 0.000 -0.891 0.073 -0.447 0.000 -0.056 -0.997 -0.051 0.000 -0.279 0.394 -0.035 1.000]]
		[0.3243243 [-0.075 -0.091 0.993 0.000 -0.991 0.119 -0.064 0.000 -0.112 -0.989 -0.099 0.000 -0.279 0.394 -0.035 1.000]]
		[0.3513514 [0.223 -0.146 0.964 0.000 -0.965 0.106 0.240 0.000 -0.137 -0.984 -0.117 0.000 -0.279 0.394 -0.035 1.000]]
		[0.3783784 [0.390 -0.140 0.910 0.000 -0.913 0.071 0.403 0.000 -0.121 -0.988 -0.100 0.000 -0.279 0.394 -0.035 1.000]]
		[0.4054054 [0.485 -0.080 0.871 0.000 -0.872 0.034 0.489 0.000 -0.068 -0.996 -0.054 0.000 -0.279 0.394 -0.035 1.000]]
		[0.4324324 [0.532 0.021 0.847 0.000 -0.847 -0.008 0.532 0.000 0.018 -1.000 0.013 0.000 -0.279 0.394 -0.035 1.000]]
		[0.4594595 [0.532 0.150 0.833 0.000 -0.836 -0.063 0.545 0.000 0.134 -0.987 0.092 0.000 -0.279 0.394 -0.035 1.000]]
		[0.4864865 [0.487 0.290 0.824 0.000 -0.830 -0.140 0.540 0.000 0.272 -0.947 0.172 0.000 -0.279 0.394 -0.035 1.000]]
		[0.5135135 [0.400 0.420 0.814 0.000 -0.814 -0.245 0.526 0.000 0.421 -0.874 0.244 0.000 -0.279 0.394 -0.035 1.000]]
		[0.5405405 [0.283 0.523 0.804 0.000 -0.773 -0.372 0.515 0.000 0.568 -0.766 0.299 0.000 -0.279 0.394 -0.035 1.000]]
		[0.5675676 [0.153 0.589 0.794 0.000 -0.697 -0.505 0.509 0.000 0.701 -0.631 0.333 0.000 -0.279 0.394 -0.035 1.000]]
		[0.5945946 [0.030 0.617 0.786 0.000 -0.589 -0.625 0.513 0.000 0.808 -0.479 0.344 0.000 -0.279 0.394 -0.035 1.000]]
		[0.6216216 [-0.070 0.622 0.780 0.000 -0.462 -0.713 0.527 0.000 0.884 -0.324 0.338 0.000 -0.279 0.394 -0.035 1.000]]
		[0.6486486 [-0.106 0.621 0.777 0.000 -0.406 -0.740 0.536 0.000 0.908 -0.259 0.330 0.000 -0.279 0.394 -0.035 1.000]]
		[0.6756757 [-0.106 0.621 0.777 0.000 -0.406 -0.740 0.536 0.000 0.908 -0.259 0.330 0.000 -0.279 0.394 -0.035 1.000]]
		[0.7027027 [-0.106 0.621 0.777 0.000 -0.406 -0.740 0.536 0.000 0.908 -0.259 0.330 0.000 -0.279 0.394 -0.035 1.000]]
		[0.7297297 [-0.106 0.621 0.777 0.000 -0.406 -0.740 0.536 0.000 0.908 -0.259 0.330 0.000 -0.279 0.394 -0.035 1.000]]
		[0.7567568 [-0.106 0.621 0.777 0.000 -0.406 -0.740 0.536 0.000 0.908 -0.259 0.330 0.000 -0.279 0.394 -0.035 1.000]]
		[0.7837838 [-0.106 0.621 0.777 0.000 -0.406 -0.740 0.536 0.000 0.908 -0.259 0.330 0.000 -0.279 0.394 -0.035 1.000]]
		[0.8108108 [-0.106 0.621 0.777 0.000 -0.406 -0.740 0.536 0.000 0.908 -0.259 0.330 0.000 -0.279 0.394 -0.035 1.000]]
		[0.8378378 [-0.106 0.621 0.777 0.000 -0.406 -0.740 0.536 0.000 0.908 -0.259 0.330 0.000 -0.279 0.394 -0.035 1.000]]
		[0.8648649 [-0.106 0.621 0.777 0.000 -0.406 -0.740 0.536 0.000 0.908 -0.259 0.330 0.000 -0.279 0.394 -0.035 1.000]]
		[0.8918919 [-0.106 0.621 0.777 0.000 -0.406 -0.740 0.536 0.000 0.908 -0.259 0.330 0.000 -0.279 0.394 -0.035 1.000]]
		[0.9189189 [-0.106 0.621 0.777 0.000 -0.406 -0.740 0.536 0.000 0.908 -0.259 0.330 0.000 -0.279 0.394 -0.035 1.000]]
		[0.9459459 [-0.106 0.621 0.777 0.000 -0.406 -0.740 0.536 0.000 0.908 -0.259 0.330 0.000 -0.279 0.394 -0.035 1.000]]
		[0.972973 [-0.106 0.621 0.777 0.000 -0.406 -0.740 0.536 0.000 0.908 -0.259 0.330 0.000 -0.279 0.394 -0.035 1.000]]
	]
	"Lokot_P" [
		[0 [0.500 0.866 0.000 0.000 -0.866 0.500 0.000 0.000 0.000 0.000 1.000 0.000 0.000 0.316 0.000 1.000]]
