{ :name "Attack_3" :length 0.6 :bones { 
	"Skelet" [
		[0 [1.000 0.000 0.000 0.000 0.000 0.000 1.000 0.000 0.000 -1.000 0.000 0.000 0.000 0.000 -0.040 1.000]]
	]
	"Bedro_L" [
		[0 [0.059 -0.337 0.940 0.000 0.163 -0.925 -0.342 0.000 0.985 0.174 0.000 0.000 0.123 -0.038 0.000 1.000]]
	]
	"Koleno_L" [
		[0 [-0.906 0.423 0.000 0.000 0.423 0.906 0.000 0.000 0.000 0.000 -1.000 0.000 0.000 0.532 0.000 1.000]]
	]
	"Koleno_L_end" [
		[0 [1.000 0.000 0.000 0.000 0.000 1.000 0.000 0.000 0.000 0.000 1.000 0.000 0.000 0.578 0.000 1.000]]
	]
	"Bedro_P" [
		[0 [0.682 -0.337 0.650 0.000 -0.367 -0.925 -0.095 0.000 0.633 -0.174 -0.754 0.000 -0.123 -0.038 0.000 1.000]]
	]
	"Koleno_P" [
		[0 [-0.906 0.423 0.000 0.000 0.423 0.906 0.000 0.000 0.000 0.000 -1.000 0.000 0.000 0.532 0.000 1.000]]
	]
	"Koleno_P_end" [
		[0 [1.000 0.000 0.000 0.000 0.000 1.000 0.000 0.000 0.000 0.000 1.000 0.000 0.000 0.578 0.000 1.000]]
	]
	"Tors" [
		[0 [1.000 0.000 0.000 0.000 0.000 0.940 -0.342 0.000 0.000 0.342 0.940 0.000 0.000 0.130 0.000 1.000]]
		[0.02777778 [0.994 0.000 0.105 0.000 0.036 0.940 -0.340 0.000 -0.099 0.342 0.934 0.000 0.000 0.130 0.000 1.000]]
		[0.05555556 [0.973 0.000 0.231 0.000 0.079 0.940 -0.333 0.000 -0.217 0.342 0.914 0.000 0.000 0.130 0.000 1.000]]
		[0.08333334 [0.936 0.000 0.352 0.000 0.120 0.940 -0.320 0.000 -0.331 0.342 0.879 0.000 0.000 0.130 0.000 1.000]]
		[0.1111111 [0.894 0.000 0.449 0.000 0.154 0.940 -0.306 0.000 -0.422 0.342 0.840 0.000 0.000 0.130 0.000 1.000]]
		[0.1388889 [0.864 0.000 0.503 0.000 0.172 0.940 -0.296 0.000 -0.473 0.342 0.812 0.000 0.000 0.130 0.000 1.000]]
		[0.1666667 [0.866 0.000 0.500 0.000 0.171 0.940 -0.296 0.000 -0.470 0.342 0.814 0.000 0.000 0.130 0.000 1.000]]
		[0.1944444 [0.907 0.000 0.422 0.000 0.144 0.940 -0.310 0.000 -0.397 0.342 0.852 0.000 0.000 0.130 0.000 1.000]]
		[0.2222222 [0.962 0.000 0.274 0.000 0.094 0.940 -0.329 0.000 -0.258 0.342 0.904 0.000 0.000 0.130 0.000 1.000]]
		[0.25 [0.997 0.000 0.076 0.000 0.026 0.940 -0.341 0.000 -0.072 0.342 0.937 0.000 0.000 0.130 0.000 1.000]]
		[0.2777778 [0.990 0.000 -0.142 0.000 -0.049 0.940 -0.339 0.000 0.133 0.342 0.930 0.000 0.000 0.130 0.000 1.000]]
		[0.3055556 [0.939 0.000 -0.344 0.000 -0.118 0.940 -0.321 0.000 0.323 0.342 0.882 0.000 0.000 0.130 0.000 1.000]]
		[0.3333333 [0.866 0.000 -0.500 0.000 -0.171 0.940 -0.296 0.000 0.470 0.342 0.814 0.000 0.000 0.130 0.000 1.000]]
		[0.3611111 [0.777 0.000 -0.629 0.000 -0.215 0.940 -0.266 0.000 0.591 0.342 0.730 0.000 0.000 0.130 0.000 1.000]]
		[0.3888889 [0.684 0.000 -0.730 0.000 -0.250 0.940 -0.234 0.000 0.686 0.342 0.643 0.000 0.000 0.130 0.000 1.000]]
		[0.4166667 [0.643 0.000 -0.766 0.000 -0.262 0.940 -0.220 0.000 0.720 0.342 0.604 0.000 0.000 0.130 0.000 1.000]]
		[0.4444444 [0.675 0.000 -0.738 0.000 -0.252 0.940 -0.231 0.000 0.693 0.342 0.634 0.000 0.000 0.130 0.000 1.000]]
		[0.4722222 [0.746 0.000 -0.666 0.000 -0.228 0.940 -0.255 0.000 0.626 0.342 0.701 0.000 0.000 0.130 0.000 1.000]]
		[0.5 [0.833 0.000 -0.554 0.000 -0.189 0.940 -0.285 0.000 0.520 0.342 0.782 0.000 0.000 0.130 0.000 1.000]]
		[0.5277778 [0.913 0.000 -0.409 0.000 -0.140 0.940 -0.312 0.000 0.384 0.342 0.858 0.000 0.000 0.130 0.000 1.000]]
		[0.5555556 [0.969 0.000 -0.246 0.000 -0.084 0.940 -0.332 0.000 0.231 0.342 0.911 0.000 0.000 0.130 0.000 1.000]]
		[0.5833333 [0.996 0.000 -0.085 0.000 -0.029 0.940 -0.341 0.000 0.080 0.342 0.936 0.000 0.000 0.130 0.000 1.000]]
		[0.6111111 [1.000 0.000 0.000 0.000 0.000 0.940 -0.342 0.000 0.000 0.342 0.940 0.000 0.000 0.130 0.000 1.000]]
		[0.6388889 [1.000 0.000 0.000 0.000 0.000 0.940 -0.342 0.000 0.000 0.342 0.940 0.000 0.000 0.130 0.000 1.000]]
		[0.6666667 [1.000 0.000 0.000 0.000 0.000 0.940 -0.342 0.000 0.000 0.342 0.940 0.000 0.000 0.130 0.000 1.000]]
		[0.6944444 [1.000 0.000 0.000 0.000 0.000 0.940 -0.342 0.000 0.000 0.342 0.940 0.000 0.000 0.130 0.000 1.000]]
		[0.7222222 [1.000 0.000 0.000 0.000 0.000 0.940 -0.342 0.000 0.000 0.342 0.940 0.000 0.000 0.130 0.000 1.000]]
		[0.75 [1.000 0.000 0.000 0.000 0.000 0.940 -0.342 0.000 0.000 0.342 0.940 0.000 0.000 0.130 0.000 1.000]]
		[0.7777778 [1.000 0.000 0.000 0.000 0.000 0.940 -0.342 0.000 0.000 0.342 0.940 0.000 0.000 0.130 0.000 1.000]]
		[0.8055556 [1.000 0.000 0.000 0.000 0.000 0.940 -0.342 0.000 0.000 0.342 0.940 0.000 0.000 0.130 0.000 1.000]]
		[0.8333333 [1.000 0.000 0.000 0.000 0.000 0.940 -0.342 0.000 0.000 0.342 0.940 0.000 0.000 0.130 0.000 1.000]]
		[0.8611111 [1.000 0.000 0.000 0.000 0.000 0.940 -0.342 0.000 0.000 0.342 0.940 0.000 0.000 0.130 0.000 1.000]]
		[0.8888889 [1.000 0.000 0.000 0.000 0.000 0.940 -0.342 0.000 0.000 0.342 0.940 0.000 0.000 0.130 0.000 1.000]]
		[0.9166667 [1.000 0.000 0.000 0.000 0.000 0.940 -0.342 0.000 0.000 0.342 0.940 0.000 0.000 0.130 0.000 1.000]]
		[0.9444444 [1.000 0.000 0.000 0.000 0.000 0.940 -0.342 0.000 0.000 0.342 0.940 0.000 0.000 0.130 0.000 1.000]]
		[0.9722222 [1.000 0.000 0.000 0.000 0.000 0.940 -0.342 0.000 0.000 0.342 0.940 0.000 0.000 0.130 0.000 1.000]]
	]
	"Golova" [
		[0 [1.000 0.000 0.000 0.000 0.000 0.940 0.342 0.000 0.000 -0.342 0.940 0.000 0.000 0.596 0.000 1.000]]
		[0.02777778 [0.995 0.033 -0.093 0.000 0.001 0.939 0.344 0.000 0.099 -0.342 0.934 0.000 0.000 0.596 0.000 1.000]]
		[0.05555556 [0.976 0.073 -0.204 0.000 0.003 0.937 0.350 0.000 0.217 -0.342 0.914 0.000 0.000 0.596 0.000 1.000]]
		[0.08333334 [0.944 0.112 -0.311 0.000 0.008 0.933 0.360 0.000 0.331 -0.342 0.879 0.000 0.000 0.596 0.000 1.000]]
		[0.1111111 [0.907 0.145 -0.396 0.000 0.014 0.928 0.371 0.000 0.422 -0.342 0.840 0.000 0.000 0.596 0.000 1.000]]
		[0.1388889 [0.881 0.164 -0.444 0.000 0.018 0.925 0.379 0.000 0.473 -0.342 0.812 0.000 0.000 0.596 0.000 1.000]]
		[0.1666667 [0.883 0.163 -0.441 0.000 0.018 0.925 0.379 0.000 0.470 -0.342 0.814 0.000 0.000 0.596 0.000 1.000]]
		[0.1944444 [0.921 0.134 -0.366 0.000 0.011 0.930 0.367 0.000 0.390 -0.342 0.855 0.000 0.000 0.596 0.000 1.000]]
		[0.2222222 [0.972 0.079 -0.221 0.000 0.004 0.936 0.351 0.000 0.234 -0.342 0.910 0.000 0.000 0.596 0.000 1.000]]
		[0.25 [1.000 0.010 -0.029 0.000 0.000 0.940 0.342 0.000 0.031 -0.342 0.939 0.000 0.000 0.596 0.000 1.000]]
		[0.2777778 [0.983 -0.061 0.171 0.000 -0.002 0.938 0.347 0.000 -0.181 -0.342 0.922 0.000 0.000 0.596 0.000 1.000]]
		[0.3055556 [0.934 -0.122 0.337 0.000 -0.009 0.932 0.363 0.000 -0.358 -0.342 0.869 0.000 0.000 0.596 0.000 1.000]]
		[0.3333333 [0.883 -0.163 0.441 0.000 -0.018 0.925 0.379 0.000 -0.470 -0.342 0.814 0.000 0.000 0.596 0.000 1.000]]
		[0.3611111 [0.861 -0.178 0.476 0.000 -0.022 0.923 0.385 0.000 -0.508 -0.342 0.791 0.000 0.000 0.596 0.000 1.000]]
		[0.3888889 [0.866 -0.175 0.469 0.000 -0.021 0.923 0.383 0.000 -0.500 -0.342 0.796 0.000 0.000 0.596 0.000 1.000]]
		[0.4166667 [0.883 -0.163 0.441 0.000 -0.018 0.925 0.379 0.000 -0.470 -0.342 0.814 0.000 0.000 0.596 0.000 1.000]]
		[0.4444444 [0.904 -0.147 0.402 0.000 -0.014 0.928 0.372 0.000 -0.428 -0.342 0.837 0.000 0.000 0.596 0.000 1.000]]
		[0.4722222 [0.929 -0.126 0.347 0.000 -0.010 0.931 0.364 0.000 -0.369 -0.342 0.864 0.000 0.000 0.596 0.000 1.000]]
		[0.5 [0.955 -0.100 0.279 0.000 -0.006 0.934 0.356 0.000 -0.296 -0.342 0.892 0.000 0.000 0.596 0.000 1.000]]
		[0.5277778 [0.977 -0.072 0.203 0.000 -0.003 0.937 0.350 0.000 -0.215 -0.342 0.915 0.000 0.000 0.596 0.000 1.000]]
		[0.5555556 [0.992 -0.043 0.122 0.000 -0.001 0.939 0.345 0.000 -0.130 -0.342 0.931 0.000 0.000 0.596 0.000 1.000]]
		[0.5833333 [0.999 -0.016 0.044 0.000 0.000 0.940 0.342 0.000 -0.047 -0.342 0.939 0.000 0.000 0.596 0.000 1.000]]
		[0.6111111 [1.000 0.000 0.000 0.000 0.000 0.940 0.342 0.000 0.000 -0.342 0.940 0.000 0.000 0.596 0.000 1.000]]
		[0.6388889 [1.000 0.000 0.000 0.000 0.000 0.940 0.342 0.000 0.000 -0.342 0.940 0.000 0.000 0.596 0.000 1.000]]
		[0.6666667 [1.000 0.000 0.000 0.000 0.000 0.940 0.342 0.000 0.000 -0.342 0.940 0.000 0.000 0.596 0.000 1.000]]
		[0.6944444 [1.000 0.000 0.000 0.000 0.000 0.940 0.342 0.000 0.000 -0.342 0.940 0.000 0.000 0.596 0.000 1.000]]
		[0.7222222 [1.000 0.000 0.000 0.000 0.000 0.940 0.342 0.000 0.000 -0.342 0.940 0.000 0.000 0.596 0.000 1.000]]
		[0.75 [1.000 0.000 0.000 0.000 0.000 0.940 0.342 0.000 0.000 -0.342 0.940 0.000 0.000 0.596 0.000 1.000]]
		[0.7777778 [1.000 0.000 0.000 0.000 0.000 0.940 0.342 0.000 0.000 -0.342 0.940 0.000 0.000 0.596 0.000 1.000]]
		[0.8055556 [1.000 0.000 0.000 0.000 0.000 0.940 0.342 0.000 0.000 -0.342 0.940 0.000 0.000 0.596 0.000 1.000]]
		[0.8333333 [1.000 0.000 0.000 0.000 0.000 0.940 0.342 0.000 0.000 -0.342 0.940 0.000 0.000 0.596 0.000 1.000]]
		[0.8611111 [1.000 0.000 0.000 0.000 0.000 0.940 0.342 0.000 0.000 -0.342 0.940 0.000 0.000 0.596 0.000 1.000]]
		[0.8888889 [1.000 0.000 0.000 0.000 0.000 0.940 0.342 0.000 0.000 -0.342 0.940 0.000 0.000 0.596 0.000 1.000]]
		[0.9166667 [1.000 0.000 0.000 0.000 0.000 0.940 0.342 0.000 0.000 -0.342 0.940 0.000 0.000 0.596 0.000 1.000]]
		[0.9444444 [1.000 0.000 0.000 0.000 0.000 0.940 0.342 0.000 0.000 -0.342 0.940 0.000 0.000 0.596 0.000 1.000]]
		[0.9722222 [1.000 0.000 0.000 0.000 0.000 0.940 0.342 0.000 0.000 -0.342 0.940 0.000 0.000 0.596 0.000 1.000]]
	]
	"Golova_end" [
		[0 [1.000 0.000 0.000 0.000 0.000 1.000 0.000 0.000 0.000 0.000 1.000 0.000 0.000 0.315 0.000 1.000]]
	]
	"Kluchitsa_L" [
		[0 [0.000 0.000 1.000 0.000 1.000 0.000 0.000 0.000 0.000 1.000 0.000 0.000 0.000 0.470 0.000 1.000]]
	]
	"Kluchitsa_L_end" [
		[0 [1.000 0.000 0.000 0.000 0.000 1.000 0.000 0.000 0.000 0.000 1.000 0.000 0.000 0.300 0.000 1.000]]
	]
	"Kluchitsa_P" [
		[0 [0.000 0.000 -1.000 0.000 -1.000 0.000 0.000 0.000 0.000 1.000 0.000 0.000 0.000 0.470 0.000 1.000]]
	]
	"Kluchitsa_P_end" [
		[0 [1.000 0.000 0.000 0.000 0.000 1.000 0.000 0.000 0.000 0.000 1.000 0.000 0.000 0.300 0.000 1.000]]
	]
	"Ruka_L" [
		[0 [-0.040 0.557 0.830 0.000 0.580 -0.663 0.473 0.000 0.814 0.500 -0.296 0.000 0.279 0.394 -0.035 1.000]]
		[0.02777778 [-0.101 0.465 0.879 0.000 0.362 -0.806 0.468 0.000 0.927 0.365 -0.087 0.000 0.279 0.394 -0.035 1.000]]
		[0.05555556 [-0.248 0.334 0.909 0.000 0.138 -0.917 0.374 0.000 0.959 0.218 0.182 0.000 0.279 0.394 -0.035 1.000]]
		[0.08333334 [-0.455 0.173 0.873 0.000 -0.021 -0.983 0.184 0.000 0.890 0.065 0.451 0.000 0.279 0.394 -0.035 1.000]]
		[0.1111111 [-0.662 0.000 0.749 0.000 -0.063 -0.996 -0.056 0.000 0.746 -0.084 0.660 0.000 0.279 0.394 -0.035 1.000]]
		[0.1388889 [-0.810 -0.169 0.562 0.000 0.007 -0.960 -0.279 0.000 0.586 -0.222 0.779 0.000 0.279 0.394 -0.035 1.000]]
		[0.1666667 [-0.872 -0.321 0.369 0.000 0.136 -0.883 -0.449 0.000 0.470 -0.342 0.814 0.000 0.279 0.394 -0.035 1.000]]
		[0.1944444 [-0.865 -0.457 0.207 0.000 0.268 -0.770 -0.580 0.000 0.424 -0.446 0.788 0.000 0.279 0.394 -0.035 1.000]]
		[0.2222222 [-0.822 -0.566 0.067 0.000 0.374 -0.624 -0.686 0.000 0.431 -0.539 0.724 0.000 0.279 0.394 -0.035 1.000]]
		[0.25 [-0.771 -0.634 -0.052 0.000 0.434 -0.465 -0.771 0.000 0.465 -0.617 0.634 0.000 0.279 0.394 -0.035 1.000]]
		[0.2777778 [-0.737 -0.660 -0.146 0.000 0.449 -0.316 -0.836 0.000 0.506 -0.682 0.529 0.000 0.279 0.394 -0.035 1.000]]
		[0.3055556 [-0.727 -0.654 -0.207 0.000 0.427 -0.194 -0.883 0.000 0.538 -0.731 0.420 0.000 0.279 0.394 -0.035 1.000]]
		[0.3333333 [-0.740 -0.633 -0.227 0.000 0.377 -0.112 -0.919 0.000 0.557 -0.766 0.321 0.000 0.279 0.394 -0.035 1.000]]
		[0.3611111 [-0.775 -0.606 -0.180 0.000 0.271 -0.061 -0.961 0.000 0.571 -0.793 0.212 0.000 0.279 0.394 -0.035 1.000]]
		[0.3888889 [-0.802 -0.596 -0.042 0.000 0.089 -0.051 -0.995 0.000 0.591 -0.801 0.094 0.000 0.279 0.394 -0.035 1.000]]
		[0.4166667 [-0.754 -0.633 0.174 0.000 -0.133 -0.112 -0.985 0.000 0.643 -0.766 0.000 0.000 0.279 0.394 -0.035 1.000]]
		[0.4444444 [-0.586 -0.688 0.427 0.000 -0.337 -0.273 -0.901 0.000 0.737 -0.672 -0.072 0.000 0.279 0.394 -0.035 1.000]]
		[0.4722222 [-0.311 -0.675 0.669 0.000 -0.445 -0.519 -0.730 0.000 0.840 -0.525 -0.140 0.000 0.279 0.394 -0.035 1.000]]
		[0.5 [0.000 -0.523 0.853 0.000 -0.383 -0.788 -0.483 0.000 0.924 -0.326 -0.200 0.000 0.279 0.394 -0.035 1.000]]
		[0.5277778 [0.221 -0.222 0.950 0.000 -0.142 -0.971 -0.194 0.000 0.965 -0.092 -0.246 0.000 0.279 0.394 -0.035 1.000]]
		[0.5555556 [0.255 0.141 0.957 0.000 0.186 -0.978 0.095 0.000 0.949 0.153 -0.275 0.000 0.279 0.394 -0.035 1.000]]
		[0.5833333 [0.103 0.443 0.891 0.000 0.469 -0.811 0.349 0.000 0.877 0.382 -0.291 0.000 0.279 0.394 -0.035 1.000]]
		[0.6111111 [-0.040 0.557 0.830 0.000 0.580 -0.663 0.473 0.000 0.814 0.500 -0.296 0.000 0.279 0.394 -0.035 1.000]]
		[0.6388889 [-0.040 0.557 0.830 0.000 0.580 -0.663 0.473 0.000 0.814 0.500 -0.296 0.000 0.279 0.394 -0.035 1.000]]
		[0.6666667 [-0.040 0.557 0.830 0.000 0.580 -0.663 0.473 0.000 0.814 0.500 -0.296 0.000 0.279 0.394 -0.035 1.000]]
		[0.6944444 [-0.040 0.557 0.830 0.000 0.580 -0.663 0.473 0.000 0.814 0.500 -0.296 0.000 0.279 0.394 -0.035 1.000]]
		[0.7222222 [-0.040 0.557 0.830 0.000 0.580 -0.663 0.473 0.000 0.814 0.500 -0.296 0.000 0.279 0.394 -0.035 1.000]]
		[0.75 [-0.040 0.557 0.830 0.000 0.580 -0.663 0.473 0.000 0.814 0.500 -0.296 0.000 0.279 0.394 -0.035 1.000]]
		[0.7777778 [-0.040 0.557 0.830 0.000 0.580 -0.663 0.473 0.000 0.814 0.500 -0.296 0.000 0.279 0.394 -0.035 1.000]]
		[0.8055556 [-0.040 0.557 0.830 0.000 0.580 -0.663 0.473 0.000 0.814 0.500 -0.296 0.000 0.279 0.394 -0.035 1.000]]
		[0.8333333 [-0.040 0.557 0.830 0.000 0.580 -0.663 0.473 0.000 0.814 0.500 -0.296 0.000 0.279 0.394 -0.035 1.000]]
		[0.8611111 [-0.040 0.557 0.830 0.000 0.580 -0.663 0.473 0.000 0.814 0.500 -0.296 0.000 0.279 0.394 -0.035 1.000]]
		[0.8888889 [-0.040 0.557 0.830 0.000 0.580 -0.663 0.473 0.000 0.814 0.500 -0.296 0.000 0.279 0.394 -0.035 1.000]]
		[0.9166667 [-0.040 0.557 0.830 0.000 0.580 -0.663 0.473 0.000 0.814 0.500 -0.296 0.000 0.279 0.394 -0.035 1.000]]
		[0.9444444 [-0.040 0.557 0.830 0.000 0.580 -0.663 0.473 0.000 0.814 0.500 -0.296 0.000 0.279 0.394 -0.035 1.000]]
		[0.9722222 [-0.040 0.557 0.830 0.000 0.580 -0.663 0.473 0.000 0.814 0.500 -0.296 0.000 0.279 0.394 -0.035 1.000]]
	]
	"Lokot_L" [
		[0 [0.000 1.000 0.000 0.000 -1.000 0.000 0.000 0.000 0.000 0.000 1.000 0.000 0.000 0.316 0.000 1.000]]
		[0.02777778 [0.234 0.958 -0.164 0.000 -0.957 0.257 0.138 0.000 0.174 0.124 0.977 0.000 0.000 0.316 0.000 1.000]]
		[0.05555556 [0.392 0.837 -0.382 0.000 -0.856 0.483 0.182 0.000 0.336 0.256 0.906 0.000 0.000 0.316 0.000 1.000]]
		[0.08333334 [0.471 0.653 -0.593 0.000 -0.746 0.653 0.127 0.000 0.471 0.383 0.795 0.000 0.000 0.316 0.000 1.000]]
		[0.1111111 [0.495 0.435 -0.753 0.000 -0.658 0.753 0.002 0.000 0.567 0.494 0.659 0.000 0.000 0.316 0.000 1.000]]
		[0.1388889 [0.497 0.210 -0.842 0.000 -0.599 0.785 -0.158 0.000 0.628 0.583 0.516 0.000 0.000 0.316 0.000 1.000]]
		[0.1666667 [0.500 0.000 -0.866 0.000 -0.557 0.766 -0.321 0.000 0.663 0.643 0.383 0.000 0.000 0.316 0.000 1.000]]
		[0.1944444 [0.511 -0.204 -0.835 0.000 -0.509 0.711 -0.486 0.000 0.693 0.673 0.259 0.000 0.000 0.316 0.000 1.000]]
		[0.2222222 [0.524 -0.402 -0.751 0.000 -0.457 0.611 -0.646 0.000 0.719 0.682 0.136 0.000 0.000 0.316 0.000 1.000]]
		[0.25 [0.536 -0.570 -0.623 0.000 -0.412 0.468 -0.782 0.000 0.737 0.676 0.016 0.000 0.000 0.316 0.000 1.000]]
		[0.2777778 [0.552 -0.688 -0.471 0.000 -0.379 0.297 -0.877 0.000 0.743 0.662 -0.097 0.000 0.000 0.316 0.000 1.000]]
		[0.3055556 [0.576 -0.750 -0.327 0.000 -0.356 0.129 -0.925 0.000 0.736 0.649 -0.193 0.000 0.000 0.316 0.000 1.000]]
		[0.3333333 [0.604 -0.766 -0.220 0.000 -0.342 0.000 -0.940 0.000 0.720 0.643 -0.262 0.000 0.000 0.316 0.000 1.000]]
		[0.3611111 [0.638 -0.754 -0.159 0.000 -0.333 -0.084 -0.939 0.000 0.694 0.652 -0.305 0.000 0.000 0.316 0.000 1.000]]
		[0.3888889 [0.651 -0.744 -0.151 0.000 -0.332 -0.101 -0.938 0.000 0.683 0.660 -0.313 0.000 0.000 0.316 0.000 1.000]]
		[0.4166667 [0.604 -0.766 -0.220 0.000 -0.342 0.000 -0.940 0.000 0.720 0.643 -0.262 0.000 0.000 0.316 0.000 1.000]]
		[0.4444444 [0.506 -0.771 -0.387 0.000 -0.329 0.243 -0.913 0.000 0.797 0.589 -0.131 0.000 0.000 0.316 0.000 1.000]]
		[0.4722222 [0.444 -0.645 -0.622 0.000 -0.268 0.567 -0.779 0.000 0.855 0.513 0.078 0.000 0.000 0.316 0.000 1.000]]
		[0.5 [0.493 -0.316 -0.810 0.000 -0.226 0.853 -0.470 0.000 0.840 0.415 0.349 0.000 0.000 0.316 0.000 1.000]]
		[0.5277778 [0.609 0.176 -0.773 0.000 -0.345 0.937 -0.059 0.000 0.714 0.303 0.632 0.000 0.000 0.316 0.000 1.000]]
		[0.5555556 [0.585 0.662 -0.468 0.000 -0.655 0.727 0.209 0.000 0.478 0.184 0.859 0.000 0.000 0.316 0.000 1.000]]
		[0.5833333 [0.277 0.954 -0.115 0.000 -0.944 0.292 0.154 0.000 0.180 0.066 0.981 0.000 0.000 0.316 0.000 1.000]]
		[0.6111111 [0.000 1.000 0.000 0.000 -1.000 0.000 0.000 0.000 0.000 0.000 1.000 0.000 0.000 0.316 0.000 1.000]]
		[0.6388889 [0.000 1.000 0.000 0.000 -1.000 0.000 0.000 0.000 0.000 0.000 1.000 0.000 0.000 0.316 0.000 1.000]]
		[0.6666667 [0.000 1.000 0.000 0.000 -1.000 0.000 0.000 0.000 0.000 0.000 1.000 0.000 0.000 0.316 0.000 1.000]]
		[0.6944444 [0.000 1.000 0.000 0.000 -1.000 0.000 0.000 0.000 0.000 0.000 1.000 0.000 0.000 0.316 0.000 1.000]]
		[0.7222222 [0.000 1.000 0.000 0.000 -1.000 0.000 0.000 0.000 0.000 0.000 1.000 0.000 0.000 0.316 0.000 1.000]]
		[0.75 [0.000 1.000 0.000 0.000 -1.000 0.000 0.000 0.000 0.000 0.000 1.000 0.000 0.000 0.316 0.000 1.000]]
		[0.7777778 [0.000 1.000 0.000 0.000 -1.000 0.000 0.000 0.000 0.000 0.000 1.000 0.000 0.000 0.316 0.000 1.000]]
		[0.8055556 [0.000 1.000 0.000 0.000 -1.000 0.000 0.000 0.000 0.000 0.000 1.000 0.000 0.000 0.316 0.000 1.000]]
		[0.8333333 [0.000 1.000 0.000 0.000 -1.000 0.000 0.000 0.000 0.000 0.000 1.000 0.000 0.000 0.316 0.000 1.000]]
		[0.8611111 [0.000 1.000 0.000 0.000 -1.000 0.000 0.000 0.000 0.000 0.000 1.000 0.000 0.000 0.316 0.000 1.000]]
		[0.8888889 [0.000 1.000 0.000 0.000 -1.000 0.000 0.000 0.000 0.000 0.000 1.000 0.000 0.000 0.316 0.000 1.000]]
		[0.9166667 [0.000 1.000 0.000 0.000 -1.000 0.000 0.000 0.000 0.000 0.000 1.000 0.000 0.000 0.316 0.000 1.000]]
		[0.9444444 [0.000 1.000 0.000 0.000 -1.000 0.000 0.000 0.000 0.000 0.000 1.000 0.000 0.000 0.316 0.000 1.000]]
		[0.9722222 [0.000 1.000 0.000 0.000 -1.000 0.000 0.000 0.000 0.000 0.000 1.000 0.000 0.000 0.316 0.000 1.000]]
	]
	"Lokot_L_end" [
		[0 [1.000 0.000 0.000 0.000 0.000 1.000 0.000 0.000 0.000 0.000 1.000 0.000 0.000 0.469 0.000 1.000]]
	]
	"Ruka_P" [
		[0 [-0.106 0.621 0.777 0.000 -0.406 -0.740 0.536 0.000 0.908 -0.259 0.330 0.000 -0.279 0.394 -0.035 1.000]]
		[0.02777778 [-0.104 0.628 0.772 0.000 -0.402 -0.736 0.545 0.000 0.910 -0.254 0.329 0.000 -0.279 0.394 -0.035 1.000]]
		[0.05555556 [-0.100 0.642 0.760 0.000 -0.394 -0.727 0.563 0.000 0.914 -0.243 0.326 0.000 -0.279 0.394 -0.035 1.000]]
		[0.08333334 [-0.096 0.657 0.748 0.000 -0.386 -0.717 0.580 0.000 0.918 -0.232 0.323 0.000 -0.279 0.394 -0.035 1.000]]
		[0.1111111 [-0.095 0.664 0.742 0.000 -0.382 -0.713 0.589 0.000 0.919 -0.227 0.321 0.000 -0.279 0.394 -0.035 1.000]]
		[0.1388889 [-0.097 0.654 0.750 0.000 -0.387 -0.719 0.577 0.000 0.917 -0.234 0.323 0.000 -0.279 0.394 -0.035 1.000]]
		[0.1666667 [-0.106 0.621 0.777 0.000 -0.406 -0.740 0.536 0.000 0.908 -0.259 0.330 0.000 -0.279 0.394 -0.035 1.000]]
		[0.1944444 [-0.130 0.548 0.826 0.000 -0.444 -0.777 0.446 0.000 0.887 -0.309 0.344 0.000 -0.279 0.394 -0.035 1.000]]
		[0.2222222 [-0.178 0.436 0.882 0.000 -0.494 -0.815 0.303 0.000 0.851 -0.381 0.361 0.000 -0.279 0.394 -0.035 1.000]]
		[0.25 [-0.254 0.303 0.918 0.000 -0.538 -0.834 0.127 0.000 0.804 -0.462 0.375 0.000 -0.279 0.394 -0.035 1.000]]
		[0.2777778 [-0.346 0.173 0.922 0.000 -0.563 -0.825 -0.057 0.000 0.750 -0.539 0.383 0.000 -0.279 0.394 -0.035 1.000]]
		[0.3055556 [-0.436 0.067 0.898 0.000 -0.566 -0.796 -0.215 0.000 0.700 -0.602 0.385 0.000 -0.279 0.394 -0.035 1.000]]
		[0.3333333 [-0.500 0.000 0.866 0.000 -0.557 -0.766 -0.321 0.000 0.663 -0.643 0.383 0.000 -0.279 0.394 -0.035 1.000]]
		[0.3611111 [-0.529 -0.028 0.848 0.000 -0.549 -0.750 -0.368 0.000 0.647 -0.661 0.381 0.000 -0.279 0.394 -0.035 1.000]]
		[0.3888889 [-0.528 -0.027 0.849 0.000 -0.550 -0.751 -0.366 0.000 0.647 -0.660 0.382 0.000 -0.279 0.394 -0.035 1.000]]
		[0.4166667 [-0.500 0.000 0.866 0.000 -0.557 -0.766 -0.321 0.000 0.663 -0.643 0.383 0.000 -0.279 0.394 -0.035 1.000]]
		[0.4444444 [-0.448 0.054 0.892 0.000 -0.565 -0.791 -0.236 0.000 0.693 -0.610 0.385 0.000 -0.279 0.394 -0.035 1.000]]
		[0.4722222 [-0.380 0.132 0.916 0.000 -0.566 -0.816 -0.117 0.000 0.732 -0.563 0.384 0.000 -0.279 0.394 -0.035 1.000]]
		[0.5 [-0.303 0.230 0.925 0.000 -0.554 -0.832 0.025 0.000 0.775 -0.505 0.380 0.000 -0.279 0.394 -0.035 1.000]]
		[0.5277778 [-0.230 0.342 0.911 0.000 -0.527 -0.831 0.179 0.000 0.818 -0.439 0.371 0.000 -0.279 0.394 -0.035 1.000]]
		[0.5555556 [-0.168 0.457 0.874 0.000 -0.485 -0.810 0.330 0.000 0.858 -0.368 0.358 0.000 -0.279 0.394 -0.035 1.000]]
		[0.5833333 [-0.124 0.564 0.817 0.000 -0.436 -0.770 0.466 0.000 0.891 -0.298 0.341 0.000 -0.279 0.394 -0.035 1.000]]
		[0.6111111 [-0.106 0.621 0.777 0.000 -0.406 -0.740 0.536 0.000 0.908 -0.259 0.330 0.000 -0.279 0.394 -0.035 1.000]]
		[0.6388889 [-0.106 0.621 0.777 0.000 -0.406 -0.740 0.536 0.000 0.908 -0.259 0.330 0.000 -0.279 0.394 -0.035 1.000]]
		[0.6666667 [-0.106 0.621 0.777 0.000 -0.406 -0.740 0.536 0.000 0.908 -0.259 0.330 0.000 -0.279 0.394 -0.035 1.000]]
		[0.6944444 [-0.106 0.621 0.777 0.000 -0.406 -0.740 0.536 0.000 0.908 -0.259 0.330 0.000 -0.279 0.394 -0.035 1.000]]
		[0.7222222 [-0.106 0.621 0.777 0.000 -0.406 -0.740 0.536 0.000 0.908 -0.259 0.330 0.000 -0.279 0.394 -0.035 1.000]]
		[0.75 [-0.106 0.621 0.777 0.000 -0.406 -0.740 0.536 0.000 0.908 -0.259 0.330 0.000 -0.279 0.394 -0.035 1.000]]
		[0.7777778 [-0.106 0.621 0.777 0.000 -0.406 -0.740 0.536 0.000 0.908 -0.259 0.330 0.000 -0.279 0.394 -0.035 1.000]]
		[0.8055556 [-0.106 0.621 0.777 0.000 -0.406 -0.740 0.536 0.000 0.908 -0.259 0.330 0.000 -0.279 0.394 -0.035 1.000]]
		[0.8333333 [-0.106 0.621 0.777 0.000 -0.406 -0.740 0.536 0.000 0.908 -0.259 0.330 0.000 -0.279 0.394 -0.035 1.000]]
		[0.8611111 [-0.106 0.621 0.777 0.000 -0.406 -0.740 0.536 0.000 0.908 -0.259 0.330 0.000 -0.279 0.394 -0.035 1.000]]
		[0.8888889 [-0.106 0.621 0.777 0.000 -0.406 -0.740 0.536 0.000 0.908 -0.259 0.330 0.000 -0.279 0.394 -0.035 1.000]]
		[0.9166667 [-0.106 0.621 0.777 0.000 -0.406 -0.740 0.536 0.000 0.908 -0.259 0.330 0.000 -0.279 0.394 -0.035 1.000]]
		[0.9444444 [-0.106 0.621 0.777 0.000 -0.406 -0.740 0.536 0.000 0.908 -0.259 0.330 0.000 -0.279 0.394 -0.035 1.000]]
		[0.9722222 [-0.106 0.621 0.777 0.000 -0.406 -0.740 0.536 0.000 0.908 -0.259 0.330 0.000 -0.279 0.394 -0.035 1.000]]
	]
	"Lokot_P" [
		[0 [0.500 0.866 0.000 0.000 -0.866 0.500 0.000 0.000 0.000 0.000 1.000 0.000 0.000 0.316 0.000 1.000]]
	]
	"Lokot_P_end" [
		[0 [1.000 0.000 0.000 0.000 0.000 1.000 0.000 0.000 0.000 0.000 1.000 0.000 0.000 0.469 0.000 1.000]]
	]
	"Woin" [
		[0 [100.000 0.000 0.000 0.000 0.000 0.000 -100.000 0.000 0.000 100.000 0.000 0.000 0.000 100.000 0.000 1.000]]
	]
	"Cube" [
		[0 [0.182 -0.080 -0.026 0.000 0.081 0.183 0.004 0.000 0.022 -0.014 0.198 0.000 -0.457 -0.040 1.045 1.000]]
		[0.02777778 [0.173 -0.098 -0.025 0.000 0.099 0.174 0.002 0.000 0.021 -0.014 0.198 0.000 -0.458 0.002 1.047 1.000]]
		[0.05555556 [0.160 -0.118 -0.023 0.000 0.119 0.161 -0.001 0.000 0.020 -0.013 0.199 0.000 -0.454 0.046 1.051 1.000]]
		[0.08333334 [0.145 -0.136 -0.022 0.000 0.137 0.146 -0.005 0.000 0.019 -0.011 0.199 0.000 -0.447 0.089 1.056 1.000]]
		[0.1111111 [0.130 -0.150 -0.021 0.000 0.151 0.131 -0.007 0.000 0.019 -0.011 0.199 0.000 -0.436 0.130 1.058 1.000]]
		[0.1388889 [0.120 -0.159 -0.022 0.000 0.159 0.121 -0.004 0.000 0.017 -0.015 0.199 0.000 -0.425 0.165 1.055 1.000]]
		[0.1666667 [0.117 -0.160 -0.026 0.000 0.162 0.118 0.004 0.000 0.012 -0.023 0.198 0.000 -0.416 0.194 1.045 1.000]]
		[0.1944444 [0.125 -0.153 -0.035 0.000 0.156 0.123 0.020 0.000 0.006 -0.040 0.196 0.000 -0.413 0.221 1.030 1.000]]
		[0.2222222 [0.138 -0.137 -0.047 0.000 0.145 0.131 0.044 0.000 0.001 -0.064 0.189 0.000 -0.423 0.252 1.017 1.000]]
		[0.25 [0.153 -0.114 -0.061 0.000 0.129 0.136 0.068 0.000 0.003 -0.092 0.178 0.000 -0.451 0.278 1.019 1.000]]
		[0.2777778 [0.164 -0.086 -0.075 0.000 0.114 0.138 0.090 0.000 0.013 -0.116 0.162 0.000 -0.494 0.289 1.036 1.000]]
		[0.3055556 [0.170 -0.058 -0.087 0.000 0.101 0.137 0.105 0.000 0.029 -0.133 0.146 0.000 -0.544 0.276 1.063 1.000]]
		[0.3333333 [0.173 -0.034 -0.095 0.000 0.090 0.138 0.114 0.000 0.046 -0.141 0.134 0.000 -0.586 0.243 1.087 1.000]]
		[0.3611111 [0.174 -0.009 -0.098 0.000 0.074 0.144 0.118 0.000 0.065 -0.139 0.129 0.000 -0.620 0.176 1.099 1.000]]
		[0.3888889 [0.174 0.015 -0.098 0.000 0.053 0.153 0.117 0.000 0.083 -0.128 0.129 0.000 -0.638 0.089 1.099 1.000]]
		[0.4166667 [0.174 0.027 -0.095 0.000 0.037 0.160 0.114 0.000 0.091 -0.117 0.134 0.000 -0.633 0.028 1.087 1.000]]
		[0.4444444 [0.178 0.025 -0.088 0.000 0.030 0.166 0.107 0.000 0.087 -0.108 0.144 0.000 -0.615 0.006 1.068 1.000]]
		[0.4722222 [0.183 0.015 -0.080 0.000 0.028 0.173 0.096 0.000 0.076 -0.099 0.156 0.000 -0.587 0.000 1.045 1.000]]
		[0.5 [0.188 -0.002 -0.069 0.000 0.032 0.180 0.081 0.000 0.061 -0.087 0.170 0.000 -0.553 0.000 1.027 1.000]]
		[0.5277778 [0.190 -0.024 -0.057 0.000 0.042 0.186 0.061 0.000 0.046 -0.070 0.182 0.000 -0.518 -0.003 1.017 1.000]]
		[0.5555556 [0.189 -0.048 -0.045 0.000 0.057 0.188 0.040 0.000 0.033 -0.050 0.191 0.000 -0.487 -0.012 1.019 1.000]]
		[0.5833333 [0.185 -0.069 -0.033 0.000 0.072 0.186 0.017 0.000 0.025 -0.027 0.197 0.000 -0.465 -0.028 1.033 1.000]]
		[0.6111111 [0.182 -0.080 -0.026 0.000 0.081 0.183 0.004 0.000 0.022 -0.014 0.198 0.000 -0.457 -0.040 1.045 1.000]]
		[0.6388889 [0.182 -0.080 -0.026 0.000 0.081 0.183 0.004 0.000 0.022 -0.014 0.198 0.000 -0.457 -0.040 1.045 1.000]]
		[0.6666667 [0.182 -0.080 -0.026 0.000 0.081 0.183 0.004 0.000 0.022 -0.014 0.198 0.000 -0.457 -0.040 1.045 1.000]]
		[0.6944444 [0.182 -0.080 -0.026 0.000 0.081 0.183 0.004 0.000 0.022 -0.014 0.198 0.000 -0.457 -0.040 1.045 1.000]]
		[0.7222222 [0.182 -0.080 -0.026 0.000 0.081 0.183 0.004 0.000 0.022 -0.014 0.198 0.000 -0.457 -0.040 1.045 1.000]]
		[0.75 [0.182 -0.080 -0.026 0.000 0.081 0.183 0.004 0.000 0.022 -0.014 0.198 0.000 -0.457 -0.040 1.045 1.000]]
		[0.7777778 [0.182 -0.080 -0.026 0.000 0.081 0.183 0.004 0.000 0.022 -0.014 0.198 0.000 -0.457 -0.040 1.045 1.000]]
		[0.8055556 [0.182 -0.080 -0.026 0.000 0.081 0.183 0.004 0.000 0.022 -0.014 0.198 0.000 -0.457 -0.040 1.045 1.000]]
		[0.8333333 [0.182 -0.080 -0.026 0.000 0.081 0.183 0.004 0.000 0.022 -0.014 0.198 0.000 -0.457 -0.040 1.045 1.000]]
		[0.8611111 [0.182 -0.080 -0.026 0.000 0.081 0.183 0.004 0.000 0.022 -0.014 0.198 0.000 -0.457 -0.040 1.045 1.000]]
		[0.8888889 [0.182 -0.080 -0.026 0.000 0.081 0.183 0.004 0.000 0.022 -0.014 0.198 0.000 -0.457 -0.040 1.045 1.000]]
		[0.9166667 [0.182 -0.080 -0.026 0.000 0.081 0.183 0.004 0.000 0.022 -0.014 0.198 0.000 -0.457 -0.040 1.045 1.000]]
		[0.9444444 [0.182 -0.080 -0.026 0.000 0.081 0.183 0.004 0.000 0.022 -0.014 0.198 0.000 -0.457 -0.040 1.045 1.000]]
		[0.9722222 [0.182 -0.080 -0.026 0.000 0.081 0.183 0.004 0.000 0.022 -0.014 0.198 0.000 -0.457 -0.040 1.045 1.000]]
	]
	"Cube.001" [
		[0 [0.163 0.090 0.074 0.000 -0.116 0.134 0.092 0.000 -0.008 -0.118 0.161 0.000 0.480 0.219 1.142 1.000]]
		[0.02777778 [0.185 -0.020 0.072 0.000 -0.016 0.178 0.090 0.000 -0.073 -0.089 0.163 0.000 0.548 0.100 1.095 1.000]]
		[0.05555556 [0.136 -0.136 0.053 0.000 0.105 0.142 0.094 0.000 -0.102 -0.037 0.168 0.000 0.531 -0.034 1.041 1.000]]
		[0.08333334 [0.029 -0.197 0.012 0.000 0.173 0.031 0.095 0.000 -0.095 -0.004 0.176 0.000 0.470 -0.081 0.984 1.000]]
		[0.1111111 [-0.072 -0.181 -0.046 0.000 0.163 -0.085 0.080 0.000 -0.092 -0.009 0.178 0.000 0.471 -0.028 0.951 1.000]]
		[0.1388889 [-0.118 -0.122 -0.106 0.000 0.117 -0.155 0.048 0.000 -0.112 -0.034 0.162 0.000 0.566 0.060 0.971 1.000]]
		[0.1666667 [-0.110 -0.066 -0.153 0.000 0.092 -0.177 0.010 0.000 -0.139 -0.065 0.128 0.000 0.691 0.163 1.051 1.000]]
		[0.1944444 [-0.080 -0.026 -0.181 0.000 0.111 -0.164 -0.026 0.000 -0.146 -0.111 0.080 0.000 0.763 0.328 1.179 1.000]]
		[0.2222222 [-0.054 0.014 -0.192 0.000 0.155 -0.115 -0.052 0.000 -0.114 -0.163 0.020 0.000 0.720 0.547 1.343 1.000]]
		[0.25 [-0.050 0.053 -0.186 0.000 0.188 -0.033 -0.059 0.000 -0.046 -0.190 -0.042 0.000 0.544 0.738 1.520 1.000]]
		[0.2777778 [-0.072 0.081 -0.168 0.000 0.184 0.061 -0.049 0.000 0.031 -0.172 -0.097 0.000 0.293 0.822 1.680 1.000]]
		[0.3055556 [-0.109 0.088 -0.143 0.000 0.146 0.134 -0.029 0.000 0.083 -0.120 -0.137 0.000 0.063 0.794 1.800 1.000]]
		[0.3333333 [-0.143 0.073 -0.119 0.000 0.098 0.174 -0.010 0.000 0.100 -0.065 -0.161 0.000 -0.092 0.715 1.874 1.000]]
		[0.3611111 [-0.170 0.040 -0.097 0.000 0.045 0.195 0.001 0.000 0.095 -0.021 -0.175 0.000 -0.208 0.623 1.916 1.000]]
		[0.3888889 [-0.181 -0.015 -0.085 0.000 -0.015 0.199 -0.005 0.000 0.085 0.002 -0.181 0.000 -0.313 0.532 1.930 1.000]]
		[0.4166667 [-0.158 -0.075 -0.096 0.000 -0.067 0.185 -0.035 0.000 0.102 0.005 -0.172 0.000 -0.419 0.459 1.892 1.000]]
		[0.4444444 [-0.097 -0.118 -0.129 0.000 -0.080 0.161 -0.087 0.000 0.156 0.010 -0.125 0.000 -0.530 0.379 1.749 1.000]]
		[0.4722222 [0.000 -0.128 -0.153 0.000 -0.035 0.151 -0.126 0.000 0.197 0.027 -0.022 0.000 -0.555 0.278 1.466 1.000]]
		[0.5 [0.107 -0.102 -0.135 0.000 0.038 0.170 -0.098 0.000 0.165 0.027 0.110 0.000 -0.361 0.215 1.117 1.000]]
		[0.5277778 [0.182 -0.052 -0.064 0.000 0.053 0.193 -0.006 0.000 0.064 -0.012 0.189 0.000 0.023 0.232 0.917 1.000]]
		[0.5555556 [0.199 0.005 0.020 0.000 -0.012 0.188 0.068 0.000 -0.017 -0.069 0.187 0.000 0.357 0.270 0.951 1.000]]
		[0.5833333 [0.177 0.062 0.068 0.000 -0.089 0.156 0.089 0.000 -0.026 -0.109 0.166 0.000 0.485 0.256 1.076 1.000]]
		[0.6111111 [0.163 0.090 0.074 0.000 -0.116 0.134 0.092 0.000 -0.008 -0.118 0.161 0.000 0.480 0.219 1.142 1.000]]
		[0.6388889 [0.163 0.090 0.074 0.000 -0.116 0.134 0.092 0.000 -0.008 -0.118 0.161 0.000 0.480 0.219 1.142 1.000]]
		[0.6666667 [0.163 0.090 0.074 0.000 -0.116 0.134 0.092 0.000 -0.008 -0.118 0.161 0.000 0.480 0.219 1.142 1.000]]
		[0.6944444 [0.163 0.090 0.074 0.000 -0.116 0.134 0.092 0.000 -0.008 -0.118 0.161 0.000 0.480 0.219 1.142 1.000]]
		[0.7222222 [0.163 0.090 0.074 0.000 -0.116 0.134 0.092 0.000 -0.008 -0.118 0.161 0.000 0.480 0.219 1.142 1.000]]
		[0.75 [0.163 0.090 0.074 0.000 -0.116 0.134 0.092 0.000 -0.008 -0.118 0.161 0.000 0.480 0.219 1.142 1.000]]
		[0.7777778 [0.163 0.090 0.074 0.000 -0.116 0.134 0.092 0.000 -0.008 -0.118 0.161 0.000 0.480 0.219 1.142 1.000]]
		[0.8055556 [0.163 0.090 0.074 0.000 -0.116 0.134 0.092 0.000 -0.008 -0.118 0.161 0.000 0.480 0.219 1.142 1.000]]
		[0.8333333 [0.163 0.090 0.074 0.000 -0.116 0.134 0.092 0.000 -0.008 -0.118 0.161 0.000 0.480 0.219 1.142 1.000]]
		[0.8611111 [0.163 0.090 0.074 0.000 -0.116 0.134 0.092 0.000 -0.008 -0.118 0.161 0.000 0.480 0.219 1.142 1.000]]
		[0.8888889 [0.163 0.090 0.074 0.000 -0.116 0.134 0.092 0.000 -0.008 -0.118 0.161 0.000 0.480 0.219 1.142 1.000]]
		[0.9166667 [0.163 0.090 0.074 0.000 -0.116 0.134 0.092 0.000 -0.008 -0.118 0.161 0.000 0.480 0.219 1.142 1.000]]
		[0.9444444 [0.163 0.090 0.074 0.000 -0.116 0.134 0.092 0.000 -0.008 -0.118 0.161 0.000 0.480 0.219 1.142 1.000]]
		[0.9722222 [0.163 0.090 0.074 0.000 -0.116 0.134 0.092 0.000 -0.008 -0.118 0.161 0.000 0.480 0.219 1.142 1.000]]
	]
} }