{ :name "Attack" :length 0.6333333 :bones { 
	"Skelet" [
		[ 0 [ 0 1 2 3 ] ]
	]
	"Bedro_L" [
		[ 0 [ 4 5 6 7 ] ]
		[ 0.02702703 [ 8 9 10 7 ] ]
		[ 0.05405406 [ 11 12 13 7 ] ]
		[ 0.08108108 [ 14 15 16 7 ] ]
		[ 0.1081081 [ 17 18 19 7 ] ]
		[ 0.1351351 [ 20 15 21 7 ] ]
		[ 0.1621622 [ 8 9 22 7 ] ]
		[ 0.1891892 [ 23 24 25 7 ] ]
		[ 0.2162162 [ 26 27 28 7 ] ]
		[ 0.2432432 [ 29 30 31 7 ] ]
		[ 0.2702703 [ 32 33 34 7 ] ]
		[ 0.2972973 [ 35 36 37 7 ] ]
		[ 0.3243243 [ 38 39 40 7 ] ]
		[ 0.3513514 [ 41 42 43 7 ] ]
		[ 0.3783784 [ 44 45 46 7 ] ]
		[ 0.4054054 [ 41 42 47 7 ] ]
		[ 0.4324324 [ 48 49 50 7 ] ]
		[ 0.4594595 [ 51 52 53 7 ] ]
		[ 0.4864865 [ 54 55 56 7 ] ]
		[ 0.5135135 [ 57 58 59 7 ] ]
		[ 0.5405405 [ 60 61 62 7 ] ]
		[ 0.5675676 [ 63 64 65 7 ] ]
		[ 0.5945946 [ 66 67 68 7 ] ]
		[ 0.6216216 [ 69 70 71 7 ] ]
		[ 0.6486486 [ 4 5 6 7 ] ]
		[ 0.6756757 [ 4 5 6 7 ] ]
		[ 0.7027027 [ 4 5 6 7 ] ]
		[ 0.7297297 [ 4 5 6 7 ] ]
		[ 0.7567568 [ 4 5 6 7 ] ]
		[ 0.7837838 [ 4 5 6 7 ] ]
		[ 0.8108108 [ 4 5 6 7 ] ]
		[ 0.8378378 [ 4 5 6 7 ] ]
		[ 0.8648649 [ 4 5 6 7 ] ]
		[ 0.8918919 [ 4 5 6 7 ] ]
		[ 0.9189189 [ 4 5 6 7 ] ]
		[ 0.9459459 [ 4 5 6 7 ] ]
		[ 0.972973 [ 4 5 6 7 ] ]
	]
	"Koleno_L" [
		[ 0 [ 72 73 74 75 ] ]
		[ 0.02702703 [ 76 77 78 75 ] ]
		[ 0.05405406 [ 79 80 81 75 ] ]
		[ 0.08108108 [ 82 83 84 75 ] ]
		[ 0.1081081 [ 85 86 87 75 ] ]
		[ 0.1351351 [ 82 88 84 75 ] ]
		[ 0.1621622 [ 76 89 90 75 ] ]
		[ 0.1891892 [ 91 92 93 75 ] ]
		[ 0.2162162 [ 94 95 96 75 ] ]
		[ 0.2432432 [ 97 98 99 75 ] ]
		[ 0.2702703 [ 100 101 102 75 ] ]
		[ 0.2972973 [ 103 104 105 75 ] ]
		[ 0.3243243 [ 106 107 108 75 ] ]
		[ 0.3513514 [ 109 110 111 75 ] ]
		[ 0.3783784 [ 112 113 114 75 ] ]
		[ 0.4054054 [ 115 116 111 75 ] ]
		[ 0.4324324 [ 117 118 119 75 ] ]
		[ 0.4594595 [ 120 121 122 75 ] ]
		[ 0.4864865 [ 123 124 125 75 ] ]
		[ 0.5135135 [ 126 127 128 75 ] ]
		[ 0.5405405 [ 129 130 131 75 ] ]
		[ 0.5675676 [ 132 133 134 75 ] ]
		[ 0.5945946 [ 135 136 137 75 ] ]
		[ 0.6216216 [ 138 139 140 75 ] ]
		[ 0.6486486 [ 72 73 74 75 ] ]
		[ 0.6756757 [ 72 73 74 75 ] ]
		[ 0.7027027 [ 72 73 74 75 ] ]
		[ 0.7297297 [ 72 73 74 75 ] ]
		[ 0.7567568 [ 72 73 74 75 ] ]
		[ 0.7837838 [ 72 73 74 75 ] ]
		[ 0.8108108 [ 72 73 74 75 ] ]
		[ 0.8378378 [ 72 73 74 75 ] ]
		[ 0.8648649 [ 72 73 74 75 ] ]
		[ 0.8918919 [ 72 73 74 75 ] ]
		[ 0.9189189 [ 72 73 74 75 ] ]
		[ 0.9459459 [ 72 73 74 75 ] ]
		[ 0.972973 [ 72 73 74 75 ] ]
	]
	"Koleno_L_end" [
		[ 0 [ 0 141 1 142 ] ]
	]
	"Bedro_P" [
		[ 0 [ 143 144 145 146 ] ]
		[ 0.02702703 [ 147 144 148 146 ] ]
		[ 0.05405406 [ 149 150 151 146 ] ]
		[ 0.08108108 [ 152 153 154 146 ] ]
		[ 0.1081081 [ 155 156 157 146 ] ]
		[ 0.1351351 [ 158 153 159 146 ] ]
		[ 0.1621622 [ 160 144 161 146 ] ]
		[ 0.1891892 [ 162 163 164 146 ] ]
		[ 0.2162162 [ 165 166 167 146 ] ]
		[ 0.2432432 [ 168 169 170 146 ] ]
		[ 0.2702703 [ 171 172 173 146 ] ]
		[ 0.2972973 [ 174 175 176 146 ] ]
		[ 0.3243243 [ 177 178 179 146 ] ]
		[ 0.3513514 [ 180 181 182 146 ] ]
		[ 0.3783784 [ 183 184 185 146 ] ]
		[ 0.4054054 [ 186 187 188 146 ] ]
		[ 0.4324324 [ 189 190 191 146 ] ]
		[ 0.4594595 [ 192 193 194 146 ] ]
		[ 0.4864865 [ 195 196 197 146 ] ]
		[ 0.5135135 [ 198 199 200 146 ] ]
		[ 0.5405405 [ 201 202 203 146 ] ]
		[ 0.5675676 [ 204 205 206 146 ] ]
		[ 0.5945946 [ 207 208 209 146 ] ]
		[ 0.6216216 [ 210 211 212 146 ] ]
		[ 0.6486486 [ 143 144 145 146 ] ]
		[ 0.6756757 [ 143 144 145 146 ] ]
		[ 0.7027027 [ 143 144 145 146 ] ]
		[ 0.7297297 [ 143 144 145 146 ] ]
		[ 0.7567568 [ 143 144 145 146 ] ]
		[ 0.7837838 [ 143 144 145 146 ] ]
		[ 0.8108108 [ 143 144 145 146 ] ]
		[ 0.8378378 [ 143 144 145 146 ] ]
		[ 0.8648649 [ 143 144 145 146 ] ]
		[ 0.8918919 [ 143 144 145 146 ] ]
		[ 0.9189189 [ 143 144 145 146 ] ]
		[ 0.9459459 [ 143 144 145 146 ] ]
		[ 0.972973 [ 143 144 145 146 ] ]
	]
	"Koleno_P" [
		[ 0 [ 72 73 74 75 ] ]
		[ 0.02702703 [ 213 214 74 75 ] ]
		[ 0.05405406 [ 215 216 74 75 ] ]
		[ 0.08108108 [ 217 218 74 75 ] ]
		[ 0.1081081 [ 219 220 74 75 ] ]
		[ 0.1351351 [ 221 222 74 75 ] ]
		[ 0.1621622 [ 223 224 74 75 ] ]
		[ 0.1891892 [ 225 226 74 75 ] ]
		[ 0.2162162 [ 227 228 74 75 ] ]
		[ 0.2432432 [ 229 230 74 75 ] ]
		[ 0.2702703 [ 231 232 74 75 ] ]
		[ 0.2972973 [ 233 234 74 75 ] ]
		[ 0.3243243 [ 235 236 74 75 ] ]
		[ 0.3513514 [ 237 238 74 75 ] ]
		[ 0.3783784 [ 239 240 74 75 ] ]
		[ 0.4054054 [ 237 238 74 75 ] ]
		[ 0.4324324 [ 241 242 74 75 ] ]
		[ 0.4594595 [ 243 244 74 75 ] ]
		[ 0.4864865 [ 245 246 74 75 ] ]
		[ 0.5135135 [ 247 248 74 75 ] ]
		[ 0.5405405 [ 249 250 74 75 ] ]
		[ 0.5675676 [ 251 252 74 75 ] ]
		[ 0.5945946 [ 253 254 74 75 ] ]
		[ 0.6216216 [ 255 256 74 75 ] ]
		[ 0.6486486 [ 72 73 74 75 ] ]
		[ 0.6756757 [ 72 73 74 75 ] ]
		[ 0.7027027 [ 72 73 74 75 ] ]
		[ 0.7297297 [ 72 73 74 75 ] ]
		[ 0.7567568 [ 72 73 74 75 ] ]
		[ 0.7837838 [ 72 73 74 75 ] ]
		[ 0.8108108 [ 72 73 74 75 ] ]
		[ 0.8378378 [ 72 73 74 75 ] ]
		[ 0.8648649 [ 72 73 74 75 ] ]
		[ 0.8918919 [ 72 73 74 75 ] ]
		[ 0.9189189 [ 72 73 74 75 ] ]
		[ 0.9459459 [ 72 73 74 75 ] ]
		[ 0.972973 [ 72 73 74 75 ] ]
	]
	"Koleno_P_end" [
		[ 0 [ 0 141 1 142 ] ]
	]
	"Tors" [
		[ 0 [ 0 257 258 259 ] ]
		[ 0.02702703 [ 260 261 262 259 ] ]
		[ 0.05405406 [ 263 264 265 259 ] ]
		[ 0.08108108 [ 266 267 268 259 ] ]
		[ 0.1081081 [ 269 270 271 259 ] ]
		[ 0.1351351 [ 272 273 274 259 ] ]
		[ 0.1621622 [ 275 276 277 259 ] ]
		[ 0.1891892 [ 278 279 280 259 ] ]
		[ 0.2162162 [ 281 282 283 259 ] ]
		[ 0.2432432 [ 284 285 286 259 ] ]
		[ 0.2702703 [ 287 288 289 259 ] ]
		[ 0.2972973 [ 290 291 292 259 ] ]
		[ 0.3243243 [ 293 294 295 259 ] ]
		[ 0.3513514 [ 296 297 298 259 ] ]
		[ 0.3783784 [ 299 300 301 259 ] ]
		[ 0.4054054 [ 302 303 304 259 ] ]
		[ 0.4324324 [ 305 306 307 259 ] ]
		[ 0.4594595 [ 308 309 310 259 ] ]
		[ 0.4864865 [ 311 312 313 259 ] ]
		[ 0.5135135 [ 314 315 316 259 ] ]
		[ 0.5405405 [ 317 318 319 259 ] ]
		[ 0.5675676 [ 320 321 322 259 ] ]
		[ 0.5945946 [ 323 324 325 259 ] ]
		[ 0.6216216 [ 326 327 328 259 ] ]
		[ 0.6486486 [ 0 257 258 259 ] ]
		[ 0.6756757 [ 0 257 258 259 ] ]
		[ 0.7027027 [ 0 257 258 259 ] ]
		[ 0.7297297 [ 0 257 258 259 ] ]
		[ 0.7567568 [ 0 257 258 259 ] ]
		[ 0.7837838 [ 0 257 258 259 ] ]
		[ 0.8108108 [ 0 257 258 259 ] ]
		[ 0.8378378 [ 0 257 258 259 ] ]
		[ 0.8648649 [ 0 257 258 259 ] ]
		[ 0.8918919 [ 0 257 258 259 ] ]
		[ 0.9189189 [ 0 257 258 259 ] ]
		[ 0.9459459 [ 0 257 258 259 ] ]
		[ 0.972973 [ 0 257 258 259 ] ]
	]
	"Golova" [
		[ 0 [ 0 329 330 331 ] ]
		[ 0.02702703 [ 332 333 334 331 ] ]
		[ 0.05405406 [ 335 336 337 331 ] ]
		[ 0.08108108 [ 338 339 340 331 ] ]
		[ 0.1081081 [ 341 342 343 331 ] ]
		[ 0.1351351 [ 344 345 346 331 ] ]
		[ 0.1621622 [ 347 348 349 331 ] ]
		[ 0.1891892 [ 350 351 352 331 ] ]
		[ 0.2162162 [ 353 354 355 331 ] ]
		[ 0.2432432 [ 356 357 358 331 ] ]
		[ 0.2702703 [ 359 360 361 331 ] ]
		[ 0.2972973 [ 362 363 364 331 ] ]
		[ 0.3243243 [ 365 366 367 331 ] ]
		[ 0.3513514 [ 368 369 370 331 ] ]
		[ 0.3783784 [ 371 372 373 331 ] ]
		[ 0.4054054 [ 374 375 376 331 ] ]
		[ 0.4324324 [ 377 378 379 331 ] ]
		[ 0.4594595 [ 380 381 382 331 ] ]
		[ 0.4864865 [ 383 384 385 331 ] ]
		[ 0.5135135 [ 386 387 388 331 ] ]
		[ 0.5405405 [ 389 390 391 331 ] ]
		[ 0.5675676 [ 392 393 394 331 ] ]
		[ 0.5945946 [ 395 396 397 331 ] ]
		[ 0.6216216 [ 398 399 400 331 ] ]
		[ 0.6486486 [ 0 329 330 331 ] ]
		[ 0.6756757 [ 0 329 330 331 ] ]
		[ 0.7027027 [ 0 329 330 331 ] ]
		[ 0.7297297 [ 0 329 330 331 ] ]
		[ 0.7567568 [ 0 329 330 331 ] ]
		[ 0.7837838 [ 0 329 330 331 ] ]
		[ 0.8108108 [ 0 329 330 331 ] ]
		[ 0.8378378 [ 0 329 330 331 ] ]
		[ 0.8648649 [ 0 329 330 331 ] ]
		[ 0.8918919 [ 0 329 330 331 ] ]
		[ 0.9189189 [ 0 329 330 331 ] ]
		[ 0.9459459 [ 0 329 330 331 ] ]
		[ 0.972973 [ 0 329 330 331 ] ]
	]
	"Golova_end" [
		[ 0 [ 0 141 1 401 ] ]
	]
	"Kluchitsa_L" [
		[ 0 [ 1 0 141 402 ] ]
	]
	"Kluchitsa_L_end" [
		[ 0 [ 0 141 1 403 ] ]
	]
	"Kluchitsa_P" [
		[ 0 [ 74 404 141 402 ] ]
	]
	"Kluchitsa_P_end" [
		[ 0 [ 0 141 1 403 ] ]
	]
	"Ruka_L" [
		[ 0 [ 405 406 407 408 ] ]
		[ 0.02702703 [ 409 410 411 408 ] ]
		[ 0.05405406 [ 412 413 414 408 ] ]
		[ 0.08108108 [ 415 416 417 408 ] ]
		[ 0.1081081 [ 418 419 420 408 ] ]
		[ 0.1351351 [ 421 422 423 408 ] ]
		[ 0.1621622 [ 424 425 426 408 ] ]
		[ 0.1891892 [ 427 428 429 408 ] ]
		[ 0.2162162 [ 430 431 432 408 ] ]
		[ 0.2432432 [ 433 434 435 408 ] ]
		[ 0.2702703 [ 436 437 438 408 ] ]
		[ 0.2972973 [ 439 440 441 408 ] ]
		[ 0.3243243 [ 442 443 444 408 ] ]
		[ 0.3513514 [ 445 446 447 408 ] ]
		[ 0.3783784 [ 448 449 450 408 ] ]
		[ 0.4054054 [ 451 452 453 408 ] ]
		[ 0.4324324 [ 454 455 456 408 ] ]
		[ 0.4594595 [ 457 458 459 408 ] ]
		[ 0.4864865 [ 460 461 462 408 ] ]
		[ 0.5135135 [ 463 464 465 408 ] ]
		[ 0.5405405 [ 466 467 468 408 ] ]
		[ 0.5675676 [ 469 470 471 408 ] ]
		[ 0.5945946 [ 472 473 474 408 ] ]
		[ 0.6216216 [ 475 476 477 408 ] ]
		[ 0.6486486 [ 405 406 407 408 ] ]
		[ 0.6756757 [ 405 406 407 408 ] ]
		[ 0.7027027 [ 405 406 407 408 ] ]
		[ 0.7297297 [ 405 406 407 408 ] ]
		[ 0.7567568 [ 405 406 407 408 ] ]
		[ 0.7837838 [ 405 406 407 408 ] ]
		[ 0.8108108 [ 405 406 407 408 ] ]
		[ 0.8378378 [ 405 406 407 408 ] ]
		[ 0.8648649 [ 405 406 407 408 ] ]
		[ 0.8918919 [ 405 406 407 408 ] ]
		[ 0.9189189 [ 405 406 407 408 ] ]
		[ 0.9459459 [ 405 406 407 408 ] ]
		[ 0.972973 [ 405 406 407 408 ] ]
	]
	"Lokot_L" [
		[ 0 [ 141 404 1 478 ] ]
		[ 0.02702703 [ 479 480 1 478 ] ]
		[ 0.05405406 [ 481 482 1 478 ] ]
		[ 0.08108108 [ 483 484 1 478 ] ]
		[ 0.1081081 [ 485 486 1 478 ] ]
		[ 0.1351351 [ 73 72 1 478 ] ]
		[ 0.1621622 [ 487 488 1 478 ] ]
		[ 0.1891892 [ 489 490 1 478 ] ]
		[ 0.2162162 [ 491 492 1 478 ] ]
		[ 0.2432432 [ 493 494 1 478 ] ]
		[ 0.2702703 [ 495 496 1 478 ] ]
		[ 0.2972973 [ 497 498 1 478 ] ]
		[ 0.3243243 [ 499 500 1 478 ] ]
		[ 0.3513514 [ 501 502 1 478 ] ]
		[ 0.3783784 [ 503 504 1 478 ] ]
		[ 0.4054054 [ 505 506 1 478 ] ]
		[ 0.4324324 [ 507 508 1 478 ] ]
		[ 0.4594595 [ 509 510 1 478 ] ]
		[ 0.4864865 [ 511 512 1 478 ] ]
		[ 0.5135135 [ 513 514 1 478 ] ]
		[ 0.5405405 [ 515 516 1 478 ] ]
		[ 0.5675676 [ 517 518 1 478 ] ]
		[ 0.5945946 [ 519 520 1 478 ] ]
		[ 0.6216216 [ 521 522 1 478 ] ]
		[ 0.6486486 [ 141 404 1 478 ] ]
		[ 0.6756757 [ 141 404 1 478 ] ]
		[ 0.7027027 [ 141 404 1 478 ] ]
		[ 0.7297297 [ 141 404 1 478 ] ]
		[ 0.7567568 [ 141 404 1 478 ] ]
		[ 0.7837838 [ 141 404 1 478 ] ]
		[ 0.8108108 [ 141 404 1 478 ] ]
		[ 0.8378378 [ 141 404 1 478 ] ]
		[ 0.8648649 [ 141 404 1 478 ] ]
		[ 0.8918919 [ 141 404 1 478 ] ]
		[ 0.9189189 [ 141 404 1 478 ] ]
		[ 0.9459459 [ 141 404 1 478 ] ]
		[ 0.972973 [ 141 404 1 478 ] ]
	]
	"Lokot_L_end" [
		[ 0 [ 0 141 1 523 ] ]
	]
	"Ruka_P" [
		[ 0 [ 524 525 526 527 ] ]
		[ 0.02702703 [ 528 529 530 527 ] ]
		[ 0.05405406 [ 531 532 533 527 ] ]
		[ 0.08108108 [ 534 535 536 527 ] ]
		[ 0.1081081 [ 537 538 539 527 ] ]
		[ 0.1351351 [ 540 541 542 527 ] ]
		[ 0.1621622 [ 543 544 545 527 ] ]
		[ 0.1891892 [ 546 547 548 527 ] ]
		[ 0.2162162 [ 549 550 551 527 ] ]
		[ 0.2432432 [ 552 553 554 527 ] ]
		[ 0.2702703 [ 555 556 557 527 ] ]
		[ 0.2972973 [ 558 559 560 527 ] ]
		[ 0.3243243 [ 561 562 563 527 ] ]
		[ 0.3513514 [ 564 565 566 527 ] ]
		[ 0.3783784 [ 567 568 569 527 ] ]
		[ 0.4054054 [ 570 571 572 527 ] ]
		[ 0.4324324 [ 573 574 575 527 ] ]
		[ 0.4594595 [ 576 577 578 527 ] ]
		[ 0.4864865 [ 579 580 581 527 ] ]
		[ 0.5135135 [ 582 583 584 527 ] ]
		[ 0.5405405 [ 585 586 587 527 ] ]
		[ 0.5675676 [ 588 589 590 527 ] ]
		[ 0.5945946 [ 591 592 593 527 ] ]
		[ 0.6216216 [ 594 595 596 527 ] ]
		[ 0.6486486 [ 524 525 526 527 ] ]
		[ 0.6756757 [ 524 525 526 527 ] ]
		[ 0.7027027 [ 524 525 526 527 ] ]
		[ 0.7297297 [ 524 525 526 527 ] ]
		[ 0.7567568 [ 524 525 526 527 ] ]
		[ 0.7837838 [ 524 525 526 527 ] ]
		[ 0.8108108 [ 524 525 526 527 ] ]
		[ 0.8378378 [ 524 525 526 527 ] ]
		[ 0.8648649 [ 524 525 526 527 ] ]
		[ 0.8918919 [ 524 525 526 527 ] ]
		[ 0.9189189 [ 524 525 526 527 ] ]
		[ 0.9459459 [ 524 525 526 527 ] ]
		[ 0.972973 [ 524 525 526 527 ] ]
	]
	"Lokot_P" [
		[ 0 [ 597 598 1 478 ] ]
		[ 0.02702703 [ 599 600 1 478 ] ]
		[ 0.05405406 [ 601 602 1 478 ] ]
		[ 0.08108108 [ 603 604 1 478 ] ]
		[ 0.1081081 [ 605 606 1 478 ] ]
		[ 0.1351351 [ 607 608 1 478 ] ]
		[ 0.1621622 [ 519 520 1 478 ] ]
		[ 0.1891892 [ 609 610 1 478 ] ]
		[ 0.2162162 [ 611 612 1 478 ] ]
		[ 0.2432432 [ 613 614 1 478 ] ]
		[ 0.2702703 [ 615 616 1 478 ] ]
		[ 0.2972973 [ 617 618 1 478 ] ]
		[ 0.3243243 [ 619 620 1 478 ] ]
		[ 0.3513514 [ 621 622 1 478 ] ]
		[ 0.3783784 [ 623 624 1 478 ] ]
		[ 0.4054054 [ 625 626 1 478 ] ]
		[ 0.4324324 [ 627 628 1 478 ] ]
		[ 0.4594595 [ 629 630 1 478 ] ]
		[ 0.4864865 [ 507 508 1 478 ] ]
		[ 0.5135135 [ 631 632 1 478 ] ]
		[ 0.5405405 [ 633 634 1 478 ] ]
		[ 0.5675676 [ 238 237 1 478 ] ]
		[ 0.5945946 [ 635 636 1 478 ] ]
		[ 0.6216216 [ 637 638 1 478 ] ]
		[ 0.6486486 [ 597 598 1 478 ] ]
		[ 0.6756757 [ 597 598 1 478 ] ]
		[ 0.7027027 [ 597 598 1 478 ] ]
		[ 0.7297297 [ 597 598 1 478 ] ]
		[ 0.7567568 [ 597 598 1 478 ] ]
		[ 0.7837838 [ 597 598 1 478 ] ]
		[ 0.8108108 [ 597 598 1 478 ] ]
		[ 0.8378378 [ 597 598 1 478 ] ]
		[ 0.8648649 [ 597 598 1 478 ] ]
		[ 0.8918919 [ 597 598 1 478 ] ]
		[ 0.9189189 [ 597 598 1 478 ] ]
		[ 0.9459459 [ 597 598 1 478 ] ]
		[ 0.972973 [ 597 598 1 478 ] ]
	]
	"Lokot_P_end" [
		[ 0 [ 0 141 1 523 ] ]
	]
	"Woin" [
		[ 0 [ 639 640 641 641 ] ]
	]
	"Cube" [
		[ 0 [ 642 643 644 645 ] ]
		[ 0.02702703 [ 646 647 648 649 ] ]
		[ 0.05405406 [ 650 651 652 653 ] ]
		[ 0.08108108 [ 654 655 656 657 ] ]
		[ 0.1081081 [ 658 659 660 661 ] ]
		[ 0.1351351 [ 662 663 664 665 ] ]
		[ 0.1621622 [ 666 667 668 669 ] ]
		[ 0.1891892 [ 670 671 672 673 ] ]
		[ 0.2162162 [ 674 675 676 677 ] ]
		[ 0.2432432 [ 678 679 680 681 ] ]
		[ 0.2702703 [ 682 683 684 685 ] ]
		[ 0.2972973 [ 686 687 688 689 ] ]
		[ 0.3243243 [ 690 691 692 693 ] ]
		[ 0.3513514 [ 694 695 696 697 ] ]
		[ 0.3783784 [ 698 699 700 701 ] ]
		[ 0.4054054 [ 702 703 704 705 ] ]
		[ 0.4324324 [ 706 707 708 709 ] ]
		[ 0.4594595 [ 710 711 712 713 ] ]
		[ 0.4864865 [ 714 715 716 717 ] ]
		[ 0.5135135 [ 718 719 720 721 ] ]
		[ 0.5405405 [ 722 723 724 725 ] ]
		[ 0.5675676 [ 726 727 728 729 ] ]
		[ 0.5945946 [ 730 731 732 733 ] ]
		[ 0.6216216 [ 734 735 736 737 ] ]
		[ 0.6486486 [ 642 643 644 645 ] ]
		[ 0.6756757 [ 642 643 644 645 ] ]
		[ 0.7027027 [ 642 643 644 645 ] ]
		[ 0.7297297 [ 642 643 644 645 ] ]
		[ 0.7567568 [ 642 643 644 645 ] ]
		[ 0.7837838 [ 642 643 644 645 ] ]
		[ 0.8108108 [ 642 643 644 645 ] ]
		[ 0.8378378 [ 642 643 644 645 ] ]
		[ 0.8648649 [ 642 643 644 645 ] ]
		[ 0.8918919 [ 642 643 644 645 ] ]
		[ 0.9189189 [ 642 643 644 645 ] ]
		[ 0.9459459 [ 642 643 644 645 ] ]
		[ 0.972973 [ 642 643 644 645 ] ]
	]
	"Cube.001" [
		[ 0 [ 738 739 740 741 ] ]
		[ 0.02702703 [ 742 743 744 745 ] ]
		[ 0.05405406 [ 746 747 748 749 ] ]
		[ 0.08108108 [ 750 751 752 753 ] ]
		[ 0.1081081 [ 754 755 756 757 ] ]
		[ 0.1351351 [ 758 759 760 761 ] ]
		[ 0.1621622 [ 762 763 764 765 ] ]
		[ 0.1891892 [ 766 767 768 769 ] ]
		[ 0.2162162 [ 770 771 772 773 ] ]
		[ 0.2432432 [ 774 775 776 777 ] ]
		[ 0.2702703 [ 778 779 780 781 ] ]
		[ 0.2972973 [ 782 783 784 785 ] ]
		[ 0.3243243 [ 786 787 788 789 ] ]
		[ 0.3513514 [ 790 791 792 793 ] ]
		[ 0.3783784 [ 794 795 796 797 ] ]
		[ 0.4054054 [ 798 799 800 801 ] ]
		[ 0.4324324 [ 802 803 804 805 ] ]
		[ 0.4594595 [ 806 807 808 809 ] ]
		[ 0.4864865 [ 810 811 812 813 ] ]
		[ 0.5135135 [ 814 815 816 817 ] ]
		[ 0.5405405 [ 818 819 820 821 ] ]
		[ 0.5675676 [ 822 823 824 825 ] ]
		[ 0.5945946 [ 826 827 828 829 ] ]
		[ 0.6216216 [ 830 831 832 833 ] ]
		[ 0.6486486 [ 738 739 740 741 ] ]
		[ 0.6756757 [ 738 739 740 741 ] ]
		[ 0.7027027 [ 738 739 740 741 ] ]
		[ 0.7297297 [ 738 739 740 741 ] ]
		[ 0.7567568 [ 738 739 740 741 ] ]
		[ 0.7837838 [ 738 739 740 741 ] ]
		[ 0.8108108 [ 738 739 740 741 ] ]
		[ 0.8378378 [ 738 739 740 741 ] ]
		[ 0.8648649 [ 738 739 740 741 ] ]
		[ 0.8918919 [ 738 739 740 741 ] ]
		[ 0.9189189 [ 738 739 740 741 ] ]
		[ 0.9459459 [ 738 739 740 741 ] ]
		[ 0.972973 [ 738 739 740 741 ] ]
	]
	}
	:resources [
		[1.000 0.000 0.000]
		[0.000 0.000 1.000]
		[0.000 -1.000 0.000]
		[0.000 0.000 -0.040]
		[0.059 -0.337 0.940]
		[0.163 -0.925 -0.342]
		[0.985 0.174 0.000]
		[0.123 -0.038 0.000]
		[0.063 -0.337 0.939]
		[0.163 -0.925 -0.343]
		[0.985 0.174 -0.003]
		[0.070 -0.337 0.939]
		[0.162 -0.925 -0.344]
		[0.984 0.176 -0.010]
		[0.077 -0.337 0.938]
		[0.161 -0.925 -0.345]
		[0.984 0.178 -0.017]
		[0.081 -0.336 0.938]
		[0.161 -0.925 -0.346]
		[0.984 0.179 -0.021]
		[0.078 -0.337 0.938]
		[0.984 0.178 -0.018]
		[0.985 0.175 -0.004]
		[0.031 -0.337 0.941]
		[0.166 -0.927 -0.338]
		[0.986 0.167 0.027]
		[-0.019 -0.338 0.941]
		[0.171 -0.928 -0.330]
		[0.985 0.155 0.075]
		[-0.080 -0.339 0.938]
		[0.177 -0.930 -0.321]
		[0.981 0.140 0.134]
		[-0.144 -0.339 0.930]
		[0.182 -0.932 -0.312]
		[0.973 0.124 0.196]
		[-0.205 -0.340 0.918]
		[0.187 -0.934 -0.304]
		[0.961 0.109 0.255]
		[-0.254 -0.340 0.905]
		[0.191 -0.935 -0.298]
		[0.948 0.097 0.303]
		[-0.286 -0.341 0.896]
		[0.193 -0.936 -0.294]
		[0.939 0.089 0.333]
		[-0.294 -0.341 0.893]
		[0.194 -0.936 -0.293]
		[0.936 0.087 0.342]
		[0.938 0.089 0.334]
		[-0.265 -0.340 0.902]
		[0.192 -0.935 -0.297]
		[0.945 0.094 0.313]
		[-0.233 -0.340 0.911]
		[0.189 -0.935 -0.301]
		[0.954 0.102 0.282]
		[-0.193 -0.340 0.920]
		[0.186 -0.934 -0.306]
		[0.963 0.112 0.244]
		[-0.147 -0.339 0.929]
		[0.183 -0.932 -0.312]
		[0.972 0.124 0.199]
		[-0.098 -0.339 0.936]
		[0.178 -0.931 -0.318]
		[0.979 0.136 0.152]
		[-0.048 -0.338 0.940]
		[0.174 -0.929 -0.326]
		[0.984 0.148 0.103]
		[0.000 -0.338 0.941]
		[0.169 -0.928 -0.333]
		[0.986 0.159 0.057]
		[0.043 -0.337 0.941]
		[0.165 -0.926 -0.339]
		[0.985 0.170 0.016]
		[-0.906 0.423 0.000]
		[0.423 0.906 0.000]
		[0.000 0.000 -1.000]
		[0.000 0.532 0.000]
		[-0.906 0.423 0.003]
		[0.423 0.906 -0.001]
		[-0.003 0.000 -1.000]
		[-0.906 0.423 0.009]
		[0.423 0.906 -0.004]
		[-0.010 0.000 -1.000]
		[-0.906 0.423 0.016]
		[0.423 0.906 -0.007]
		[-0.018 0.000 -1.000]
		[-0.906 0.423 0.019]
		[0.423 0.906 -0.009]
		[-0.021 0.000 -1.000]
		[0.423 0.906 -0.008]
		[0.423 0.906 -0.002]
		[-0.004 0.000 -1.000]
		[-0.906 0.423 -0.025]
		[0.422 0.906 0.012]
		[0.027 0.000 -1.000]
		[-0.904 0.423 -0.069]
		[0.421 0.906 0.032]
		[0.076 0.000 -0.997]
		[-0.898 0.423 -0.123]
		[0.419 0.906 0.057]
		[0.135 0.000 -0.991]
		[-0.888 0.423 -0.179]
		[0.414 0.906 0.084]
		[0.198 0.000 -0.980]
		[-0.876 0.423 -0.233]
		[0.408 0.906 0.108]
		[0.257 0.000 -0.967]
		[-0.863 0.423 -0.276]
		[0.403 0.906 0.129]
		[0.304 0.000 -0.953]
		[-0.854 0.423 -0.303]
		[0.398 0.906 0.141]
		[0.335 0.000 -0.942]
		[-0.851 0.423 -0.311]
		[0.397 0.906 0.145]
		[0.343 0.000 -0.939]
		[-0.854 0.423 -0.304]
		[0.398 0.906 0.142]
		[-0.860 0.423 -0.285]
		[0.401 0.906 0.133]
		[0.315 0.000 -0.949]
		[-0.869 0.423 -0.257]
		[0.405 0.906 0.120]
		[0.284 0.000 -0.959]
		[-0.879 0.423 -0.222]
		[0.410 0.906 0.104]
		[0.245 0.000 -0.969]
		[-0.888 0.423 -0.182]
		[0.414 0.906 0.085]
		[0.201 0.000 -0.980]
		[-0.896 0.423 -0.139]
		[0.418 0.906 0.065]
		[0.153 0.000 -0.988]
		[-0.901 0.423 -0.095]
		[0.420 0.906 0.044]
		[0.105 0.000 -0.995]
		[-0.905 0.423 -0.053]
		[0.422 0.906 0.025]
		[0.058 0.000 -0.998]
		[-0.906 0.423 -0.015]
		[0.423 0.906 0.007]
		[0.016 0.000 -1.000]
		[0.000 1.000 0.000]
		[0.000 0.578 0.000]
		[0.682 -0.337 0.650]
		[-0.367 -0.925 -0.095]
		[0.633 -0.174 -0.754]
		[-0.123 -0.038 0.000]
		[0.687 -0.338 0.643]
		[0.627 -0.171 -0.760]
		[0.698 -0.342 0.629]
		[-0.368 -0.925 -0.094]
		[0.614 -0.166 -0.772]
		[0.709 -0.346 0.614]
		[-0.370 -0.924 -0.094]
		[0.600 -0.161 -0.783]
		[0.715 -0.348 0.607]
		[-0.370 -0.924 -0.093]
		[0.593 -0.158 -0.789]
		[0.710 -0.346 0.614]
		[0.600 -0.160 -0.784]
		[0.688 -0.339 0.642]
		[0.626 -0.171 -0.761]
		[0.636 -0.323 0.701]
		[-0.364 -0.926 -0.096]
		[0.680 -0.194 -0.707]
		[0.546 -0.298 0.783]
		[-0.363 -0.927 -0.100]
		[0.755 -0.230 -0.614]
		[0.423 -0.267 0.866]
		[-0.367 -0.924 -0.106]
		[0.829 -0.273 -0.489]
		[0.281 -0.234 0.931]
		[-0.377 -0.919 -0.117]
		[0.882 -0.318 -0.347]
		[0.140 -0.203 0.969]
		[-0.392 -0.910 -0.134]
		[0.909 -0.361 -0.207]
		[0.022 -0.178 0.984]
		[-0.405 -0.901 -0.154]
		[0.914 -0.395 -0.091]
		[-0.055 -0.161 0.985]
		[-0.414 -0.894 -0.169]
		[0.909 -0.417 -0.018]
		[-0.076 -0.157 0.985]
		[-0.416 -0.892 -0.174]
		[0.906 -0.423 0.002]
		[-0.056 -0.161 0.985]
		[-0.414 -0.894 -0.170]
		[0.908 -0.418 -0.017]
		[-0.004 -0.172 0.985]
		[-0.408 -0.899 -0.159]
		[0.913 -0.403 -0.066]
		[0.073 -0.188 0.979]
		[-0.399 -0.905 -0.145]
		[0.914 -0.381 -0.141]
		[0.168 -0.209 0.963]
		[-0.389 -0.912 -0.130]
		[0.906 -0.353 -0.235]
		[0.275 -0.233 0.933]
		[-0.378 -0.918 -0.118]
		[0.884 -0.320 -0.340]
		[0.384 -0.258 0.887]
		[-0.369 -0.923 -0.108]
		[0.846 -0.286 -0.450]
		[0.488 -0.283 0.825]
		[-0.364 -0.926 -0.102]
		[0.793 -0.250 -0.555]
		[0.580 -0.307 0.754]
		[-0.363 -0.927 -0.098]
		[0.729 -0.216 -0.649]
		[0.655 -0.329 0.680]
		[-0.365 -0.926 -0.096]
		[0.662 -0.186 -0.727]
		[-0.907 0.420 0.000]
		[0.420 0.907 0.000]
		[-0.910 0.416 0.000]
		[0.416 0.910 0.000]
		[-0.912 0.411 0.000]
		[0.411 0.912 0.000]
		[-0.913 0.408 0.000]
		[0.408 0.913 0.000]
		[-0.912 0.410 0.000]
		[0.410 0.912 0.000]
		[-0.908 0.420 0.000]
		[0.420 0.908 0.000]
		[-0.897 0.441 0.000]
		[0.441 0.897 0.000]
		[-0.881 0.474 0.000]
		[0.474 0.881 0.000]
		[-0.859 0.513 0.000]
		[0.513 0.859 0.000]
		[-0.833 0.553 0.000]
		[0.553 0.833 0.000]
		[-0.807 0.590 0.000]
		[0.590 0.807 0.000]
		[-0.785 0.620 0.000]
		[0.620 0.785 0.000]
		[-0.770 0.638 0.000]
		[0.638 0.770 0.000]
		[-0.766 0.643 0.000]
		[0.643 0.766 0.000]
		[-0.780 0.626 0.000]
		[0.626 0.780 0.000]
		[-0.795 0.607 0.000]
		[0.607 0.795 0.000]
		[-0.813 0.583 0.000]
		[0.583 0.813 0.000]
		[-0.832 0.555 0.000]
		[0.555 0.832 0.000]
		[-0.852 0.524 0.000]
		[0.524 0.852 0.000]
		[-0.870 0.492 0.000]
		[0.492 0.870 0.000]
		[-0.887 0.462 0.000]
		[0.462 0.887 0.000]
		[-0.901 0.434 0.000]
		[0.434 0.901 0.000]
		[0.000 0.940 -0.342]
		[0.000 0.342 0.940]
		[0.000 0.130 0.000]
		[0.995 0.000 -0.100]
		[-0.037 0.928 -0.371]
		[0.093 0.373 0.923]
		[0.976 0.000 -0.218]
		[-0.089 0.913 -0.398]
		[0.199 0.407 0.891]
		[0.943 0.000 -0.333]
		[-0.147 0.897 -0.417]
		[0.299 0.442 0.846]
		[0.904 0.000 -0.428]
		[-0.202 0.882 -0.426]
		[0.378 0.472 0.797]
		[0.872 0.000 -0.489]
		[-0.241 0.870 -0.430]
		[0.426 0.493 0.759]
		[0.864 0.000 -0.503]
		[-0.252 0.866 -0.432]
		[0.436 0.500 0.748]
		[0.891 0.000 -0.455]
		[-0.223 0.871 -0.437]
		[0.396 0.491 0.776]
		[0.940 0.000 -0.341]
		[-0.159 0.885 -0.438]
		[0.302 0.466 0.832]
		[0.984 0.000 -0.179]
		[-0.077 0.904 -0.422]
		[0.161 0.429 0.889]
		[1.000 0.000 0.011]
		[0.004 0.923 -0.385]
		[-0.010 0.385 0.923]
		[0.980 0.000 0.200]
		[0.068 0.940 -0.333]
		[-0.188 0.340 0.921]
		[0.933 0.000 0.359]
		[0.107 0.954 -0.279]
		[-0.342 0.299 0.891]
		[0.884 0.000 0.467]
		[0.126 0.963 -0.238]
		[-0.450 0.269 0.852]
		[0.858 0.000 0.514]
		[0.130 0.967 -0.218]
		[-0.497 0.254 0.830]
		[0.853 0.000 0.522]
		[0.130 0.969 -0.212]
		[-0.506 0.249 0.826]
		[0.863 0.000 0.505]
		[0.126 0.968 -0.216]
		[-0.488 0.250 0.836]
		[0.885 0.000 0.465]
		[0.119 0.966 -0.228]
		[-0.449 0.257 0.856]
		[0.913 0.000 0.407]
		[0.109 0.963 -0.245]
		[-0.392 0.268 0.880]
		[0.942 0.000 0.335]
		[0.094 0.959 -0.265]
		[-0.322 0.282 0.904]
		[0.967 0.000 0.255]
		[0.076 0.955 -0.287]
		[-0.244 0.297 0.923]
		[0.985 0.000 0.172]
		[0.054 0.950 -0.308]
		[-0.164 0.312 0.936]
		[0.996 0.000 0.093]
		[0.030 0.945 -0.325]
		[-0.088 0.326 0.941]
		[1.000 0.000 0.025]
		[0.008 0.941 -0.338]
		[-0.024 0.338 0.941]
		[0.000 0.940 0.342]
		[0.000 -0.342 0.940]
		[0.000 0.596 0.000]
		[0.996 -0.030 0.089]
		[-0.003 0.938 0.346]
		[-0.094 -0.345 0.934]
		[0.979 -0.064 0.194]
		[-0.010 0.934 0.357]
		[-0.204 -0.352 0.914]
		[0.950 -0.097 0.296]
		[-0.021 0.928 0.371]
		[-0.311 -0.359 0.880]
		[0.916 -0.127 0.380]
		[-0.030 0.923 0.383]
		[-0.399 -0.362 0.842]
		[0.889 -0.150 0.433]
		[-0.033 0.921 0.388]
		[-0.457 -0.359 0.814]
		[0.881 -0.162 0.444]
		[-0.022 0.924 0.381]
		[-0.472 -0.346 0.811]
		[0.902 -0.161 0.400]
		[0.010 0.935 0.355]
		[-0.431 -0.316 0.845]
		[0.943 -0.148 0.298]
		[0.053 0.952 0.303]
		[-0.329 -0.270 0.905]
		[0.981 -0.125 0.151]
		[0.088 0.969 0.229]
		[-0.175 -0.212 0.962]
		[0.995 -0.095 -0.025]
		[0.097 0.984 0.147]
		[0.011 -0.149 0.989]
		[0.977 -0.062 -0.205]
		[0.079 0.994 0.075]
		[0.199 -0.089 0.976]
		[0.932 -0.032 -0.360]
		[0.044 0.999 0.026]
		[0.359 -0.040 0.933]
		[0.884 -0.009 -0.467]
		[0.011 1.000 0.003]
		[0.467 -0.008 0.884]
		[0.858 0.005 -0.514]
		[-0.005 1.000 0.001]
		[0.514 0.001 0.858]
		[0.853 0.012 -0.522]
		[-0.007 1.000 0.013]
		[0.522 -0.007 0.853]
		[0.864 0.016 -0.504]
		[0.001 0.999 0.033]
		[0.504 -0.029 0.863]
		[0.886 0.017 -0.464]
		[0.013 0.998 0.062]
		[0.464 -0.061 0.884]
		[0.914 0.016 -0.405]
		[0.027 0.995 0.099]
		[0.405 -0.101 0.909]
		[0.943 0.013 -0.334]
		[0.037 0.989 0.142]
		[0.332 -0.146 0.932]
		[0.967 0.009 -0.253]
		[0.041 0.981 0.190]
		[0.250 -0.194 0.948]
		[0.985 0.005 -0.171]
		[0.036 0.970 0.239]
		[0.167 -0.242 0.956]
		[0.996 0.002 -0.093]
		[0.025 0.958 0.286]
		[0.089 -0.287 0.954]
		[1.000 0.000 -0.025]
		[0.008 0.945 0.327]
		[0.024 -0.327 0.945]
		[0.000 0.315 0.000]
		[0.000 0.470 0.000]
		[0.000 0.300 0.000]
		[-1.000 0.000 0.000]
		[-0.040 0.557 0.830]
		[0.580 -0.663 0.473]
		[0.814 0.500 -0.296]
		[0.279 0.394 -0.035]
		[0.195 0.435 0.879]
		[0.692 -0.696 0.191]
		[0.695 0.571 -0.437]
		[0.489 0.289 0.823]
		[0.683 -0.714 -0.154]
		[0.543 0.638 -0.547]
		[0.756 0.149 0.638]
		[0.537 -0.699 -0.473]
		[0.375 0.700 -0.608]
		[0.925 0.042 0.378]
		[0.312 -0.652 -0.691]
		[0.217 0.757 -0.616]
		[0.990 -0.012 0.139]
		[0.106 -0.586 -0.803]
		[0.091 0.810 -0.579]
		[1.000 -0.006 0.007]
		[0.002 -0.513 -0.858]
		[0.009 0.858 -0.513]
		[0.998 0.052 0.042]
		[0.060 -0.422 -0.905]
		[-0.030 0.905 -0.424]
		[0.964 0.118 0.240]
		[0.265 -0.290 -0.920]
		[-0.039 0.950 -0.310]
		[0.834 0.125 0.538]
		[0.552 -0.139 -0.822]
		[-0.028 0.982 -0.185]
		[0.570 0.055 0.820]
		[0.822 -0.027 -0.569]
		[-0.009 0.998 -0.061]
		[0.209 -0.049 0.977]
		[0.978 0.004 -0.209]
		[0.006 0.999 0.049]
		[-0.149 -0.128 0.981]
		[0.989 -0.031 0.146]
		[0.011 0.991 0.131]
		[-0.412 -0.155 0.898]
		[0.911 -0.076 0.405]
		[0.006 0.985 0.173]
		[-0.544 -0.140 0.827]
		[0.839 -0.085 0.538]
		[-0.005 0.987 0.163]
		[-0.609 -0.095 0.787]
		[0.793 -0.057 0.607]
		[-0.012 0.994 0.110]
		[-0.635 -0.021 0.772]
		[0.772 -0.011 0.635]
		[-0.005 1.000 0.023]
		[-0.629 0.086 0.772]
		[0.777 0.031 0.629]
		[0.030 0.996 -0.086]
		[-0.592 0.222 0.775]
		[0.800 0.041 0.599]
		[0.101 0.974 -0.202]
		[-0.518 0.370 0.771]
		[0.829 -0.005 0.559]
		[0.210 0.929 -0.304]
		[-0.409 0.499 0.764]
		[0.843 -0.112 0.526]
		[0.348 0.859 -0.375]
		[-0.279 0.583 0.763]
		[0.820 -0.269 0.505]
		[0.500 0.767 -0.403]
		[-0.155 0.606 0.780]
		[0.748 -0.444 0.493]
		[0.646 0.660 -0.385]
		[-0.065 0.579 0.813]
		[0.636 -0.604 0.480]
		[0.769 0.548 -0.329]
		[0.000 0.316 0.000]
		[0.162 0.987 0.000]
		[-0.987 0.162 0.000]
		[0.329 0.944 0.000]
		[-0.944 0.329 0.000]
		[0.456 0.890 0.000]
		[-0.890 0.456 0.000]
		[0.499 0.867 0.000]
		[-0.867 0.499 0.000]
		[0.345 0.939 0.000]
		[-0.939 0.345 0.000]
		[0.373 0.928 0.000]
		[-0.928 0.373 0.000]
		[0.453 0.891 0.000]
		[-0.891 0.453 0.000]
		[0.560 0.828 0.000]
		[-0.828 0.560 0.000]
		[0.669 0.743 0.000]
		[-0.743 0.669 0.000]
		[0.762 0.647 0.000]
		[-0.647 0.762 0.000]
		[0.828 0.561 0.000]
		[-0.561 0.828 0.000]
		[0.862 0.507 0.000]
		[-0.507 0.862 0.000]
		[0.863 0.505 0.000]
		[-0.505 0.863 0.000]
		[0.841 0.540 0.000]
		[-0.540 0.841 0.000]
		[0.800 0.600 0.000]
		[-0.600 0.800 0.000]
		[0.737 0.676 0.000]
		[-0.676 0.737 0.000]
		[0.653 0.757 0.000]
		[-0.757 0.653 0.000]
		[0.548 0.836 0.000]
		[-0.836 0.548 0.000]
		[0.428 0.904 0.000]
		[-0.904 0.428 0.000]
		[0.299 0.954 0.000]
		[-0.954 0.299 0.000]
		[0.169 0.986 0.000]
		[-0.986 0.169 0.000]
		[0.048 0.999 0.000]
		[-0.999 0.048 0.000]
		[0.000 0.469 0.000]
		[-0.106 0.621 0.777]
		[-0.406 -0.740 0.536]
		[0.908 -0.259 0.330]
		[-0.279 0.394 -0.035]
		[-0.257 0.312 0.915]
		[-0.464 -0.870 0.167]
		[0.848 -0.382 0.368]
		[-0.483 -0.052 0.874]
		[-0.417 -0.864 -0.281]
		[0.770 -0.500 0.396]
		[-0.695 -0.357 0.624]
		[-0.235 -0.707 -0.667]
		[0.679 -0.610 0.407]
		[-0.812 -0.521 0.262]
		[0.023 -0.477 -0.878]
		[0.583 -0.708 0.400]
		[-0.836 -0.545 -0.064]
		[0.254 -0.280 -0.926]
		[0.486 -0.790 0.373]
		[-0.839 -0.485 -0.248]
		[0.373 -0.178 -0.911]
		[0.397 -0.856 0.330]
		[-0.894 -0.376 -0.244]
		[0.325 -0.166 -0.931]
		[0.310 -0.911 0.271]
		[-0.971 -0.229 -0.062]
		[0.103 -0.174 -0.979]
		[0.214 -0.958 0.193]
		[-0.962 -0.084 0.260]
		[-0.248 -0.131 -0.960]
		[0.115 -0.988 0.105]
		[-0.782 -0.005 0.623]
		[-0.623 -0.030 -0.782]
		[0.022 -1.000 0.020]
		[-0.450 -0.020 0.893]
		[-0.891 0.073 -0.447]
		[-0.056 -0.997 -0.051]
		[-0.075 -0.091 0.993]
		[-0.991 0.119 -0.064]
		[-0.112 -0.989 -0.099]
		[0.223 -0.146 0.964]
		[-0.965 0.106 0.240]
		[-0.137 -0.984 -0.117]
		[0.390 -0.140 0.910]
		[-0.913 0.071 0.403]
		[-0.121 -0.988 -0.100]
		[0.485 -0.080 0.871]
		[-0.872 0.034 0.489]
		[-0.068 -0.996 -0.054]
		[0.532 0.021 0.847]
		[-0.847 -0.008 0.532]
		[0.018 -1.000 0.013]
		[0.532 0.150 0.833]
		[-0.836 -0.063 0.545]
		[0.134 -0.987 0.092]
		[0.487 0.290 0.824]
		[-0.830 -0.140 0.540]
		[0.272 -0.947 0.172]
		[0.400 0.420 0.814]
		[-0.814 -0.245 0.526]
		[0.421 -0.874 0.244]
		[0.283 0.523 0.804]
		[-0.773 -0.372 0.515]
		[0.568 -0.766 0.299]
		[0.153 0.589 0.794]
		[-0.697 -0.505 0.509]
		[0.701 -0.631 0.333]
		[0.030 0.617 0.786]
		[-0.589 -0.625 0.513]
		[0.808 -0.479 0.344]
		[-0.070 0.622 0.780]
		[-0.462 -0.713 0.527]
		[0.884 -0.324 0.338]
		[0.500 0.866 0.000]
		[-0.866 0.500 0.000]
		[0.440 0.898 0.000]
		[-0.898 0.440 0.000]
		[0.364 0.932 0.000]
		[-0.932 0.364 0.000]
		[0.284 0.959 0.000]
		[-0.959 0.284 0.000]
		[0.216 0.976 0.000]
		[-0.976 0.216 0.000]
		[0.173 0.985 0.000]
		[-0.985 0.173 0.000]
		[0.221 0.975 0.000]
		[-0.975 0.221 0.000]
		[0.324 0.946 0.000]
		[-0.946 0.324 0.000]
		[0.454 0.891 0.000]
		[-0.891 0.454 0.000]
		[0.590 0.808 0.000]
		[-0.808 0.590 0.000]
		[0.709 0.706 0.000]
		[-0.706 0.709 0.000]
		[0.797 0.604 0.000]
		[-0.604 0.797 0.000]
		[0.851 0.525 0.000]
		[-0.525 0.851 0.000]
		[0.871 0.490 0.000]
		[-0.490 0.871 0.000]
		[0.873 0.488 0.000]
		[-0.488 0.873 0.000]
		[0.860 0.510 0.000]
		[-0.510 0.860 0.000]
		[0.836 0.549 0.000]
		[-0.549 0.836 0.000]
		[0.753 0.658 0.000]
		[-0.658 0.753 0.000]
		[0.698 0.716 0.000]
		[-0.716 0.698 0.000]
		[0.577 0.817 0.000]
		[-0.817 0.577 0.000]
		[0.521 0.853 0.000]
		[-0.853 0.521 0.000]
		[100.000 0.000 0.000]
		[0.000 0.000 -100.000]
		[0.000 100.000 0.000]
		[0.182 -0.080 -0.026]
		[0.081 0.183 0.004]
		[0.022 -0.014 0.198]
		[-0.457 -0.040 1.045]
		[0.178 -0.079 -0.043]
		[0.090 0.160 0.078]
		[0.004 -0.090 0.179]
		[-0.434 0.185 1.009]
		[0.175 -0.077 -0.059]
		[0.093 0.100 0.146]
		[-0.026 -0.155 0.123]
		[-0.377 0.415 1.076]
		[0.170 -0.075 -0.073]
		[0.084 0.015 0.181]
		[-0.062 -0.185 0.044]
		[-0.294 0.573 1.236]
		[0.164 -0.074 -0.087]
		[0.065 -0.065 0.178]
		[-0.094 -0.174 -0.029]
		[-0.203 0.623 1.422]
		[0.155 -0.077 -0.101]
		[0.042 -0.119 0.155]
		[-0.119 -0.142 -0.075]
		[-0.121 0.597 1.562]
		[0.141 -0.083 -0.115]
		[0.030 -0.141 0.139]
		[-0.139 -0.115 -0.087]
		[-0.056 0.561 1.613]
		[0.117 -0.094 -0.132]
		[0.044 -0.139 0.137]
		[-0.156 -0.110 -0.061]
		[-0.017 0.568 1.561]
		[0.082 -0.101 -0.152]
		[0.090 -0.122 0.130]
		[-0.158 -0.122 -0.004]
		[-0.037 0.622 1.439]
		[0.041 -0.098 -0.169]
		[0.151 -0.094 0.091]
		[-0.125 -0.147 0.054]
		[-0.156 0.712 1.342]
		[0.004 -0.081 -0.183]
		[0.192 -0.049 0.025]
		[-0.055 -0.176 0.077]
		[-0.349 0.806 1.365]
		[-0.023 -0.055 -0.191]
		[0.197 0.018 -0.029]
		[0.025 -0.191 0.052]
		[-0.543 0.840 1.507]
		[-0.035 -0.030 -0.195]
		[0.174 0.087 -0.045]
		[0.091 -0.178 0.010]
		[-0.690 0.778 1.662]
		[-0.038 -0.014 -0.196]
		[0.143 0.135 -0.038]
		[0.135 -0.147 -0.016]
		[-0.780 0.667 1.748]
		[-0.037 -0.014 -0.196]
		[0.119 0.157 -0.033]
		[0.156 -0.123 -0.020]
		[-0.826 0.579 1.762]
		[-0.032 -0.026 -0.196]
		[0.103 0.167 -0.039]
		[0.169 -0.107 -0.013]
		[-0.855 0.515 1.741]
		[-0.023 -0.047 -0.193]
		[0.093 0.169 -0.053]
		[0.176 -0.096 0.002]
		[-0.878 0.462 1.697]
		[-0.008 -0.073 -0.186]
		[0.090 0.165 -0.069]
		[0.179 -0.086 0.026]
		[-0.895 0.413 1.629]
		[0.015 -0.099 -0.173]
		[0.094 0.157 -0.081]
		[0.176 -0.075 0.058]
		[-0.901 0.354 1.533]
		[0.047 -0.119 -0.154]
		[0.103 0.150 -0.084]
		[0.165 -0.060 0.096]
		[-0.884 0.278 1.416]
		[0.084 -0.128 -0.129]
		[0.113 0.148 -0.074]
		[0.143 -0.041 0.134]
		[-0.833 0.187 1.293]
		[0.120 -0.125 -0.099]
		[0.116 0.154 -0.053]
		[0.110 -0.025 0.165]
		[-0.744 0.097 1.184]
		[0.152 -0.111 -0.068]
		[0.109 0.166 -0.028]
		[0.072 -0.016 0.186]
		[-0.628 0.023 1.103]
		[0.175 -0.090 -0.038]
		[0.091 0.178 -0.004]
		[0.036 -0.014 0.196]
		[-0.506 -0.026 1.056]
		[0.163 0.090 0.074]
		[-0.116 0.134 0.092]
		[-0.008 -0.118 0.161]
		[0.480 0.219 1.142]
		[0.126 0.137 0.073]
		[-0.153 0.092 0.090]
		[0.028 -0.113 0.163]
		[0.429 0.343 1.098]
		[0.073 0.172 0.072]
		[-0.173 0.033 0.096]
		[0.070 -0.097 0.160]
		[0.295 0.466 1.052]
		[0.014 0.186 0.072]
		[-0.164 -0.031 0.111]
		[0.114 -0.066 0.150]
		[0.088 0.526 1.029]
		[-0.038 0.181 0.075]
		[-0.123 -0.082 0.135]
		[0.153 -0.021 0.127]
		[-0.134 0.491 1.053]
		[-0.073 0.166 0.084]
		[-0.059 -0.106 0.159]
		[0.177 0.033 0.087]
		[-0.296 0.388 1.135]
		[-0.086 0.152 0.097]
		[-0.014 -0.113 0.164]
		[0.180 0.064 0.060]
		[-0.351 0.328 1.204]
		[-0.079 0.142 0.116]
		[-0.027 -0.134 0.146]
		[0.182 0.042 0.073]
		[-0.325 0.405 1.197]
		[-0.056 0.132 0.139]
		[-0.090 -0.146 0.102]
		[0.169 -0.034 0.101]
		[-0.184 0.603 1.182]
		[-0.026 0.115 0.162]
		[-0.170 -0.097 0.041]
		[0.102 -0.132 0.110]
		[0.145 0.785 1.233]
		[-0.001 0.088 0.180]
		[-0.198 0.024 -0.013]
		[-0.027 -0.178 0.087]
		[0.603 0.738 1.368]
		[0.013 0.057 0.191]
		[-0.132 0.146 -0.035]
		[-0.150 -0.124 0.047]
		[0.956 0.384 1.522]
		[0.014 0.031 0.197]
		[-0.017 0.197 -0.030]
		[-0.199 -0.014 0.017]
		[1.033 -0.083 1.622]
		[0.010 0.017 0.199]
		[0.073 0.185 -0.020]
		[-0.186 0.074 0.003]
		[0.920 -0.420 1.664]
		[0.009 0.016 0.199]
		[0.110 0.166 -0.018]
		[-0.167 0.110 -0.002]
		[0.820 -0.557 1.683]
		[0.013 0.025 0.198]
		[0.117 0.160 -0.028]
		[-0.161 0.118 -0.005]
		[0.781 -0.589 1.704]
		[0.022 0.040 0.195]
		[0.106 0.163 -0.045]
		[-0.168 0.108 -0.003]
		[0.795 -0.559 1.716]
		[0.037 0.057 0.188]
		[0.077 0.172 -0.067]
		[-0.181 0.084 0.010]
		[0.843 -0.480 1.700]
		[0.056 0.075 0.177]
		[0.031 0.178 -0.085]
		[-0.190 0.051 0.038]
		[0.892 -0.367 1.639]
		[0.077 0.090 0.161]
		[-0.024 0.178 -0.088]
		[-0.183 0.015 0.079]
		[0.910 -0.238 1.530]
		[0.099 0.101 0.142]
		[-0.076 0.172 -0.069]
		[-0.156 -0.020 0.123]
		[0.871 -0.112 1.397]
		[0.120 0.105 0.121]
		[-0.114 0.162 -0.029]
		[-0.113 -0.051 0.157]
		[0.778 0.000 1.272]
		[0.139 0.103 0.100]
		[-0.129 0.151 0.023]
		[-0.064 -0.080 0.172]
		[0.652 0.100 1.186]
		[0.156 0.095 0.081]
		[-0.123 0.140 0.073]
		[-0.022 -0.107 0.168]
		[0.527 0.186 1.147]]
}