{ :name "Dead" :length 0 :bones { 
	"Armature" [
		[0 [1 0 0 0 0 0.9999998 2.007283E-15 0 0 -2.007283E-15 0.9999998 0 0 -1.24345E-17 -8.195644E-11 1]]
	]
	"Skelet" [
		[0 [1 0 0 0 0 3.178652E-08 0.9999997 0 0 -0.9999997 3.178652E-08 0 0 -0.0105 1.251697E-09 1]]
	]
	"Bedro_L" [
		[0 [-0.1016655 0.9372783 -0.3334267 0 -0.9745041 -0.02643981 0.2228196 0 0.2000227 0.3475673 0.9160694 0 0.0003739054 0.01011781 -0.0002708936 1]]
	]
	"Koleno_L" [
		[0 [0.1091529 -0.9202737 -0.3757441 0 0.9843305 0.1527357 -0.08814377 0 0.138502 -0.360223 0.9225249 0 0.005421872 0.003916898 -0.0009627294 1]]
	]
	"Koleno_L_end" [
		[0 [0.1091529 -0.9202737 -0.3757441 0 0.9843305 0.1527357 -0.08814377 0 0.138502 -0.360223 0.9225249 0 0.01110786 -0.0009773248 -0.001471892 1]]
	]
	"Bedro_P" [
		[0 [-0.1006582 0.9372004 0.3339505 0 -0.975378 -0.02675193 -0.2189239 0 -0.1962363 -0.3477537 0.9168175 0 0.0003714568 0.01011791 0.000270693 1]]
	]
	"Koleno_P" [
		[0 [0.1075222 -0.9188759 0.3796153 0 0.9826654 0.1562254 0.09982954 0 -0.1510328 0.3622896 0.9197454 0 0.005423149 0.003914865 0.0009723944 1]]
	]
	"Koleno_P_end" [
		[0 [0.1075222 -0.9188759 0.3796153 0 0.9826654 0.1562254 0.09982954 0 -0.1510328 0.3622896 0.9197454 0 0.01109952 -0.000959199 0.001549061 1]]
	]
	"Tors" [
		[0 [1 0 0 0 0 3.178652E-08 0.9999997 0 0 -0.9999997 3.178652E-08 0 0 -0.0118 0.001300001 1]]
	]
	"Golova" [
		[0 [0.5 -0.8660251 -9.168136E-08 0 2.384185E-07 3.178652E-08 0.9999997 0 -0.8660254 -0.4999999 2.223698E-07 0 1.731455E-09 -0.01776225 0.007262247 1]]
	]
	"Golova_end" [
		[0 [0.5 -0.8660251 -9.168136E-08 0 2.384185E-07 3.178652E-08 0.9999997 0 -0.8660254 -0.4999999 2.223698E-07 0 2.482167E-09 -0.02091096 0.01041096 1]]
	]
	"Kluchitsa_L" [
		[0 [3.178652E-08 5.960465E-08 -0.9999997 0 5.960464E-08 1 5.960463E-08 0 0.9999997 7.824851E-15 3.178652E-08 0 0.006 2.868474E-10 -0.0165 1]]
	]
	"Kluchitsa_L_end" [
		[0 [3.178652E-08 5.960465E-08 -0.9999997 0 5.960464E-08 1 5.960463E-08 0 0.9999997 7.824851E-15 3.178652E-08 0 0.006 -4.693866E-10 -0.0165 1]]
	]
	"Kluchitsa_P" [
		[0 [3.178652E-08 -5.960465E-08 0.9999997 0 -5.960464E-08 1 5.960463E-08 0 -0.9999997 7.824851E-15 3.178652E-08 0 -0.006 -6.444753E-10 -0.0165 1]]
	]
	"Kluchitsa_P_end" [
		[0 [3.178652E-08 -5.960465E-08 0.9999997 0 -5.960464E-08 1 5.960463E-08 0 -0.9999997 7.824851E-15 3.178652E-08 0 -0.006 -1.400709E-09 -0.0165 1]]
	]
	"Ruka_L" [
		[0 [-0.09868009 0.8889664 -0.4472153 0 -0.5396768 0.3297718 0.7745966 0 0.8360685 0.3177889 0.4472125 0 0.004038872 0.01429529 -0.006881248 1]]
	]
	"Lokot_L" [
		[0 [0.06674808 0.8969466 -0.4370727 0 -0.4705305 0.4145782 0.7789261 0 0.8798553 0.1536644 0.4497127 0 0.004537138 0.01159186 -0.004301335 1]]
	]
	"Lokot_L_end" [
		[0 [0.06674808 0.8969466 -0.4370727 0 -0.4705305 0.4145782 0.7789261 0 0.8798553 0.1536644 0.4497127 0 0.002328529 0.008843962 -0.0006451572 1]]
	]
	"Cube.001" [
		[0 [0.4497127 -0.879855 -0.1536644 0 0.4370728 0.06674807 0.8969466 0 -0.7789262 -0.4705302 0.4145783 0 -0.004136626 -0.01219286 -0.04490438 1]]
	]
	"Ruka_P" [
		[0 [-0.1472709 0.8889679 0.4336451 0 -0.4512024 0.3297696 -0.8292577 0 -0.8801854 -0.3177873 0.352539 0 0.003257491 0.01429531 0.007283695 1]]
	]
	"Lokot_P" [
		[0 [0.09805819 0.8969477 0.4311267 0 -0.5254158 0.4145761 -0.7430107 0 -0.8451754 -0.1536628 0.5119229 0 0.004835187 0.01159186 0.003963296 1]]
	]
	"Lokot_P_end" [
		[0 [0.09805819 0.8969477 0.4311267 0 -0.5254158 0.4145761 -0.7430107 0 -0.8451754 -0.1536628 0.5119229 0 0.002368953 0.008843958 0.0004756995 1]]
	]
	"Cube" [
		[0 [0.511923 0.8451753 0.1536628 0 -0.4311267 0.09805819 0.8969478 0 0.7430108 -0.5254158 0.4145761 0 0.003284495 -0.01248544 -0.04493364 1]]
	]
	"Woin" [
		[0 [1 0 0 0 0 0.9999998 2.007283E-15 0 0 -2.007283E-15 0.9999998 0 0 0 0 1]]
	]
} }