{ :name "Dead" :length 0 :bones { 
	"Skelet" [
		[ 0 [ 0 1 2 3 ] ]
	]
	"Bedro_L" [
		[ 0 [ 4 5 6 7 ] ]
	]
	"Koleno_L" [
		[ 0 [ 8 9 10 11 ] ]
	]
	"Koleno_L_end" [
		[ 0 [ 0 12 13 14 ] ]
	]
	"Bedro_P" [
		[ 0 [ 15 16 17 18 ] ]
	]
	"Koleno_P" [
		[ 0 [ 19 20 2 11 ] ]
	]
	"Koleno_P_end" [
		[ 0 [ 0 12 13 14 ] ]
	]
	"Tors" [
		[ 0 [ 0 12 13 21 ] ]
	]
	"Golova" [
		[ 0 [ 22 12 23 24 ] ]
	]
	"Golova_end" [
		[ 0 [ 0 12 13 25 ] ]
	]
	"Kluchitsa_L" [
		[ 0 [ 13 0 12 26 ] ]
	]
	"Kluchitsa_L_end" [
		[ 0 [ 0 12 13 27 ] ]
	]
	"Kluchitsa_P" [
		[ 0 [ 2 28 12 26 ] ]
	]
	"Kluchitsa_P_end" [
		[ 0 [ 0 12 13 27 ] ]
	]
	"Ruka_L" [
		[ 0 [ 13 29 30 31 ] ]
	]
	"Lokot_L" [
		[ 0 [ 0 12 13 32 ] ]
	]
	"Lokot_L_end" [
		[ 0 [ 0 12 13 33 ] ]
	]
	"Ruka_P" [
		[ 0 [ 13 34 35 36 ] ]
	]
	"Lokot_P" [
		[ 0 [ 0 12 13 32 ] ]
	]
	"Lokot_P_end" [
		[ 0 [ 0 12 13 33 ] ]
	]
	"Woin" [
		[ 0 [ 37 38 39 39 ] ]
	]
	"Cube" [
		[ 0 [ 40 41 42 43 ] ]
	]
	"Cube.001" [
		[ 0 [ 44 41 45 46 ] ]
	]
	}
	:resources [
		[1.000 0.000 0.000]
		[0.000 -1.000 0.000]
		[0.000 0.000 -1.000]
		[0.000 0.000 -1.050]
		[-0.308 -0.171 0.936]
		[0.220 -0.970 -0.105]
		[0.925 0.174 0.337]
		[0.123 -0.038 0.000]
		[-0.940 0.342 -0.004]
		[0.342 0.940 -0.011]
		[0.000 -0.011 -1.000]
		[0.000 0.532 0.000]
		[0.000 1.000 0.000]
		[0.000 0.000 1.000]
		[0.000 0.578 0.000]
		[0.308 -0.171 0.936]
		[-0.220 -0.970 -0.105]
		[0.925 -0.174 -0.337]
		[-0.123 -0.038 0.000]
		[-0.940 0.342 0.000]
		[0.342 0.940 0.000]
		[0.000 0.130 0.000]
		[0.500 0.000 0.866]
		[-0.866 0.000 0.500]
		[0.000 0.596 0.000]
		[0.000 0.315 0.000]
		[0.000 0.470 0.000]
		[0.000 0.300 0.000]
		[-1.000 0.000 0.000]
		[0.866 -0.500 0.000]
		[0.500 0.866 0.000]
		[0.279 0.394 -0.035]
		[0.000 0.316 0.000]
		[0.000 0.469 0.000]
		[-0.866 -0.500 0.000]
		[0.500 -0.866 0.000]
		[-0.279 0.394 -0.035]
		[100.000 0.000 0.000]
		[0.000 0.000 -100.000]
		[0.000 100.000 0.000]
		[0.100 0.173 0.000]
		[0.000 0.000 0.200]
		[0.173 -0.100 0.000]
		[-0.938 -0.144 0.185]
		[0.100 -0.173 0.000]
		[-0.173 -0.100 0.000]
		[0.939 -0.143 0.185]]
}