{ :name "Death" :length 0.4833333 :bones { 
	"Armature" [
		[0 [1 0 0 0 0 0.9999998 2.007283E-15 0 0 -2.007283E-15 0.9999998 0 0 -1.24345E-17 -8.195644E-11 1]]
	]
	"Skelet" [
		[0 [1 0 0 0 0 0.9999999 -2.728484E-14 0 0 2.728484E-14 0.9999999 0 0 -0.0003999998 4.76837E-11 1]]
		[0.03571429 [1 0 0 0 0 0.9865262 0.1636019 0 0 -0.1636019 0.9865262 0 0 -9.204174E-05 1.097225E-11 1]]
		[0.07142857 [1 0 0 0 0 0.946925 0.3214539 0 0 -0.3214539 0.946925 0 0 0.0003754553 -4.475786E-11 1]]
		[0.1071429 [1 0 0 0 0 0.8812448 0.4726595 0 0 -0.4726595 0.8812448 0 0 0.0006036445 -7.195999E-11 1]]
		[0.1428571 [1 0 0 0 0 0.7883075 0.6152811 0 0 -0.6152811 0.7883075 0 0 0.0001936719 -2.308753E-11 1]]
		[0.1785714 [1 0 0 0 0 0.6579544 0.7530572 0 0 -0.7530572 0.6579544 0 0 -0.00129598 1.544929E-10 1]]
		[0.2142857 [1 0 0 0 0 0.4822303 0.8760443 0 0 -0.8760443 0.4822303 0 0 -0.003779023 4.504947E-10 1]]
		[0.25 [1 0 0 0 0 0.2868033 0.9579892 0 0 -0.9579892 0.2868033 0 0 -0.006602664 7.870989E-10 1]]
		[0.2857143 [1 0 0 0 0 0.1095222 0.9939842 0 0 -0.9939842 0.1095222 0 0 -0.009104367 1.085325E-09 1]]
		[0.3214286 [1 0 0 0 0 -0.01047105 0.9999449 0 0 -0.9999449 -0.01047105 0 0 -0.01061593 1.265518E-09 1]]
		[0.3571429 [1 0 0 0 0 -0.02808439 0.9996054 0 0 -0.9996054 -0.02808439 0 0 -0.01056582 1.259544E-09 1]]
		[0.3928571 [1 0 0 0 0 -0.002137085 0.9999976 0 0 -0.9999976 -0.002137085 0 0 -0.01002634 1.195233E-09 1]]
		[0.4285714 [1 0 0 0 0 3.178652E-08 0.9999997 0 0 -0.9999997 3.178652E-08 0 0 -0.0100974 1.203703E-09 1]]
		[0.4642857 [1 0 0 0 0 3.178652E-08 0.9999997 0 0 -0.9999997 3.178652E-08 0 0 -0.01036556 1.235671E-09 1]]
		[0.5 [1 0 0 0 0 3.178652E-08 0.9999997 0 0 -0.9999997 3.178652E-08 0 0 -0.0105 1.251697E-09 1]]
		[0.5357143 [1 0 0 0 0 3.178652E-08 0.9999997 0 0 -0.9999997 3.178652E-08 0 0 -0.0105 1.251697E-09 1]]
		[0.5714286 [1 0 0 0 0 3.178652E-08 0.9999997 0 0 -0.9999997 3.178652E-08 0 0 -0.0105 1.251697E-09 1]]
		[0.6071429 [1 0 0 0 0 3.178652E-08 0.9999997 0 0 -0.9999997 3.178652E-08 0 0 -0.0105 1.251697E-09 1]]
		[0.6428571 [1 0 0 0 0 3.178652E-08 0.9999997 0 0 -0.9999997 3.178652E-08 0 0 -0.0105 1.251697E-09 1]]
		[0.6785714 [1 0 0 0 0 3.178652E-08 0.9999997 0 0 -0.9999997 3.178652E-08 0 0 -0.0105 1.251697E-09 1]]
		[0.7142857 [1 0 0 0 0 3.178652E-08 0.9999997 0 0 -0.9999997 3.178652E-08 0 0 -0.0105 1.251697E-09 1]]
		[0.75 [1 0 0 0 0 3.178652E-08 0.9999997 0 0 -0.9999997 3.178652E-08 0 0 -0.0105 1.251697E-09 1]]
		[0.7857143 [1 0 0 0 0 3.178652E-08 0.9999997 0 0 -0.9999997 3.178652E-08 0 0 -0.0105 1.251697E-09 1]]
		[0.8214286 [1 0 0 0 0 3.178652E-08 0.9999997 0 0 -0.9999997 3.178652E-08 0 0 -0.0105 1.251697E-09 1]]
		[0.8571429 [1 0 0 0 0 3.178652E-08 0.9999997 0 0 -0.9999997 3.178652E-08 0 0 -0.0105 1.251697E-09 1]]
		[0.8928571 [1 0 0 0 0 3.178652E-08 0.9999997 0 0 -0.9999997 3.178652E-08 0 0 -0.0105 1.251697E-09 1]]
		[0.9285714 [1 0 0 0 0 3.178652E-08 0.9999997 0 0 -0.9999997 3.178652E-08 0 0 -0.0105 1.251697E-09 1]]
		[0.9642857 [1 0 0 0 0 3.178652E-08 0.9999997 0 0 -0.9999997 3.178652E-08 0 0 -0.0105 1.251697E-09 1]]
	]
	"Bedro_L" [
		[0 [0.9622272 0.2675514 0.05035086 0 -0.2720293 0.952292 0.138353 0 -0.01093207 -0.1468193 0.9891027 0 2.970387E-05 0.0003987518 -1.070672E-05 1]]
		[0.03571429 [0.8730034 0.4870373 -0.02566967 0 -0.4759828 0.8622968 0.1728788 0 0.1063301 -0.1387011 0.9846092 0 -5.533627E-05 9.127137E-05 -2.327371E-06 1]]
		[0.07142857 [0.7323461 0.673389 -0.1010683 0 -0.6435283 0.7329667 0.2205321 0 0.2225774 -0.09646253 0.9701303 0 -0.000150787 -0.0003852791 1.058693E-05 1]]
		[0.1071429 [0.5415517 0.8254757 -0.1590889 0 -0.7787849 0.5638837 0.2748344 0 0.3165679 -0.02494027 0.9482405 0 -0.0002266898 -0.0006332998 1.736048E-05 1]]
		[0.1428571 [0.3005261 0.935919 -0.1836775 0 -0.8785076 0.346611 0.3287738 0 0.3713598 0.0625549 0.9263774 0 -0.0002527272 -0.0002556839 7.329988E-06 1]]
		[0.1785714 [-0.02318249 0.9876667 -0.1548332 0 -0.9252877 0.03744711 0.3774225 0 0.3785551 0.1520101 0.9130083 0 -0.0001978097 0.001183982 -3.121883E-05 1]]
		[0.2142857 [-0.4184412 0.9052598 -0.07354262 0 -0.8400131 -0.3549435 0.4103675 0 0.3453763 0.2334841 0.908953 0 -6.481336E-05 0.00359639 -9.589576E-05 1]]
		[0.25 [-0.7407887 0.6714326 0.02020706 0 -0.605697 -0.6806625 0.4121121 0 0.2904518 0.2930392 0.9109121 0 0.0001084232 0.00633974 -0.0001694891 1]]
		[0.2857143 [-0.9071527 0.4121187 0.08503896 0 -0.3489791 -0.8497171 0.3952216 0 0.2351308 0.328839 0.9146439 0 0.0002756183 0.008767716 -0.0002346499 1]]
		[0.3214286 [-0.9514324 0.2937446 0.09214143 0 -0.2368865 -0.8896931 0.3903022 0 0.1966213 0.3495081 0.9160672 0 0.000382241 0.01022943 -0.0002738905 1]]
		[0.3571429 [-0.9111754 0.4108078 0.03155474 0 -0.3651389 -0.8406073 0.4000738 0 0.1908734 0.3530042 0.9159425 0 0.0003781522 0.01017281 -0.0002723706 1]]
		[0.3928571 [-0.7666966 0.6375691 -0.07537014 0 -0.6102815 -0.6873158 0.3939032 0 0.1993319 0.3479902 0.9160594 0 0.0003386724 0.009644824 -0.0002581945 1]]
		[0.4285714 [-0.5327292 0.8232648 -0.1960422 0 -0.8223088 -0.448804 0.3498421 0 0.2000227 0.3475674 0.9160693 0 0.0003440083 0.009716465 -0.000260118 1]]
		[0.4642857 [-0.2467577 0.9226961 -0.296212 0 -0.9482109 -0.1667981 0.2703336 0 0.2000227 0.3475674 0.9160693 0 0.000363922 0.009983791 -0.0002672954 1]]
		[0.5 [-0.1016655 0.9372783 -0.3334267 0 -0.9745041 -0.02643981 0.2228196 0 0.2000227 0.3475673 0.9160694 0 0.0003739054 0.01011781 -0.0002708936 1]]
		[0.5357143 [-0.1016655 0.9372783 -0.3334267 0 -0.9745041 -0.02643981 0.2228196 0 0.2000227 0.3475673 0.9160694 0 0.0003739054 0.01011781 -0.0002708936 1]]
		[0.5714286 [-0.1016655 0.9372783 -0.3334267 0 -0.9745041 -0.02643981 0.2228196 0 0.2000227 0.3475673 0.9160694 0 0.0003739054 0.01011781 -0.0002708936 1]]
		[0.6071429 [-0.1016655 0.9372783 -0.3334267 0 -0.9745041 -0.02643981 0.2228196 0 0.2000227 0.3475673 0.9160694 0 0.0003739054 0.01011781 -0.0002708936 1]]
		[0.6428571 [-0.1016655 0.9372783 -0.3334267 0 -0.9745041 -0.02643981 0.2228196 0 0.2000227 0.3475673 0.9160694 0 0.0003739054 0.01011781 -0.0002708936 1]]
		[0.6785714 [-0.1016655 0.9372783 -0.3334267 0 -0.9745041 -0.02643981 0.2228196 0 0.2000227 0.3475673 0.9160694 0 0.0003739054 0.01011781 -0.0002708936 1]]
		[0.7142857 [-0.1016655 0.9372783 -0.3334267 0 -0.9745041 -0.02643981 0.2228196 0 0.2000227 0.3475673 0.9160694 0 0.0003739054 0.01011781 -0.0002708936 1]]
		[0.75 [-0.1016655 0.9372783 -0.3334267 0 -0.9745041 -0.02643981 0.2228196 0 0.2000227 0.3475673 0.9160694 0 0.0003739054 0.01011781 -0.0002708936 1]]
		[0.7857143 [-0.1016655 0.9372783 -0.3334267 0 -0.9745041 -0.02643981 0.2228196 0 0.2000227 0.3475673 0.9160694 0 0.0003739054 0.01011781 -0.0002708936 1]]
		[0.8214286 [-0.1016655 0.9372783 -0.3334267 0 -0.9745041 -0.02643981 0.2228196 0 0.2000227 0.3475673 0.9160694 0 0.0003739054 0.01011781 -0.0002708936 1]]
		[0.8571429 [-0.1016655 0.9372783 -0.3334267 0 -0.9745041 -0.02643981 0.2228196 0 0.2000227 0.3475673 0.9160694 0 0.0003739054 0.01011781 -0.0002708936 1]]
		[0.8928571 [-0.1016655 0.9372783 -0.3334267 0 -0.9745041 -0.02643981 0.2228196 0 0.2000227 0.3475673 0.9160694 0 0.0003739054 0.01011781 -0.0002708936 1]]
		[0.9285714 [-0.1016655 0.9372783 -0.3334267 0 -0.9745041 -0.02643981 0.2228196 0 0.2000227 0.3475673 0.9160694 0 0.0003739054 0.01011781 -0.0002708936 1]]
		[0.9642857 [-0.1016655 0.9372783 -0.3334267 0 -0.9745041 -0.02643981 0.2228196 0 0.2000227 0.3475673 0.9160694 0 0.0003739054 0.01011781 -0.0002708936 1]]
	]
	"Koleno_L" [
		[0 [0.9997442 0.01792954 -0.01383084 0 -0.0198877 0.9872743 -0.1577801 0 0.01082534 0.1580101 0.987378 0 0.001422857 -6.604536E-05 -0.0007256172 1]]
		[0.03571429 [0.9829345 -0.1519531 -0.1036911 0 0.1358823 0.9796714 -0.1475811 0 0.1240048 0.1309689 0.9836003 0 0.002468975 -0.001012585 -0.0009078202 1]]
		[0.07142857 [0.9321332 -0.3024704 -0.199102 0 0.2794277 0.9505123 -0.1358164 0 0.2303227 0.07096227 0.9705229 0 0.003279894 -0.002308347 -0.001160269 1]]
		[0.1071429 [0.8465728 -0.4510575 -0.2826041 0 0.4326129 0.89239 -0.1283959 0 0.3100981 -0.01356114 0.9506066 0 0.003903868 -0.003560346 -0.001442289 1]]
		[0.1428571 [0.7147034 -0.6121629 -0.3383195 0 0.6059363 0.7835103 -0.1376695 0 0.3493429 -0.1066035 0.9309095 0 0.004343894 -0.004412642 -0.001709929 1]]
		[0.1785714 [0.4833005 -0.8030725 -0.3485658 0 0.8055636 0.5638323 -0.1821025 0 0.3427644 -0.1927754 0.919427 0 0.004506558 -0.004645351 -0.001927663 1]]
		[0.2142857 [0.1084144 -0.9452384 -0.307851 0 0.9477938 0.191699 -0.2548381 0 0.299889 -0.2641425 0.916674 0 0.003972081 -0.004241263 -0.002042354 1]]
		[0.25 [-0.297069 -0.925162 -0.2362725 0 0.9240444 -0.2161942 -0.3152894 0 0.2406064 -0.3119784 0.9191157 0 0.002710635 -0.003038273 -0.001990584 1]]
		[0.2857143 [-0.5838555 -0.7929457 -0.1742125 0 0.7906944 -0.5067147 -0.3435817 0 0.1841607 -0.3383395 0.9228257 0 0.001410894 -0.001305559 -0.001854055 1]]
		[0.3214286 [-0.6823925 -0.7120195 -0.1654344 0 0.7165689 -0.6068527 -0.343895 0 0.1444618 -0.3532046 0.924323 0 0.0008927416 3.138008E-05 -0.001803288 1]]
		[0.3571429 [-0.5621771 -0.7962064 -0.223636 0 0.8156299 -0.4890629 -0.309145 0 0.1367678 -0.3561863 0.9243495 0 0.001601049 0.0001356336 -0.00185852 1]]
		[0.3928571 [-0.3128622 -0.9021987 -0.2969107 0 0.9389914 -0.2467791 -0.2395823 0 0.1428755 -0.353741 0.9243647 0 0.002971651 0.0002293723 -0.001842014 1]]
		[0.4285714 [-0.1034474 -0.9333887 -0.3436352 0 0.984609 -0.04716805 -0.1682978 0 0.1408748 -0.3557445 0.9239026 0 0.004273337 0.001399118 -0.001619918 1]]
		[0.4642857 [0.04626198 -0.9287216 -0.367882 0 0.9892099 0.09384272 -0.1125212 0 0.13902 -0.3586951 0.9230419 0 0.005167982 0.003060882 -0.00120923 1]]
		[0.5 [0.1091529 -0.9202737 -0.3757441 0 0.9843305 0.1527357 -0.08814377 0 0.138502 -0.360223 0.9225249 0 0.005421872 0.003916898 -0.0009627294 1]]
		[0.5357143 [0.1091529 -0.9202737 -0.3757441 0 0.9843305 0.1527357 -0.08814377 0 0.138502 -0.360223 0.9225249 0 0.005421872 0.003916898 -0.0009627294 1]]
		[0.5714286 [0.1091529 -0.9202737 -0.3757441 0 0.9843305 0.1527357 -0.08814377 0 0.138502 -0.360223 0.9225249 0 0.005421872 0.003916898 -0.0009627294 1]]
		[0.6071429 [0.1091529 -0.9202737 -0.3757441 0 0.9843305 0.1527357 -0.08814377 0 0.138502 -0.360223 0.9225249 0 0.005421872 0.003916898 -0.0009627294 1]]
		[0.6428571 [0.1091529 -0.9202737 -0.3757441 0 0.9843305 0.1527357 -0.08814377 0 0.138502 -0.360223 0.9225249 0 0.005421872 0.003916898 -0.0009627294 1]]
		[0.6785714 [0.1091529 -0.9202737 -0.3757441 0 0.9843305 0.1527357 -0.08814377 0 0.138502 -0.360223 0.9225249 0 0.005421872 0.003916898 -0.0009627294 1]]
		[0.7142857 [0.1091529 -0.9202737 -0.3757441 0 0.9843305 0.1527357 -0.08814377 0 0.138502 -0.360223 0.9225249 0 0.005421872 0.003916898 -0.0009627294 1]]
		[0.75 [0.1091529 -0.9202737 -0.3757441 0 0.9843305 0.1527357 -0.08814377 0 0.138502 -0.360223 0.9225249 0 0.005421872 0.003916898 -0.0009627294 1]]
		[0.7857143 [0.1091529 -0.9202737 -0.3757441 0 0.9843305 0.1527357 -0.08814377 0 0.138502 -0.360223 0.9225249 0 0.005421872 0.003916898 -0.0009627294 1]]
		[0.8214286 [0.1091529 -0.9202737 -0.3757441 0 0.9843305 0.1527357 -0.08814377 0 0.138502 -0.360223 0.9225249 0 0.005421872 0.003916898 -0.0009627294 1]]
		[0.8571429 [0.1091529 -0.9202737 -0.3757441 0 0.9843305 0.1527357 -0.08814377 0 0.138502 -0.360223 0.9225249 0 0.005421872 0.003916898 -0.0009627294 1]]
		[0.8928571 [0.1091529 -0.9202737 -0.3757441 0 0.9843305 0.1527357 -0.08814377 0 0.138502 -0.360223 0.9225249 0 0.005421872 0.003916898 -0.0009627294 1]]
		[0.9285714 [0.1091529 -0.9202737 -0.3757441 0 0.9843305 0.1527357 -0.08814377 0 0.138502 -0.360223 0.9225249 0 0.005421872 0.003916898 -0.0009627294 1]]
		[0.9642857 [0.1091529 -0.9202737 -0.3757441 0 0.9843305 0.1527357 -0.08814377 0 0.138502 -0.360223 0.9225249 0 0.005421872 0.003916898 -0.0009627294 1]]
	]
	"Koleno_L_end" [
		[0 [0.9997442 0.01792954 -0.01383084 0 -0.0198877 0.9872743 -0.1577801 0 0.01082534 0.1580101 0.987378 0 0.001307976 -0.0001395549 -0.001637035 1]]
		[0.03571429 [0.9829345 -0.1519531 -0.1036911 0 0.1358823 0.9796714 -0.1475811 0 0.1240048 0.1309689 0.9836003 0 0.003253899 -0.001130014 -0.001760323 1]]
		[0.07142857 [0.9321332 -0.3024704 -0.199102 0 0.2794277 0.9505123 -0.1358164 0 0.2303227 0.07096227 0.9705229 0 0.004894007 -0.002594214 -0.001944812 1]]
		[0.1071429 [0.8465728 -0.4510575 -0.2826041 0 0.4326129 0.89239 -0.1283959 0 0.3100981 -0.01356114 0.9506066 0 0.006402855 -0.004181955 -0.002183969 1]]
		[0.1428571 [0.7147034 -0.6121629 -0.3383195 0 0.6059363 0.7835103 -0.1376695 0 0.3493429 -0.1066035 0.9309095 0 0.007844085 -0.005663195 -0.002505176 1]]
		[0.1785714 [0.4833005 -0.8030725 -0.3485658 0 0.8055636 0.5638323 -0.1821025 0 0.3427644 -0.1927754 0.919427 0 0.009159897 -0.007164874 -0.002979579 1]]
		[0.2142857 [0.1084144 -0.9452384 -0.307851 0 0.9477938 0.191699 -0.2548381 0 0.299889 -0.2641425 0.916674 0 0.009447012 -0.008910416 -0.003514426 1]]
		[0.25 [-0.297069 -0.925162 -0.2362725 0 0.9240444 -0.2161942 -0.3152894 0 0.2406064 -0.3119784 0.9191157 0 0.008048376 -0.01006362 -0.003811851 1]]
		[0.2857143 [-0.5838555 -0.7929457 -0.1742125 0 0.7906944 -0.5067147 -0.3435817 0 0.1841607 -0.3383395 0.9228257 0 0.005978339 -0.0100091 -0.003838753 1]]
		[0.3214286 [-0.6823925 -0.7120195 -0.1654344 0 0.7165689 -0.6068527 -0.343895 0 0.1444618 -0.3532046 0.924323 0 0.005032001 -0.009250604 -0.003789798 1]]
		[0.3571429 [-0.5621771 -0.7962064 -0.223636 0 0.8156299 -0.4890629 -0.309145 0 0.1367678 -0.3561863 0.9243495 0 0.006312535 -0.008465938 -0.003644298 1]]
		[0.3928571 [-0.3128622 -0.9021987 -0.2969107 0 0.9389914 -0.2467791 -0.2395823 0 0.1428755 -0.353741 0.9243647 0 0.008395734 -0.006972647 -0.003225961 1]]
		[0.4285714 [-0.1034474 -0.9333887 -0.3436352 0 0.984609 -0.04716805 -0.1682978 0 0.1408748 -0.3557445 0.9239026 0 0.009960931 -0.00464985 -0.00259209 1]]
		[0.4642857 [0.04626198 -0.9287216 -0.367882 0 0.9892099 0.09384272 -0.1125212 0 0.13902 -0.3586951 0.9230419 0 0.01088215 -0.002173535 -0.001859209 1]]
		[0.5 [0.1091529 -0.9202737 -0.3757441 0 0.9843305 0.1527357 -0.08814377 0 0.138502 -0.360223 0.9225249 0 0.01110786 -0.0009773248 -0.001471892 1]]
		[0.5357143 [0.1091529 -0.9202737 -0.3757441 0 0.9843305 0.1527357 -0.08814377 0 0.138502 -0.360223 0.9225249 0 0.01110786 -0.0009773248 -0.001471892 1]]
		[0.5714286 [0.1091529 -0.9202737 -0.3757441 0 0.9843305 0.1527357 -0.08814377 0 0.138502 -0.360223 0.9225249 0 0.01110786 -0.0009773248 -0.001471892 1]]
		[0.6071429 [0.1091529 -0.9202737 -0.3757441 0 0.9843305 0.1527357 -0.08814377 0 0.138502 -0.360223 0.9225249 0 0.01110786 -0.0009773248 -0.001471892 1]]
		[0.6428571 [0.1091529 -0.9202737 -0.3757441 0 0.9843305 0.1527357 -0.08814377 0 0.138502 -0.360223 0.9225249 0 0.01110786 -0.0009773248 -0.001471892 1]]
		[0.6785714 [0.1091529 -0.9202737 -0.3757441 0 0.9843305 0.1527357 -0.08814377 0 0.138502 -0.360223 0.9225249 0 0.01110786 -0.0009773248 -0.001471892 1]]
		[0.7142857 [0.1091529 -0.9202737 -0.3757441 0 0.9843305 0.1527357 -0.08814377 0 0.138502 -0.360223 0.9225249 0 0.01110786 -0.0009773248 -0.001471892 1]]
		[0.75 [0.1091529 -0.9202737 -0.3757441 0 0.9843305 0.1527357 -0.08814377 0 0.138502 -0.360223 0.9225249 0 0.01110786 -0.0009773248 -0.001471892 1]]
		[0.7857143 [0.1091529 -0.9202737 -0.3757441 0 0.9843305 0.1527357 -0.08814377 0 0.138502 -0.360223 0.9225249 0 0.01110786 -0.0009773248 -0.001471892 1]]
		[0.8214286 [0.1091529 -0.9202737 -0.3757441 0 0.9843305 0.1527357 -0.08814377 0 0.138502 -0.360223 0.9225249 0 0.01110786 -0.0009773248 -0.001471892 1]]
		[0.8571429 [0.1091529 -0.9202737 -0.3757441 0 0.9843305 0.1527357 -0.08814377 0 0.138502 -0.360223 0.9225249 0 0.01110786 -0.0009773248 -0.001471892 1]]
		[0.8928571 [0.1091529 -0.9202737 -0.3757441 0 0.9843305 0.1527357 -0.08814377 0 0.138502 -0.360223 0.9225249 0 0.01110786 -0.0009773248 -0.001471892 1]]
		[0.9285714 [0.1091529 -0.9202737 -0.3757441 0 0.9843305 0.1527357 -0.08814377 0 0.138502 -0.360223 0.9225249 0 0.01110786 -0.0009773248 -0.001471892 1]]
		[0.9642857 [0.1091529 -0.9202737 -0.3757441 0 0.9843305 0.1527357 -0.08814377 0 0.138502 -0.360223 0.9225249 0 0.01110786 -0.0009773248 -0.001471892 1]]
	]
	"Bedro_P" [
		[0 [0.67404 0.2694752 0.6877978 0 -0.026827 0.939402 -0.3417725 0 -0.7381976 0.2119101 0.6404237 0 2.960738E-05 0.0003987603 1.063789E-05 1]]
		[0.03571429 [0.6841451 0.4554616 0.5696563 0 -0.28075 0.8853136 -0.3706799 0 -0.6731366 0.09366485 0.733554 0 -5.535834E-05 9.125123E-05 2.559258E-06 1]]
		[0.07142857 [0.6331401 0.6386369 0.4373558 0 -0.5191898 0.7694606 -0.3719914 0 -0.5740798 0.008451771 0.8187503 0 -0.0001506938 -0.0003853309 -1.003435E-05 1]]
		[0.1071429 [0.5061852 0.8055843 0.3079126 0 -0.7239566 0.5909346 -0.3559338 0 -0.4686782 -0.04274565 0.8823308 0 -0.0002265365 -0.0006333772 -1.65361E-05 1]]
		[0.1428571 [0.2977992 0.9334137 0.2001308 0 -0.8734573 0.351017 -0.337441 0 -0.3852108 -0.07431378 0.9198295 0 -0.0002526653 -0.0002557717 -6.353116E-06 1]]
		[0.1785714 [-0.01856785 0.9930449 0.1162455 0 -0.941265 0.02184509 -0.3369716 0 -0.3371581 -0.1156712 0.9343133 0 -0.0001980962 0.001183908 3.216046E-05 1]]
		[0.2142857 [-0.4173297 0.9079655 0.03783415 0 -0.8557229 -0.3786198 -0.3526931 0 -0.3059 -0.1795593 0.9349762 0 -6.568372E-05 0.003596355 9.661445E-05 1]]
		[0.25 [-0.7418798 0.6696687 -0.03399761 0 -0.6132071 -0.6980932 -0.36966 0 -0.2712759 -0.2533878 0.9285473 0 0.0001068889 0.006339755 0.0001698663 1]]
		[0.2857143 [-0.9078777 0.4106093 -0.08460398 0 -0.3511486 -0.8550296 -0.3816078 0 -0.2290242 -0.3167347 0.9204472 0 0.0002734964 0.008767781 0.0002346694 1]]
		[0.3214286 [-0.9518932 0.293454 -0.0882261 0 -0.2381285 -0.8896021 -0.3897534 0 -0.1928556 -0.3499835 0.9166862 0 0.0003797653 0.01022953 0.0002736708 1]]
		[0.3571429 [-0.9114376 0.4104935 -0.02785812 0 -0.3664427 -0.840684 -0.3987181 0 -0.1870858 -0.3531875 0.9166533 0 0.0003756902 0.0101729 0.0002721599 1]]
		[0.3928571 [-0.7666114 0.6372917 0.07851754 0 -0.6116121 -0.687479 -0.3915475 0 -0.1955455 -0.3481761 0.9168047 0 0.0003363382 0.009644909 0.0002580742 1]]
		[0.4285714 [-0.5322281 0.8230538 0.1982768 0 -0.8235447 -0.4490468 -0.3466082 0 -0.1962363 -0.3477535 0.9168174 0 0.0003416567 0.009716551 0.0002599855 1]]
		[0.4642857 [-0.2458929 0.9225721 0.2973149 0 -0.9492261 -0.1670949 -0.2665607 0 -0.1962363 -0.3477536 0.9168175 0 0.0003615058 0.009983883 0.0002671175 1]]
		[0.5 [-0.1006582 0.9372004 0.3339505 0 -0.975378 -0.02675193 -0.2189239 0 -0.1962363 -0.3477537 0.9168175 0 0.0003714568 0.01011791 0.000270693 1]]
		[0.5357143 [-0.1006582 0.9372004 0.3339505 0 -0.975378 -0.02675193 -0.2189239 0 -0.1962363 -0.3477537 0.9168175 0 0.0003714568 0.01011791 0.000270693 1]]
		[0.5714286 [-0.1006582 0.9372004 0.3339505 0 -0.975378 -0.02675193 -0.2189239 0 -0.1962363 -0.3477537 0.9168175 0 0.0003714568 0.01011791 0.000270693 1]]
		[0.6071429 [-0.1006582 0.9372004 0.3339505 0 -0.975378 -0.02675193 -0.2189239 0 -0.1962363 -0.3477537 0.9168175 0 0.0003714568 0.01011791 0.000270693 1]]
		[0.6428571 [-0.1006582 0.9372004 0.3339505 0 -0.975378 -0.02675193 -0.2189239 0 -0.1962363 -0.3477537 0.9168175 0 0.0003714568 0.01011791 0.000270693 1]]
		[0.6785714 [-0.1006582 0.9372004 0.3339505 0 -0.975378 -0.02675193 -0.2189239 0 -0.1962363 -0.3477537 0.9168175 0 0.0003714568 0.01011791 0.000270693 1]]
		[0.7142857 [-0.1006582 0.9372004 0.3339505 0 -0.975378 -0.02675193 -0.2189239 0 -0.1962363 -0.3477537 0.9168175 0 0.0003714568 0.01011791 0.000270693 1]]
		[0.75 [-0.1006582 0.9372004 0.3339505 0 -0.975378 -0.02675193 -0.2189239 0 -0.1962363 -0.3477537 0.9168175 0 0.0003714568 0.01011791 0.000270693 1]]
		[0.7857143 [-0.1006582 0.9372004 0.3339505 0 -0.975378 -0.02675193 -0.2189239 0 -0.1962363 -0.3477537 0.9168175 0 0.0003714568 0.01011791 0.000270693 1]]
		[0.8214286 [-0.1006582 0.9372004 0.3339505 0 -0.975378 -0.02675193 -0.2189239 0 -0.1962363 -0.3477537 0.9168175 0 0.0003714568 0.01011791 0.000270693 1]]
		[0.8571429 [-0.1006582 0.9372004 0.3339505 0 -0.975378 -0.02675193 -0.2189239 0 -0.1962363 -0.3477537 0.9168175 0 0.0003714568 0.01011791 0.000270693 1]]
		[0.8928571 [-0.1006582 0.9372004 0.3339505 0 -0.975378 -0.02675193 -0.2189239 0 -0.1962363 -0.3477537 0.9168175 0 0.0003714568 0.01011791 0.000270693 1]]
		[0.9285714 [-0.1006582 0.9372004 0.3339505 0 -0.975378 -0.02675193 -0.2189239 0 -0.1962363 -0.3477537 0.9168175 0 0.0003714568 0.01011791 0.000270693 1]]
		[0.9642857 [-0.1006582 0.9372004 0.3339505 0 -0.975378 -0.02675193 -0.2189239 0 -0.1962363 -0.3477537 0.9168175 0 0.0003714568 0.01011791 0.000270693 1]]
	]
	"Koleno_P" [
		[0 [0.6324123 0.05455815 0.7727193 0 -0.1208792 0.992247 0.02887438 0 -0.7651322 -0.1116624 0.6341044 0 0.000110571 4.025362E-05 0.00180856 1]]
		[0.03571429 [0.7267026 -0.08295589 0.6819352 0 0.05714902 0.9965406 0.06032958 0 -0.6845623 -0.004869435 0.7289299 0 0.001445883 -0.000754668 0.001970937 1]]
		[0.07142857 [0.7852158 -0.2365508 0.5722675 0 0.2298364 0.9694759 0.08538392 0 -0.5749816 0.06448116 0.8156162 0 0.002640205 -0.00203035 0.00198494 1]]
		[0.1071429 [0.7860395 -0.4121659 0.4607256 0 0.4086821 0.9056582 0.1129643 0 -0.4638076 0.09949282 0.8803285 0 0.003623721 -0.003380496 0.001898234 1]]
		[0.1428571 [0.7054095 -0.6060107 0.3676319 0 0.6002503 0.7865821 0.1448731 0 -0.3769572 0.1184726 0.9186208 0 0.004309758 -0.004385415 0.00178357 1]]
		[0.1785714 [0.4905555 -0.8169078 0.3033465 0 0.8090916 0.5562595 0.189598 0 -0.3236149 0.152422 0.9338298 0 0.00456881 -0.004736484 0.001740553 1]]
		[0.2142857 [0.1130496 -0.9612759 0.2513349 0 0.9522554 0.177022 0.24875 0 -0.2836016 0.2112073 0.9353924 0 0.004027367 -0.004373684 0.001759941 1]]
		[0.25 [-0.2975785 -0.9326832 0.2038336 0 0.9243498 -0.2280741 0.3058827 0 -0.2387964 0.2794288 0.929996 0 0.002727972 -0.0031325 0.001781426 1]]
		[0.2857143 [-0.5857599 -0.7925678 0.1694743 0 0.788398 -0.5087201 0.345887 0 -0.187919 0.3362093 0.9228468 0 0.00140974 -0.001333649 0.001790499 1]]
		[0.3214286 [-0.6840281 -0.7091116 0.1710751 0 0.7144142 -0.6038607 0.3535096 0 -0.1473686 0.3640174 0.9196574 0 0.0008910465 3.16689E-05 0.001805922 1]]
		[0.3571429 [-0.5639365 -0.7933038 0.2294464 0 0.8136572 -0.4862501 0.3186346 0 -0.1412021 0.3663689 0.9196913 0 0.00159923 0.0001350395 0.001861017 1]]
		[0.3928571 [-0.3148503 -0.8994237 0.3031619 0 0.9371673 -0.2440208 0.2493488 0 -0.1502887 0.3626095 0.9197407 0 0.002969895 0.0002282978 0.00184723 1]]
		[0.4285714 [-0.1053964 -0.9310152 0.3494328 0 0.9828946 -0.04416441 0.1788036 0 -0.1510327 0.3622892 0.919745 0 0.004272428 0.001397563 0.00162759 1]]
		[0.4642857 [0.04451162 -0.9269807 0.3724608 0 0.9875273 0.09719101 0.1238825 0 -0.1510327 0.3622895 0.9197453 0 0.00516847 0.003058966 0.001218489 1]]
		[0.5 [0.1075222 -0.9188759 0.3796153 0 0.9826654 0.1562254 0.09982954 0 -0.1510328 0.3622896 0.9197454 0 0.005423149 0.003914865 0.0009723944 1]]
		[0.5357143 [0.1075222 -0.9188759 0.3796153 0 0.9826654 0.1562254 0.09982954 0 -0.1510328 0.3622896 0.9197454 0 0.005423149 0.003914865 0.0009723944 1]]
		[0.5714286 [0.1075222 -0.9188759 0.3796153 0 0.9826654 0.1562254 0.09982954 0 -0.1510328 0.3622896 0.9197454 0 0.005423149 0.003914865 0.0009723944 1]]
		[0.6071429 [0.1075222 -0.9188759 0.3796153 0 0.9826654 0.1562254 0.09982954 0 -0.1510328 0.3622896 0.9197454 0 0.005423149 0.003914865 0.0009723944 1]]
		[0.6428571 [0.1075222 -0.9188759 0.3796153 0 0.9826654 0.1562254 0.09982954 0 -0.1510328 0.3622896 0.9197454 0 0.005423149 0.003914865 0.0009723944 1]]
		[0.6785714 [0.1075222 -0.9188759 0.3796153 0 0.9826654 0.1562254 0.09982954 0 -0.1510328 0.3622896 0.9197454 0 0.005423149 0.003914865 0.0009723944 1]]
		[0.7142857 [0.1075222 -0.9188759 0.3796153 0 0.9826654 0.1562254 0.09982954 0 -0.1510328 0.3622896 0.9197454 0 0.005423149 0.003914865 0.0009723944 1]]
		[0.75 [0.1075222 -0.9188759 0.3796153 0 0.9826654 0.1562254 0.09982954 0 -0.1510328 0.3622896 0.9197454 0 0.005423149 0.003914865 0.0009723944 1]]
		[0.7857143 [0.1075222 -0.9188759 0.3796153 0 0.9826654 0.1562254 0.09982954 0 -0.1510328 0.3622896 0.9197454 0 0.005423149 0.003914865 0.0009723944 1]]
		[0.8214286 [0.1075222 -0.9188759 0.3796153 0 0.9826654 0.1562254 0.09982954 0 -0.1510328 0.3622896 0.9197454 0 0.005423149 0.003914865 0.0009723944 1]]
		[0.8571429 [0.1075222 -0.9188759 0.3796153 0 0.9826654 0.1562254 0.09982954 0 -0.1510328 0.3622896 0.9197454 0 0.005423149 0.003914865 0.0009723944 1]]
		[0.8928571 [0.1075222 -0.9188759 0.3796153 0 0.9826654 0.1562254 0.09982954 0 -0.1510328 0.3622896 0.9197454 0 0.005423149 0.003914865 0.0009723944 1]]
		[0.9285714 [0.1075222 -0.9188759 0.3796153 0 0.9826654 0.1562254 0.09982954 0 -0.1510328 0.3622896 0.9197454 0 0.005423149 0.003914865 0.0009723944 1]]
		[0.9642857 [0.1075222 -0.9188759 0.3796153 0 0.9826654 0.1562254 0.09982954 0 -0.1510328 0.3622896 0.9197454 0 0.005423149 0.003914865 0.0009723944 1]]
	]
	"Koleno_P_end" [
		[0 [0.6324123 0.05455815 0.7727193 0 -0.1208792 0.992247 0.02887438 0 -0.7651322 -0.1116624 0.6341044 0 -0.0005876881 -4.530537E-06 0.001975352 1]]
		[0.03571429 [0.7267026 -0.08295589 0.6819352 0 0.05714902 0.9965406 0.06032958 0 -0.6845623 -0.004869435 0.7289299 0 0.001776004 -0.0007746509 0.00231943 1]]
		[0.07142857 [0.7852158 -0.2365508 0.5722675 0 0.2298364 0.9694759 0.08538392 0 -0.5749816 0.06448116 0.8156162 0 0.003967855 -0.002206672 0.00247816 1]]
		[0.1071429 [0.7860395 -0.4121659 0.4607256 0 0.4086821 0.9056582 0.1129643 0 -0.4638076 0.09949282 0.8803285 0 0.005984472 -0.003925461 0.002550774 1]]
		[0.1428571 [0.7054095 -0.6060107 0.3676319 0 0.6002503 0.7865821 0.1448731 0 -0.3769572 0.1184726 0.9186208 0 0.007777103 -0.005618223 0.002620429 1]]
		[0.1785714 [0.4905555 -0.8169078 0.3033465 0 0.8090916 0.5562595 0.189598 0 -0.3236149 0.152422 0.9338298 0 0.009242526 -0.00729975 0.002835766 1]]
		[0.2142857 [0.1130496 -0.9612759 0.2513349 0 0.9522554 0.177022 0.24875 0 -0.2836016 0.2112073 0.9353924 0 0.009528071 -0.009127616 0.003196846 1]]
		[0.25 [-0.2975785 -0.9326832 0.2038336 0 0.9243498 -0.2280741 0.3058827 0 -0.2387964 0.2794288 0.929996 0 0.008067478 -0.01022647 0.003548358 1]]
		[0.2857143 [-0.5857599 -0.7925678 0.1694743 0 0.788398 -0.5087201 0.345887 0 -0.187919 0.3362093 0.9228468 0 0.005963921 -0.01004877 0.003788515 1]]
		[0.3214286 [-0.6840281 -0.7091116 0.1710751 0 0.7144142 -0.6038607 0.3535096 0 -0.1473686 0.3640174 0.9196574 0 0.00501786 -0.009233031 0.003847971 1]]
		[0.3571429 [-0.5639365 -0.7933038 0.2294464 0 0.8136572 -0.4862501 0.3186346 0 -0.1412021 0.3663689 0.9196913 0 0.00629932 -0.008450282 0.003701609 1]]
		[0.3928571 [-0.3148503 -0.8994237 0.3031619 0 0.9371673 -0.2440208 0.2493488 0 -0.1502887 0.3626095 0.9197407 0 0.008383443 -0.006957787 0.003287595 1]]
		[0.4285714 [-0.1053964 -0.9310152 0.3494328 0 0.9828946 -0.04416441 0.1788036 0 -0.1510327 0.3622892 0.919745 0 0.009950119 -0.004634053 0.002660448 1]]
		[0.4642857 [0.04451162 -0.9269807 0.3724608 0 0.9875273 0.09719101 0.1238825 0 -0.1510327 0.3622895 0.9197453 0 0.01087292 -0.002156108 0.001934096 1]]
		[0.5 [0.1075222 -0.9188759 0.3796153 0 0.9826654 0.1562254 0.09982954 0 -0.1510328 0.3622896 0.9197454 0 0.01109952 -0.000959199 0.001549061 1]]
		[0.5357143 [0.1075222 -0.9188759 0.3796153 0 0.9826654 0.1562254 0.09982954 0 -0.1510328 0.3622896 0.9197454 0 0.01109952 -0.000959199 0.001549061 1]]
		[0.5714286 [0.1075222 -0.9188759 0.3796153 0 0.9826654 0.1562254 0.09982954 0 -0.1510328 0.3622896 0.9197454 0 0.01109952 -0.000959199 0.001549061 1]]
		[0.6071429 [0.1075222 -0.9188759 0.3796153 0 0.9826654 0.1562254 0.09982954 0 -0.1510328 0.3622896 0.9197454 0 0.01109952 -0.000959199 0.001549061 1]]
		[0.6428571 [0.1075222 -0.9188759 0.3796153 0 0.9826654 0.1562254 0.09982954 0 -0.1510328 0.3622896 0.9197454 0 0.01109952 -0.000959199 0.001549061 1]]
		[0.6785714 [0.1075222 -0.9188759 0.3796153 0 0.9826654 0.1562254 0.09982954 0 -0.1510328 0.3622896 0.9197454 0 0.01109952 -0.000959199 0.001549061 1]]
		[0.7142857 [0.1075222 -0.9188759 0.3796153 0 0.9826654 0.1562254 0.09982954 0 -0.1510328 0.3622896 0.9197454 0 0.01109952 -0.000959199 0.001549061 1]]
		[0.75 [0.1075222 -0.9188759 0.3796153 0 0.9826654 0.1562254 0.09982954 0 -0.1510328 0.3622896 0.9197454 0 0.01109952 -0.000959199 0.001549061 1]]
		[0.7857143 [0.1075222 -0.9188759 0.3796153 0 0.9826654 0.1562254 0.09982954 0 -0.1510328 0.3622896 0.9197454 0 0.01109952 -0.000959199 0.001549061 1]]
		[0.8214286 [0.1075222 -0.9188759 0.3796153 0 0.9826654 0.1562254 0.09982954 0 -0.1510328 0.3622896 0.9197454 0 0.01109952 -0.000959199 0.001549061 1]]
		[0.8571429 [0.1075222 -0.9188759 0.3796153 0 0.9826654 0.1562254 0.09982954 0 -0.1510328 0.3622896 0.9197454 0 0.01109952 -0.000959199 0.001549061 1]]
		[0.8928571 [0.1075222 -0.9188759 0.3796153 0 0.9826654 0.1562254 0.09982954 0 -0.1510328 0.3622896 0.9197454 0 0.01109952 -0.000959199 0.001549061 1]]
		[0.9285714 [0.1075222 -0.9188759 0.3796153 0 0.9826654 0.1562254 0.09982954 0 -0.1510328 0.3622896 0.9197454 0 0.01109952 -0.000959199 0.001549061 1]]
		[0.9642857 [0.1075222 -0.9188759 0.3796153 0 0.9826654 0.1562254 0.09982954 0 -0.1510328 0.3622896 0.9197454 0 0.01109952 -0.000959199 0.001549061 1]]
	]
	"Tors" [
		[0 [1 0 0 0 0 0.9396924 -0.3420201 0 0 0.3420201 0.9396924 0 0 -0.0003999998 4.768369E-11 1]]
		[0.03571429 [1 0 0 0 0 0.9712932 -0.237885 0 0 0.237885 0.9712932 0 0 -0.0001095583 0.0002126825 1]]
		[0.07142857 [1 0 0 0 0 0.9897606 -0.1427357 0 0 0.1427357 0.9897606 0 0 0.0003064582 0.0004178901 1]]
		[0.1071429 [1 0 0 0 0 0.9995942 -0.02847432 0 0 0.02847432 0.9995942 0 0 0.0004492625 0.0006144572 1]]
		[0.1428571 [1 0 0 0 0 0.9911098 0.1330447 0 0 -0.1330447 0.9911098 0 0 -8.152745E-05 0.0007998653 1]]
		[0.1785714 [1 0 0 0 0 0.9275231 0.3737646 0 0 -0.3737646 0.9275231 0 0 -0.001740639 0.0009789744 1]]
		[0.2142857 [1 0 0 0 0 0.7533054 0.6576706 0 0 -0.6576706 0.7533054 0 0 -0.004452124 0.001138858 1]]
		[0.25 [1 0 0 0 0 0.4768519 0.8789832 0 0 -0.8789832 0.4768519 0 0 -0.007529819 0.001245387 1]]
		[0.2857143 [1 0 0 0 0 0.1838235 0.9829592 0 0 -0.9829592 0.1838235 0 0 -0.01026199 0.00129218 1]]
		[0.3214286 [1 0 0 0 0 -0.01696967 0.9998558 0 0 -0.9998558 -0.01696967 0 0 -0.01192954 0.00129993 1]]
		[0.3571429 [1 0 0 0 0 -0.04492581 0.9989902 0 0 -0.9989902 -0.04492581 0 0 -0.01190232 0.001299488 1]]
		[0.3928571 [1 0 0 0 0 -0.003419374 0.999994 0 0 -0.999994 -0.003419374 0 0 -0.01132912 0.001299998 1]]
		[0.4285714 [1 0 0 0 0 3.178652E-08 0.9999997 0 0 -0.9999997 3.178652E-08 0 0 -0.0113974 0.001300001 1]]
		[0.4642857 [1 0 0 0 0 3.178652E-08 0.9999997 0 0 -0.9999997 3.178652E-08 0 0 -0.01166556 0.001300001 1]]
		[0.5 [1 0 0 0 0 3.178652E-08 0.9999997 0 0 -0.9999997 3.178652E-08 0 0 -0.0118 0.001300001 1]]
		[0.5357143 [1 0 0 0 0 3.178652E-08 0.9999997 0 0 -0.9999997 3.178652E-08 0 0 -0.0118 0.001300001 1]]
		[0.5714286 [1 0 0 0 0 3.178652E-08 0.9999997 0 0 -0.9999997 3.178652E-08 0 0 -0.0118 0.001300001 1]]
		[0.6071429 [1 0 0 0 0 3.178652E-08 0.9999997 0 0 -0.9999997 3.178652E-08 0 0 -0.0118 0.001300001 1]]
		[0.6428571 [1 0 0 0 0 3.178652E-08 0.9999997 0 0 -0.9999997 3.178652E-08 0 0 -0.0118 0.001300001 1]]
		[0.6785714 [1 0 0 0 0 3.178652E-08 0.9999997 0 0 -0.9999997 3.178652E-08 0 0 -0.0118 0.001300001 1]]
		[0.7142857 [1 0 0 0 0 3.178652E-08 0.9999997 0 0 -0.9999997 3.178652E-08 0 0 -0.0118 0.001300001 1]]
		[0.75 [1 0 0 0 0 3.178652E-08 0.9999997 0 0 -0.9999997 3.178652E-08 0 0 -0.0118 0.001300001 1]]
		[0.7857143 [1 0 0 0 0 3.178652E-08 0.9999997 0 0 -0.9999997 3.178652E-08 0 0 -0.0118 0.001300001 1]]
		[0.8214286 [1 0 0 0 0 3.178652E-08 0.9999997 0 0 -0.9999997 3.178652E-08 0 0 -0.0118 0.001300001 1]]
		[0.8571429 [1 0 0 0 0 3.178652E-08 0.9999997 0 0 -0.9999997 3.178652E-08 0 0 -0.0118 0.001300001 1]]
		[0.8928571 [1 0 0 0 0 3.178652E-08 0.9999997 0 0 -0.9999997 3.178652E-08 0 0 -0.0118 0.001300001 1]]
		[0.9285714 [1 0 0 0 0 3.178652E-08 0.9999997 0 0 -0.9999997 3.178652E-08 0 0 -0.0118 0.001300001 1]]
		[0.9642857 [1 0 0 0 0 3.178652E-08 0.9999997 0 0 -0.9999997 3.178652E-08 0 0 -0.0118 0.001300001 1]]
	]
	"Golova" [
		[0 [1 0 -2.384186E-07 0 -6.505212E-21 0.9999999 -2.728484E-14 0 2.384186E-07 2.728484E-14 0.9999999 0 -4.861852E-10 -0.0007595694 -0.002039209 1]]
		[0.03571429 [1 0 -2.384186E-07 0 -6.451648E-09 0.9996336 -0.02706017 0 2.383312E-07 0.02706017 0.9996336 0 -2.874485E-10 -0.0002807153 -0.001205647 1]]
		[0.07142857 [1 0 -2.384186E-07 0 -1.775884E-08 0.9972218 -0.07448597 0 2.377562E-07 0.07448597 0.9972218 0 -1.032676E-10 0.0002454076 -0.0004331356 1]]
		[0.1071429 [1 0 -2.384186E-07 0 -2.179938E-08 0.9958109 -0.09143323 0 2.374198E-07 0.09143323 0.9958109 0 1.060214E-10 0.0004468415 0.0004446861 1]]
		[0.1428571 [1 0 -2.384186E-07 0 -6.476681E-09 0.9996309 -0.02716517 0 2.383306E-07 0.02716517 0.9996309 0 3.798274E-10 -0.0001345338 0.001593111 1]]
		[0.1785714 [1 0 -2.384186E-07 0 3.934706E-08 0.9862874 0.1650335 0 2.351492E-07 -0.1650335 0.9862874 0 7.647161E-10 -0.002172767 0.003207452 1]]
		[0.2142857 [1 0 -2.384186E-07 0 1.077522E-07 0.8920456 0.4519453 0 2.126802E-07 -0.4519453 0.8920456 0 1.206411E-09 -0.005922979 0.005060053 1]]
		[0.25 [1 0 -2.384186E-07 0 1.744817E-07 0.6814875 0.7318294 0 1.624793E-07 -0.7318294 0.6814875 0 1.546407E-09 -0.01064896 0.006486103 1]]
		[0.2857143 [1 -2.291153E-15 -2.384186E-07 0 2.186057E-07 0.3991192 0.9168988 0 9.515743E-08 -0.9168988 0.3991192 0 1.705367E-09 -0.01512824 0.007152826 1]]
		[0.3214286 [0.9999952 0.003080196 5.021253E-05 0 -0.0004861827 0.1417034 0.9899089 0 0.003041999 -0.9899041 0.1417042 0 1.731233E-09 -0.01799297 0.007261317 1]]
		[0.3571429 [0.9979927 0.06327046 0.002735481 0 0.003051808 -0.09119188 0.9958285 0 0.063256 -0.9938211 -0.09120191 0 1.729897E-09 -0.01813243 0.007255715 1]]
		[0.3928571 [0.9993148 0.03699423 0.001121173 0 0.006064426 -0.1935496 0.9810716 0 0.036511 -0.9803926 -0.1936414 0 1.731446E-09 -0.01731175 0.007262209 1]]
		[0.4285714 [0.960515 -0.2782209 -0.001970022 0 0.04000035 0.1310811 0.990564 0 -0.2753375 -0.9515306 0.1370343 0 1.731455E-09 -0.01735965 0.007262247 1]]
		[0.4642857 [0.7058493 -0.7083617 0.0002000699 0 0.06821476 0.06825392 0.9953329 0 -0.7050698 -0.7025415 0.09649772 0 1.731455E-09 -0.01762781 0.007262247 1]]
		[0.5 [0.5 -0.8660251 -9.168136E-08 0 2.384185E-07 3.178652E-08 0.9999997 0 -0.8660254 -0.4999999 2.223698E-07 0 1.731455E-09 -0.01776225 0.007262247 1]]
		[0.5357143 [0.5 -0.8660251 -9.168136E-08 0 2.384185E-07 3.178652E-08 0.9999997 0 -0.8660254 -0.4999999 2.223698E-07 0 1.731455E-09 -0.01776225 0.007262247 1]]
		[0.5714286 [0.5 -0.8660251 -9.168136E-08 0 2.384185E-07 3.178652E-08 0.9999997 0 -0.8660254 -0.4999999 2.223698E-07 0 1.731455E-09 -0.01776225 0.007262247 1]]
		[0.6071429 [0.5 -0.8660251 -9.168136E-08 0 2.384185E-07 3.178652E-08 0.9999997 0 -0.8660254 -0.4999999 2.223698E-07 0 1.731455E-09 -0.01776225 0.007262247 1]]
		[0.6428571 [0.5 -0.8660251 -9.168136E-08 0 2.384185E-07 3.178652E-08 0.9999997 0 -0.8660254 -0.4999999 2.223698E-07 0 1.731455E-09 -0.01776225 0.007262247 1]]
		[0.6785714 [0.5 -0.8660251 -9.168136E-08 0 2.384185E-07 3.178652E-08 0.9999997 0 -0.8660254 -0.4999999 2.223698E-07 0 1.731455E-09 -0.01776225 0.007262247 1]]
		[0.7142857 [0.5 -0.8660251 -9.168136E-08 0 2.384185E-07 3.178652E-08 0.9999997 0 -0.8660254 -0.4999999 2.223698E-07 0 1.731455E-09 -0.01776225 0.007262247 1]]
		[0.75 [0.5 -0.8660251 -9.168136E-08 0 2.384185E-07 3.178652E-08 0.9999997 0 -0.8660254 -0.4999999 2.223698E-07 0 1.731455E-09 -0.01776225 0.007262247 1]]
		[0.7857143 [0.5 -0.8660251 -9.168136E-08 0 2.384185E-07 3.178652E-08 0.9999997 0 -0.8660254 -0.4999999 2.223698E-07 0 1.731455E-09 -0.01776225 0.007262247 1]]
		[0.8214286 [0.5 -0.8660251 -9.168136E-08 0 2.384185E-07 3.178652E-08 0.9999997 0 -0.8660254 -0.4999999 2.223698E-07 0 1.731455E-09 -0.01776225 0.007262247 1]]
		[0.8571429 [0.5 -0.8660251 -9.168136E-08 0 2.384185E-07 3.178652E-08 0.9999997 0 -0.8660254 -0.4999999 2.223698E-07 0 1.731455E-09 -0.01776225 0.007262247 1]]
		[0.8928571 [0.5 -0.8660251 -9.168136E-08 0 2.384185E-07 3.178652E-08 0.9999997 0 -0.8660254 -0.4999999 2.223698E-07 0 1.731455E-09 -0.01776225 0.007262247 1]]
		[0.9285714 [0.5 -0.8660251 -9.168136E-08 0 2.384185E-07 3.178652E-08 0.9999997 0 -0.8660254 -0.4999999 2.223698E-07 0 1.731455E-09 -0.01776225 0.007262247 1]]
		[0.9642857 [0.5 -0.8660251 -9.168136E-08 0 2.384185E-07 3.178652E-08 0.9999997 0 -0.8660254 -0.4999999 2.223698E-07 0 1.731455E-09 -0.01776225 0.007262247 1]]
	]
	"Golova_end" [
		[0 [1 0 -2.384186E-07 0 -6.505212E-21 0.9999999 -2.728484E-14 0 2.384186E-07 2.728484E-14 0.9999999 0 -4.861853E-10 -0.0007595705 -0.002039209 1]]
		[0.03571429 [1 0 -2.384186E-07 0 -6.451648E-09 0.9996336 -0.02706017 0 2.383312E-07 0.02706017 0.9996336 0 -3.07763E-10 -0.0002818704 -0.001290851 1]]
		[0.07142857 [1 0 -2.384186E-07 0 -1.775884E-08 0.9972218 -0.07448597 0 2.377562E-07 0.07448597 0.9972218 0 -1.591851E-10 0.0002366613 -0.0006676707 1]]
		[0.1071429 [1 0 -2.384186E-07 0 -2.179938E-08 0.9958109 -0.09143323 0 2.374198E-07 0.09143323 0.9958109 0 3.738145E-11 0.0004336523 0.0001567891 1]]
		[0.1428571 [1 0 -2.384186E-07 0 -6.476681E-09 0.9996309 -0.02716517 0 2.383306E-07 0.02716517 0.9996309 0 3.59434E-10 -0.000135696 0.001507575 1]]
		[0.1785714 [1 0 -2.384186E-07 0 3.934706E-08 0.9862874 0.1650335 0 2.351492E-07 -0.1650335 0.9862874 0 8.886089E-10 -0.002215941 0.003727096 1]]
		[0.2142857 [1 0 -2.384186E-07 0 1.077522E-07 0.8920456 0.4519453 0 2.126802E-07 -0.4519453 0.8920456 0 1.545692E-09 -0.006262897 0.0064831 1]]
		[0.25 [1 0 -2.384186E-07 0 1.744817E-07 0.6814875 0.7318294 0 1.624793E-07 -0.7318294 0.6814875 0 2.0958E-09 -0.01165186 0.008790424 1]]
		[0.2857143 [1 -2.291153E-15 -2.384186E-07 0 2.186057E-07 0.3991192 0.9168988 0 9.515743E-08 -0.9168988 0.3991192 0 2.393694E-09 -0.01702024 0.01003988 1]]
		[0.3214286 [0.9999952 0.003080196 5.021253E-05 0 -0.0004861827 0.1417034 0.9899089 0 0.003041999 -0.9899041 0.1417042 0 -1.529365E-06 -0.0206955 0.01037826 1]]
		[0.3571429 [0.9979927 0.06327046 0.002735481 0 0.003051808 -0.09119188 0.9958285 0 0.063256 -0.9938211 -0.09120191 0 9.610746E-06 -0.02156829 0.0103913 1]]
		[0.3928571 [0.9993148 0.03699423 0.001121173 0 0.006064426 -0.1935496 0.9810716 0 0.036511 -0.9803926 -0.1936414 0 1.909741E-05 -0.0210699 0.01035133 1]]
		[0.4285714 [0.960515 -0.2782209 -0.001970022 0 0.04000035 0.1310811 0.990564 0 -0.2753375 -0.9515306 0.1370343 0 0.0001259519 -0.02009562 0.01038125 1]]
		[0.4642857 [0.7058493 -0.7083617 0.0002000699 0 0.06821476 0.06825392 0.9953329 0 -0.7050698 -0.7025415 0.09649772 0 0.0002147902 -0.02056161 0.01039627 1]]
		[0.5 [0.5 -0.8660251 -9.168136E-08 0 2.384185E-07 3.178652E-08 0.9999997 0 -0.8660254 -0.4999999 2.223698E-07 0 2.482167E-09 -0.02091096 0.01041096 1]]
		[0.5357143 [0.5 -0.8660251 -9.168136E-08 0 2.384185E-07 3.178652E-08 0.9999997 0 -0.8660254 -0.4999999 2.223698E-07 0 2.482167E-09 -0.02091096 0.01041096 1]]
		[0.5714286 [0.5 -0.8660251 -9.168136E-08 0 2.384185E-07 3.178652E-08 0.9999997 0 -0.8660254 -0.4999999 2.223698E-07 0 2.482167E-09 -0.02091096 0.01041096 1]]
		[0.6071429 [0.5 -0.8660251 -9.168136E-08 0 2.384185E-07 3.178652E-08 0.9999997 0 -0.8660254 -0.4999999 2.223698E-07 0 2.482167E-09 -0.02091096 0.01041096 1]]
		[0.6428571 [0.5 -0.8660251 -9.168136E-08 0 2.384185E-07 3.178652E-08 0.9999997 0 -0.8660254 -0.4999999 2.223698E-07 0 2.482167E-09 -0.02091096 0.01041096 1]]
		[0.6785714 [0.5 -0.8660251 -9.168136E-08 0 2.384185E-07 3.178652E-08 0.9999997 0 -0.8660254 -0.4999999 2.223698E-07 0 2.482167E-09 -0.02091096 0.01041096 1]]
		[0.7142857 [0.5 -0.8660251 -9.168136E-08 0 2.384185E-07 3.178652E-08 0.9999997 0 -0.8660254 -0.4999999 2.223698E-07 0 2.482167E-09 -0.02091096 0.01041096 1]]
		[0.75 [0.5 -0.8660251 -9.168136E-08 0 2.384185E-07 3.178652E-08 0.9999997 0 -0.8660254 -0.4999999 2.223698E-07 0 2.482167E-09 -0.02091096 0.01041096 1]]
