{ :name "Death" :length 0.4833333 :bones { 
	"Skelet" [
		[0 [1.000 0.000 0.000 0.000 0.000 0.000 1.000 0.000 0.000 -1.000 0.000 0.000 0.000 0.000 -0.040 1.000]]
		[0.03571429 [1.000 0.000 0.000 0.000 0.000 -0.164 0.987 0.000 0.000 -0.987 -0.164 0.000 0.000 0.000 -0.009 1.000]]
		[0.07142857 [1.000 0.000 0.000 0.000 0.000 -0.321 0.947 0.000 0.000 -0.947 -0.321 0.000 0.000 0.000 0.038 1.000]]
		[0.1071429 [1.000 0.000 0.000 0.000 0.000 -0.473 0.881 0.000 0.000 -0.881 -0.473 0.000 0.000 0.000 0.060 1.000]]
		[0.1428571 [1.000 0.000 0.000 0.000 0.000 -0.615 0.788 0.000 0.000 -0.788 -0.615 0.000 0.000 0.000 0.019 1.000]]
		[0.1785714 [1.000 0.000 0.000 0.000 0.000 -0.753 0.658 0.000 0.000 -0.658 -0.753 0.000 0.000 0.000 -0.130 1.000]]
		[0.2142857 [1.000 0.000 0.000 0.000 0.000 -0.876 0.482 0.000 0.000 -0.482 -0.876 0.000 0.000 0.000 -0.378 1.000]]
		[0.25 [1.000 0.000 0.000 0.000 0.000 -0.958 0.287 0.000 0.000 -0.287 -0.958 0.000 0.000 0.000 -0.660 1.000]]
		[0.2857143 [1.000 0.000 0.000 0.000 0.000 -0.994 0.110 0.000 0.000 -0.110 -0.994 0.000 0.000 0.000 -0.910 1.000]]
		[0.3214286 [1.000 0.000 0.000 0.000 0.000 -1.000 -0.010 0.000 0.000 0.010 -1.000 0.000 0.000 0.000 -1.062 1.000]]
		[0.3571429 [1.000 0.000 0.000 0.000 0.000 -1.000 -0.028 0.000 0.000 0.028 -1.000 0.000 0.000 0.000 -1.057 1.000]]
		[0.3928571 [1.000 0.000 0.000 0.000 0.000 -1.000 -0.002 0.000 0.000 0.002 -1.000 0.000 0.000 0.000 -1.003 1.000]]
		[0.4285714 [1.000 0.000 0.000 0.000 0.000 -1.000 0.000 0.000 0.000 0.000 -1.000 0.000 0.000 0.000 -1.010 1.000]]
		[0.4642857 [1.000 0.000 0.000 0.000 0.000 -1.000 0.000 0.000 0.000 0.000 -1.000 0.000 0.000 0.000 -1.037 1.000]]
		[0.5 [1.000 0.000 0.000 0.000 0.000 -1.000 0.000 0.000 0.000 0.000 -1.000 0.000 0.000 0.000 -1.050 1.000]]
		[0.5357143 [1.000 0.000 0.000 0.000 0.000 -1.000 0.000 0.000 0.000 0.000 -1.000 0.000 0.000 0.000 -1.050 1.000]]
		[0.5714286 [1.000 0.000 0.000 0.000 0.000 -1.000 0.000 0.000 0.000 0.000 -1.000 0.000 0.000 0.000 -1.050 1.000]]
		[0.6071429 [1.000 0.000 0.000 0.000 0.000 -1.000 0.000 0.000 0.000 0.000 -1.000 0.000 0.000 0.000 -1.050 1.000]]
		[0.6428571 [1.000 0.000 0.000 0.000 0.000 -1.000 0.000 0.000 0.000 0.000 -1.000 0.000 0.000 0.000 -1.050 1.000]]
		[0.6785714 [1.000 0.000 0.000 0.000 0.000 -1.000 0.000 0.000 0.000 0.000 -1.000 0.000 0.000 0.000 -1.050 1.000]]
		[0.7142857 [1.000 0.000 0.000 0.000 0.000 -1.000 0.000 0.000 0.000 0.000 -1.000 0.000 0.000 0.000 -1.050 1.000]]
		[0.75 [1.000 0.000 0.000 0.000 0.000 -1.000 0.000 0.000 0.000 0.000 -1.000 0.000 0.000 0.000 -1.050 1.000]]
		[0.7857143 [1.000 0.000 0.000 0.000 0.000 -1.000 0.000 0.000 0.000 0.000 -1.000 0.000 0.000 0.000 -1.050 1.000]]
		[0.8214286 [1.000 0.000 0.000 0.000 0.000 -1.000 0.000 0.000 0.000 0.000 -1.000 0.000 0.000 0.000 -1.050 1.000]]
		[0.8571429 [1.000 0.000 0.000 0.000 0.000 -1.000 0.000 0.000 0.000 0.000 -1.000 0.000 0.000 0.000 -1.050 1.000]]
		[0.8928571 [1.000 0.000 0.000 0.000 0.000 -1.000 0.000 0.000 0.000 0.000 -1.000 0.000 0.000 0.000 -1.050 1.000]]
		[0.9285714 [1.000 0.000 0.000 0.000 0.000 -1.000 0.000 0.000 0.000 0.000 -1.000 0.000 0.000 0.000 -1.050 1.000]]
		[0.9642857 [1.000 0.000 0.000 0.000 0.000 -1.000 0.000 0.000 0.000 0.000 -1.000 0.000 0.000 0.000 -1.050 1.000]]
	]
	"Bedro_L" [
		[0 [0.059 -0.337 0.940 0.000 0.163 -0.925 -0.342 0.000 0.985 0.174 0.000 0.000 0.123 -0.038 0.000 1.000]]
		[0.03571429 [-0.011 -0.407 0.913 0.000 0.195 -0.897 -0.397 0.000 0.981 0.174 0.089 0.000 0.123 -0.038 0.000 1.000]]
		[0.07142857 [-0.082 -0.471 0.878 0.000 0.239 -0.865 -0.442 0.000 0.968 0.174 0.183 0.000 0.123 -0.038 0.000 1.000]]
		[0.1071429 [-0.136 -0.538 0.832 0.000 0.288 -0.825 -0.486 0.000 0.948 0.174 0.267 0.000 0.123 -0.038 0.000 1.000]]
		[0.1428571 [-0.158 -0.615 0.772 0.000 0.336 -0.769 -0.544 0.000 0.928 0.174 0.328 0.000 0.123 -0.038 0.000 1.000]]
		[0.1785714 [-0.128 -0.722 0.680 0.000 0.376 -0.670 -0.640 0.000 0.917 0.174 0.358 0.000 0.123 -0.038 0.000 1.000]]
		[0.2142857 [-0.050 -0.846 0.531 0.000 0.399 -0.505 -0.765 0.000 0.916 0.174 0.363 0.000 0.123 -0.038 0.000 1.000]]
		[0.25 [0.037 -0.932 0.362 0.000 0.393 -0.320 -0.862 0.000 0.919 0.174 0.354 0.000 0.123 -0.038 0.000 1.000]]
		[0.2857143 [0.094 -0.967 0.237 0.000 0.372 -0.186 -0.909 0.000 0.924 0.174 0.342 0.000 0.123 -0.038 0.000 1.000]]
		[0.3214286 [0.098 -0.968 0.230 0.000 0.366 -0.180 -0.913 0.000 0.925 0.174 0.337 0.000 0.123 -0.038 0.000 1.000]]
		[0.3571429 [0.041 -0.929 0.367 0.000 0.377 -0.326 -0.867 0.000 0.925 0.174 0.337 0.000 0.123 -0.038 0.000 1.000]]
		[0.3928571 [-0.060 -0.811 0.582 0.000 0.374 -0.559 -0.740 0.000 0.925 0.174 0.337 0.000 0.123 -0.038 0.000 1.000]]
		[0.4285714 [-0.175 -0.592 0.786 0.000 0.336 -0.787 -0.518 0.000 0.925 0.174 0.337 0.000 0.123 -0.038 0.000 1.000]]
		[0.4642857 [-0.272 -0.315 0.909 0.000 0.264 -0.933 -0.244 0.000 0.925 0.174 0.337 0.000 0.123 -0.038 0.000 1.000]]
		[0.5 [-0.308 -0.171 0.936 0.000 0.220 -0.970 -0.105 0.000 0.925 0.174 0.337 0.000 0.123 -0.038 0.000 1.000]]
		[0.5357143 [-0.308 -0.171 0.936 0.000 0.220 -0.970 -0.105 0.000 0.925 0.174 0.337 0.000 0.123 -0.038 0.000 1.000]]
		[0.5714286 [-0.308 -0.171 0.936 0.000 0.220 -0.970 -0.105 0.000 0.925 0.174 0.337 0.000 0.123 -0.038 0.000 1.000]]
		[0.6071429 [-0.308 -0.171 0.936 0.000 0.220 -0.970 -0.105 0.000 0.925 0.174 0.337 0.000 0.123 -0.038 0.000 1.000]]
		[0.6428571 [-0.308 -0.171 0.936 0.000 0.220 -0.970 -0.105 0.000 0.925 0.174 0.337 0.000 0.123 -0.038 0.000 1.000]]
		[0.6785714 [-0.308 -0.171 0.936 0.000 0.220 -0.970 -0.105 0.000 0.925 0.174 0.337 0.000 0.123 -0.038 0.000 1.000]]
		[0.7142857 [-0.308 -0.171 0.936 0.000 0.220 -0.970 -0.105 0.000 0.925 0.174 0.337 0.000 0.123 -0.038 0.000 1.000]]
		[0.75 [-0.308 -0.171 0.936 0.000 0.220 -0.970 -0.105 0.000 0.925 0.174 0.337 0.000 0.123 -0.038 0.000 1.000]]
		[0.7857143 [-0.308 -0.171 0.936 0.000 0.220 -0.970 -0.105 0.000 0.925 0.174 0.337 0.000 0.123 -0.038 0.000 1.000]]
		[0.8214286 [-0.308 -0.171 0.936 0.000 0.220 -0.970 -0.105 0.000 0.925 0.174 0.337 0.000 0.123 -0.038 0.000 1.000]]
		[0.8571429 [-0.308 -0.171 0.936 0.000 0.220 -0.970 -0.105 0.000 0.925 0.174 0.337 0.000 0.123 -0.038 0.000 1.000]]
		[0.8928571 [-0.308 -0.171 0.936 0.000 0.220 -0.970 -0.105 0.000 0.925 0.174 0.337 0.000 0.123 -0.038 0.000 1.000]]
		[0.9285714 [-0.308 -0.171 0.936 0.000 0.220 -0.970 -0.105 0.000 0.925 0.174 0.337 0.000 0.123 -0.038 0.000 1.000]]
		[0.9642857 [-0.308 -0.171 0.936 0.000 0.220 -0.970 -0.105 0.000 0.925 0.174 0.337 0.000 0.123 -0.038 0.000 1.000]]
	]
	"Koleno_L" [
		[0 [-0.906 0.423 0.000 0.000 0.423 0.906 0.000 0.000 0.000 0.000 -1.000 0.000 0.000 0.532 0.000 1.000]]
		[0.03571429 [-0.876 0.483 -0.001 0.000 0.483 0.876 -0.003 0.000 0.000 -0.003 -1.000 0.000 0.000 0.532 0.000 1.000]]
		[0.07142857 [-0.838 0.545 -0.003 0.000 0.545 0.838 -0.005 0.000 0.000 -0.006 -1.000 0.000 0.000 0.532 0.000 1.000]]
		[0.1071429 [-0.801 0.599 -0.005 0.000 0.599 0.801 -0.007 0.000 0.000 -0.009 -1.000 0.000 0.000 0.532 0.000 1.000]]
		[0.1428571 [-0.770 0.637 -0.007 0.000 0.638 0.770 -0.008 0.000 0.000 -0.011 -1.000 0.000 0.000 0.532 0.000 1.000]]
		[0.1785714 [-0.755 0.656 -0.008 0.000 0.656 0.755 -0.009 0.000 0.000 -0.012 -1.000 0.000 0.000 0.532 0.000 1.000]]
		[0.2142857 [-0.752 0.659 -0.008 0.000 0.659 0.752 -0.009 0.000 0.000 -0.012 -1.000 0.000 0.000 0.532 0.000 1.000]]
		[0.25 [-0.757 0.653 -0.008 0.000 0.653 0.757 -0.009 0.000 0.000 -0.012 -1.000 0.000 0.000 0.532 0.000 1.000]]
		[0.2857143 [-0.763 0.646 -0.007 0.000 0.646 0.763 -0.009 0.000 0.000 -0.011 -1.000 0.000 0.000 0.532 0.000 1.000]]
		[0.3214286 [-0.765 0.643 -0.007 0.000 0.644 0.765 -0.009 0.000 0.000 -0.011 -1.000 0.000 0.000 0.532 0.000 1.000]]
		[0.3571429 [-0.752 0.659 -0.007 0.000 0.659 0.752 -0.008 0.000 0.000 -0.011 -1.000 0.000 0.000 0.532 0.000 1.000]]
		[0.3928571 [-0.758 0.652 -0.007 0.000 0.652 0.758 -0.009 0.000 0.000 -0.011 -1.000 0.000 0.000 0.532 0.000 1.000]]
		[0.4285714 [-0.823 0.568 -0.006 0.000 0.568 0.823 -0.009 0.000 0.000 -0.011 -1.000 0.000 0.000 0.532 0.000 1.000]]
		[0.4642857 [-0.907 0.422 -0.005 0.000 0.422 0.906 -0.010 0.000 0.000 -0.011 -1.000 0.000 0.000 0.532 0.000 1.000]]
		[0.5 [-0.940 0.342 -0.004 0.000 0.342 0.940 -0.011 0.000 0.000 -0.011 -1.000 0.000 0.000 0.532 0.000 1.000]]
		[0.5357143 [-0.940 0.342 -0.004 0.000 0.342 0.940 -0.011 0.000 0.000 -0.011 -1.000 0.000 0.000 0.532 0.000 1.000]]
		[0.5714286 [-0.940 0.342 -0.004 0.000 0.342 0.940 -0.011 0.000 0.000 -0.011 -1.000 0.000 0.000 0.532 0.000 1.000]]
		[0.6071429 [-0.940 0.342 -0.004 0.000 0.342 0.940 -0.011 0.000 0.000 -0.011 -1.000 0.000 0.000 0.532 0.000 1.000]]
		[0.6428571 [-0.940 0.342 -0.004 0.000 0.342 0.940 -0.011 0.000 0.000 -0.011 -1.000 0.000 0.000 0.532 0.000 1.000]]
		[0.6785714 [-0.940 0.342 -0.004 0.000 0.342 0.940 -0.011 0.000 0.000 -0.011 -1.000 0.000 0.000 0.532 0.000 1.000]]
		[0.7142857 [-0.940 0.342 -0.004 0.000 0.342 0.940 -0.011 0.000 0.000 -0.011 -1.000 0.000 0.000 0.532 0.000 1.000]]
		[0.75 [-0.940 0.342 -0.004 0.000 0.342 0.940 -0.011 0.000 0.000 -0.011 -1.000 0.000 0.000 0.532 0.000 1.000]]
		[0.7857143 [-0.940 0.342 -0.004 0.000 0.342 0.940 -0.011 0.000 0.000 -0.011 -1.000 0.000 0.000 0.532 0.000 1.000]]
		[0.8214286 [-0.940 0.342 -0.004 0.000 0.342 0.940 -0.011 0.000 0.000 -0.011 -1.000 0.000 0.000 0.532 0.000 1.000]]
		[0.8571429 [-0.940 0.342 -0.004 0.000 0.342 0.940 -0.011 0.000 0.000 -0.011 -1.000 0.000 0.000 0.532 0.000 1.000]]
		[0.8928571 [-0.940 0.342 -0.004 0.000 0.342 0.940 -0.011 0.000 0.000 -0.011 -1.000 0.000 0.000 0.532 0.000 1.000]]
		[0.9285714 [-0.940 0.342 -0.004 0.000 0.342 0.940 -0.011 0.000 0.000 -0.011 -1.000 0.000 0.000 0.532 0.000 1.000]]
		[0.9642857 [-0.940 0.342 -0.004 0.000 0.342 0.940 -0.011 0.000 0.000 -0.011 -1.000 0.000 0.000 0.532 0.000 1.000]]
	]
	"Koleno_L_end" [
		[0 [1.000 0.000 0.000 0.000 0.000 1.000 0.000 0.000 0.000 0.000 1.000 0.000 0.000 0.578 0.000 1.000]]
	]
	"Bedro_P" [
		[0 [0.682 -0.337 0.650 0.000 -0.367 -0.925 -0.095 0.000 0.633 -0.174 -0.754 0.000 -0.123 -0.038 0.000 1.000]]
		[0.03571429 [0.559 -0.407 0.723 0.000 -0.395 -0.897 -0.200 0.000 0.729 -0.174 -0.662 0.000 -0.123 -0.038 0.000 1.000]]
		[0.07142857 [0.421 -0.471 0.775 0.000 -0.394 -0.865 -0.312 0.000 0.817 -0.174 -0.550 0.000 -0.123 -0.038 0.000 1.000]]
		[0.1071429 [0.287 -0.538 0.792 0.000 -0.373 -0.825 -0.425 0.000 0.882 -0.174 -0.438 0.000 -0.123 -0.038 0.000 1.000]]
		[0.1428571 [0.176 -0.615 0.768 0.000 -0.348 -0.769 -0.536 0.000 0.921 -0.174 -0.349 0.000 -0.123 -0.038 0.000 1.000]]
		[0.1785714 [0.090 -0.722 0.686 0.000 -0.339 -0.670 -0.661 0.000 0.936 -0.174 -0.305 0.000 -0.123 -0.038 0.000 1.000]]
		[0.2142857 [0.013 -0.846 0.534 0.000 -0.344 -0.505 -0.792 0.000 0.939 -0.174 -0.297 0.000 -0.123 -0.038 0.000 1.000]]
		[0.25 [-0.053 -0.932 0.360 0.000 -0.352 -0.320 -0.880 0.000 0.934 -0.174 -0.311 0.000 -0.123 -0.038 0.000 1.000]]
		[0.2857143 [-0.097 -0.967 0.235 0.000 -0.359 -0.186 -0.914 0.000 0.928 -0.174 -0.329 0.000 -0.123 -0.038 0.000 1.000]]
		[0.3214286 [-0.098 -0.968 0.230 0.000 -0.366 -0.180 -0.913 0.000 0.925 -0.174 -0.337 0.000 -0.123 -0.038 0.000 1.000]]
		[0.3571429 [-0.041 -0.929 0.367 0.000 -0.377 -0.326 -0.867 0.000 0.925 -0.174 -0.337 0.000 -0.123 -0.038 0.000 1.000]]
		[0.3928571 [0.060 -0.811 0.582 0.000 -0.374 -0.559 -0.740 0.000 0.925 -0.174 -0.337 0.000 -0.123 -0.038 0.000 1.000]]
		[0.4285714 [0.175 -0.592 0.786 0.000 -0.336 -0.787 -0.518 0.000 0.925 -0.174 -0.337 0.000 -0.123 -0.038 0.000 1.000]]
		[0.4642857 [0.272 -0.315 0.909 0.000 -0.264 -0.933 -0.244 0.000 0.925 -0.174 -0.337 0.000 -0.123 -0.038 0.000 1.000]]
		[0.5 [0.308 -0.171 0.936 0.000 -0.220 -0.970 -0.105 0.000 0.925 -0.174 -0.337 0.000 -0.123 -0.038 0.000 1.000]]
		[0.5357143 [0.308 -0.171 0.936 0.000 -0.220 -0.970 -0.105 0.000 0.925 -0.174 -0.337 0.000 -0.123 -0.038 0.000 1.000]]
		[0.5714286 [0.308 -0.171 0.936 0.000 -0.220 -0.970 -0.105 0.000 0.925 -0.174 -0.337 0.000 -0.123 -0.038 0.000 1.000]]
		[0.6071429 [0.308 -0.171 0.936 0.000 -0.220 -0.970 -0.105 0.000 0.925 -0.174 -0.337 0.000 -0.123 -0.038 0.000 1.000]]
		[0.6428571 [0.308 -0.171 0.936 0.000 -0.220 -0.970 -0.105 0.000 0.925 -0.174 -0.337 0.000 -0.123 -0.038 0.000 1.000]]
		[0.6785714 [0.308 -0.171 0.936 0.000 -0.220 -0.970 -0.105 0.000 0.925 -0.174 -0.337 0.000 -0.123 -0.038 0.000 1.000]]
		[0.7142857 [0.308 -0.171 0.936 0.000 -0.220 -0.970 -0.105 0.000 0.925 -0.174 -0.337 0.000 -0.123 -0.038 0.000 1.000]]
		[0.75 [0.308 -0.171 0.936 0.000 -0.220 -0.970 -0.105 0.000 0.925 -0.174 -0.337 0.000 -0.123 -0.038 0.000 1.000]]
		[0.7857143 [0.308 -0.171 0.936 0.000 -0.220 -0.970 -0.105 0.000 0.925 -0.174 -0.337 0.000 -0.123 -0.038 0.000 1.000]]
		[0.8214286 [0.308 -0.171 0.936 0.000 -0.220 -0.970 -0.105 0.000 0.925 -0.174 -0.337 0.000 -0.123 -0.038 0.000 1.000]]
		[0.8571429 [0.308 -0.171 0.936 0.000 -0.220 -0.970 -0.105 0.000 0.925 -0.174 -0.337 0.000 -0.123 -0.038 0.000 1.000]]
		[0.8928571 [0.308 -0.171 0.936 0.000 -0.220 -0.970 -0.105 0.000 0.925 -0.174 -0.337 0.000 -0.123 -0.038 0.000 1.000]]
		[0.9285714 [0.308 -0.171 0.936 0.000 -0.220 -0.970 -0.105 0.000 0.925 -0.174 -0.337 0.000 -0.123 -0.038 0.000 1.000]]
		[0.9642857 [0.308 -0.171 0.936 0.000 -0.220 -0.970 -0.105 0.000 0.925 -0.174 -0.337 0.000 -0.123 -0.038 0.000 1.000]]
	]
	"Koleno_P" [
		[0 [-0.906 0.423 0.000 0.000 0.423 0.906 0.000 0.000 0.000 0.000 -1.000 0.000 0.000 0.532 0.000 1.000]]
		[0.03571429 [-0.876 0.483 0.000 0.000 0.483 0.876 0.000 0.000 0.000 0.000 -1.000 0.000 0.000 0.532 0.000 1.000]]
		[0.07142857 [-0.838 0.545 0.000 0.000 0.545 0.838 0.000 0.000 0.000 0.000 -1.000 0.000 0.000 0.532 0.000 1.000]]
		[0.1071429 [-0.801 0.599 0.000 0.000 0.599 0.801 0.000 0.000 0.000 0.000 -1.000 0.000 0.000 0.532 0.000 1.000]]
		[0.1428571 [-0.770 0.638 0.000 0.000 0.638 0.770 0.000 0.000 0.000 0.000 -1.000 0.000 0.000 0.532 0.000 1.000]]
		[0.1785714 [-0.755 0.656 0.000 0.000 0.656 0.755 0.000 0.000 0.000 0.000 -1.000 0.000 0.000 0.532 0.000 1.000]]
		[0.2142857 [-0.752 0.659 0.000 0.000 0.659 0.752 0.000 0.000 0.000 0.000 -1.000 0.000 0.000 0.532 0.000 1.000]]
		[0.25 [-0.757 0.653 0.000 0.000 0.653 0.757 0.000 0.000 0.000 0.000 -1.000 0.000 0.000 0.532 0.000 1.000]]
		[0.2857143 [-0.763 0.646 0.000 0.000 0.646 0.763 0.000 0.000 0.000 0.000 -1.000 0.000 0.000 0.532 0.000 1.000]]
		[0.3214286 [-0.765 0.644 0.000 0.000 0.644 0.765 0.000 0.000 0.000 0.000 -1.000 0.000 0.000 0.532 0.000 1.000]]
		[0.3571429 [-0.752 0.659 0.000 0.000 0.659 0.752 0.000 0.000 0.000 0.000 -1.000 0.000 0.000 0.532 0.000 1.000]]
		[0.3928571 [-0.758 0.652 0.000 0.000 0.652 0.758 0.000 0.000 0.000 0.000 -1.000 0.000 0.000 0.532 0.000 1.000]]
		[0.4285714 [-0.823 0.568 0.000 0.000 0.568 0.823 0.000 0.000 0.000 0.000 -1.000 0.000 0.000 0.532 0.000 1.000]]
		[0.4642857 [-0.907 0.422 0.000 0.000 0.422 0.907 0.000 0.000 0.000 0.000 -1.000 0.000 0.000 0.532 0.000 1.000]]
		[0.5 [-0.940 0.342 0.000 0.000 0.342 0.940 0.000 0.000 0.000 0.000 -1.000 0.000 0.000 0.532 0.000 1.000]]
		[0.5357143 [-0.940 0.342 0.000 0.000 0.342 0.940 0.000 0.000 0.000 0.000 -1.000 0.000 0.000 0.532 0.000 1.000]]
		[0.5714286 [-0.940 0.342 0.000 0.000 0.342 0.940 0.000 0.000 0.000 0.000 -1.000 0.000 0.000 0.532 0.000 1.000]]
		[0.6071429 [-0.940 0.342 0.000 0.000 0.342 0.940 0.000 0.000 0.000 0.000 -1.000 0.000 0.000 0.532 0.000 1.000]]
		[0.6428571 [-0.940 0.342 0.000 0.000 0.342 0.940 0.000 0.000 0.000 0.000 -1.000 0.000 0.000 0.532 0.000 1.000]]
		[0.6785714 [-0.940 0.342 0.000 0.000 0.342 0.940 0.000 0.000 0.000 0.000 -1.000 0.000 0.000 0.532 0.000 1.000]]
		[0.7142857 [-0.940 0.342 0.000 0.000 0.342 0.940 0.000 0.000 0.000 0.000 -1.000 0.000 0.000 0.532 0.000 1.000]]
		[0.75 [-0.940 0.342 0.000 0.000 0.342 0.940 0.000 0.000 0.000 0.000 -1.000 0.000 0.000 0.532 0.000 1.000]]
		[0.7857143 [-0.940 0.342 0.000 0.000 0.342 0.940 0.000 0.000 0.000 0.000 -1.000 0.000 0.000 0.532 0.000 1.000]]
		[0.8214286 [-0.940 0.342 0.000 0.000 0.342 0.940 0.000 0.000 0.000 0.000 -1.000 0.000 0.000 0.532 0.000 1.000]]
		[0.8571429 [-0.940 0.342 0.000 0.000 0.342 0.940 0.000 0.000 0.000 0.000 -1.000 0.000 0.000 0.532 0.000 1.000]]
		[0.8928571 [-0.940 0.342 0.000 0.000 0.342 0.940 0.000 0.000 0.000 0.000 -1.000 0.000 0.000 0.532 0.000 1.000]]
		[0.9285714 [-0.940 0.342 0.000 0.000 0.342 0.940 0.000 0.000 0.000 0.000 -1.000 0.000 0.000 0.532 0.000 1.000]]
		[0.9642857 [-0.940 0.342 0.000 0.000 0.342 0.940 0.000 0.000 0.000 0.000 -1.000 0.000 0.000 0.532 0.000 1.000]]
	]
	"Koleno_P_end" [
		[0 [1.000 0.000 0.000 0.000 0.000 1.000 0.000 0.000 0.000 0.000 1.000 0.000 0.000 0.578 0.000 1.000]]
	]
	"Tors" [
		[0 [1.000 0.000 0.000 0.000 0.000 0.940 -0.342 0.000 0.000 0.342 0.940 0.000 0.000 0.130 0.000 1.000]]
		[0.03571429 [1.000 0.000 0.000 0.000 0.000 0.919 -0.394 0.000 0.000 0.394 0.919 0.000 0.000 0.130 0.000 1.000]]
		[0.07142857 [1.000 0.000 0.000 0.000 0.000 0.891 -0.453 0.000 0.000 0.453 0.891 0.000 0.000 0.130 0.000 1.000]]
		[0.1071429 [1.000 0.000 0.000 0.000 0.000 0.867 -0.498 0.000 0.000 0.498 0.867 0.000 0.000 0.130 0.000 1.000]]
		[0.1428571 [1.000 0.000 0.000 0.000 0.000 0.863 -0.505 0.000 0.000 0.505 0.863 0.000 0.000 0.130 0.000 1.000]]
		[0.1785714 [1.000 0.000 0.000 0.000 0.000 0.892 -0.453 0.000 0.000 0.453 0.892 0.000 0.000 0.130 0.000 1.000]]
		[0.2142857 [1.000 0.000 0.000 0.000 0.000 0.939 -0.343 0.000 0.000 0.343 0.939 0.000 0.000 0.130 0.000 1.000]]
		[0.25 [1.000 0.000 0.000 0.000 0.000 0.979 -0.205 0.000 0.000 0.205 0.979 0.000 0.000 0.130 0.000 1.000]]
		[0.2857143 [1.000 0.000 0.000 0.000 0.000 0.997 -0.075 0.000 0.000 0.075 0.997 0.000 0.000 0.130 0.000 1.000]]
		[0.3214286 [1.000 0.000 0.000 0.000 0.000 1.000 0.006 0.000 0.000 -0.006 1.000 0.000 0.000 0.130 0.000 1.000]]
		[0.3571429 [1.000 0.000 0.000 0.000 0.000 1.000 0.017 0.000 0.000 -0.017 1.000 0.000 0.000 0.130 0.000 1.000]]
		[0.3928571 [1.000 0.000 0.000 0.000 0.000 1.000 0.001 0.000 0.000 -0.001 1.000 0.000 0.000 0.130 0.000 1.000]]
		[0.4285714 [1.000 0.000 0.000 0.000 0.000 1.000 0.000 0.000 0.000 0.000 1.000 0.000 0.000 0.130 0.000 1.000]]
		[0.4642857 [1.000 0.000 0.000 0.000 0.000 1.000 0.000 0.000 0.000 0.000 1.000 0.000 0.000 0.130 0.000 1.000]]
		[0.5 [1.000 0.000 0.000 0.000 0.000 1.000 0.000 0.000 0.000 0.000 1.000 0.000 0.000 0.130 0.000 1.000]]
		[0.5357143 [1.000 0.000 0.000 0.000 0.000 1.000 0.000 0.000 0.000 0.000 1.000 0.000 0.000 0.130 0.000 1.000]]
		[0.5714286 [1.000 0.000 0.000 0.000 0.000 1.000 0.000 0.000 0.000 0.000 1.000 0.000 0.000 0.130 0.000 1.000]]
		[0.6071429 [1.000 0.000 0.000 0.000 0.000 1.000 0.000 0.000 0.000 0.000 1.000 0.000 0.000 0.130 0.000 1.000]]
		[0.6428571 [1.000 0.000 0.000 0.000 0.000 1.000 0.000 0.000 0.000 0.000 1.000 0.000 0.000 0.130 0.000 1.000]]
		[0.6785714 [1.000 0.000 0.000 0.000 0.000 1.000 0.000 0.000 0.000 0.000 1.000 0.000 0.000 0.130 0.000 1.000]]
		[0.7142857 [1.000 0.000 0.000 0.000 0.000 1.000 0.000 0.000 0.000 0.000 1.000 0.000 0.000 0.130 0.000 1.000]]
		[0.75 [1.000 0.000 0.000 0.000 0.000 1.000 0.000 0.000 0.000 0.000 1.000 0.000 0.000 0.130 0.000 1.000]]
		[0.7857143 [1.000 0.000 0.000 0.000 0.000 1.000 0.000 0.000 0.000 0.000 1.000 0.000 0.000 0.130 0.000 1.000]]
		[0.8214286 [1.000 0.000 0.000 0.000 0.000 1.000 0.000 0.000 0.000 0.000 1.000 0.000 0.000 0.130 0.000 1.000]]
		[0.8571429 [1.000 0.000 0.000 0.000 0.000 1.000 0.000 0.000 0.000 0.000 1.000 0.000 0.000 0.130 0.000 1.000]]
		[0.8928571 [1.000 0.000 0.000 0.000 0.000 1.000 0.000 0.000 0.000 0.000 1.000 0.000 0.000 0.130 0.000 1.000]]
		[0.9285714 [1.000 0.000 0.000 0.000 0.000 1.000 0.000 0.000 0.000 0.000 1.000 0.000 0.000 0.130 0.000 1.000]]
		[0.9642857 [1.000 0.000 0.000 0.000 0.000 1.000 0.000 0.000 0.000 0.000 1.000 0.000 0.000 0.130 0.000 1.000]]
	]
	"Golova" [
		[0 [1.000 0.000 0.000 0.000 0.000 0.940 0.342 0.000 0.000 -0.342 0.940 0.000 0.000 0.596 0.000 1.000]]
		[0.03571429 [1.000 0.000 0.000 0.000 0.000 0.977 0.212 0.000 0.000 -0.212 0.977 0.000 0.000 0.596 0.000 1.000]]
		[0.07142857 [1.000 0.000 0.000 0.000 0.000 0.998 0.069 0.000 0.000 -0.069 0.998 0.000 0.000 0.596 0.000 1.000]]
		[0.1071429 [1.000 0.000 0.000 0.000 0.000 0.998 -0.063 0.000 0.000 0.063 0.998 0.000 0.000 0.596 0.000 1.000]]
		[0.1428571 [1.000 0.000 0.000 0.000 0.000 0.987 -0.160 0.000 0.000 0.160 0.987 0.000 0.000 0.596 0.000 1.000]]
		[0.1785714 [1.000 0.000 0.000 0.000 0.000 0.976 -0.216 0.000 0.000 0.216 0.976 0.000 0.000 0.596 0.000 1.000]]
		[0.2142857 [1.000 0.000 0.000 0.000 0.000 0.969 -0.246 0.000 0.000 0.246 0.969 0.000 0.000 0.596 0.000 1.000]]
		[0.25 [1.000 0.000 0.000 0.000 0.000 0.968 -0.250 0.000 0.000 0.250 0.968 0.000 0.000 0.596 0.000 1.000]]
		[0.2857143 [1.000 0.000 0.000 0.000 0.000 0.975 -0.224 0.000 0.000 0.224 0.975 0.000 0.000 0.596 0.000 1.000]]
		[0.3214286 [1.000 0.000 -0.003 0.000 0.000 0.987 -0.158 0.000 0.003 0.158 0.987 0.000 0.000 0.596 0.000 1.000]]
		[0.3571429 [0.998 0.000 -0.063 0.000 0.003 0.999 0.046 0.000 0.063 -0.046 0.997 0.000 0.000 0.596 0.000 1.000]]
		[0.3928571 [0.999 0.001 -0.037 0.000 0.006 0.982 0.190 0.000 0.037 -0.190 0.981 0.000 0.000 0.596 0.000 1.000]]
		[0.4285714 [0.961 -0.002 0.278 0.000 0.040 0.991 -0.131 0.000 -0.275 0.137 0.952 0.000 0.000 0.596 0.000 1.000]]
		[0.4642857 [0.706 0.000 0.708 0.000 0.068 0.995 -0.068 0.000 -0.705 0.096 0.703 0.000 0.000 0.596 0.000 1.000]]
		[0.5 [0.500 0.000 0.866 0.000 0.000 1.000 0.000 0.000 -0.866 0.000 0.500 0.000 0.000 0.596 0.000 1.000]]
		[0.5357143 [0.500 0.000 0.866 0.000 0.000 1.000 0.000 0.000 -0.866 0.000 0.500 0.000 0.000 0.596 0.000 1.000]]
		[0.5714286 [0.500 0.000 0.866 0.000 0.000 1.000 0.000 0.000 -0.866 0.000 0.500 0.000 0.000 0.596 0.000 1.000]]
		[0.6071429 [0.500 0.000 0.866 0.000 0.000 1.000 0.000 0.000 -0.866 0.000 0.500 0.000 0.000 0.596 0.000 1.000]]
		[0.6428571 [0.500 0.000 0.866 0.000 0.000 1.000 0.000 0.000 -0.866 0.000 0.500 0.000 0.000 0.596 0.000 1.000]]
		[0.6785714 [0.500 0.000 0.866 0.000 0.000 1.000 0.000 0.000 -0.866 0.000 0.500 0.000 0.000 0.596 0.000 1.000]]
		[0.7142857 [0.500 0.000 0.866 0.000 0.000 1.000 0.000 0.000 -0.866 0.000 0.500 0.000 0.000 0.596 0.000 1.000]]
		[0.75 [0.500 0.000 0.866 0.000 0.000 1.000 0.000 0.000 -0.866 0.000 0.500 0.000 0.000 0.596 0.000 1.000]]
		[0.7857143 [0.500 0.000 0.866 0.000 0.000 1.000 0.000 0.000 -0.866 0.000 0.500 0.000 0.000 0.596 0.000 1.000]]
		[0.8214286 [0.500 0.000 0.866 0.000 0.000 1.000 0.000 0.000 -0.866 0.000 0.500 0.000 0.000 0.596 0.000 1.000]]
		[0.8571429 [0.500 0.000 0.866 0.000 0.000 1.000 0.000 0.000 -0.866 0.000 0.500 0.000 0.000 0.596 0.000 1.000]]
		[0.8928571 [0.500 0.000 0.866 0.000 0.000 1.000 0.000 0.000 -0.866 0.000 0.500 0.000 0.000 0.596 0.000 1.000]]
		[0.9285714 [0.500 0.000 0.866 0.000 0.000 1.000 0.000 0.000 -0.866 0.000 0.500 0.000 0.000 0.596 0.000 1.000]]
		[0.9642857 [0.500 0.000 0.866 0.000 0.000 1.000 0.000 0.000 -0.866 0.000 0.500 0.000 0.000 0.596 0.000 1.000]]
	]
	"Golova_end" [
		[0 [1.000 0.000 0.000 0.000 0.000 1.000 0.000 0.000 0.000 0.000 1.000 0.000 0.000 0.315 0.000 1.000]]
	]
	"Kluchitsa_L" [
		[0 [0.000 0.000 1.000 0.000 1.000 0.000 0.000 0.000 0.000 1.000 0.000 0.000 0.000 0.470 0.000 1.000]]
	]
	"Kluchitsa_L_end" [
		[0 [1.000 0.000 0.000 0.000 0.000 1.000 0.000 0.000 0.000 0.000 1.000 0.000 0.000 0.300 0.000 1.000]]
	]
	"Kluchitsa_P" [
		[0 [0.000 0.000 -1.000 0.000 -1.000 0.000 0.000 0.000 0.000 1.000 0.000 0.000 0.000 0.470 0.000 1.000]]
	]
	"Kluchitsa_P_end" [
		[0 [1.000 0.000 0.000 0.000 0.000 1.000 0.000 0.000 0.000 0.000 1.000 0.000 0.000 0.300 0.000 1.000]]
	]
	"Ruka_L" [
		[0 [-0.040 0.557 0.830 0.000 0.580 -0.663 0.473 0.000 0.814 0.500 -0.296 0.000 0.279 0.394 -0.035 1.000]]
		[0.03571429 [-0.119 0.346 0.931 0.000 0.727 -0.608 0.319 0.000 0.677 0.714 -0.179 0.000 0.279 0.394 -0.035 1.000]]
		[0.07142857 [-0.125 0.149 0.981 0.000 0.878 -0.443 0.179 0.000 0.461 0.884 -0.075 0.000 0.279 0.394 -0.035 1.000]]
		[0.1071429 [-0.071 0.033 0.997 0.000 0.973 -0.219 0.076 0.000 0.220 0.975 -0.016 0.000 0.279 0.394 -0.035 1.000]]
		[0.1428571 [-0.009 0.001 1.000 0.000 1.000 -0.028 0.009 0.000 0.028 1.000 0.000 0.000 0.279 0.394 -0.035 1.000]]
		[0.1785714 [0.027 0.004 1.000 0.000 0.996 0.081 -0.027 0.000 -0.081 0.997 -0.002 0.000 0.279 0.394 -0.035 1.000]]
		[0.2142857 [0.044 0.007 0.999 0.000 0.990 0.132 -0.044 0.000 -0.132 0.991 -0.002 0.000 0.279 0.394 -0.035 1.000]]
		[0.25 [0.043 0.005 0.999 0.000 0.990 0.131 -0.044 0.000 -0.131 0.991 0.001 0.000 0.279 0.394 -0.035 1.000]]
		[0.2857143 [0.027 0.001 1.000 0.000 0.996 0.081 -0.027 0.000 -0.081 0.997 0.001 0.000 0.279 0.394 -0.035 1.000]]
		[0.3214286 [-0.007 0.000 1.000 0.000 1.000 -0.019 0.007 0.000 0.019 1.000 0.000 0.000 0.279 0.394 -0.035 1.000]]
		[0.3571429 [-0.095 0.000 0.996 0.000 0.964 -0.250 0.091 0.000 0.249 0.968 0.024 0.000 0.279 0.394 -0.035 1.000]]
		[0.3928571 [-0.170 0.000 0.985 0.000 0.867 -0.475 0.150 0.000 0.468 0.880 0.081 0.000 0.279 0.394 -0.035 1.000]]
		[0.4285714 [-0.140 0.000 0.990 0.000 0.838 -0.533 0.118 0.000 0.528 0.846 0.075 0.000 0.279 0.394 -0.035 1.000]]
		[0.4642857 [-0.047 0.000 0.999 0.000 0.860 -0.509 0.040 0.000 0.508 0.861 0.024 0.000 0.279 0.394 -0.035 1.000]]
		[0.5 [0.000 0.000 1.000 0.000 0.866 -0.500 0.000 0.000 0.500 0.866 0.000 0.000 0.279 0.394 -0.035 1.000]]
		[0.5357143 [0.000 0.000 1.000 0.000 0.866 -0.500 0.000 0.000 0.500 0.866 0.000 0.000 0.279 0.394 -0.035 1.000]]
		[0.5714286 [0.000 0.000 1.000 0.000 0.866 -0.500 0.000 0.000 0.500 0.866 0.000 0.000 0.279 0.394 -0.035 1.000]]
		[0.6071429 [0.000 0.000 1.000 0.000 0.866 -0.500 0.000 0.000 0.500 0.866 0.000 0.000 0.279 0.394 -0.035 1.000]]
		[0.6428571 [0.000 0.000 1.000 0.000 0.866 -0.500 0.000 0.000 0.500 0.866 0.000 0.000 0.279 0.394 -0.035 1.000]]
		[0.6785714 [0.000 0.000 1.000 0.000 0.866 -0.500 0.000 0.000 0.500 0.866 0.000 0.000 0.279 0.394 -0.035 1.000]]
		[0.7142857 [0.000 0.000 1.000 0.000 0.866 -0.500 0.000 0.000 0.500 0.866 0.000 0.000 0.279 0.394 -0.035 1.000]]
		[0.75 [0.000 0.000 1.000 0.000 0.866 -0.500 0.000 0.000 0.500 0.866 0.000 0.000 0.279 0.394 -0.035 1.000]]
		[0.7857143 [0.000 0.000 1.000 0.000 0.866 -0.500 0.000 0.000 0.500 0.866 0.000 0.000 0.279 0.394 -0.035 1.000]]
		[0.8214286 [0.000 0.000 1.000 0.000 0.866 -0.500 0.000 0.000 0.500 0.866 0.000 0.000 0.279 0.394 -0.035 1.000]]
		[0.8571429 [0.000 0.000 1.000 0.000 0.866 -0.500 0.000 0.000 0.500 0.866 0.000 0.000 0.279 0.394 -0.035 1.000]]
		[0.8928571 [0.000 0.000 1.000 0.000 0.866 -0.500 0.000 0.000 0.500 0.866 0.000 0.000 0.279 0.394 -0.035 1.000]]
		[0.9285714 [0.000 0.000 1.000 0.000 0.866 -0.500 0.000 0.000 0.500 0.866 0.000 0.000 0.279 0.394 -0.035 1.000]]
		[0.9642857 [0.000 0.000 1.000 0.000 0.866 -0.500 0.000 0.000 0.500 0.866 0.000 0.000 0.279 0.394 -0.035 1.000]]
	]
	"Lokot_L" [
		[0 [0.000 1.000 0.000 0.000 -1.000 0.000 0.000 0.000 0.000 0.000 1.000 0.000 0.000 0.316 0.000 1.000]]
		[0.03571429 [0.136 0.991 0.000 0.000 -0.991 0.136 0.000 0.000 0.000 0.000 1.000 0.000 0.000 0.316 0.000 1.000]]
		[0.07142857 [0.277 0.961 0.000 0.000 -0.961 0.277 0.000 0.000 0.000 0.000 1.000 0.000 0.000 0.316 0.000 1.000]]
		[0.1071429 [0.401 0.916 0.000 0.000 -0.916 0.401 0.000 0.000 0.000 0.000 1.000 0.000 0.000 0.316 0.000 1.000]]
		[0.1428571 [0.489 0.872 0.000 0.000 -0.872 0.489 0.000 0.000 0.000 0.000 1.000 0.000 0.000 0.316 0.000 1.000]]
		[0.1785714 [0.507 0.862 0.000 0.000 -0.862 0.507 0.000 0.000 0.000 0.000 1.000 0.000 0.000 0.316 0.000 1.000]]
		[0.2142857 [0.453 0.892 0.000 0.000 -0.892 0.453 0.000 0.000 0.000 0.000 1.000 0.000 0.000 0.316 0.000 1.000]]
		[0.25 [0.390 0.921 0.000 0.000 -0.921 0.390 0.000 0.000 0.000 0.000 1.000 0.000 0.000 0.316 0.000 1.000]]
		[0.2857143 [0.392 0.920 0.000 0.000 -0.920 0.392 0.000 0.000 0.000 0.000 1.000 0.000 0.000 0.316 0.000 1.000]]
		[0.3214286 [0.532 0.847 0.000 0.000 -0.847 0.532 0.000 0.000 0.000 0.000 1.000 0.000 0.000 0.316 0.000 1.000]]
		[0.3571429 [0.856 0.516 0.000 0.000 -0.516 0.856 0.000 0.000 0.000 0.000 1.000 0.000 0.000 0.316 0.000 1.000]]
		[0.3928571 [0.998 0.058 0.000 0.000 -0.058 0.998 0.000 0.000 0.000 0.000 1.000 0.000 0.000 0.316 0.000 1.000]]
		[0.4285714 [0.997 -0.077 0.000 0.000 0.077 0.997 0.000 0.000 0.000 0.000 1.000 0.000 0.000 0.316 0.000 1.000]]
		[0.4642857 [1.000 -0.021 0.000 0.000 0.021 1.000 0.000 0.000 0.000 0.000 1.000 0.000 0.000 0.316 0.000 1.000]]
		[0.5 [1.000 0.000 0.000 0.000 0.000 1.000 0.000 0.000 0.000 0.000 1.000 0.000 0.000 0.316 0.000 1.000]]
		[0.5357143 [1.000 0.000 0.000 0.000 0.000 1.000 0.000 0.000 0.000 0.000 1.000 0.000 0.000 0.316 0.000 1.000]]
		[0.5714286 [1.000 0.000 0.000 0.000 0.000 1.000 0.000 0.000 0.000 0.000 1.000 0.000 0.000 0.316 0.000 1.000]]
		[0.6071429 [1.000 0.000 0.000 0.000 0.000 1.000 0.000 0.000 0.000 0.000 1.000 0.000 0.000 0.316 0.000 1.000]]
		[0.6428571 [1.000 0.000 0.000 0.000 0.000 1.000 0.000 0.000 0.000 0.000 1.000 0.000 0.000 0.316 0.000 1.000]]
		[0.6785714 [1.000 0.000 0.000 0.000 0.000 1.000 0.000 0.000 0.000 0.000 1.000 0.000 0.000 0.316 0.000 1.000]]
		[0.7142857 [1.000 0.000 0.000 0.000 0.000 1.000 0.000 0.000 0.000 0.000 1.000 0.000 0.000 0.316 0.000 1.000]]
		[0.75 [1.000 0.000 0.000 0.000 0.000 1.000 0.000 0.000 0.000 0.000 1.000 0.000 0.000 0.316 0.000 1.000]]
		[0.7857143 [1.000 0.000 0.000 0.000 0.000 1.000 0.000 0.000 0.000 0.000 1.000 0.000 0.000 0.316 0.000 1.000]]
		[0.8214286 [1.000 0.000 0.000 0.000 0.000 1.000 0.000 0.000 0.000 0.000 1.000 0.000 0.000 0.316 0.000 1.000]]
		[0.8571429 [1.000 0.000 0.000 0.000 0.000 1.000 0.000 0.000 0.000 0.000 1.000 0.000 0.000 0.316 0.000 1.000]]
		[0.8928571 [1.000 0.000 0.000 0.000 0.000 1.000 0.000 0.000 0.000 0.000 1.000 0.000 0.000 0.316 0.000 1.000]]
		[0.9285714 [1.000 0.000 0.000 0.000 0.000 1.000 0.000 0.000 0.000 0.000 1.000 0.000 0.000 0.316 0.000 1.000]]
		[0.9642857 [1.000 0.000 0.000 0.000 0.000 1.000 0.000 0.000 0.000 0.000 1.000 0.000 0.000 0.316 0.000 1.000]]
	]
	"Lokot_L_end" [
		[0 [1.000 0.000 0.000 0.000 0.000 1.000 0.000 0.000 0.000 0.000 1.000 0.000 0.000 0.469 0.000 1.000]]
	]
	"Ruka_P" [
		[0 [-0.106 0.621 0.777 0.000 -0.406 -0.740 0.536 0.000 0.908 -0.259 0.330 0.000 -0.279 0.394 -0.035 1.000]]
		[0.03571429 [0.048 0.407 0.912 0.000 -0.602 -0.717 0.352 0.000 0.797 -0.566 0.211 0.000 -0.279 0.394 -0.035 1.000]]
		[0.07142857 [0.105 0.182 0.978 0.000 -0.819 -0.541 0.189 0.000 0.564 -0.821 0.092 0.000 -0.279 0.394 -0.035 1.000]]
		[0.1071429 [0.069 0.041 0.997 0.000 -0.959 -0.272 0.077 0.000 0.274 -0.961 0.020 0.000 -0.279 0.394 -0.035 1.000]]
		[0.1428571 [0.009 0.001 1.000 0.000 -0.999 -0.035 0.009 0.000 0.035 -0.999 0.000 0.000 -0.279 0.394 -0.035 1.000]]
		[0.1785714 [-0.027 0.004 1.000 0.000 -0.995 0.098 -0.027 0.000 -0.098 -0.995 0.002 0.000 -0.279 0.394 -0.035 1.000]]
		[0.2142857 [-0.043 0.009 0.999 0.000 -0.987 0.153 -0.044 0.000 -0.153 -0.988 0.002 0.000 -0.279 0.394 -0.035 1.000]]
		[0.25 [-0.043 0.005 0.999 0.000 -0.989 0.145 -0.044 0.000 -0.145 -0.989 -0.001 0.000 -0.279 0.394 -0.035 1.000]]
		[0.2857143 [-0.027 0.001 1.000 0.000 -0.996 0.085 -0.027 0.000 -0.085 -0.996 -0.001 0.000 -0.279 0.394 -0.035 1.000]]
		[0.3214286 [0.007 0.000 1.000 0.000 -1.000 -0.019 0.007 0.000 0.019 -1.000 0.000 0.000 -0.279 0.394 -0.035 1.000]]
		[0.3571429 [0.095 0.000 0.996 0.000 -0.964 -0.250 0.091 0.000 0.249 -0.968 -0.024 0.000 -0.279 0.394 -0.035 1.000]]
		[0.3928571 [0.170 0.000 0.985 0.000 -0.867 -0.475 0.150 0.000 0.468 -0.880 -0.081 0.000 -0.279 0.394 -0.035 1.000]]
		[0.4285714 [0.140 0.000 0.990 0.000 -0.838 -0.533 0.118 0.000 0.528 -0.846 -0.075 0.000 -0.279 0.394 -0.035 1.000]]
		[0.4642857 [0.047 0.000 0.999 0.000 -0.860 -0.509 0.040 0.000 0.508 -0.861 -0.024 0.000 -0.279 0.394 -0.035 1.000]]
		[0.5 [0.000 0.000 1.000 0.000 -0.866 -0.500 0.000 0.000 0.500 -0.866 0.000 0.000 -0.279 0.394 -0.035 1.000]]
		[0.5357143 [0.000 0.000 1.000 0.000 -0.866 -0.500 0.000 0.000 0.500 -0.866 0.000 0.000 -0.279 0.394 -0.035 1.000]]
		[0.5714286 [0.000 0.000 1.000 0.000 -0.866 -0.500 0.000 0.000 0.500 -0.866 0.000 0.000 -0.279 0.394 -0.035 1.000]]
		[0.6071429 [0.000 0.000 1.000 0.000 -0.866 -0.500 0.000 0.000 0.500 -0.866 0.000 0.000 -0.279 0.394 -0.035 1.000]]
		[0.6428571 [0.000 0.000 1.000 0.000 -0.866 -0.500 0.000 0.000 0.500 -0.866 0.000 0.000 -0.279 0.394 -0.035 1.000]]
		[0.6785714 [0.000 0.000 1.000 0.000 -0.866 -0.500 0.000 0.000 0.500 -0.866 0.000 0.000 -0.279 0.394 -0.035 1.000]]
		[0.7142857 [0.000 0.000 1.000 0.000 -0.866 -0.500 0.000 0.000 0.500 -0.866 0.000 0.000 -0.279 0.394 -0.035 1.000]]
		[0.75 [0.000 0.000 1.000 0.000 -0.866 -0.500 0.000 0.000 0.500 -0.866 0.000 0.000 -0.279 0.394 -0.035 1.000]]
		[0.7857143 [0.000 0.000 1.000 0.000 -0.866 -0.500 0.000 0.000 0.500 -0.866 0.000 0.000 -0.279 0.394 -0.035 1.000]]
		[0.8214286 [0.000 0.000 1.000 0.000 -0.866 -0.500 0.000 0.000 0.500 -0.866 0.000 0.000 -0.279 0.394 -0.035 1.000]]
		[0.8571429 [0.000 0.000 1.000 0.000 -0.866 -0.500 0.000 0.000 0.500 -0.866 0.000 0.000 -0.279 0.394 -0.035 1.000]]
		[0.8928571 [0.000 0.000 1.000 0.000 -0.866 -0.500 0.000 0.000 0.500 -0.866 0.000 0.000 -0.279 0.394 -0.035 1.000]]
		[0.9285714 [0.000 0.000 1.000 0.000 -0.866 -0.500 0.000 0.000 0.500 -0.866 0.000 0.000 -0.279 0.394 -0.035 1.000]]
		[0.9642857 [0.000 0.000 1.000 0.000 -0.866 -0.500 0.000 0.000 0.500 -0.866 0.000 0.000 -0.279 0.394 -0.035 1.000]]
	]
	"Lokot_P" [
		[0 [0.500 0.866 0.000 0.000 -0.866 0.500 0.000 0.000 0.000 0.000 1.000 0.000 0.000 0.316 0.000 1.000]]
		[0.03571429 [0.500 0.866 0.000 0.000 -0.866 0.500 0.000 0.000 0.000 0.000 1.000 0.000 0.000 0.316 0.000 1.000]]
		[0.07142857 [0.500 0.866 0.000 0.000 -0.866 0.500 0.000 0.000 0.000 0.000 1.000 0.000 0.000 0.316 0.000 1.000]]
		[0.1071429 [0.500 0.866 0.000 0.000 -0.866 0.500 0.000 0.000 0.000 0.000 1.000 0.000 0.000 0.316 0.000 1.000]]
		[0.1428571 [0.501 0.866 0.000 0.000 -0.866 0.501 0.000 0.000 0.000 0.000 1.000 0.000 0.000 0.316 0.000 1.000]]
		[0.1785714 [0.478 0.879 0.000 0.000 -0.879 0.478 0.000 0.000 0.000 0.000 1.000 0.000 0.000 0.316 0.000 1.000]]
		[0.2142857 [0.415 0.910 0.000 0.000 -0.910 0.415 0.000 0.000 0.000 0.000 1.000 0.000 0.000 0.316 0.000 1.000]]
		[0.25 [0.364 0.931 0.000 0.000 -0.931 0.364 0.000 0.000 0.000 0.000 1.000 0.000 0.000 0.316 0.000 1.000]]
		[0.2857143 [0.385 0.923 0.000 0.000 -0.923 0.385 0.000 0.000 0.000 0.000 1.000 0.000 0.000 0.316 0.000 1.000]]
		[0.3214286 [0.532 0.846 0.000 0.000 -0.846 0.532 0.000 0.000 0.000 0.000 1.000 0.000 0.000 0.316 0.000 1.000]]
		[0.3571429 [0.856 0.516 0.000 0.000 -0.516 0.856 0.000 0.000 0.000 0.000 1.000 0.000 0.000 0.316 0.000 1.000]]
		[0.3928571 [0.998 0.058 0.000 0.000 -0.058 0.998 0.000 0.000 0.000 0.000 1.000 0.000 0.000 0.316 0.000 1.000]]
		[0.4285714 [0.997 -0.077 0.000 0.000 0.077 0.997 0.000 0.000 0.000 0.000 1.000 0.000 0.000 0.316 0.000 1.000]]
		[0.4642857 [1.000 -0.021 0.000 0.000 0.021 1.000 0.000 0.000 0.000 0.000 1.000 0.000 0.000 0.316 0.000 1.000]]
		[0.5 [1.000 0.000 0.000 0.000 0.000 1.000 0.000 0.000 0.000 0.000 1.000 0.000 0.000 0.316 0.000 1.000]]
		[0.5357143 [1.000 0.000 0.000 0.000 0.000 1.000 0.000 0.000 0.000 0.000 1.000 0.000 0.000 0.316 0.000 1.000]]
		[0.5714286 [1.000 0.000 0.000 0.000 0.000 1.000 0.000 0.000 0.000 0.000 1.000 0.000 0.000 0.316 0.000 1.000]]
		[0.6071429 [1.000 0.000 0.000 0.000 0.000 1.000 0.000 0.000 0.000 0.000 1.000 0.000 0.000 0.316 0.000 1.000]]
		[0.6428571 [1.000 0.000 0.000 0.000 0.000 1.000 0.000 0.000 0.000 0.000 1.000 0.000 0.000 0.316 0.000 1.000]]
		[0.6785714 [1.000 0.000 0.000 0.000 0.000 1.000 0.000 0.000 0.000 0.000 1.000 0.000 0.000 0.316 0.000 1.000]]
		[0.7142857 [1.000 0.000 0.000 0.000 0.000 1.000 0.000 0.000 0.000 0.000 1.000 0.000 0.000 0.316 0.000 1.000]]
		[0.75 [1.000 0.000 0.000 0.000 0.000 1.000 0.000 0.000 0.000 0.000 1.000 0.000 0.000 0.316 0.000 1.000]]
		[0.7857143 [1.000 0.000 0.000 0.000 0.000 1.000 0.000 0.000 0.000 0.000 1.000 0.000 0.000 0.316 0.000 1.000]]
		[0.8214286 [1.000 0.000 0.000 0.000 0.000 1.000 0.000 0.000 0.000 0.000 1.000 0.000 0.000 0.316 0.000 1.000]]
		[0.8571429 [1.000 0.000 0.000 0.000 0.000 1.000 0.000 0.000 0.000 0.000 1.000 0.000 0.000 0.316 0.000 1.000]]
		[0.8928571 [1.000 0.000 0.000 0.000 0.000 1.000 0.000 0.000 0.000 0.000 1.000 0.000 0.000 0.316 0.000 1.000]]
		[0.9285714 [1.000 0.000 0.000 0.000 0.000 1.000 0.000 0.000 0.000 0.000 1.000 0.000 0.000 0.316 0.000 1.000]]
		[0.9642857 [1.000 0.000 0.000 0.000 0.000 1.000 0.000 0.000 0.000 0.000 1.000 0.000 0.000 0.316 0.000 1.000]]
	]
	"Lokot_P_end" [
		[0 [1.000 0.000 0.000 0.000 0.000 1.000 0.000 0.000 0.000 0.000 1.000 0.000 0.000 0.469 0.000 1.000]]
	]
	"Cube" [
		[0 [0.182 -0.080 -0.026 0.000 0.081 0.183 0.004 0.000 0.022 -0.014 0.198 0.000 -0.457 -0.040 -0.155 1.000]]
		[0.03571429 [0.159 -0.068 -0.100 0.000 0.099 0.168 0.045 0.000 0.069 -0.085 0.167 0.000 -0.622 0.135 -0.072 1.000]]
		[0.07142857 [0.113 -0.042 -0.160 0.000 0.131 0.140 0.056 0.000 0.100 -0.137 0.106 0.000 -0.760 0.270 0.148 1.000]]
		[0.1071429 [0.055 -0.010 -0.192 0.000 0.159 0.114 0.040 0.000 0.108 -0.164 0.039 0.000 -0.822 0.323 0.396 1.000]]
		[0.1428571 [0.007 0.027 -0.198 0.000 0.172 0.100 0.019 0.000 0.102 -0.171 -0.019 0.000 -0.821 0.282 0.549 1.000]]
		[0.1785714 [-0.020 0.074 -0.185 0.000 0.177 0.091 0.018 0.000 0.090 -0.162 -0.075 0.000 -0.794 0.145 0.532 1.000]]
		[0.2142857 [-0.031 0.130 -0.149 0.000 0.183 0.075 0.028 0.000 0.074 -0.132 -0.130 0.000 -0.755 -0.073 0.340 1.000]]
		[0.25 [-0.029 0.174 -0.094 0.000 0.187 0.055 0.044 0.000 0.064 -0.082 -0.171 0.000 -0.733 -0.305 0.010 1.000]]
		[0.2857143 [-0.017 0.196 -0.036 0.000 0.186 0.029 0.068 0.000 0.072 -0.028 -0.185 0.000 -0.753 -0.472 -0.365 1.000]]
		[0.3214286 [0.004 0.200 0.003 0.000 0.169 -0.005 0.108 0.000 0.108 0.001 -0.169 0.000 -0.834 -0.520 -0.661 1.000]]
		[0.3571429 [0.050 0.193 0.013 0.000 0.083 -0.034 0.179 0.000 0.175 -0.039 -0.089 0.000 -0.972 -0.359 -0.870 1.000]]
		[0.3928571 [0.094 0.176 0.017 0.000 -0.024 -0.006 0.198 0.000 0.175 -0.095 0.018 0.000 -0.942 -0.163 -1.056 1.000]]
		[0.4285714 [0.106 0.169 0.015 0.000 -0.041 0.008 0.196 0.000 0.165 -0.106 0.039 0.000 -0.910 -0.119 -1.098 1.000]]
		[0.4642857 [0.102 0.172 0.005 0.000 -0.013 0.002 0.200 0.000 0.172 -0.102 0.012 0.000 -0.933 -0.137 -1.041 1.000]]
		[0.5 [0.100 0.173 0.000 0.000 0.000 0.000 0.200 0.000 0.173 -0.100 0.000 0.000 -0.938 -0.144 -1.015 1.000]]
		[0.5357143 [0.100 0.173 0.000 0.000 0.000 0.000 0.200 0.000 0.173 -0.100 0.000 0.000 -0.938 -0.144 -1.015 1.000]]
		[0.5714286 [0.100 0.173 0.000 0.000 0.000 0.000 0.200 0.000 0.173 -0.100 0.000 0.000 -0.938 -0.144 -1.015 1.000]]
		[0.6071429 [0.100 0.173 0.000 0.000 0.000 0.000 0.200 0.000 0.173 -0.100 0.000 0.000 -0.938 -0.144 -1.015 1.000]]
		[0.6428571 [0.100 0.173 0.000 0.000 0.000 0.000 0.200 0.000 0.173 -0.100 0.000 0.000 -0.938 -0.144 -1.015 1.000]]
		[0.6785714 [0.100 0.173 0.000 0.000 0.000 0.000 0.200 0.000 0.173 -0.100 0.000 0.000 -0.938 -0.144 -1.015 1.000]]
		[0.7142857 [0.100 0.173 0.000 0.000 0.000 0.000 0.200 0.000 0.173 -0.100 0.000 0.000 -0.938 -0.144 -1.015 1.000]]
		[0.75 [0.100 0.173 0.000 0.000 0.000 0.000 0.200 0.000 0.173 -0.100 0.000 0.000 -0.938 -0.144 -1.015 1.000]]
		[0.7857143 [0.100 0.173 0.000 0.000 0.000 0.000 0.200 0.000 0.173 -0.100 0.000 0.000 -0.938 -0.144 -1.015 1.000]]
		[0.8214286 [0.100 0.173 0.000 0.000 0.000 0.000 0.200 0.000 0.173 -0.100 0.000 0.000 -0.938 -0.144 -1.015 1.000]]
		[0.8571429 [0.100 0.173 0.000 0.000 0.000 0.000 0.200 0.000 0.173 -0.100 0.000 0.000 -0.938 -0.144 -1.015 1.000]]
		[0.8928571 [0.100 0.173 0.000 0.000 0.000 0.000 0.200 0.000 0.173 -0.100 0.000 0.000 -0.938 -0.144 -1.015 1.000]]
		[0.9285714 [0.100 0.173 0.000 0.000 0.000 0.000 0.200 0.000 0.173 -0.100 0.000 0.000 -0.938 -0.144 -1.015 1.000]]
		[0.9642857 [0.100 0.173 0.000 0.000 0.000 0.000 0.200 0.000 0.173 -0.100 0.000 0.000 -0.938 -0.144 -1.015 1.000]]
	]
	"Cube.001" [
		[0 [0.163 0.090 0.074 0.000 -0.116 0.134 0.092 0.000 -0.008 -0.118 0.161 0.000 0.480 0.219 -0.058 1.000]]
