{ :name "Idle" :length 2 :bones { 
	"Armature" [
		[0 [1 0 0 0 0 0.9999998 2.007283E-15 0 0 -2.007283E-15 0.9999998 0 0 -1.24345E-17 -8.195644E-11 1]]
	]
	"Skelet" [
		[0 [1 0 0 0 0 0.9999996 0 0 0 0 0.9999996 0 0 -0.0003999998 4.76837E-11 1]]
	]
	"Bedro_L" [
		[0 [0.962227 0.2675513 0.05035086 0 -0.2720293 0.9522918 0.138353 0 -0.01093207 -0.1468193 0.9891027 0 2.970387E-05 0.0003987518 -1.070672E-05 1]]
	]
	"Koleno_L" [
		[0 [0.9997441 0.01792954 -0.01383084 0 -0.0198877 0.9872741 -0.1577801 0 0.01082533 0.1580101 0.987378 0 0.001422857 -6.604592E-05 -0.0007256172 1]]
	]
	"Koleno_L_end" [
		[0 [0.9997441 0.01792954 -0.01383084 0 -0.0198877 0.9872741 -0.1577801 0 0.01082533 0.1580101 0.987378 0 0.001307976 -0.0001395573 -0.001637035 1]]
	]
	"Bedro_P" [
		[0 [0.6740398 0.2694751 0.6877978 0 -0.026827 0.9394017 -0.3417725 0 -0.7381975 0.2119101 0.6404237 0 2.960738E-05 0.0003987603 1.063789E-05 1]]
	]
	"Koleno_P" [
		[0 [0.6324121 0.05455814 0.7727193 0 -0.1208792 0.9922469 0.02887438 0 -0.765132 -0.1116624 0.6341044 0 0.0001105708 4.025244E-05 0.00180856 1]]
	]
	"Koleno_P_end" [
		[0 [0.6324121 0.05455814 0.7727193 0 -0.1208792 0.9922469 0.02887438 0 -0.765132 -0.1116624 0.6341044 0 -0.0005876881 -4.531734E-06 0.001975352 1]]
	]
	"Tors" [
		[0 [1 0 0 0 0 0.9396923 -0.34202 0 0 0.34202 0.9396923 0 0 -0.000400001 4.768371E-11 1]]
		[0.008333334 [1 0 0 0 0 0.9394402 -0.3427118 0 0 0.3427118 0.9394402 0 0 -0.000400001 4.768371E-11 1]]
		[0.01666667 [1 0 0 0 0 0.9391856 -0.3434088 0 0 0.3434088 0.9391856 0 0 -0.000400001 4.768371E-11 1]]
		[0.025 [1 0 0 0 0 0.9389256 -0.3441192 0 0 0.3441192 0.9389256 0 0 -0.000400001 4.768371E-11 1]]
		[0.03333334 [1 0 0 0 0 0.9386611 -0.34484 0 0 0.34484 0.9386611 0 0 -0.000400001 4.768371E-11 1]]
		[0.04166667 [1 0 0 0 0 0.9383923 -0.3455708 0 0 0.3455708 0.9383923 0 0 -0.000400001 4.768371E-11 1]]
		[0.05 [1 0 0 0 0 0.9381192 -0.3463114 0 0 0.3463114 0.9381192 0 0 -0.000400001 4.768371E-11 1]]
		[0.05833333 [1 0 0 0 0 0.9378421 -0.3470614 0 0 0.3470614 0.9378421 0 0 -0.000400001 4.768371E-11 1]]
		[0.06666667 [1 0 0 0 0 0.9375607 -0.3478206 0 0 0.3478206 0.9375607 0 0 -0.000400001 4.768371E-11 1]]
		[0.075 [1 0 0 0 0 0.9372755 -0.3485885 0 0 0.3485885 0.9372755 0 0 -0.000400001 4.768371E-11 1]]
		[0.08333334 [1 0 0 0 0 0.9369863 -0.3493651 0 0 0.3493651 0.9369863 0 0 -0.000400001 4.768371E-11 1]]
		[0.09166667 [1 0 0 0 0 0.9366933 -0.35015 0 0 0.35015 0.9366933 0 0 -0.000400001 4.768371E-11 1]]
		[0.1 [1 0 0 0 0 0.9363965 -0.3509429 0 0 0.3509429 0.9363965 0 0 -0.000400001 4.768371E-11 1]]
		[0.1083333 [1 0 0 0 0 0.9360961 -0.3517433 0 0 0.3517433 0.9360961 0 0 -0.000400001 4.768371E-11 1]]
		[0.1166667 [1 0 0 0 0 0.9357921 -0.3525513 0 0 0.3525513 0.9357921 0 0 -0.000400001 4.768371E-11 1]]
		[0.125 [1 0 0 0 0 0.9354846 -0.3533663 0 0 0.3533663 0.9354846 0 0 -0.000400001 4.768371E-11 1]]
		[0.1333333 [1 0 0 0 0 0.9351738 -0.3541881 0 0 0.3541881 0.9351738 0 0 -0.000400001 4.768371E-11 1]]
		[0.1416667 [1 0 0 0 0 0.9348596 -0.3550166 0 0 0.3550166 0.9348596 0 0 -0.000400001 4.768371E-11 1]]
		[0.15 [1 0 0 0 0 0.9345423 -0.3558511 0 0 0.3558511 0.9345423 0 0 -0.000400001 4.768371E-11 1]]
		[0.1583333 [1 0 0 0 0 0.9342217 -0.3566917 0 0 0.3566917 0.9342217 0 0 -0.000400001 4.768371E-11 1]]
		[0.1666667 [1 0 0 0 0 0.9338982 -0.3575379 0 0 0.3575379 0.9338982 0 0 -0.000400001 4.768371E-11 1]]
		[0.175 [1 0 0 0 0 0.9335718 -0.3583894 0 0 0.3583894 0.9335718 0 0 -0.000400001 4.768371E-11 1]]
		[0.1833333 [1 0 0 0 0 0.9332424 -0.3592461 0 0 0.3592461 0.9332424 0 0 -0.000400001 4.768371E-11 1]]
		[0.1916667 [1 0 0 0 0 0.9329104 -0.3601075 0 0 0.3601075 0.9329104 0 0 -0.000400001 4.768371E-11 1]]
		[0.2 [1 0 0 0 0 0.9325757 -0.3609734 0 0 0.3609734 0.9325757 0 0 -0.000400001 4.768371E-11 1]]
		[0.2083333 [1 0 0 0 0 0.9322384 -0.3618436 0 0 0.3618436 0.9322384 0 0 -0.000400001 4.768371E-11 1]]
		[0.2166667 [1 0 0 0 0 0.9318988 -0.3627176 0 0 0.3627176 0.9318988 0 0 -0.000400001 4.768371E-11 1]]
		[0.225 [1 0 0 0 0 0.9315566 -0.3635953 0 0 0.3635953 0.9315566 0 0 -0.000400001 4.768371E-11 1]]
		[0.2333333 [1 0 0 0 0 0.9312122 -0.3644764 0 0 0.3644764 0.9312122 0 0 -0.000400001 4.768371E-11 1]]
		[0.2416667 [1 0 0 0 0 0.9308658 -0.3653605 0 0 0.3653605 0.9308658 0 0 -0.000400001 4.768371E-11 1]]
		[0.25 [1 0 0 0 0 0.9305171 -0.3662473 0 0 0.3662473 0.9305171 0 0 -0.000400001 4.768371E-11 1]]
		[0.2583333 [1 0 0 0 0 0.9301666 -0.3671367 0 0 0.3671367 0.9301666 0 0 -0.000400001 4.768371E-11 1]]
		[0.2666667 [1 0 0 0 0 0.9298143 -0.3680282 0 0 0.3680282 0.9298143 0 0 -0.000400001 4.768371E-11 1]]
		[0.275 [1 0 0 0 0 0.9294601 -0.3689217 0 0 0.3689217 0.9294601 0 0 -0.000400001 4.768371E-11 1]]
		[0.2833333 [1 0 0 0 0 0.9291043 -0.3698169 0 0 0.3698169 0.9291043 0 0 -0.000400001 4.768371E-11 1]]
		[0.2916667 [1 0 0 0 0 0.928747 -0.3707132 0 0 0.3707132 0.928747 0 0 -0.000400001 4.768371E-11 1]]
		[0.3 [1 0 0 0 0 0.9283882 -0.3716108 0 0 0.3716108 0.9283882 0 0 -0.000400001 4.768371E-11 1]]
		[0.3083333 [1 0 0 0 0 0.9280282 -0.372509 0 0 0.372509 0.9280282 0 0 -0.000400001 4.768371E-11 1]]
		[0.3166667 [1 0 0 0 0 0.9276669 -0.3734078 0 0 0.3734078 0.9276669 0 0 -0.000400001 4.768371E-11 1]]
		[0.325 [1 0 0 0 0 0.9273045 -0.3743068 0 0 0.3743068 0.9273045 0 0 -0.000400001 4.768371E-11 1]]
		[0.3333333 [1 0 0 0 0 0.9269412 -0.3752057 0 0 0.3752057 0.9269412 0 0 -0.000400001 4.768371E-11 1]]
		[0.3416667 [1 0 0 0 0 0.926577 -0.3761043 0 0 0.3761043 0.926577 0 0 -0.000400001 4.768371E-11 1]]
		[0.35 [1 0 0 0 0 0.926212 -0.3770022 0 0 0.3770022 0.926212 0 0 -0.000400001 4.768371E-11 1]]
		[0.3583333 [1 0 0 0 0 0.9258463 -0.3778992 0 0 0.3778992 0.9258463 0 0 -0.000400001 4.768371E-11 1]]
		[0.3666667 [1 0 0 0 0 0.9254801 -0.3787951 0 0 0.3787951 0.9254801 0 0 -0.000400001 4.768371E-11 1]]
		[0.375 [1 0 0 0 0 0.9251136 -0.3796894 0 0 0.3796894 0.9251136 0 0 -0.000400001 4.768371E-11 1]]
		[0.3833333 [1 0 0 0 0 0.9247468 -0.380582 0 0 0.380582 0.9247468 0 0 -0.000400001 4.768371E-11 1]]
		[0.3916667 [1 0 0 0 0 0.9243798 -0.3814726 0 0 0.3814726 0.9243798 0 0 -0.000400001 4.768371E-11 1]]
		[0.4 [1 0 0 0 0 0.9240127 -0.3823608 0 0 0.3823608 0.9240127 0 0 -0.000400001 4.768371E-11 1]]
		[0.4083333 [1 0 0 0 0 0.9236457 -0.3832464 0 0 0.3832464 0.9236457 0 0 -0.000400001 4.768371E-11 1]]
		[0.4166667 [1 0 0 0 0 0.9232789 -0.3841292 0 0 0.3841292 0.9232789 0 0 -0.000400001 4.768371E-11 1]]
		[0.425 [1 0 0 0 0 0.9229125 -0.3850088 0 0 0.3850088 0.9229125 0 0 -0.000400001 4.768371E-11 1]]
		[0.4333333 [1 0 0 0 0 0.9225465 -0.385885 0 0 0.385885 0.9225465 0 0 -0.000400001 4.768371E-11 1]]
		[0.4416667 [1 0 0 0 0 0.9221811 -0.3867576 0 0 0.3867576 0.9221811 0 0 -0.000400001 4.768371E-11 1]]
		[0.45 [1 0 0 0 0 0.9218163 -0.387626 0 0 0.387626 0.9218163 0 0 -0.000400001 4.768371E-11 1]]
		[0.4583333 [1 0 0 0 0 0.9214525 -0.3884903 0 0 0.3884903 0.9214525 0 0 -0.000400001 4.768371E-11 1]]
		[0.4666667 [1 0 0 0 0 0.9210894 -0.3893501 0 0 0.3893501 0.9210894 0 0 -0.000400001 4.768371E-11 1]]
		[0.475 [1 0 0 0 0 0.9207277 -0.390205 0 0 0.390205 0.9207277 0 0 -0.000400001 4.768371E-11 1]]
		[0.4833333 [1 0 0 0 0 0.9203669 -0.3910549 0 0 0.3910549 0.9203669 0 0 -0.000400001 4.768371E-11 1]]
		[0.4916667 [1 0 0 0 0 0.9200076 -0.3918994 0 0 0.3918994 0.9200076 0 0 -0.000400001 4.768371E-11 1]]
		[0.5 [1 0 0 0 0 0.9196498 -0.3927383 0 0 0.3927383 0.9196498 0 0 -0.000400001 4.768371E-11 1]]
		[0.5083333 [1 0 0 0 0 0.9192937 -0.3935713 0 0 0.3935713 0.9192937 0 0 -0.000400001 4.768371E-11 1]]
		[0.5166667 [1 0 0 0 0 0.9189392 -0.3943981 0 0 0.3943981 0.9189392 0 0 -0.000400001 4.768371E-11 1]]
		[0.525 [1 0 0 0 0 0.9185868 -0.3952185 0 0 0.3952185 0.9185868 0 0 -0.000400001 4.768371E-11 1]]
		[0.5333334 [1 0 0 0 0 0.9182362 -0.3960322 0 0 0.3960322 0.9182362 0 0 -0.000400001 4.768371E-11 1]]
		[0.5416667 [1 0 0 0 0 0.9178879 -0.3968388 0 0 0.3968388 0.9178879 0 0 -0.000400001 4.768371E-11 1]]
		[0.55 [1 0 0 0 0 0.9175419 -0.3976382 0 0 0.3976382 0.9175419 0 0 -0.000400001 4.768371E-11 1]]
		[0.5583333 [1 0 0 0 0 0.9171983 -0.3984301 0 0 0.3984301 0.9171983 0 0 -0.000400001 4.768371E-11 1]]
		[0.5666667 [1 0 0 0 0 0.9168572 -0.3992142 0 0 0.3992142 0.9168572 0 0 -0.000400001 4.768371E-11 1]]
		[0.575 [1 0 0 0 0 0.916519 -0.3999903 0 0 0.3999903 0.916519 0 0 -0.000400001 4.768371E-11 1]]
		[0.5833333 [1 0 0 0 0 0.9161836 -0.400758 0 0 0.400758 0.9161836 0 0 -0.000400001 4.768371E-11 1]]
		[0.5916666 [1 0 0 0 0 0.9158512 -0.401517 0 0 0.401517 0.9158512 0 0 -0.000400001 4.768371E-11 1]]
		[0.6 [1 0 0 0 0 0.9155219 -0.4022672 0 0 0.4022672 0.9155219 0 0 -0.000400001 4.768371E-11 1]]
		[0.6083333 [1 0 0 0 0 0.9151959 -0.4030083 0 0 0.4030083 0.9151959 0 0 -0.000400001 4.768371E-11 1]]
		[0.6166667 [1 0 0 0 0 0.9148734 -0.4037399 0 0 0.4037399 0.9148734 0 0 -0.000400001 4.768371E-11 1]]
		[0.625 [1 0 0 0 0 0.9145544 -0.4044619 0 0 0.4044619 0.9145544 0 0 -0.000400001 4.768371E-11 1]]
		[0.6333333 [1 0 0 0 0 0.9142392 -0.4051739 0 0 0.4051739 0.9142392 0 0 -0.000400001 4.768371E-11 1]]
		[0.6416667 [1 0 0 0 0 0.9139279 -0.4058757 0 0 0.4058757 0.9139279 0 0 -0.000400001 4.768371E-11 1]]
		[0.65 [1 0 0 0 0 0.9136205 -0.4065671 0 0 0.4065671 0.9136205 0 0 -0.000400001 4.768371E-11 1]]
		[0.6583334 [1 0 0 0 0 0.9133174 -0.4072477 0 0 0.4072477 0.9133174 0 0 -0.000400001 4.768371E-11 1]]
		[0.6666667 [1 0 0 0 0 0.9130185 -0.4079172 0 0 0.4079172 0.9130185 0 0 -0.000400001 4.768371E-11 1]]
		[0.675 [1 0 0 0 0 0.9127242 -0.4085755 0 0 0.4085755 0.9127242 0 0 -0.000400001 4.768371E-11 1]]
		[0.6833333 [1 0 0 0 0 0.9124343 -0.4092222 0 0 0.4092222 0.9124343 0 0 -0.000400001 4.768371E-11 1]]
		[0.6916667 [1 0 0 0 0 0.9121493 -0.4098572 0 0 0.4098572 0.9121493 0 0 -0.000400001 4.768371E-11 1]]
		[0.7 [1 0 0 0 0 0.9118692 -0.41048 0 0 0.41048 0.9118692 0 0 -0.000400001 4.768371E-11 1]]
		[0.7083333 [1 0 0 0 0 0.9115942 -0.4110905 0 0 0.4110905 0.9115942 0 0 -0.000400001 4.768371E-11 1]]
		[0.7166666 [1 0 0 0 0 0.9113243 -0.4116883 0 0 0.4116883 0.9113243 0 0 -0.000400001 4.768371E-11 1]]
		[0.725 [1 0 0 0 0 0.9110597 -0.4122733 0 0 0.4122733 0.9110597 0 0 -0.000400001 4.768371E-11 1]]
		[0.7333333 [1 0 0 0 0 0.9108008 -0.4128453 0 0 0.4128453 0.9108008 0 0 -0.000400001 4.768371E-11 1]]
		[0.7416667 [1 0 0 0 0 0.9105474 -0.4134037 0 0 0.4134037 0.9105474 0 0 -0.000400001 4.768371E-11 1]]
		[0.75 [1 0 0 0 0 0.9103 -0.4139485 0 0 0.4139485 0.9103 0 0 -0.000400001 4.768371E-11 1]]
		[0.7583333 [1 0 0 0 0 0.9100583 -0.4144793 0 0 0.4144793 0.9100583 0 0 -0.000400001 4.768371E-11 1]]
		[0.7666667 [1 0 0 0 0 0.9098228 -0.414996 0 0 0.414996 0.9098228 0 0 -0.000400001 4.768371E-11 1]]
		[0.775 [1 0 0 0 0 0.9095936 -0.4154981 0 0 0.4154981 0.9095936 0 0 -0.000400001 4.768371E-11 1]]
		[0.7833334 [1 0 0 0 0 0.9093708 -0.4159857 0 0 0.4159857 0.9093708 0 0 -0.000400001 4.768371E-11 1]]
		[0.7916667 [1 0 0 0 0 0.9091545 -0.4164581 0 0 0.4164581 0.9091545 0 0 -0.000400001 4.768371E-11 1]]
		[0.8 [1 0 0 0 0 0.9089449 -0.4169154 0 0 0.4169154 0.9089449 0 0 -0.000400001 4.768371E-11 1]]
		[0.8083333 [1 0 0 0 0 0.9087422 -0.417357 0 0 0.417357 0.9087422 0 0 -0.000400001 4.768371E-11 1]]
		[0.8166667 [1 0 0 0 0 0.9085465 -0.4177829 0 0 0.4177829 0.9085465 0 0 -0.000400001 4.768371E-11 1]]
		[0.825 [1 0 0 0 0 0.9083579 -0.4181927 0 0 0.4181927 0.9083579 0 0 -0.000400001 4.768371E-11 1]]
		[0.8333333 [1 0 0 0 0 0.9081766 -0.4185863 0 0 0.4185863 0.9081766 0 0 -0.000400001 4.768371E-11 1]]
		[0.8416666 [1 0 0 0 0 0.9080029 -0.4189631 0 0 0.4189631 0.9080029 0 0 -0.000400001 4.768371E-11 1]]
		[0.85 [1 0 0 0 0 0.9078367 -0.4193232 0 0 0.4193232 0.9078367 0 0 -0.000400001 4.768371E-11 1]]
		[0.8583333 [1 0 0 0 0 0.9076782 -0.4196662 0 0 0.4196662 0.9076782 0 0 -0.000400001 4.768371E-11 1]]
		[0.8666667 [1 0 0 0 0 0.9075275 -0.4199917 0 0 0.4199917 0.9075275 0 0 -0.000400001 4.768371E-11 1]]
		[0.875 [1 0 0 0 0 0.907385 -0.4202997 0 0 0.4202997 0.907385 0 0 -0.000400001 4.768371E-11 1]]
		[0.8833333 [1 0 0 0 0 0.9072506 -0.4205896 0 0 0.4205896 0.9072506 0 0 -0.000400001 4.768371E-11 1]]
		[0.8916667 [1 0 0 0 0 0.9071245 -0.4208614 0 0 0.4208614 0.9071245 0 0 -0.000400001 4.768371E-11 1]]
		[0.9 [1 0 0 0 0 0.907007 -0.4211148 0 0 0.4211148 0.907007 0 0 -0.000400001 4.768371E-11 1]]
		[0.9083334 [1 0 0 0 0 0.906898 -0.4213494 0 0 0.4213494 0.906898 0 0 -0.000400001 4.768371E-11 1]]
		[0.9166667 [1 0 0 0 0 0.9067978 -0.4215651 0 0 0.4215651 0.9067978 0 0 -0.000400001 4.768371E-11 1]]
		[0.925 [1 0 0 0 0 0.9067065 -0.4217615 0 0 0.4217615 0.9067065 0 0 -0.000400001 4.768371E-11 1]]
		[0.9333333 [1 0 0 0 0 0.9066241 -0.4219384 0 0 0.4219384 0.9066241 0 0 -0.000400001 4.768371E-11 1]]
		[0.9416667 [1 0 0 0 0 0.9065509 -0.4220955 0 0 0.4220955 0.9065509 0 0 -0.000400001 4.768371E-11 1]]
		[0.95 [1 0 0 0 0 0.9064872 -0.4222324 0 0 0.4222324 0.9064872 0 0 -0.000400001 4.768371E-11 1]]
		[0.9583333 [1 0 0 0 0 0.9064327 -0.4223492 0 0 0.4223492 0.9064327 0 0 -0.000400001 4.768371E-11 1]]
		[0.9666666 [1 0 0 0 0 0.906388 -0.4224453 0 0 0.4224453 0.906388 0 0 -0.000400001 4.768371E-11 1]]
		[0.975 [1 0 0 0 0 0.9063529 -0.4225205 0 0 0.4225205 0.9063529 0 0 -0.000400001 4.768371E-11 1]]
		[0.9833333 [1 0 0 0 0 0.9063278 -0.4225745 0 0 0.4225745 0.9063278 0 0 -0.000400001 4.768371E-11 1]]
		[0.9916667 [1 0 0 0 0 0.9063125 -0.4226072 0 0 0.4226072 0.9063125 0 0 -0.000400001 4.768371E-11 1]]
	]
	"Golova" [
		[0 [1 0 -2.384186E-07 0 0 0.9999996 0 0 2.384185E-07 0 0.9999996 0 -4.861851E-10 -0.0007595706 -0.002039208 1]]
		[0.008333334 [1 0 -2.384186E-07 0 0 0.9999996 0 0 2.384185E-07 0 0.9999996 0 -4.871684E-10 -0.0007610738 -0.002043332 1]]
		[0.01666667 [1 0 -2.384186E-07 0 0 0.9999996 0 0 2.384185E-07 0 0.9999996 0 -4.881592E-10 -0.0007625901 -0.002047488 1]]
		[0.025 [1 0 -2.384186E-07 0 0 0.9999996 0 0 2.384185E-07 0 0.9999996 0 -4.89169E-10 -0.0007641423 -0.002051724 1]]
		[0.03333334 [1 0 -2.384186E-07 0 0 0.9999996 0 0 2.384185E-07 0 0.9999996 0 -4.901936E-10 -0.0007657182 -0.002056021 1]]
		[0.04166667 [1 0 -2.384186E-07 0 0 0.9999996 0 0 2.384185E-07 0 0.9999996 0 -4.912326E-10 -0.0007673204 -0.002060379 1]]
		[0.05 [1 0 -2.384186E-07 0 0 0.9999996 0 0 2.384185E-07 0 0.9999996 0 -4.922853E-10 -0.0007689488 -0.002064794 1]]
		[0.05833333 [1 0 -2.384186E-07 0 0 0.9999996 0 0 2.384185E-07 0 0.9999996 0 -4.933514E-10 -0.0007706022 -0.002069266 1]]
		[0.06666667 [1 0 -2.384186E-07 0 0 0.9999996 0 0 2.384185E-07 0 0.9999996 0 -4.944306E-10 -0.0007722795 -0.002073792 1]]
		[0.075 [1 0 -2.384186E-07 0 0 0.9999996 0 0 2.384185E-07 0 0.9999996 0 -4.955222E-10 -0.0007739794 -0.002078371 1]]
		[0.08333334 [1 0 -2.384186E-07 0 0 0.9999996 0 0 2.384185E-07 0 0.9999996 0 -4.966262E-10 -0.0007757032 -0.002083001 1]]
		[0.09166667 [1 0 -2.384186E-07 0 0 0.9999996 0 0 2.384185E-07 0 0.9999996 0 -4.977418E-10 -0.0007774508 -0.002087681 1]]
		[0.1 [1 0 -2.384186E-07 0 0 0.9999996 0 0 2.384185E-07 0 0.9999996 0 -4.988689E-10 -0.0007792198 -0.002092408 1]]
		[0.1083333 [1 0 -2.384186E-07 0 0 0.9999996 0 0 2.384185E-07 0 0.9999996 0 -5.000068E-10 -0.0007810115 -0.002097181 1]]
		[0.1166667 [1 0 -2.384186E-07 0 0 0.9999996 0 0 2.384185E-07 0 0.9999996 0 -5.011553E-10 -0.0007828248 -0.002101998 1]]
		[0.125 [1 0 -2.384186E-07 0 0 0.9999996 0 0 2.384185E-07 0 0.9999996 0 -5.02314E-10 -0.0007846582 -0.002106857 1]]
		[0.1333333 [1 0 -2.384186E-07 0 0 0.9999996 0 0 2.384185E-07 0 0.9999996 0 -5.034821E-10 -0.0007865107 -0.002111757 1]]
		[0.1416667 [1 0 -2.384186E-07 0 0 0.9999996 0 0 2.384185E-07 0 0.9999996 0 -5.046598E-10 -0.0007883846 -0.002116696 1]]
		[0.15 [1 0 -2.384186E-07 0 0 0.9999996 0 0 2.384185E-07 0 0.9999996 0 -5.058461E-10 -0.0007902765 -0.002121672 1]]
		[0.1583333 [1 0 -2.384186E-07 0 0 0.9999996 0 0 2.384185E-07 0 0.9999996 0 -5.07041E-10 -0.0007921874 -0.002126684 1]]
		[0.1666667 [1 0 -2.384186E-07 0 0 0.9999996 0 0 2.384185E-07 0 0.9999996 0 -5.082438E-10 -0.0007941162 -0.002131729 1]]
		[0.175 [1 0 -2.384186E-07 0 0 0.9999996 0 0 2.384185E-07 0 0.9999996 0 -5.094544E-10 -0.0007960629 -0.002136806 1]]
		[0.1833333 [1 0 -2.384186E-07 0 0 0.9999996 0 0 2.384185E-07 0 0.9999996 0 -5.106721E-10 -0.0007980263 -0.002141914 1]]
		[0.1916667 [1 0 -2.384186E-07 0 0 0.9999996 0 0 2.384185E-07 0 0.9999996 0 -5.118966E-10 -0.0008000052 -0.00214705 1]]
		[0.2 [1 0 -2.384186E-07 0 0 0.9999996 0 0 2.384185E-07 0 0.9999996 0 -5.131275E-10 -0.0008020019 -0.002152213 1]]
		[0.2083333 [1 0 -2.384186E-07 0 0 0.9999996 0 0 2.384185E-07 0 0.9999996 0 -5.143645E-10 -0.000804013 -0.002157401 1]]
		[0.2166667 [1 0 -2.384186E-07 0 0 0.9999996 0 0 2.384185E-07 0 0.9999996 0 -5.156069E-10 -0.0008060372 -0.002162612 1]]
		[0.225 [1 0 -2.384186E-07 0 0 0.9999996 0 0 2.384185E-07 0 0.9999996 0 -5.168546E-10 -0.000808078 -0.002167845 1]]
		[0.2333333 [1 0 -2.384186E-07 0 0 0.9999996 0 0 2.384185E-07 0 0.9999996 0 -5.18107E-10 -0.0008101308 -0.002173098 1]]
		[0.2416667 [1 0 -2.384186E-07 0 0 0.9999996 0 0 2.384185E-07 0 0.9999996 0 -5.193638E-10 -0.0008121967 -0.00217837 1]]
		[0.25 [1 0 -2.384186E-07 0 0 0.9999996 0 0 2.384185E-07 0 0.9999996 0 -5.206244E-10 -0.0008142745 -0.002183657 1]]
		[0.2583333 [1 0 -2.384186E-07 0 0 0.9999996 0 0 2.384185E-07 0 0.9999996 0 -5.218886E-10 -0.0008163642 -0.00218896 1]]
		[0.2666667 [1 0 -2.384186E-07 0 0 0.9999996 0 0 2.384185E-07 0 0.9999996 0 -5.23156E-10 -0.0008184659 -0.002194275 1]]
		[0.275 [1 0 -2.384186E-07 0 0 0.9999996 0 0 2.384185E-07 0 0.9999996 0 -5.244261E-10 -0.0008205783 -0.002199602 1]]
		[0.2833333 [1 0 -2.384186E-07 0 0 0.9999996 0 0 2.384185E-07 0 0.9999996 0 -5.256985E-10 -0.0008226978 -0.002204939 1]]
		[0.2916667 [1 0 -2.384186E-07 0 0 0.9999996 0 0 2.384185E-07 0 0.9999996 0 -5.269728E-10 -0.0008248293 -0.002210284 1]]
		[0.3 [1 0 -2.384186E-07 0 0 0.9999996 0 0 2.384185E-07 0 0.9999996 0 -5.282486E-10 -0.0008269679 -0.002215635 1]]
		[0.3083333 [1 0 -2.384186E-07 0 0 0.9999996 0 0 2.384185E-07 0 0.9999996 0 -5.295256E-10 -0.0008291137 -0.002220991 1]]
		[0.3166667 [1 0 -2.384186E-07 0 0 0.9999996 0 0 2.384185E-07 0 0.9999996 0 -5.308032E-10 -0.000831269 -0.00222635 1]]
		[0.325 [1 0 -2.384186E-07 0 0 0.9999996 0 0 2.384185E-07 0 0.9999996 0 -5.320811E-10 -0.000833429 -0.00223171 1]]
		[0.3333333 [1 0 -2.384186E-07 0 0 0.9999996 0 0 2.384185E-07 0 0.9999996 0 -5.33359E-10 -0.0008355963 -0.00223707 1]]
		[0.3416667 [1 0 -2.384186E-07 0 0 0.9999996 0 0 2.384185E-07 0 0.9999996 0 -5.346363E-10 -0.0008377671 -0.002242427 1]]
		[0.35 [1 0 -2.384186E-07 0 0 0.9999996 0 0 2.384185E-07 0 0.9999996 0 -5.359126E-10 -0.0008399439 -0.00224778 1]]
		[0.3583333 [1 0 -2.384186E-07 0 0 0.9999996 0 0 2.384185E-07 0 0.9999996 0 -5.371877E-10 -0.000842123 -0.002253129 1]]
		[0.3666667 [1 0 -2.384186E-07 0 0 0.9999996 0 0 2.384185E-07 0 0.9999996 0 -5.384612E-10 -0.0008443069 -0.00225847 1]]
		[0.375 [1 0 -2.384186E-07 0 0 0.9999996 0 0 2.384185E-07 0 0.9999996 0 -5.397325E-10 -0.000846492 -0.002263802 1]]
		[0.3833333 [1 0 -2.384186E-07 0 0 0.9999996 0 0 2.384185E-07 0 0.9999996 0 -5.410014E-10 -0.0008486795 -0.002269124 1]]
		[0.3916667 [1 0 -2.384186E-07 0 0 0.9999996 0 0 2.384185E-07 0 0.9999996 0 -5.422673E-10 -0.000850867 -0.002274434 1]]
		[0.4 [1 0 -2.384186E-07 0 0 0.9999996 0 0 2.384185E-07 0 0.9999996 0 -5.4353E-10 -0.0008530557 -0.00227973 1]]
		[0.4083333 [1 0 -2.384186E-07 0 0 0.9999996 0 0 2.384185E-07 0 0.9999996 0 -5.447888E-10 -0.0008552443 -0.00228501 1]]
		[0.4166667 [1 0 -2.384186E-07 0 0 0.9999996 0 0 2.384185E-07 0 0.9999996 0 -5.460438E-10 -0.0008574307 -0.002290274 1]]
		[0.425 [1 0 -2.384186E-07 0 0 0.9999996 0 0 2.384185E-07 0 0.9999996 0 -5.472941E-10 -0.000859617 -0.002295518 1]]
		[0.4333333 [1 0 -2.384186E-07 0 0 0.9999996 0 0 2.384185E-07 0 0.9999996 0 -5.485397E-10 -0.0008617985 -0.002300742 1]]
		[0.4416667 [1 0 -2.384186E-07 0 0 0.9999996 0 0 2.384185E-07 0 0.9999996 0 -5.497799E-10 -0.0008639764 -0.002305944 1]]
		[0.45 [1 0 -2.384186E-07 0 0 0.9999996 0 0 2.384185E-07 0 0.9999996 0 -5.510145E-10 -0.000866152 -0.002311122 1]]
		[0.4583333 [1 0 -2.384186E-07 0 0 0.9999996 0 0 2.384185E-07 0 0.9999996 0 -5.522431E-10 -0.0008683216 -0.002316276 1]]
		[0.4666667 [1 0 -2.384186E-07 0 0 0.9999996 0 0 2.384185E-07 0 0.9999996 0 -5.534653E-10 -0.0008704853 -0.002321402 1]]
		[0.475 [1 0 -2.384186E-07 0 2.168404E-21 0.9999997 9.094945E-15 0 2.384185E-07 -9.094945E-15 0.9999997 0 -5.546806E-10 -0.0008726417 -0.002326499 1]]
		[0.4833333 [1 0 -2.384186E-07 0 0 0.9999996 0 0 2.384185E-07 0 0.9999996 0 -5.558886E-10 -0.0008747923 -0.002331566 1]]
		[0.4916667 [1 0 -2.384186E-07 0 0 0.9999996 0 0 2.384185E-07 0 0.9999996 0 -5.570891E-10 -0.0008769357 -0.002336601 1]]
		[0.5 [1 0 -2.384186E-07 0 0 0.9999996 0 0 2.384185E-07 0 0.9999996 0 -5.582816E-10 -0.0008790683 -0.002341603 1]]
		[0.5083333 [1 0 -2.384186E-07 0 2.168404E-21 0.9999997 9.094945E-15 0 2.384185E-07 -9.094945E-15 0.9999997 0 -5.594658E-10 -0.0008811915 -0.002346569 1]]
		[0.5166667 [1 0 -2.384186E-07 0 0 0.9999996 0 0 2.384185E-07 0 0.9999996 0 -5.606411E-10 -0.000883305 -0.002351499 1]]
		[0.525 [1 0 -2.384186E-07 0 0 0.9999996 0 0 2.384185E-07 0 0.9999996 0 -5.618073E-10 -0.0008854067 -0.002356391 1]]
		[0.5333334 [1 0 -2.384186E-07 0 0 0.9999996 0 0 2.384185E-07 0 0.9999996 0 -5.629639E-10 -0.0008874976 -0.002361242 1]]
		[0.5416667 [1 0 -2.384186E-07 0 2.168404E-21 0.9999997 9.094945E-15 0 2.384185E-07 -9.094945E-15 0.9999997 0 -5.641105E-10 -0.0008895731 -0.002366051 1]]
		[0.55 [1 0 -2.384186E-07 0 0 0.9999996 0 0 2.384185E-07 0 0.9999996 0 -5.65247E-10 -0.0008916366 -0.002370818 1]]
		[0.5583333 [1 0 -2.384186E-07 0 2.168404E-21 0.9999997 9.094945E-15 0 2.384185E-07 -9.094945E-15 0.9999997 0 -5.663726E-10 -0.0008936846 -0.002375539 1]]
		[0.5666667 [1 0 -2.384186E-07 0 0 0.9999996 0 0 2.384185E-07 0 0.9999996 0 -5.674872E-10 -0.0008957183 -0.002380214 1]]
		[0.575 [1 0 -2.384186E-07 0 0 0.9999996 0 0 2.384185E-07 0 0.9999996 0 -5.685904E-10 -0.0008977353 -0.002384841 1]]
		[0.5833333 [1 0 -2.384186E-07 0 0 0.9999996 0 0 2.384185E-07 0 0.9999996 0 -5.696817E-10 -0.0008997357 -0.002389418 1]]
		[0.5916666 [1 0 -2.384186E-07 0 0 0.9999996 0 0 2.384185E-07 0 0.9999996 0 -5.707607E-10 -0.0009017169 -0.002393944 1]]
		[0.6 [1 0 -2.384186E-07 0 0 0.9999996 0 0 2.384185E-07 0 0.9999996 0 -5.718271E-10 -0.0009036814 -0.002398417 1]]
		[0.6083333 [1 0 -2.384186E-07 0 0 0.9999996 0 0 2.384185E-07 0 0.9999996 0 -5.728805E-10 -0.0009056234 -0.002402835 1]]
		[0.6166667 [1 0 -2.384186E-07 0 0 0.9999996 0 0 2.384185E-07 0 0.9999996 0 -5.739205E-10 -0.0009075463 -0.002407197 1]]
		[0.625 [1 0 -2.384186E-07 0 0 0.9999996 0 0 2.384185E-07 0 0.9999996 0 -5.749469E-10 -0.0009094488 -0.002411502 1]]
		[0.6333333 [1 0 -2.384186E-07 0 0 0.9999996 0 0 2.384185E-07 0 0.9999996 0 -5.75959E-10 -0.0009113275 -0.002415747 1]]
		[0.6416667 [1 0 -2.384186E-07 0 0 0.9999996 0 0 2.384185E-07 0 0.9999996 0 -5.769566E-10 -0.0009131837 -0.002419932 1]]
		[0.65 [1 0 -2.384186E-07 0 0 0.9999996 0 0 2.384185E-07 0 0.9999996 0 -5.779394E-10 -0.0009150159 -0.002424054 1]]
		[0.6583334 [1 0 -2.384186E-07 0 0 0.9999996 0 0 2.384185E-07 0 0.9999996 0 -5.789069E-10 -0.0009168243 -0.002428111 1]]
		[0.6666667 [1 0 -2.384186E-07 0 0 0.9999996 0 0 2.384185E-07 0 0.9999996 0 -5.798587E-10 -0.0009186065 -0.002432104 1]]
		[0.675 [1 0 -2.384186E-07 0 0 0.9999996 0 0 2.384185E-07 0 0.9999996 0 -5.807944E-10 -0.0009203613 -0.002436028 1]]
		[0.6833333 [1 0 -2.384186E-07 0 0 0.9999996 0 0 2.384185E-07 0 0.9999996 0 -5.817137E-10 -0.0009220898 -0.002439884 1]]
		[0.6916667 [1 0 -2.384186E-07 0 0 0.9999996 0 0 2.384185E-07 0 0.9999996 0 -5.826163E-10 -0.0009237897 -0.00244367 1]]
		[0.7 [1 0 -2.384186E-07 0 0 0.9999996 0 0 2.384185E-07 0 0.9999996 0 -5.835016E-10 -0.0009254586 -0.002447383 1]]
		[0.7083333 [1 0 -2.384186E-07 0 2.168404E-21 0.9999997 9.094945E-15 0 2.384185E-07 -9.094945E-15 0.9999997 0 -5.843695E-10 -0.000927099 -0.002451023 1]]
		[0.7166666 [1 0 -2.384186E-07 0 0 0.9999996 0 0 2.384185E-07 0 0.9999996 0 -5.852193E-10 -0.0009287071 -0.002454588 1]]
		[0.725 [1 0 -2.384186E-07 0 0 0.9999996 0 0 2.384185E-07 0 0.9999996 0 -5.860509E-10 -0.0009302842 -0.002458076 1]]
		[0.7333333 [1 0 -2.384186E-07 0 0 0.9999996 0 0 2.384185E-07 0 0.9999996 0 -5.868639E-10 -0.0009318292 -0.002461486 1]]
		[0.7416667 [1 0 -2.384186E-07 0 0 0.9999996 0 0 2.384185E-07 0 0.9999996 0 -5.876578E-10 -0.0009333395 -0.002464815 1]]
		[0.75 [1 0 -2.384186E-07 0 0 0.9999996 0 0 2.384185E-07 0 0.9999996 0 -5.884322E-10 -0.0009348142 -0.002468063 1]]
		[0.7583333 [1 0 -2.384186E-07 0 -2.168404E-21 0.9999996 -9.094945E-15 0 2.384185E-07 9.094945E-15 0.9999996 0 -5.891868E-10 -0.0009362554 -0.002471228 1]]
		[0.7666667 [1 0 -2.384186E-07 0 0 0.9999996 0 0 2.384185E-07 0 0.9999996 0 -5.899212E-10 -0.0009376597 -0.002474309 1]]
		[0.775 [1 0 -2.384186E-07 0 0 0.9999996 0 0 2.384185E-07 0 0.9999996 0 -5.90635E-10 -0.000939027 -0.002477303 1]]
		[0.7833334 [1 0 -2.384186E-07 0 0 0.9999996 0 0 2.384185E-07 0 0.9999996 0 -5.91328E-10 -0.000940355 -0.00248021 1]]
		[0.7916667 [1 0 -2.384186E-07 0 0 0.9999996 0 0 2.384185E-07 0 0.9999996 0 -5.919996E-10 -0.0009416448 -0.002483026 1]]
		[0.8 [1 0 -2.384186E-07 0 0 0.9999996 0 0 2.384185E-07 0 0.9999996 0 -5.926496E-10 -0.0009428941 -0.002485753 1]]
		[0.8083333 [1 0 -2.384186E-07 0 0 0.9999996 0 0 2.384185E-07 0 0.9999996 0 -5.932774E-10 -0.0009441029 -0.002488386 1]]
		[0.8166667 [1 0 -2.384186E-07 0 0 0.9999996 0 0 2.384185E-07 0 0.9999996 0 -5.938828E-10 -0.00094527 -0.002490925 1]]
		[0.825 [1 0 -2.384186E-07 0 0 0.9999996 0 0 2.384185E-07 0 0.9999996 0 -5.944654E-10 -0.0009463942 -0.002493369 1]]
		[0.8333333 [1 0 -2.384186E-07 0 0 0.9999996 0 0 2.384185E-07 0 0.9999996 0 -5.950248E-10 -0.0009474754 -0.002495715 1]]
		[0.8416666 [1 0 -2.384186E-07 0 0 0.9999996 0 0 2.384185E-07 0 0.9999996 0 -5.955605E-10 -0.0009485113 -0.002497962 1]]
		[0.85 [1 0 -2.384186E-07 0 0 0.9999996 0 0 2.384185E-07 0 0.9999996 0 -5.960723E-10 -0.0009495032 -0.002500108 1]]
		[0.8583333 [1 0 -2.384186E-07 0 2.168404E-21 0.9999997 9.094945E-15 0 2.384185E-07 -9.094945E-15 0.9999997 0 -5.9656E-10 -0.0009504473 -0.002502154 1]]
		[0.8666667 [1 0 -2.384186E-07 0 0 0.9999996 0 0 2.384185E-07 0 0.9999996 0 -5.970227E-10 -0.0009513461 -0.002504095 1]]
		[0.875 [1 0 -2.384186E-07 0 0 0.9999996 0 0 2.384185E-07 0 0.9999996 0 -5.974605E-10 -0.0009521949 -0.002505931 1]]
		[0.8833333 [1 0 -2.384186E-07 0 0 0.9999996 0 0 2.384185E-07 0 0.9999996 0 -5.978726E-10 -0.000952996 -0.00250766 1]]
		[0.8916667 [1 0 -2.384186E-07 0 0 0.9999996 0 0 2.384185E-07 0 0.9999996 0 -5.982589E-10 -0.0009537482 -0.00250928 1]]
		[0.9 [1 0 -2.384186E-07 0 0 0.9999996 0 0 2.384185E-07 0 0.9999996 0 -5.986192E-10 -0.0009544503 -0.002510791 1]]
		[0.9083334 [1 0 -2.384186E-07 0 0 0.9999996 0 0 2.384185E-07 0 0.9999996 0 -5.989527E-10 -0.0009550988 -0.00251219 1]]
		[0.9166667 [1 0 -2.384186E-07 0 0 0.9999996 0 0 2.384185E-07 0 0.9999996 0 -5.992593E-10 -0.0009556973 -0.002513476 1]]
		[0.925 [1 0 -2.384186E-07 0 2.168404E-21 0.9999997 9.094945E-15 0 2.384185E-07 -9.094945E-15 0.9999997 0 -5.995385E-10 -0.0009562408 -0.002514647 1]]
		[0.9333333 [1 0 -2.384186E-07 0 0 0.9999996 0 0 2.384185E-07 0 0.9999996 0 -5.997899E-10 -0.000956732 -0.002515701 1]]
		[0.9416667 [1 0 -2.384186E-07 0 0 0.9999996 0 0 2.384185E-07 0 0.9999996 0 -6.000133E-10 -0.0009571683 -0.002516638 1]]
		[0.95 [1 0 -2.384186E-07 0 0 0.9999996 0 0 2.384185E-07 0 0.9999996 0 -6.00208E-10 -0.0009575474 -0.002517455 1]]
		[0.9583333 [1 0 -2.384186E-07 0 0 0.9999996 0 0 2.384185E-07 0 0.9999996 0 -6.00374E-10 -0.0009578728 -0.002518151 1]]
		[0.9666666 [1 0 -2.384186E-07 0 0 0.9999996 0 0 2.384185E-07 0 0.9999996 0 -6.005105E-10 -0.0009581387 -0.002518724 1]]
		[0.975 [1 0 -2.384186E-07 0 0 0.9999996 0 0 2.384185E-07 0 0.9999996 0 -6.006174E-10 -0.0009583484 -0.002519172 1]]
		[0.9833333 [1 0 -2.384186E-07 0 0 0.9999996 0 0 2.384185E-07 0 0.9999996 0 -6.006942E-10 -0.0009584987 -0.002519494 1]]
		[0.9916667 [1 0 -2.384186E-07 0 0 0.9999996 0 0 2.384185E-07 0 0.9999996 0 -6.007405E-10 -0.0009585893 -0.002519688 1]]
	]
	"Golova_end" [
		[0 [1 0 -2.384186E-07 0 0 0.9999996 0 0 2.384185E-07 0 0.9999996 0 -4.861852E-10 -0.0007595729 -0.002039209 1]]
		[0.008333334 [1 0 -2.384186E-07 0 0 0.9999996 0 0 2.384185E-07 0 0.9999996 0 -4.871685E-10 -0.0007610749 -0.002043333 1]]
		[0.01666667 [1 0 -2.384186E-07 0 0 0.9999996 0 0 2.384185E-07 0 0.9999996 0 -4.881591E-10 -0.0007625936 -0.002047488 1]]
		[0.025 [1 0 -2.384186E-07 0 0 0.9999996 0 0 2.384185E-07 0 0.9999996 0 -4.89169E-10 -0.0007641434 -0.002051724 1]]
		[0.03333334 [1 0 -2.384186E-07 0 0 0.9999996 0 0 2.384185E-07 0 0.9999996 0 -4.901937E-10 -0.0007657217 -0.002056021 1]]
		[0.04166667 [1 0 -2.384186E-07 0 0 0.9999996 0 0 2.384185E-07 0 0.9999996 0 -4.912325E-10 -0.0007673239 -0.002060378 1]]
		[0.05 [1 0 -2.384186E-07 0 0 0.9999996 0 0 2.384185E-07 0 0.9999996 0 -4.922853E-10 -0.0007689499 -0.002064794 1]]
		[0.05833333 [1 0 -2.384186E-07 0 0 0.9999996 0 0 2.384185E-07 0 0.9999996 0 -4.933515E-10 -0.0007706045 -0.002069266 1]]
		[0.06666667 [1 0 -2.384186E-07 0 0 0.9999996 0 0 2.384185E-07 0 0.9999996 0 -4.944306E-10 -0.0007722806 -0.002073792 1]]
		[0.075 [1 0 -2.384186E-07 0 0 0.9999996 0 0 2.384185E-07 0 0.9999996 0 -4.955222E-10 -0.0007739829 -0.002078371 1]]
		[0.08333334 [1 0 -2.384186E-07 0 0 0.9999996 0 0 2.384185E-07 0 0.9999996 0 -4.966262E-10 -0.0007757067 -0.002083001 1]]
		[0.09166667 [1 0 -2.384186E-07 0 0 0.9999996 0 0 2.384185E-07 0 0.9999996 0 -4.97742E-10 -0.0007774543 -0.002087681 1]]
		[0.1 [1 0 -2.384186E-07 0 0 0.9999996 0 0 2.384185E-07 0 0.9999996 0 -4.988689E-10 -0.0007792233 -0.002092408 1]]
		[0.1083333 [1 0 -2.384186E-07 0 0 0.9999996 0 0 2.384185E-07 0 0.9999996 0 -5.000068E-10 -0.0007810139 -0.002097181 1]]
		[0.1166667 [1 0 -2.384186E-07 0 0 0.9999996 0 0 2.384185E-07 0 0.9999996 0 -5.011553E-10 -0.0007828259 -0.002101998 1]]
		[0.125 [1 0 -2.384186E-07 0 0 0.9999996 0 0 2.384185E-07 0 0.9999996 0 -5.02314E-10 -0.0007846593 -0.002106858 1]]
		[0.1333333 [1 0 -2.384186E-07 0 0 0.9999996 0 0 2.384185E-07 0 0.9999996 0 -5.034821E-10 -0.0007865118 -0.002111757 1]]
		[0.1416667 [1 0 -2.384186E-07 0 0 0.9999996 0 0 2.384185E-07 0 0.9999996 0 -5.046598E-10 -0.0007883857 -0.002116696 1]]
		[0.15 [1 0 -2.384186E-07 0 0 0.9999996 0 0 2.384185E-07 0 0.9999996 0 -5.058462E-10 -0.0007902788 -0.002121673 1]]
		[0.1583333 [1 0 -2.384186E-07 0 0 0.9999996 0 0 2.384185E-07 0 0.9999996 0 -5.07041E-10 -0.0007921885 -0.002126684 1]]
		[0.1666667 [1 0 -2.384186E-07 0 0 0.9999996 0 0 2.384185E-07 0 0.9999996 0 -5.082439E-10 -0.0007941173 -0.002131729 1]]
		[0.175 [1 0 -2.384186E-07 0 0 0.9999996 0 0 2.384185E-07 0 0.9999996 0 -5.094544E-10 -0.0007960628 -0.002136806 1]]
		[0.1833333 [1 0 -2.384186E-07 0 0 0.9999996 0 0 2.384185E-07 0 0.9999996 0 -5.106721E-10 -0.0007980274 -0.002141914 1]]
		[0.1916667 [1 0 -2.384186E-07 0 0 0.9999996 0 0 2.384185E-07 0 0.9999996 0 -5.118966E-10 -0.0008000087 -0.00214705 1]]
		[0.2 [1 0 -2.384186E-07 0 0 0.9999996 0 0 2.384185E-07 0 0.9999996 0 -5.131275E-10 -0.0008020042 -0.002152213 1]]
		[0.2083333 [1 0 -2.384186E-07 0 0 0.9999996 0 0 2.384185E-07 0 0.9999996 0 -5.143645E-10 -0.0008040141 -0.002157401 1]]
		[0.2166667 [1 0 -2.384186E-07 0 0 0.9999996 0 0 2.384185E-07 0 0.9999996 0 -5.156069E-10 -0.0008060383 -0.002162612 1]]
		[0.225 [1 0 -2.384186E-07 0 0 0.9999996 0 0 2.384185E-07 0 0.9999996 0 -5.168546E-10 -0.0008080791 -0.002167845 1]]
		[0.2333333 [1 0 -2.384186E-07 0 0 0.9999996 0 0 2.384185E-07 0 0.9999996 0 -5.18107E-10 -0.0008101319 -0.002173098 1]]
		[0.2416667 [1 0 -2.384186E-07 0 0 0.9999996 0 0 2.384185E-07 0 0.9999996 0 -5.193639E-10 -0.000812199 -0.00217837 1]]
		[0.25 [1 0 -2.384186E-07 0 0 0.9999996 0 0 2.384185E-07 0 0.9999996 0 -5.206245E-10 -0.000814278 -0.002183657 1]]
		[0.2583333 [1 0 -2.384186E-07 0 0 0.9999996 0 0 2.384185E-07 0 0.9999996 0 -5.218886E-10 -0.0008163666 -0.00218896 1]]
		[0.2666667 [1 0 -2.384186E-07 0 0 0.9999996 0 0 2.384185E-07 0 0.9999996 0 -5.231561E-10 -0.000818467 -0.002194276 1]]
		[0.275 [1 0 -2.384186E-07 0 0 0.9999996 0 0 2.384185E-07 0 0.9999996 0 -5.244261E-10 -0.0008205794 -0.002199602 1]]
		[0.2833333 [1 0 -2.384186E-07 0 0 0.9999996 0 0 2.384185E-07 0 0.9999996 0 -5.256985E-10 -0.0008227013 -0.002204939 1]]
		[0.2916667 [1 0 -2.384186E-07 0 0 0.9999996 0 0 2.384185E-07 0 0.9999996 0 -5.269728E-10 -0.0008248304 -0.002210284 1]]
		[0.3 [1 0 -2.384186E-07 0 0 0.9999996 0 0 2.384185E-07 0 0.9999996 0 -5.282487E-10 -0.000826969 -0.002215635 1]]
		[0.3083333 [1 0 -2.384186E-07 0 0 0.9999996 0 0 2.384185E-07 0 0.9999996 0 -5.295255E-10 -0.0008291172 -0.002220991 1]]
		[0.3166667 [1 0 -2.384186E-07 0 0 0.9999996 0 0 2.384185E-07 0 0.9999996 0 -5.308032E-10 -0.0008312701 -0.00222635 1]]
		[0.325 [1 0 -2.384186E-07 0 0 0.9999996 0 0 2.384185E-07 0 0.9999996 0 -5.320811E-10 -0.0008334302 -0.00223171 1]]
		[0.3333333 [1 0 -2.384186E-07 0 0 0.9999996 0 0 2.384185E-07 0 0.9999996 0 -5.333589E-10 -0.0008355974 -0.002237069 1]]
		[0.3416667 [1 0 -2.384186E-07 0 0 0.9999996 0 0 2.384185E-07 0 0.9999996 0 -5.346363E-10 -0.0008377694 -0.002242427 1]]
		[0.35 [1 0 -2.384186E-07 0 0 0.9999996 0 0 2.384185E-07 0 0.9999996 0 -5.359127E-10 -0.0008399462 -0.002247781 1]]
		[0.3583333 [1 0 -2.384186E-07 0 0 0.9999996 0 0 2.384185E-07 0 0.9999996 0 -5.371877E-10 -0.0008421253 -0.002253129 1]]
		[0.3666667 [1 0 -2.384186E-07 0 0 0.9999996 0 0 2.384185E-07 0 0.9999996 0 -5.384613E-10 -0.0008443092 -0.00225847 1]]
		[0.375 [1 0 -2.384186E-07 0 0 0.9999996 0 0 2.384185E-07 0 0.9999996 0 -5.397325E-10 -0.0008464931 -0.002263802 1]]
		[0.3833333 [1 0 -2.384186E-07 0 0 0.9999996 0 0 2.384185E-07 0 0.9999996 0 -5.410014E-10 -0.0008486818 -0.002269124 1]]
		[0.3916667 [1 0 -2.384186E-07 0 0 0.9999996 0 0 2.384185E-07 0 0.9999996 0 -5.422672E-10 -0.0008508705 -0.002274434 1]]
		[0.4 [1 0 -2.384186E-07 0 0 0.9999996 0 0 2.384185E-07 0 0.9999996 0 -5.4353E-10 -0.0008530592 -0.00227973 1]]
		[0.4083333 [1 0 -2.384186E-07 0 0 0.9999996 0 0 2.384185E-07 0 0.9999996 0 -5.447888E-10 -0.0008552455 -0.00228501 1]]
		[0.4166667 [1 0 -2.384186E-07 0 0 0.9999996 0 0 2.384185E-07 0 0.9999996 0 -5.460438E-10 -0.0008574318 -0.002290274 1]]
		[0.425 [1 0 -2.384186E-07 0 0 0.9999996 0 0 2.384185E-07 0 0.9999996 0 -5.472941E-10 -0.0008596181 -0.002295518 1]]
		[0.4333333 [1 0 -2.384186E-07 0 0 0.9999996 0 0 2.384185E-07 0 0.9999996 0 -5.485397E-10 -0.0008617996 -0.002300742 1]]
		[0.4416667 [1 0 -2.384186E-07 0 0 0.9999996 0 0 2.384185E-07 0 0.9999996 0 -5.497799E-10 -0.0008639788 -0.002305944 1]]
		[0.45 [1 0 -2.384186E-07 0 0 0.9999996 0 0 2.384185E-07 0 0.9999996 0 -5.510144E-10 -0.0008661531 -0.002311122 1]]
		[0.4583333 [1 0 -2.384186E-07 0 0 0.9999996 0 0 2.384185E-07 0 0.9999996 0 -5.52243E-10 -0.0008683227 -0.002316275 1]]
		[0.4666667 [1 0 -2.384186E-07 0 0 0.9999996 0 0 2.384185E-07 0 0.9999996 0 -5.534653E-10 -0.0008704875 -0.002321402 1]]
		[0.475 [1 0 -2.384186E-07 0 2.168404E-21 0.9999997 9.094945E-15 0 2.384185E-07 -9.094945E-15 0.9999997 0 -5.546807E-10 -0.0008726428 -0.002326499 1]]
		[0.4833333 [1 0 -2.384186E-07 0 0 0.9999996 0 0 2.384185E-07 0 0.9999996 0 -5.558886E-10 -0.0008747958 -0.002331566 1]]
		[0.4916667 [1 0 -2.384186E-07 0 0 0.9999996 0 0 2.384185E-07 0 0.9999996 0 -5.570892E-10 -0.0008769368 -0.002336601 1]]
		[0.5 [1 0 -2.384186E-07 0 0 0.9999996 0 0 2.384185E-07 0 0.9999996 0 -5.582816E-10 -0.0008790706 -0.002341603 1]]
		[0.5083333 [1 0 -2.384186E-07 0 2.168404E-21 0.9999997 9.094945E-15 0 2.384185E-07 -9.094945E-15 0.9999997 0 -5.594658E-10 -0.0008811926 -0.002346569 1]]
		[0.5166667 [1 0 -2.384186E-07 0 0 0.9999996 0 0 2.384185E-07 0 0.9999996 0 -5.606413E-10 -0.0008833073 -0.0023515 1]]
		[0.525 [1 0 -2.384186E-07 0 0 0.9999996 0 0 2.384185E-07 0 0.9999996 0 -5.618073E-10 -0.0008854078 -0.00235639 1]]
		[0.5333334 [1 0 -2.384186E-07 0 0 0.9999996 0 0 2.384185E-07 0 0.9999996 0 -5.629638E-10 -0.0008874987 -0.002361241 1]]
		[0.5416667 [1 0 -2.384186E-07 0 2.168404E-21 0.9999997 9.094945E-15 0 2.384185E-07 -9.094945E-15 0.9999997 0 -5.641105E-10 -0.0008895753 -0.002366051 1]]
		[0.55 [1 0 -2.384186E-07 0 0 0.9999996 0 0 2.384185E-07 0 0.9999996 0 -5.65247E-10 -0.0008916377 -0.002370818 1]]
		[0.5583333 [1 0 -2.384186E-07 0 2.168404E-21 0.9999997 9.094945E-15 0 2.384185E-07 -9.094945E-15 0.9999997 0 -5.663727E-10 -0.0008936857 -0.002375539 1]]
		[0.5666667 [1 0 -2.384186E-07 0 0 0.9999996 0 0 2.384185E-07 0 0.9999996 0 -5.674872E-10 -0.0008957194 -0.002380214 1]]
		[0.575 [1 0 -2.384186E-07 0 0 0.9999996 0 0 2.384185E-07 0 0.9999996 0 -5.685904E-10 -0.0008977388 -0.002384841 1]]
		[0.5833333 [1 0 -2.384186E-07 0 0 0.9999996 0 0 2.384185E-07 0 0.9999996 0 -5.696817E-10 -0.0008997368 -0.002389418 1]]
		[0.5916666 [1 0 -2.384186E-07 0 0 0.9999996 0 0 2.384185E-07 0 0.9999996 0 -5.707607E-10 -0.000901718 -0.002393944 1]]
		[0.6 [1 0 -2.384186E-07 0 0 0.9999996 0 0 2.384185E-07 0 0.9999996 0 -5.718271E-10 -0.0009036826 -0.002398417 1]]
		[0.6083333 [1 0 -2.384186E-07 0 0 0.9999996 0 0 2.384185E-07 0 0.9999996 0 -5.728806E-10 -0.0009056257 -0.002402835 1]]
		[0.6166667 [1 0 -2.384186E-07 0 0 0.9999996 0 0 2.384185E-07 0 0.9999996 0 -5.739206E-10 -0.0009075498 -0.002407197 1]]
		[0.625 [1 0 -2.384186E-07 0 0 0.9999996 0 0 2.384185E-07 0 0.9999996 0 -5.749469E-10 -0.0009094499 -0.002411502 1]]
		[0.6333333 [1 0 -2.384186E-07 0 0 0.9999996 0 0 2.384185E-07 0 0.9999996 0 -5.759589E-10 -0.0009113287 -0.002415747 1]]
		[0.6416667 [1 0 -2.384186E-07 0 0 0.9999996 0 0 2.384185E-07 0 0.9999996 0 -5.769566E-10 -0.0009131859 -0.002419931 1]]
		[0.65 [1 0 -2.384186E-07 0 0 0.9999996 0 0 2.384185E-07 0 0.9999996 0 -5.779394E-10 -0.0009150194 -0.002424053 1]]
		[0.6583334 [1 0 -2.384186E-07 0 0 0.9999996 0 0 2.384185E-07 0 0.9999996 0 -5.789068E-10 -0.0009168266 -0.002428111 1]]
		[0.6666667 [1 0 -2.384186E-07 0 0 0.9999996 0 0 2.384185E-07 0 0.9999996 0 -5.798586E-10 -0.0009186076 -0.002432103 1]]
		[0.675 [1 0 -2.384186E-07 0 0 0.9999996 0 0 2.384185E-07 0 0.9999996 0 -5.807944E-10 -0.0009203624 -0.002436028 1]]
		[0.6833333 [1 0 -2.384186E-07 0 0 0.9999996 0 0 2.384185E-07 0 0.9999996 0 -5.817137E-10 -0.0009220909 -0.002439884 1]]
		[0.6916667 [1 0 -2.384186E-07 0 0 0.9999996 0 0 2.384185E-07 0 0.9999996 0 -5.826162E-10 -0.0009237908 -0.00244367 1]]
		[0.7 [1 0 -2.384186E-07 0 0 0.9999996 0 0 2.384185E-07 0 0.9999996 0 -5.835016E-10 -0.0009254597 -0.002447383 1]]
		[0.7083333 [1 0 -2.384186E-07 0 2.168404E-21 0.9999997 9.094945E-15 0 2.384185E-07 -9.094945E-15 0.9999997 0 -5.843694E-10 -0.0009271024 -0.002451023 1]]
		[0.7166666 [1 0 -2.384186E-07 0 0 0.9999996 0 0 2.384185E-07 0 0.9999996 0 -5.852193E-10 -0.0009287093 -0.002454588 1]]
		[0.725 [1 0 -2.384186E-07 0 0 0.9999996 0 0 2.384185E-07 0 0.9999996 0 -5.86051E-10 -0.0009302853 -0.002458076 1]]
		[0.7333333 [1 0 -2.384186E-07 0 0 0.9999996 0 0 2.384185E-07 0 0.9999996 0 -5.868639E-10 -0.0009318303 -0.002461486 1]]
		[0.7416667 [1 0 -2.384186E-07 0 0 0.9999996 0 0 2.384185E-07 0 0.9999996 0 -5.876578E-10 -0.0009333395 -0.002464816 1]]
		[0.75 [1 0 -2.384186E-07 0 0 0.9999996 0 0 2.384185E-07 0 0.9999996 0 -5.884321E-10 -0.0009348177 -0.002468063 1]]
		[0.7583333 [1 0 -2.384186E-07 0 -2.168404E-21 0.9999996 -9.094945E-15 0 2.384185E-07 9.094945E-15 0.9999996 0 -5.891868E-10 -0.0009362577 -0.002471228 1]]
		[0.7666667 [1 0 -2.384186E-07 0 0 0.9999996 0 0 2.384185E-07 0 0.9999996 0 -5.899212E-10 -0.000937662 -0.002474309 1]]
		[0.775 [1 0 -2.384186E-07 0 0 0.9999996 0 0 2.384185E-07 0 0.9999996 0 -5.90635E-10 -0.0009390281 -0.002477303 1]]
		[0.7833334 [1 0 -2.384186E-07 0 0 0.9999996 0 0 2.384185E-07 0 0.9999996 0 -5.91328E-10 -0.0009403561 -0.00248021 1]]
		[0.7916667 [1 0 -2.384186E-07 0 0 0.9999996 0 0 2.384185E-07 0 0.9999996 0 -5.919996E-10 -0.0009416459 -0.002483026 1]]
		[0.8 [1 0 -2.384186E-07 0 0 0.9999996 0 0 2.384185E-07 0 0.9999996 0 -5.926497E-10 -0.0009428952 -0.002485753 1]]
