{ :name "idle_pass" :length 1.666667 :bones { 
	"Skelet" [
		[ 0 [ 0 1 2 3 ] ]
		[ 0.04166667 [ 0 1 2 4 ] ]
		[ 0.08333334 [ 0 1 2 5 ] ]
		[ 0.125 [ 0 1 2 6 ] ]
		[ 0.1666667 [ 0 1 2 7 ] ]
		[ 0.2083333 [ 0 1 2 8 ] ]
		[ 0.25 [ 0 1 2 9 ] ]
		[ 0.2916667 [ 0 1 2 10 ] ]
		[ 0.3333333 [ 0 1 2 11 ] ]
		[ 0.375 [ 0 1 2 12 ] ]
		[ 0.4166667 [ 0 1 2 13 ] ]
		[ 0.4583333 [ 0 1 2 14 ] ]
		[ 0.5 [ 0 1 2 15 ] ]
		[ 0.5416667 [ 0 1 2 16 ] ]
		[ 0.5833334 [ 0 1 2 17 ] ]
		[ 0.625 [ 0 1 2 18 ] ]
		[ 0.6666667 [ 0 1 2 19 ] ]
		[ 0.7083334 [ 0 1 2 20 ] ]
		[ 0.7500001 [ 0 1 2 21 ] ]
		[ 0.7916667 [ 0 1 2 22 ] ]
		[ 0.8333334 [ 0 1 2 23 ] ]
		[ 0.8750001 [ 0 1 2 24 ] ]
		[ 0.9166667 [ 0 1 2 21 ] ]
		[ 0.9583334 [ 0 1 2 20 ] ]
		[ 1 [ 0 1 2 25 ] ]
		[ 1.041667 [ 0 1 2 26 ] ]
		[ 1.083333 [ 0 1 2 17 ] ]
		[ 1.125 [ 0 1 2 27 ] ]
		[ 1.166667 [ 0 1 2 15 ] ]
		[ 1.208333 [ 0 1 2 14 ] ]
		[ 1.25 [ 0 1 2 13 ] ]
		[ 1.291667 [ 0 1 2 12 ] ]
		[ 1.333333 [ 0 1 2 28 ] ]
		[ 1.375 [ 0 1 2 29 ] ]
		[ 1.416667 [ 0 1 2 9 ] ]
		[ 1.458333 [ 0 1 2 8 ] ]
		[ 1.5 [ 0 1 2 7 ] ]
		[ 1.541667 [ 0 1 2 6 ] ]
		[ 1.583333 [ 0 1 2 5 ] ]
		[ 1.625 [ 0 1 2 4 ] ]
	]
	"Bedro_L" [
		[ 0 [ 30 31 32 33 ] ]
		[ 0.04166667 [ 34 35 36 33 ] ]
		[ 0.08333334 [ 37 38 39 33 ] ]
		[ 0.125 [ 40 41 42 33 ] ]
		[ 0.1666667 [ 43 44 45 33 ] ]
		[ 0.2083333 [ 46 47 48 33 ] ]
		[ 0.25 [ 49 50 51 33 ] ]
		[ 0.2916667 [ 52 53 54 33 ] ]
		[ 0.3333333 [ 55 56 57 33 ] ]
		[ 0.375 [ 58 59 60 33 ] ]
		[ 0.4166667 [ 61 62 63 33 ] ]
		[ 0.4583333 [ 64 65 66 33 ] ]
		[ 0.5 [ 67 68 69 33 ] ]
		[ 0.5416667 [ 70 71 72 33 ] ]
		[ 0.5833334 [ 73 74 75 33 ] ]
		[ 0.625 [ 76 77 78 33 ] ]
		[ 0.6666667 [ 79 80 81 33 ] ]
		[ 0.7083334 [ 82 83 84 33 ] ]
		[ 0.7500001 [ 85 86 87 33 ] ]
		[ 0.7916667 [ 88 89 90 33 ] ]
		[ 0.8333334 [ 88 91 90 33 ] ]
		[ 0.8750001 [ 92 93 94 33 ] ]
		[ 0.9166667 [ 95 96 97 33 ] ]
		[ 0.9583334 [ 98 99 100 33 ] ]
		[ 1 [ 101 102 103 33 ] ]
		[ 1.041667 [ 104 105 106 33 ] ]
		[ 1.083333 [ 107 108 109 33 ] ]
		[ 1.125 [ 110 111 112 33 ] ]
		[ 1.166667 [ 113 114 115 33 ] ]
		[ 1.208333 [ 116 117 118 33 ] ]
		[ 1.25 [ 119 120 121 33 ] ]
		[ 1.291667 [ 122 123 124 33 ] ]
		[ 1.333333 [ 125 126 127 33 ] ]
		[ 1.375 [ 128 129 130 33 ] ]
		[ 1.416667 [ 131 132 133 33 ] ]
		[ 1.458333 [ 134 135 136 33 ] ]
		[ 1.5 [ 137 138 139 33 ] ]
		[ 1.541667 [ 140 141 42 33 ] ]
		[ 1.583333 [ 37 142 143 33 ] ]
		[ 1.625 [ 34 35 36 33 ] ]
	]
	"Koleno_L" [
		[ 0 [ 144 145 146 147 ] ]
		[ 0.04166667 [ 148 149 150 147 ] ]
		[ 0.08333334 [ 151 152 153 147 ] ]
		[ 0.125 [ 154 155 156 147 ] ]
		[ 0.1666667 [ 157 158 159 147 ] ]
		[ 0.2083333 [ 160 161 162 147 ] ]
		[ 0.25 [ 163 164 165 147 ] ]
		[ 0.2916667 [ 166 167 168 147 ] ]
		[ 0.3333333 [ 169 170 171 147 ] ]
		[ 0.375 [ 172 173 174 147 ] ]
		[ 0.4166667 [ 175 176 177 147 ] ]
		[ 0.4583333 [ 178 179 180 147 ] ]
		[ 0.5 [ 181 182 183 147 ] ]
		[ 0.5416667 [ 184 185 186 147 ] ]
		[ 0.5833334 [ 187 188 189 147 ] ]
		[ 0.625 [ 190 191 192 147 ] ]
		[ 0.6666667 [ 193 194 195 147 ] ]
		[ 0.7083334 [ 196 197 198 147 ] ]
		[ 0.7500001 [ 199 200 201 147 ] ]
		[ 0.7916667 [ 202 203 204 147 ] ]
		[ 0.8333334 [ 205 206 207 147 ] ]
		[ 0.8750001 [ 208 209 210 147 ] ]
		[ 0.9166667 [ 211 212 213 147 ] ]
		[ 0.9583334 [ 214 215 216 147 ] ]
		[ 1 [ 217 218 219 147 ] ]
		[ 1.041667 [ 220 221 222 147 ] ]
		[ 1.083333 [ 223 224 225 147 ] ]
		[ 1.125 [ 184 185 186 147 ] ]
		[ 1.166667 [ 226 182 227 147 ] ]
		[ 1.208333 [ 178 228 180 147 ] ]
		[ 1.25 [ 229 230 231 147 ] ]
		[ 1.291667 [ 232 233 234 147 ] ]
		[ 1.333333 [ 235 236 237 147 ] ]
		[ 1.375 [ 238 239 240 147 ] ]
		[ 1.416667 [ 241 242 243 147 ] ]
		[ 1.458333 [ 244 245 246 147 ] ]
		[ 1.5 [ 247 248 249 147 ] ]
		[ 1.541667 [ 250 251 252 147 ] ]
		[ 1.583333 [ 253 254 255 147 ] ]
		[ 1.625 [ 256 257 258 147 ] ]
	]
	"Koleno_L_end" [
		[ 0 [ 259 260 261 262 ] ]
	]
	"Bedro_P" [
		[ 0 [ 263 264 265 266 ] ]
		[ 0.04166667 [ 267 268 269 266 ] ]
		[ 0.08333334 [ 270 271 272 266 ] ]
		[ 0.125 [ 273 274 275 266 ] ]
		[ 0.1666667 [ 276 277 278 266 ] ]
		[ 0.2083333 [ 279 280 281 266 ] ]
		[ 0.25 [ 282 283 284 266 ] ]
		[ 0.2916667 [ 285 286 287 266 ] ]
		[ 0.3333333 [ 288 289 290 266 ] ]
		[ 0.375 [ 291 292 293 266 ] ]
		[ 0.4166667 [ 294 295 296 266 ] ]
		[ 0.4583333 [ 297 298 299 266 ] ]
		[ 0.5 [ 300 301 302 266 ] ]
		[ 0.5416667 [ 303 304 305 266 ] ]
		[ 0.5833334 [ 306 307 308 266 ] ]
		[ 0.625 [ 309 310 311 266 ] ]
		[ 0.6666667 [ 312 313 314 266 ] ]
		[ 0.7083334 [ 315 316 317 266 ] ]
		[ 0.7500001 [ 318 319 320 266 ] ]
		[ 0.7916667 [ 321 322 323 266 ] ]
		[ 0.8333334 [ 324 325 323 266 ] ]
		[ 0.8750001 [ 326 327 328 266 ] ]
		[ 0.9166667 [ 329 330 331 266 ] ]
		[ 0.9583334 [ 332 333 334 266 ] ]
		[ 1 [ 335 336 337 266 ] ]
		[ 1.041667 [ 338 339 340 266 ] ]
		[ 1.083333 [ 341 342 343 266 ] ]
		[ 1.125 [ 344 345 305 266 ] ]
		[ 1.166667 [ 346 347 302 266 ] ]
		[ 1.208333 [ 348 349 350 266 ] ]
		[ 1.25 [ 351 352 353 266 ] ]
		[ 1.291667 [ 354 355 356 266 ] ]
		[ 1.333333 [ 357 358 359 266 ] ]
		[ 1.375 [ 360 361 362 266 ] ]
		[ 1.416667 [ 363 364 365 266 ] ]
		[ 1.458333 [ 366 367 368 266 ] ]
		[ 1.5 [ 369 370 371 266 ] ]
		[ 1.541667 [ 273 372 373 266 ] ]
		[ 1.583333 [ 374 375 376 266 ] ]
		[ 1.625 [ 267 377 378 266 ] ]
	]
	"Koleno_P" [
		[ 0 [ 379 380 381 147 ] ]
		[ 0.04166667 [ 382 383 384 147 ] ]
		[ 0.08333334 [ 385 386 387 147 ] ]
		[ 0.125 [ 388 389 390 147 ] ]
		[ 0.1666667 [ 391 392 393 147 ] ]
		[ 0.2083333 [ 394 395 396 147 ] ]
		[ 0.25 [ 397 398 399 147 ] ]
		[ 0.2916667 [ 400 401 402 147 ] ]
		[ 0.3333333 [ 403 404 405 147 ] ]
		[ 0.375 [ 406 407 408 147 ] ]
		[ 0.4166667 [ 409 410 411 147 ] ]
		[ 0.4583333 [ 412 413 414 147 ] ]
		[ 0.5 [ 415 416 417 147 ] ]
		[ 0.5416667 [ 418 419 420 147 ] ]
		[ 0.5833334 [ 421 422 423 147 ] ]
		[ 0.625 [ 424 425 426 147 ] ]
		[ 0.6666667 [ 427 428 429 147 ] ]
		[ 0.7083334 [ 430 431 432 147 ] ]
		[ 0.7500001 [ 433 434 435 147 ] ]
		[ 0.7916667 [ 436 437 438 147 ] ]
		[ 0.8333334 [ 439 440 438 147 ] ]
		[ 0.8750001 [ 441 442 443 147 ] ]
		[ 0.9166667 [ 444 445 446 147 ] ]
		[ 0.9583334 [ 447 448 449 147 ] ]
		[ 1 [ 450 451 452 147 ] ]
		[ 1.041667 [ 453 454 426 147 ] ]
		[ 1.083333 [ 421 455 423 147 ] ]
		[ 1.125 [ 456 419 420 147 ] ]
		[ 1.166667 [ 457 458 459 147 ] ]
		[ 1.208333 [ 460 461 462 147 ] ]
		[ 1.25 [ 463 464 465 147 ] ]
		[ 1.291667 [ 466 467 468 147 ] ]
		[ 1.333333 [ 469 470 471 147 ] ]
		[ 1.375 [ 472 473 474 147 ] ]
		[ 1.416667 [ 475 476 477 147 ] ]
		[ 1.458333 [ 478 395 479 147 ] ]
		[ 1.5 [ 480 392 481 147 ] ]
		[ 1.541667 [ 482 389 483 147 ] ]
		[ 1.583333 [ 484 386 485 147 ] ]
		[ 1.625 [ 486 383 487 147 ] ]
	]
	"Koleno_P_end" [
		[ 0 [ 259 260 261 262 ] ]
	]
	"Tors" [
		[ 0 [ 488 489 490 491 ] ]
		[ 0.04166667 [ 492 493 494 491 ] ]
		[ 0.08333334 [ 495 496 497 491 ] ]
		[ 0.125 [ 498 499 500 491 ] ]
		[ 0.1666667 [ 501 502 503 491 ] ]
		[ 0.2083333 [ 504 505 506 491 ] ]
		[ 0.25 [ 507 508 509 491 ] ]
		[ 0.2916667 [ 510 511 512 491 ] ]
		[ 0.3333333 [ 513 514 515 491 ] ]
		[ 0.375 [ 516 517 518 491 ] ]
		[ 0.4166667 [ 519 520 521 491 ] ]
		[ 0.4583333 [ 522 523 524 491 ] ]
		[ 0.5 [ 525 526 527 491 ] ]
		[ 0.5416667 [ 528 529 530 491 ] ]
		[ 0.5833334 [ 531 532 533 491 ] ]
		[ 0.625 [ 534 535 536 491 ] ]
		[ 0.6666667 [ 537 538 539 491 ] ]
		[ 0.7083334 [ 540 541 542 491 ] ]
		[ 0.7500001 [ 543 544 545 491 ] ]
		[ 0.7916667 [ 546 547 548 491 ] ]
		[ 0.8333334 [ 549 550 551 491 ] ]
		[ 0.8750001 [ 552 553 551 491 ] ]
		[ 0.9166667 [ 554 555 551 491 ] ]
		[ 0.9583334 [ 556 557 548 491 ] ]
		[ 1 [ 558 559 560 491 ] ]
		[ 1.041667 [ 537 561 562 491 ] ]
		[ 1.083333 [ 563 564 536 491 ] ]
		[ 1.125 [ 565 566 567 491 ] ]
		[ 1.166667 [ 568 569 570 491 ] ]
		[ 1.208333 [ 571 572 573 491 ] ]
		[ 1.25 [ 574 575 576 491 ] ]
		[ 1.291667 [ 577 578 579 491 ] ]
		[ 1.333333 [ 580 581 582 491 ] ]
		[ 1.375 [ 583 584 585 491 ] ]
		[ 1.416667 [ 586 587 588 491 ] ]
		[ 1.458333 [ 589 590 591 491 ] ]
		[ 1.5 [ 592 593 503 491 ] ]
		[ 1.541667 [ 594 595 500 491 ] ]
		[ 1.583333 [ 495 596 497 491 ] ]
		[ 1.625 [ 492 493 494 491 ] ]
	]
	"Golova" [
		[ 0 [ 597 598 599 600 ] ]
		[ 0.04166667 [ 601 602 603 600 ] ]
		[ 0.08333334 [ 604 605 606 600 ] ]
		[ 0.125 [ 607 608 609 600 ] ]
		[ 0.1666667 [ 610 611 612 600 ] ]
		[ 0.2083333 [ 613 614 615 600 ] ]
		[ 0.25 [ 616 617 618 600 ] ]
		[ 0.2916667 [ 619 620 621 600 ] ]
		[ 0.3333333 [ 622 623 624 600 ] ]
		[ 0.375 [ 625 626 627 600 ] ]
		[ 0.4166667 [ 628 629 630 600 ] ]
		[ 0.4583333 [ 631 632 633 600 ] ]
		[ 0.5 [ 634 635 636 600 ] ]
		[ 0.5416667 [ 637 638 639 600 ] ]
		[ 0.5833334 [ 640 641 642 600 ] ]
		[ 0.625 [ 643 644 645 600 ] ]
		[ 0.6666667 [ 646 647 648 600 ] ]
		[ 0.7083334 [ 649 650 651 600 ] ]
		[ 0.7500001 [ 652 653 654 600 ] ]
		[ 0.7916667 [ 655 656 657 600 ] ]
		[ 0.8333334 [ 658 659 660 600 ] ]
		[ 0.8750001 [ 655 656 657 600 ] ]
		[ 0.9166667 [ 652 653 654 600 ] ]
		[ 0.9583334 [ 649 650 651 600 ] ]
		[ 1 [ 646 647 648 600 ] ]
		[ 1.041667 [ 643 644 645 600 ] ]
		[ 1.083333 [ 640 641 642 600 ] ]
		[ 1.125 [ 637 638 639 600 ] ]
		[ 1.166667 [ 634 635 636 600 ] ]
		[ 1.208333 [ 631 632 633 600 ] ]
		[ 1.25 [ 628 629 630 600 ] ]
		[ 1.291667 [ 625 626 627 600 ] ]
		[ 1.333333 [ 622 623 624 600 ] ]
		[ 1.375 [ 619 620 621 600 ] ]
		[ 1.416667 [ 616 617 618 600 ] ]
		[ 1.458333 [ 613 614 615 600 ] ]
		[ 1.5 [ 610 611 612 600 ] ]
		[ 1.541667 [ 607 608 609 600 ] ]
		[ 1.583333 [ 604 605 606 600 ] ]
		[ 1.625 [ 601 602 603 600 ] ]
	]
	"Golova_end" [
		[ 0 [ 259 260 261 661 ] ]
	]
	"Kluchitsa_L" [
		[ 0 [ 261 259 260 662 ] ]
	]
	"Kluchitsa_L_end" [
		[ 0 [ 259 260 261 663 ] ]
	]
	"Kluchitsa_P" [
		[ 0 [ 664 665 260 662 ] ]
	]
	"Kluchitsa_P_end" [
		[ 0 [ 259 260 261 663 ] ]
	]
	"Ruka_L" [
		[ 0 [ 666 667 668 669 ] ]
	]
	"Lokot_L" [
		[ 0 [ 670 671 672 673 ] ]
	]
	"Lokot_L_end" [
		[ 0 [ 259 260 261 674 ] ]
	]
	"Ruka_P" [
		[ 0 [ 675 676 677 678 ] ]
	]
	"Lokot_P" [
		[ 0 [ 679 680 681 673 ] ]
	]
	"Lokot_P_end" [
		[ 0 [ 259 260 261 674 ] ]
	]
	"Woin" [
		[ 0 [ 682 683 684 684 ] ]
	]
	"Cube" [
		[ 0 [ 685 686 687 688 ] ]
		[ 0.04166667 [ 685 689 687 690 ] ]
		[ 0.08333334 [ 691 692 693 694 ] ]
		[ 0.125 [ 695 696 697 698 ] ]
		[ 0.1666667 [ 699 700 701 702 ] ]
		[ 0.2083333 [ 703 704 705 706 ] ]
		[ 0.25 [ 707 708 709 710 ] ]
		[ 0.2916667 [ 711 712 713 714 ] ]
		[ 0.3333333 [ 715 716 717 718 ] ]
		[ 0.375 [ 719 720 721 722 ] ]
		[ 0.4166667 [ 723 724 725 726 ] ]
		[ 0.4583333 [ 727 728 729 730 ] ]
		[ 0.5 [ 731 732 733 734 ] ]
		[ 0.5416667 [ 735 736 737 738 ] ]
		[ 0.5833334 [ 739 740 741 742 ] ]
		[ 0.625 [ 739 743 744 745 ] ]
		[ 0.6666667 [ 746 747 748 749 ] ]
		[ 0.7083334 [ 750 751 752 753 ] ]
		[ 0.7500001 [ 754 755 756 757 ] ]
		[ 0.7916667 [ 758 759 756 760 ] ]
		[ 0.8333334 [ 758 759 761 762 ] ]
		[ 0.8750001 [ 758 759 761 763 ] ]
		[ 0.9166667 [ 758 759 761 764 ] ]
		[ 0.9583334 [ 758 759 756 765 ] ]
		[ 1 [ 750 751 752 766 ] ]
		[ 1.041667 [ 746 747 748 767 ] ]
		[ 1.083333 [ 739 768 769 770 ] ]
		[ 1.125 [ 739 771 741 772 ] ]
		[ 1.166667 [ 731 773 774 775 ] ]
		[ 1.208333 [ 731 776 777 778 ] ]
		[ 1.25 [ 723 779 780 781 ] ]
		[ 1.291667 [ 782 783 784 785 ] ]
		[ 1.333333 [ 719 786 787 788 ] ]
		[ 1.375 [ 715 789 790 791 ] ]
		[ 1.416667 [ 711 708 792 793 ] ]
		[ 1.458333 [ 703 704 705 794 ] ]
		[ 1.5 [ 699 700 795 702 ] ]
		[ 1.541667 [ 695 696 697 698 ] ]
		[ 1.583333 [ 691 692 693 694 ] ]
		[ 1.625 [ 685 689 796 690 ] ]
	]
	"Cube.001" [
		[ 0 [ 797 798 799 800 ] ]
		[ 0.04166667 [ 797 798 799 801 ] ]
		[ 0.08333334 [ 802 803 804 805 ] ]
		[ 0.125 [ 806 807 804 808 ] ]
		[ 0.1666667 [ 809 807 810 811 ] ]
		[ 0.2083333 [ 812 807 813 814 ] ]
		[ 0.25 [ 815 816 817 818 ] ]
		[ 0.2916667 [ 819 820 821 822 ] ]
		[ 0.3333333 [ 823 824 825 826 ] ]
		[ 0.375 [ 827 828 829 830 ] ]
		[ 0.4166667 [ 831 832 833 834 ] ]
		[ 0.4583333 [ 835 836 837 838 ] ]
		[ 0.5 [ 839 840 841 842 ] ]
		[ 0.5416667 [ 843 840 844 845 ] ]
		[ 0.5833334 [ 846 847 848 849 ] ]
		[ 0.625 [ 850 851 852 853 ] ]
		[ 0.6666667 [ 854 851 855 856 ] ]
		[ 0.7083334 [ 857 858 859 860 ] ]
		[ 0.7500001 [ 861 862 863 864 ] ]
		[ 0.7916667 [ 861 862 865 866 ] ]
		[ 0.8333334 [ 867 862 865 868 ] ]
		[ 0.8750001 [ 867 862 869 866 ] ]
		[ 0.9166667 [ 867 862 865 870 ] ]
		[ 0.9583334 [ 861 862 863 871 ] ]
		[ 1 [ 857 858 859 872 ] ]
		[ 1.041667 [ 854 851 855 873 ] ]
		[ 1.083333 [ 874 851 852 875 ] ]
		[ 1.125 [ 846 876 877 878 ] ]
		[ 1.166667 [ 879 840 880 881 ] ]
		[ 1.208333 [ 882 836 883 884 ] ]
		[ 1.25 [ 885 832 886 887 ] ]
		[ 1.291667 [ 888 889 890 891 ] ]
		[ 1.333333 [ 892 824 893 894 ] ]
		[ 1.375 [ 895 820 821 896 ] ]
		[ 1.416667 [ 897 816 898 899 ] ]
		[ 1.458333 [ 812 807 900 814 ] ]
		[ 1.5 [ 809 807 810 901 ] ]
		[ 1.541667 [ 806 807 804 808 ] ]
		[ 1.583333 [ 802 902 804 805 ] ]
		[ 1.625 [ 797 798 799 801 ] ]
	]
	}
	:resources [
		[0.892 -0.444 0.084]
		[-0.076 0.038 0.996]
		[-0.445 -0.895 0.000]
		[-0.013 0.000 -0.063]
		[-0.013 -0.001 -0.064]
		[-0.013 -0.003 -0.066]
		[-0.013 -0.006 -0.069]
		[-0.013 -0.010 -0.074]
		[-0.013 -0.016 -0.079]
		[-0.013 -0.022 -0.085]
		[-0.013 -0.028 -0.092]
		[-0.013 -0.035 -0.098]
		[-0.013 -0.043 -0.106]
		[-0.013 -0.050 -0.113]
		[-0.013 -0.057 -0.121]
		[-0.013 -0.065 -0.128]
		[-0.013 -0.072 -0.135]
		[-0.013 -0.078 -0.141]
		[-0.013 -0.084 -0.148]
		[-0.013 -0.089 -0.153]
		[-0.013 -0.094 -0.157]
		[-0.013 -0.097 -0.160]
		[-0.013 -0.099 -0.162]
		[-0.013 -0.100 -0.163]
		[-0.013 -0.099 -0.163]
		[-0.013 -0.090 -0.153]
		[-0.013 -0.084 -0.147]
		[-0.013 -0.071 -0.135]
		[-0.013 -0.035 -0.099]
		[-0.013 -0.028 -0.091]
		[-0.040 0.089 0.995]
		[0.452 -0.887 0.097]
		[0.891 0.454 -0.004]
		[0.123 -0.038 0.000]
		[-0.041 0.086 0.995]
		[0.454 -0.886 0.095]
		[0.890 0.456 -0.003]
		[-0.041 0.081 0.996]
		[0.458 -0.884 0.090]
		[0.888 0.460 0.000]
		[-0.042 0.073 0.996]
		[0.465 -0.882 0.084]
		[0.885 0.466 0.003]
		[-0.043 0.064 0.997]
		[0.472 -0.878 0.076]
		[0.880 0.474 0.007]
		[-0.044 0.053 0.998]
		[0.481 -0.874 0.067]
		[0.876 0.483 0.013]
		[-0.044 0.040 0.998]
		[0.491 -0.869 0.057]
		[0.870 0.493 0.019]
		[-0.045 0.027 0.999]
		[0.502 -0.864 0.046]
		[0.864 0.503 0.026]
		[-0.046 0.012 0.999]
		[0.513 -0.857 0.034]
		[0.857 0.514 0.033]
		[-0.046 -0.003 0.999]
		[0.525 -0.851 0.022]
		[0.850 0.526 0.041]
		[-0.046 -0.018 0.999]
		[0.537 -0.843 0.010]
		[0.842 0.537 0.049]
		[-0.046 -0.033 0.998]
		[0.549 -0.836 -0.002]
		[0.835 0.548 0.057]
		[-0.046 -0.048 0.998]
		[0.560 -0.828 -0.014]
		[0.827 0.558 0.065]
		[-0.046 -0.062 0.997]
		[0.571 -0.821 -0.025]
		[0.820 0.568 0.073]
		[-0.045 -0.075 0.996]
		[0.581 -0.813 -0.035]
		[0.813 0.577 0.080]
		[-0.044 -0.088 0.995]
		[0.590 -0.806 -0.045]
		[0.806 0.585 0.087]
		[-0.044 -0.098 0.994]
		[0.598 -0.800 -0.053]
		[0.800 0.592 0.094]
		[-0.043 -0.107 0.993]
		[0.604 -0.795 -0.059]
		[0.796 0.598 0.099]
		[-0.043 -0.112 0.993]
		[0.608 -0.791 -0.063]
		[0.792 0.601 0.102]
		[-0.042 -0.115 0.992]
		[0.610 -0.789 -0.065]
		[0.791 0.603 0.104]
		[0.611 -0.789 -0.066]
		[-0.043 -0.113 0.993]
		[0.609 -0.790 -0.064]
		[0.792 0.602 0.103]
		[-0.043 -0.109 0.993]
		[0.606 -0.793 -0.061]
		[0.794 0.599 0.100]
		[-0.043 -0.103 0.994]
		[0.601 -0.797 -0.056]
		[0.798 0.595 0.096]
		[-0.044 -0.094 0.995]
		[0.595 -0.802 -0.050]
		[0.802 0.590 0.091]
		[-0.045 -0.084 0.995]
		[0.588 -0.808 -0.042]
		[0.808 0.583 0.086]
		[-0.045 -0.073 0.996]
		[0.579 -0.814 -0.033]
		[0.814 0.576 0.079]
		[-0.046 -0.060 0.997]
		[0.570 -0.822 -0.024]
		[0.821 0.567 0.072]
		[-0.046 -0.046 0.998]
		[0.559 -0.829 -0.013]
		[0.828 0.557 0.064]
		[-0.046 -0.031 0.998]
		[0.547 -0.837 -0.001]
		[0.836 0.546 0.056]
		[-0.046 -0.016 0.999]
		[0.535 -0.845 0.011]
		[0.843 0.535 0.047]
		[-0.046 0.000 0.999]
		[0.523 -0.852 0.024]
		[0.851 0.524 0.039]
		[-0.046 0.014 0.999]
		[0.512 -0.858 0.036]
		[0.858 0.513 0.032]
		[-0.045 0.029 0.999]
		[0.500 -0.864 0.047]
		[0.865 0.502 0.025]
		[-0.044 0.042 0.998]
		[0.490 -0.870 0.058]
		[0.871 0.492 0.018]
		[-0.043 0.054 0.998]
		[0.480 -0.875 0.068]
		[0.876 0.482 0.012]
		[-0.043 0.065 0.997]
		[0.471 -0.879 0.077]
		[0.881 0.473 0.007]
		[-0.042 0.074 0.996]
		[0.464 -0.882 0.085]
		[0.458 -0.884 0.091]
		[0.888 0.460 -0.001]
		[-0.405 0.602 0.688]
		[0.284 0.798 -0.532]
		[-0.869 -0.020 -0.494]
		[0.000 0.532 0.000]
		[-0.405 0.607 0.684]
		[0.287 0.795 -0.535]
		[-0.868 -0.021 -0.496]
		[-0.404 0.615 0.677]
		[0.292 0.788 -0.542]
		[-0.867 -0.021 -0.498]
		[-0.402 0.627 0.667]
		[0.299 0.779 -0.551]
		[-0.865 -0.022 -0.501]
		[-0.400 0.641 0.655]
		[0.308 0.767 -0.563]
		[-0.863 -0.024 -0.504]
		[-0.397 0.658 0.640]
		[0.318 0.753 -0.577]
		[-0.861 -0.026 -0.508]
		[-0.394 0.676 0.622]
		[0.330 0.736 -0.591]
		[-0.858 -0.028 -0.513]
		[-0.390 0.696 0.603]
		[0.342 0.717 -0.607]
		[-0.855 -0.030 -0.518]
		[-0.385 0.716 0.582]
		[0.356 0.697 -0.623]
		[-0.851 -0.033 -0.523]
		[-0.380 0.737 0.559]
		[0.369 0.675 -0.639]
		[-0.848 -0.036 -0.529]
		[-0.374 0.757 0.536]
		[0.383 0.652 -0.654]
		[-0.844 -0.040 -0.534]
		[-0.368 0.776 0.512]
		[0.397 0.629 -0.669]
		[-0.841 -0.043 -0.539]
		[-0.361 0.795 0.487]
		[0.410 0.605 -0.683]
		[-0.837 -0.047 -0.545]
		[-0.355 0.812 0.463]
		[0.423 0.581 -0.695]
		[-0.834 -0.051 -0.549]
		[-0.348 0.827 0.441]
		[0.434 0.559 -0.706]
		[-0.831 -0.054 -0.554]
		[-0.342 0.840 0.421]
		[0.444 0.539 -0.716]
		[-0.828 -0.058 -0.557]
		[-0.336 0.851 0.404]
		[0.452 0.522 -0.723]
		[-0.826 -0.061 -0.560]
		[-0.332 0.859 0.390]
		[0.459 0.508 -0.729]
		[-0.824 -0.063 -0.563]
		[-0.328 0.865 0.379]
		[0.464 0.497 -0.733]
		[-0.823 -0.065 -0.565]
		[-0.326 0.869 0.372]
		[0.467 0.490 -0.736]
		[-0.822 -0.066 -0.566]
		[-0.325 0.871 0.369]
		[0.468 0.487 -0.737]
		[-0.821 -0.067 -0.566]
		[-0.326 0.870 0.370]
		[0.468 0.488 -0.737]
		[-0.822 -0.067 -0.566]
		[-0.327 0.867 0.376]
		[0.465 0.494 -0.734]
		[-0.822 -0.066 -0.565]
		[-0.331 0.861 0.386]
		[0.461 0.504 -0.731]
		[-0.824 -0.064 -0.564]
		[-0.335 0.853 0.401]
		[0.454 0.519 -0.725]
		[-0.826 -0.061 -0.561]
		[-0.341 0.841 0.419]
		[0.445 0.537 -0.716]
		[-0.828 -0.058 -0.558]
		[-0.348 0.828 0.440]
		[0.434 0.558 -0.707]
		[-0.831 -0.055 -0.554]
		[-0.362 0.795 0.488]
		[-0.837 -0.047 -0.544]
		[0.396 0.630 -0.668]
		[-0.375 0.756 0.537]
		[0.382 0.654 -0.653]
		[-0.845 -0.039 -0.534]
		[-0.381 0.735 0.562]
		[0.368 0.678 -0.637]
		[-0.848 -0.036 -0.528]
		[-0.386 0.713 0.585]
		[0.354 0.700 -0.620]
		[-0.852 -0.033 -0.523]
		[-0.391 0.692 0.607]
		[0.340 0.721 -0.604]
		[-0.855 -0.030 -0.517]
		[-0.395 0.672 0.626]
		[0.327 0.740 -0.588]
		[-0.859 -0.027 -0.512]
		[-0.398 0.653 0.644]
		[0.315 0.757 -0.573]
		[-0.861 -0.025 -0.507]
		[-0.401 0.637 0.659]
		[0.305 0.771 -0.560]
		[-0.864 -0.023 -0.503]
		[-0.403 0.624 0.670]
		[0.297 0.781 -0.549]
		[-0.866 -0.022 -0.500]
		[-0.404 0.613 0.679]
		[0.291 0.790 -0.541]
		[-0.867 -0.021 -0.497]
		[-0.405 0.606 0.685]
		[0.286 0.795 -0.535]
		[-0.868 -0.021 -0.495]
		[1.000 0.000 0.000]
		[0.000 1.000 0.000]
		[0.000 0.000 1.000]
		[0.000 0.578 0.000]
		[0.055 -0.393 0.918]
		[-0.404 -0.850 -0.339]
		[0.913 -0.352 -0.205]
		[-0.123 -0.038 0.000]
		[0.054 -0.396 0.917]
		[-0.404 -0.848 -0.342]
		[0.913 -0.352 -0.206]
		[0.053 -0.401 0.914]
		[-0.405 -0.845 -0.348]
		[0.913 -0.352 -0.207]
		[0.050 -0.409 0.911]
		[-0.408 -0.841 -0.355]
		[0.912 -0.354 -0.209]
		[0.047 -0.419 0.907]
		[-0.412 -0.835 -0.364]
		[0.910 -0.356 -0.212]
		[0.044 -0.431 0.902]
		[-0.417 -0.828 -0.375]
		[0.908 -0.359 -0.216]
		[0.040 -0.443 0.895]
		[-0.422 -0.820 -0.387]
		[0.906 -0.363 -0.220]
		[0.035 -0.457 0.889]
		[-0.428 -0.810 -0.400]
		[0.903 -0.366 -0.224]
		[0.030 -0.472 0.881]
		[-0.434 -0.800 -0.413]
		[0.900 -0.370 -0.229]
		[0.025 -0.487 0.873]
		[-0.441 -0.789 -0.427]
		[0.897 -0.374 -0.234]
		[0.020 -0.501 0.865]
		[-0.447 -0.778 -0.441]
		[0.894 -0.378 -0.240]
		[0.014 -0.516 0.856]
		[-0.454 -0.767 -0.455]
		[0.891 -0.382 -0.245]
		[0.008 -0.530 0.848]
		[-0.460 -0.755 -0.468]
		[0.888 -0.386 -0.250]
		[0.003 -0.544 0.839]
		[-0.465 -0.744 -0.480]
		[0.885 -0.389 -0.255]
		[-0.002 -0.556 0.831]
		[-0.471 -0.733 -0.492]
		[0.882 -0.392 -0.260]
		[-0.007 -0.567 0.823]
		[-0.475 -0.723 -0.502]
		[0.880 -0.395 -0.265]
		[-0.011 -0.577 0.816]
		[-0.479 -0.714 -0.511]
		[0.878 -0.397 -0.268]
		[-0.015 -0.585 0.811]
		[-0.482 -0.707 -0.518]
		[0.876 -0.398 -0.271]
		[-0.017 -0.590 0.807]
		[-0.483 -0.702 -0.523]
		[0.875 -0.399 -0.273]
		[-0.018 -0.592 0.805]
		[-0.484 -0.700 -0.525]
		[0.875 -0.400 -0.274]
		[-0.018 -0.593 0.805]
		[-0.484 -0.699 -0.526]
		[-0.017 -0.591 0.807]
		[-0.484 -0.701 -0.524]
		[0.875 -0.399 -0.274]
		[-0.016 -0.587 0.809]
		[-0.482 -0.705 -0.520]
		[0.876 -0.398 -0.272]
		[-0.013 -0.581 0.814]
		[-0.480 -0.710 -0.515]
		[0.877 -0.397 -0.270]
		[-0.010 -0.574 0.819]
		[-0.477 -0.717 -0.508]
		[0.879 -0.396 -0.267]
		[-0.006 -0.565 0.825]
		[-0.474 -0.725 -0.500]
		[0.881 -0.394 -0.263]
		[-0.001 -0.554 0.832]
		[-0.470 -0.735 -0.490]
		[0.883 -0.392 -0.259]
		[0.004 -0.542 0.840]
		[-0.465 -0.745 -0.478]
		[0.009 -0.529 0.849]
		[-0.460 -0.756 -0.466]
		[0.015 -0.514 0.857]
		[-0.454 -0.767 -0.453]
		[0.891 -0.383 -0.245]
		[0.020 -0.499 0.866]
		[-0.448 -0.779 -0.439]
		[0.894 -0.379 -0.239]
		[0.026 -0.484 0.875]
		[-0.442 -0.790 -0.425]
		[0.897 -0.376 -0.234]
		[0.031 -0.469 0.882]
		[-0.436 -0.801 -0.411]
		[0.899 -0.372 -0.229]
		[0.036 -0.455 0.890]
		[-0.430 -0.811 -0.397]
		[0.902 -0.368 -0.225]
		[0.040 -0.442 0.896]
		[-0.424 -0.820 -0.385]
		[0.905 -0.365 -0.220]
		[0.044 -0.429 0.902]
		[-0.419 -0.828 -0.373]
		[0.907 -0.362 -0.216]
		[0.048 -0.418 0.907]
		[-0.415 -0.835 -0.363]
		[0.909 -0.359 -0.213]
		[-0.411 -0.840 -0.354]
		[0.910 -0.356 -0.210]
		[0.053 -0.401 0.915]
		[-0.408 -0.845 -0.347]
		[0.912 -0.354 -0.208]
		[-0.405 -0.848 -0.342]
		[0.913 -0.353 -0.206]
		[-0.922 0.373 0.106]
		[0.372 0.928 -0.033]
		[-0.111 0.009 -0.994]
		[-0.920 0.377 0.108]
		[0.376 0.926 -0.032]
		[-0.112 0.011 -0.994]
		[-0.917 0.383 0.111]
		[0.382 0.924 -0.030]
		[-0.114 0.015 -0.993]
		[-0.913 0.392 0.115]
		[0.391 0.920 -0.027]
		[-0.116 0.020 -0.993]
		[-0.908 0.403 0.118]
		[0.403 0.915 -0.024]
		[-0.118 0.026 -0.993]
		[-0.901 0.416 0.123]
		[0.416 0.909 -0.020]
		[-0.120 0.033 -0.992]
		[-0.894 0.430 0.128]
		[0.432 0.902 -0.016]
		[-0.122 0.041 -0.992]
		[-0.885 0.445 0.133]
		[0.448 0.894 -0.012]
		[-0.124 0.049 -0.991]
		[-0.876 0.462 0.138]
		[0.465 0.885 -0.007]
		[-0.125 0.058 -0.990]
		[-0.867 0.478 0.144]
		[0.483 0.876 -0.002]
		[-0.127 0.068 -0.990]
		[-0.856 0.495 0.149]
		[0.501 0.866 0.003]
		[-0.128 0.077 -0.989]
		[-0.846 0.511 0.155]
		[0.518 0.855 0.007]
		[-0.129 0.087 -0.988]
		[-0.835 0.527 0.161]
		[0.535 0.845 0.012]
		[-0.130 0.096 -0.987]
		[-0.824 0.542 0.167]
		[0.551 0.834 0.016]
		[-0.130 0.105 -0.986]
		[-0.814 0.555 0.172]
		[0.566 0.824 0.020]
		[-0.131 0.113 -0.985]
		[-0.804 0.568 0.178]
		[0.580 0.814 0.023]
		[-0.132 0.121 -0.984]
		[-0.795 0.578 0.182]
		[0.592 0.806 0.026]
		[-0.132 0.128 -0.983]
		[-0.789 0.586 0.186]
		[0.600 0.799 0.028]
		[-0.132 0.133 -0.982]
		[-0.784 0.591 0.188]
		[0.606 0.795 0.029]
		[-0.132 0.137 -0.982]
		[-0.782 0.594 0.189]
		[0.609 0.793 0.030]
		[-0.132 0.139 -0.981]
		[-0.781 0.595 0.190]
		[0.610 0.792 0.030]
		[-0.783 0.593 0.189]
		[0.608 0.793 0.030]
		[-0.132 0.138 -0.982]
		[-0.786 0.589 0.187]
		[0.604 0.796 0.029]
		[-0.132 0.136 -0.982]
		[-0.791 0.584 0.185]
		[0.598 0.801 0.027]
		[-0.132 0.132 -0.982]
		[-0.797 0.576 0.182]
		[0.589 0.807 0.025]
		[-0.132 0.127 -0.983]
		[-0.805 0.566 0.177]
		[0.579 0.815 0.023]
		[0.566 0.824 0.019]
		[-0.824 0.541 0.166]
		[-0.835 0.526 0.160]
		[0.534 0.845 0.012]
		[-0.129 0.095 -0.987]
		[-0.846 0.510 0.154]
		[0.517 0.856 0.007]
		[-0.128 0.086 -0.988]
		[-0.857 0.494 0.147]
		[0.499 0.866 0.003]
		[-0.127 0.076 -0.989]
		[-0.867 0.477 0.141]
		[0.482 0.876 -0.002]
		[-0.125 0.066 -0.990]
		[-0.877 0.461 0.135]
		[0.464 0.886 -0.007]
		[-0.123 0.057 -0.991]
		[-0.886 0.445 0.130]
		[0.447 0.894 -0.012]
		[-0.121 0.048 -0.992]
		[-0.895 0.429 0.124]
		[0.431 0.902 -0.016]
		[-0.119 0.039 -0.992]
		[-0.902 0.415 0.119]
		[-0.117 0.031 -0.993]
		[-0.908 0.403 0.115]
		[-0.115 0.024 -0.993]
		[-0.913 0.392 0.112]
		[-0.114 0.019 -0.993]
		[-0.917 0.383 0.109]
		[-0.112 0.014 -0.994]
		[-0.920 0.377 0.107]
		[-0.111 0.011 -0.994]
		[0.830 -0.138 0.541]
		[0.265 0.950 -0.164]
		[-0.491 0.279 0.825]
		[0.000 0.130 0.000]
		[0.830 -0.136 0.541]
		[0.263 0.951 -0.165]
		[-0.492 0.279 0.825]
		[0.830 -0.132 0.542]
		[0.260 0.951 -0.165]
		[-0.493 0.278 0.824]
		[0.830 -0.127 0.543]
		[0.255 0.952 -0.167]
		[-0.496 0.277 0.823]
		[0.831 -0.121 0.544]
		[0.249 0.954 -0.168]
		[-0.498 0.275 0.822]
		[0.831 -0.114 0.545]
		[0.242 0.955 -0.170]
		[-0.501 0.274 0.821]
		[0.831 -0.105 0.546]
		[0.235 0.957 -0.173]
		[-0.504 0.272 0.820]
		[0.832 -0.096 0.547]
		[0.226 0.958 -0.175]
		[-0.507 0.269 0.819]
		[0.832 -0.087 0.548]
		[0.217 0.960 -0.178]
		[-0.511 0.267 0.817]
		[0.832 -0.077 0.549]
		[0.208 0.961 -0.180]
		[-0.514 0.264 0.816]
		[0.832 -0.067 0.550]
		[0.198 0.963 -0.183]
		[-0.518 0.262 0.815]
		[0.832 -0.057 0.551]
		[0.189 0.964 -0.186]
		[-0.521 0.259 0.813]
		[0.832 -0.047 0.552]
		[0.179 0.966 -0.189]
		[-0.525 0.256 0.812]
		[0.832 -0.037 0.553]
		[0.170 0.967 -0.191]
		[-0.528 0.253 0.811]
		[0.832 -0.028 0.554]
		[0.162 0.968 -0.194]
		[-0.531 0.251 0.809]
		[0.832 -0.019 0.555]
		[0.154 0.968 -0.196]
		[-0.534 0.249 0.808]
		[0.831 -0.012 0.556]
		[0.146 0.969 -0.198]
		[-0.536 0.246 0.807]
		[0.831 -0.005 0.556]
		[0.140 0.970 -0.200]
		[-0.538 0.244 0.806]
		[0.831 0.000 0.557]
		[0.135 0.970 -0.202]
		[-0.540 0.243 0.806]
		[0.830 0.004 0.557]
		[0.132 0.970 -0.203]
		[-0.541 0.242 0.805]
		[0.830 0.006 0.557]
		[0.130 0.970 -0.204]
		[-0.542 0.241 0.805]
		[0.830 0.007 0.557]
		[0.129 0.971 -0.204]
		[0.830 0.005 0.557]
		[0.130 0.970 -0.203]
		[0.830 0.002 0.557]
		[0.134 0.970 -0.202]
		[0.831 -0.004 0.557]
		[0.139 0.970 -0.200]
		[-0.539 0.244 0.806]
		[0.147 0.969 -0.198]
		[-0.537 0.246 0.807]
		[0.831 -0.021 0.555]
		[0.155 0.968 -0.196]
		[0.832 -0.030 0.554]
		[0.164 0.967 -0.193]
		[-0.531 0.252 0.809]
		[0.832 -0.040 0.553]
		[0.174 0.966 -0.190]
		[-0.527 0.254 0.811]
		[0.832 -0.051 0.552]
		[0.184 0.965 -0.187]
		[-0.523 0.257 0.812]
		[0.832 -0.062 0.551]
		[0.194 0.964 -0.184]
		[-0.520 0.260 0.814]
		[0.832 -0.073 0.550]
		[0.204 0.962 -0.181]
		[-0.516 0.263 0.815]
		[0.832 -0.083 0.548]
		[0.214 0.960 -0.179]
		[-0.512 0.266 0.817]
		[0.832 -0.094 0.547]
		[0.223 0.959 -0.176]
		[-0.508 0.268 0.818]
		[0.831 -0.103 0.546]
		[0.232 0.957 -0.173]
		[-0.505 0.271 0.820]
		[0.831 -0.112 0.545]
		[0.241 0.955 -0.171]
		[-0.501 0.273 0.821]
		[0.831 -0.120 0.543]
		[0.248 0.954 -0.169]
		[0.830 -0.127 0.542]
		[0.254 0.953 -0.167]
		[0.259 0.951 -0.166]
		[0.483 0.268 -0.833]
		[-0.219 0.959 0.181]
		[0.848 0.095 0.522]
		[0.000 0.596 0.000]
		[0.483 0.266 -0.834]
		[-0.217 0.959 0.180]
		[0.848 0.094 0.521]
		[0.483 0.263 -0.836]
		[-0.213 0.961 0.179]
		[0.850 0.091 0.519]
		[0.482 0.258 -0.837]
		[-0.207 0.962 0.178]
		[0.851 0.087 0.517]
		[0.482 0.252 -0.839]
		[-0.199 0.964 0.176]
		[0.853 0.082 0.515]
		[0.482 0.245 -0.841]
		[-0.190 0.966 0.173]
		[0.856 0.076 0.512]
		[0.481 0.238 -0.844]
		[-0.179 0.969 0.171]
		[0.858 0.069 0.509]
		[0.481 0.230 -0.846]
		[-0.168 0.971 0.168]
		[0.861 0.062 0.505]
		[0.480 0.221 -0.849]
		[-0.157 0.974 0.165]
		[0.863 0.054 0.502]
		[0.479 0.212 -0.852]
		[-0.144 0.976 0.162]
		[0.866 0.045 0.499]
		[0.479 0.203 -0.854]
		[-0.132 0.979 0.158]
		[0.868 0.037 0.495]
		[0.478 0.194 -0.857]
		[-0.120 0.981 0.155]
		[0.870 0.029 0.492]
		[0.477 0.185 -0.859]
		[-0.108 0.983 0.152]
		[0.872 0.020 0.488]
		[0.476 0.176 -0.862]
		[-0.096 0.984 0.148]
		[0.874 0.012 0.485]
		[0.475 0.168 -0.864]
		[-0.085 0.986 0.145]
		[0.876 0.005 0.482]
		[0.474 0.161 -0.866]
		[-0.076 0.987 0.143]
		[0.877 -0.002 0.480]
		[0.473 0.155 -0.867]
		[-0.067 0.988 0.140]
		[0.879 -0.008 0.477]
		[0.472 0.150 -0.869]
		[-0.060 0.989 0.138]
		[0.880 -0.013 0.475]
		[0.471 0.146 -0.870]
		[-0.055 0.989 0.136]
		[0.880 -0.017 0.474]
		[0.471 0.144 -0.870]
		[-0.051 0.989 0.135]
		[0.881 -0.019 0.473]
		[0.471 0.143 -0.871]
		[-0.050 0.990 0.135]
		[0.881 -0.020 0.473]
		[0.000 0.315 0.000]
		[0.000 0.470 0.000]
		[0.000 0.300 0.000]
		[0.000 0.000 -1.000]
		[-1.000 0.000 0.000]
		[0.850 0.495 0.182]
		[-0.055 0.427 -0.902]
		[-0.524 0.757 0.390]
		[0.279 0.394 -0.035]
		[0.555 0.653 0.515]
		[0.210 -0.709 0.673]
		[0.805 -0.265 -0.531]
		[0.000 0.316 0.000]
		[0.000 0.469 0.000]
		[-0.968 -0.128 0.214]
		[0.002 -0.863 -0.506]
		[0.249 -0.489 0.836]
		[-0.279 0.394 -0.035]
		[0.472 0.823 0.315]
		[-0.867 0.369 0.335]
		[0.159 -0.431 0.888]
		[100.000 0.000 0.000]
		[0.000 0.000 -100.000]
		[0.000 100.000 0.000]
		[0.165 0.102 -0.047]
		[-0.096 0.085 -0.154]
		[-0.058 0.150 0.119]
		[0.089 -0.198 1.902]
		[-0.096 0.084 -0.154]
		[0.088 -0.198 1.901]
		[0.166 0.102 -0.047]
		[-0.095 0.084 -0.154]
		[-0.059 0.150 0.118]
		[0.086 -0.198 1.900]
		[0.166 0.101 -0.047]
		[-0.095 0.084 -0.155]
		[-0.059 0.151 0.117]
		[0.083 -0.199 1.898]
		[0.166 0.101 -0.046]
		[-0.094 0.083 -0.156]
		[-0.059 0.151 0.116]
		[0.080 -0.201 1.895]
		[0.167 0.101 -0.046]
		[-0.093 0.082 -0.157]
		[-0.060 0.152 0.115]
		[0.076 -0.203 1.891]
		[0.167 0.100 -0.046]
		[-0.092 0.081 -0.158]
		[-0.060 0.153 0.114]
		[0.072 -0.205 1.887]
		[0.167 0.100 -0.045]
		[-0.091 0.081 -0.159]
		[-0.061 0.154 0.113]
		[0.067 -0.208 1.882]
		[0.168 0.099 -0.045]
		[-0.089 0.080 -0.160]
		[-0.062 0.154 0.111]
		[0.062 -0.211 1.877]
		[0.168 0.099 -0.044]
		[-0.088 0.079 -0.161]
		[-0.062 0.155 0.110]
		[0.057 -0.214 1.872]
		[0.169 0.098 -0.043]
		[-0.087 0.078 -0.163]
		[-0.063 0.156 0.108]
		[0.052 -0.216 1.866]
		[0.169 0.097 -0.043]
		[-0.085 0.076 -0.164]
		[-0.064 0.157 0.106]
		[0.047 -0.219 1.861]
		[0.170 0.097 -0.042]
		[-0.084 0.075 -0.165]
		[-0.064 0.158 0.105]
		[0.042 -0.222 1.855]
		[0.170 0.096 -0.042]
		[-0.083 0.074 -0.166]
		[-0.065 0.159 0.103]
		[0.037 -0.224 1.850]
		[0.171 0.096 -0.041]
		[-0.082 0.073 -0.167]
		[-0.065 0.159 0.102]
		[0.032 -0.227 1.844]
		[-0.080 0.072 -0.168]
		[-0.066 0.160 0.100]
		[0.027 -0.229 1.839]
		[0.171 0.095 -0.040]
		[-0.079 0.072 -0.169]
		[-0.066 0.161 0.099]
		[0.023 -0.231 1.836]
		[0.172 0.095 -0.040]
		[-0.078 0.071 -0.170]
		[-0.066 0.161 0.098]
		[0.020 -0.232 1.832]
		[0.172 0.095 -0.039]
		[-0.078 0.070 -0.170]
		[-0.067 0.162 0.097]
		[0.017 -0.233 1.829]
		[0.172 0.094 -0.039]
		[-0.077 0.070 -0.171]
		[0.015 -0.233 1.828]
		[-0.067 0.162 0.096]
		[0.014 -0.233 1.828]
		[0.014 -0.232 1.828]
		[0.015 -0.230 1.830]
		[0.017 -0.229 1.833]
		[0.020 -0.228 1.836]
		[0.024 -0.226 1.841]
		[-0.081 0.073 -0.168]
		[-0.066 0.160 0.101]
		[0.028 -0.224 1.846]
		[-0.082 0.074 -0.167]
		[0.033 -0.221 1.851]
		[-0.083 0.075 -0.166]
		[-0.064 0.158 0.104]
		[0.038 -0.219 1.856]
		[-0.085 0.076 -0.165]
		[-0.064 0.157 0.105]
		[0.044 -0.217 1.861]
		[-0.086 0.077 -0.163]
		[-0.063 0.157 0.107]
		[0.049 -0.214 1.867]
		[0.169 0.098 -0.044]
		[-0.088 0.078 -0.162]
		[-0.062 0.156 0.109]
		[0.055 -0.212 1.872]
		[-0.089 0.079 -0.161]
		[-0.062 0.155 0.111]
		[0.060 -0.209 1.878]
		[-0.090 0.080 -0.159]
		[-0.061 0.154 0.112]
		[0.066 -0.207 1.883]
		[-0.061 0.153 0.114]
		[0.071 -0.204 1.888]
		[0.075 -0.202 1.892]
		[-0.060 0.151 0.116]
		[-0.059 0.150 0.119]
		[-0.112 0.166 0.003]
		[-0.153 -0.101 -0.080]
		[-0.065 -0.047 0.183]
		[0.173 -0.134 1.160]
		[0.173 -0.135 1.159]
		[-0.112 0.166 0.002]
		[-0.152 -0.101 -0.080]
		[-0.066 -0.046 0.183]
		[0.173 -0.137 1.158]
		[-0.111 0.166 0.001]
		[-0.152 -0.102 -0.081]
		[0.174 -0.141 1.156]
		[-0.111 0.166 0.000]
		[-0.067 -0.045 0.183]
		[0.174 -0.146 1.153]
		[-0.111 0.166 -0.002]
		[-0.068 -0.044 0.183]
		[0.174 -0.152 1.150]
		[-0.111 0.166 -0.003]
		[-0.151 -0.102 -0.082]
		[-0.070 -0.043 0.183]
		[0.175 -0.159 1.146]
		[-0.111 0.167 -0.005]
		[-0.151 -0.103 -0.082]
		[-0.071 -0.041 0.182]
		[0.175 -0.167 1.142]
		[-0.110 0.167 -0.007]
		[-0.150 -0.103 -0.082]
		[-0.072 -0.040 0.182]
		[0.176 -0.174 1.137]
		[-0.110 0.167 -0.009]
		[-0.150 -0.103 -0.083]
		[-0.074 -0.039 0.182]
		[0.176 -0.183 1.132]
		[-0.110 0.167 -0.011]
		[-0.149 -0.104 -0.083]
		[-0.075 -0.037 0.182]
		[0.177 -0.191 1.128]
		[-0.109 0.167 -0.013]
		[-0.149 -0.104 -0.084]
		[-0.077 -0.036 0.181]
		[0.177 -0.199 1.123]
		[-0.109 0.167 -0.015]
		[-0.148 -0.105 -0.084]
		[-0.078 -0.034 0.181]
		[0.178 -0.207 1.118]
		[-0.109 0.167 -0.017]
		[-0.079 -0.033 0.181]
		[0.178 -0.215 1.114]
		[-0.108 0.167 -0.019]
		[-0.147 -0.105 -0.085]
		[-0.081 -0.032 0.180]
		[0.179 -0.223 1.109]
		[-0.108 0.167 -0.021]
		[-0.147 -0.106 -0.085]
		[-0.082 -0.031 0.180]
		[0.179 -0.229 1.105]
		[-0.108 0.167 -0.022]
		[-0.083 -0.030 0.180]
		[0.179 -0.235 1.102]
		[-0.108 0.167 -0.024]
		[-0.146 -0.106 -0.085]
		[-0.084 -0.029 0.179]
		[0.179 -0.240 1.100]
		[-0.107 0.167 -0.025]
		[-0.146 -0.107 -0.086]
		[-0.085 -0.028 0.179]
		[0.180 -0.244 1.098]
		[-0.085 -0.027 0.179]
		[0.180 -0.246 1.097]
		[-0.107 0.167 -0.026]
		[0.180 -0.247 1.097]
		[-0.086 -0.027 0.179]
		[0.180 -0.244 1.099]
		[0.180 -0.240 1.102]
		[0.179 -0.236 1.104]
		[0.179 -0.230 1.108]
		[-0.108 0.167 -0.020]
		[0.179 -0.223 1.111]
		[-0.148 -0.105 -0.085]
		[-0.080 -0.032 0.180]
		[0.178 -0.216 1.115]
		[-0.109 0.167 -0.016]
		[-0.079 -0.034 0.181]
		[0.178 -0.208 1.120]
		[-0.109 0.167 -0.014]
		[-0.077 -0.035 0.181]
		[0.177 -0.200 1.124]
		[-0.110 0.167 -0.012]
		[-0.076 -0.037 0.181]
		[0.177 -0.192 1.129]
		[-0.110 0.167 -0.010]
		[-0.150 -0.104 -0.083]
		[-0.074 -0.038 0.182]
		[0.176 -0.183 1.133]
		[-0.110 0.167 -0.008]
		[-0.073 -0.040 0.182]
		[0.176 -0.175 1.138]
		[-0.111 0.167 -0.006]
		[0.175 -0.167 1.143]
		[-0.111 0.166 -0.004]
		[-0.070 -0.042 0.183]
		[0.175 -0.159 1.147]
		[-0.069 -0.044 0.183]
		[0.174 -0.146 1.154]
		[-0.152 -0.102 -0.080]]
}