{ :name "Walk" :length 0.6666667 :bones { 
	"Skelet" [
		[0 [1.000 0.000 0.000 0.000 0.000 0.000 1.000 0.000 0.000 -1.000 0.000 0.000 0.000 0.000 0.000 1.000]]
		[0.025 [1.000 0.000 0.000 0.000 0.000 0.000 1.000 0.000 0.000 -1.000 0.000 0.000 0.000 0.000 0.017 1.000]]
		[0.05 [1.000 0.000 0.000 0.000 0.000 0.000 1.000 0.000 0.000 -1.000 0.000 0.000 0.000 0.000 0.036 1.000]]
		[0.075 [1.000 0.000 0.000 0.000 0.000 0.000 1.000 0.000 0.000 -1.000 0.000 0.000 0.000 0.000 0.056 1.000]]
		[0.1 [1.000 0.000 0.000 0.000 0.000 0.000 1.000 0.000 0.000 -1.000 0.000 0.000 0.000 0.000 0.074 1.000]]
		[0.125 [1.000 0.000 0.000 0.000 0.000 0.000 1.000 0.000 0.000 -1.000 0.000 0.000 0.000 0.000 0.089 1.000]]
		[0.15 [1.000 0.000 0.000 0.000 0.000 0.000 1.000 0.000 0.000 -1.000 0.000 0.000 0.000 0.000 0.098 1.000]]
		[0.175 [1.000 0.000 0.000 0.000 0.000 0.000 1.000 0.000 0.000 -1.000 0.000 0.000 0.000 0.000 0.099 1.000]]
		[0.2 [1.000 0.000 0.000 0.000 0.000 0.000 1.000 0.000 0.000 -1.000 0.000 0.000 0.000 0.000 0.090 1.000]]
		[0.225 [1.000 0.000 0.000 0.000 0.000 0.000 1.000 0.000 0.000 -1.000 0.000 0.000 0.000 0.000 0.072 1.000]]
		[0.25 [1.000 0.000 0.000 0.000 0.000 0.000 1.000 0.000 0.000 -1.000 0.000 0.000 0.000 0.000 0.050 1.000]]
		[0.275 [1.000 0.000 0.000 0.000 0.000 0.000 1.000 0.000 0.000 -1.000 0.000 0.000 0.000 0.000 0.028 1.000]]
		[0.3 [1.000 0.000 0.000 0.000 0.000 0.000 1.000 0.000 0.000 -1.000 0.000 0.000 0.000 0.000 0.010 1.000]]
		[0.325 [1.000 0.000 0.000 0.000 0.000 0.000 1.000 0.000 0.000 -1.000 0.000 0.000 0.000 0.000 0.001 1.000]]
		[0.35 [1.000 0.000 0.000 0.000 0.000 0.000 1.000 0.000 0.000 -1.000 0.000 0.000 0.000 0.000 0.003 1.000]]
		[0.375 [1.000 0.000 0.000 0.000 0.000 0.000 1.000 0.000 0.000 -1.000 0.000 0.000 0.000 0.000 0.016 1.000]]
		[0.4 [1.000 0.000 0.000 0.000 0.000 0.000 1.000 0.000 0.000 -1.000 0.000 0.000 0.000 0.000 0.035 1.000]]
		[0.425 [1.000 0.000 0.000 0.000 0.000 0.000 1.000 0.000 0.000 -1.000 0.000 0.000 0.000 0.000 0.057 1.000]]
		[0.45 [1.000 0.000 0.000 0.000 0.000 0.000 1.000 0.000 0.000 -1.000 0.000 0.000 0.000 0.000 0.078 1.000]]
		[0.475 [1.000 0.000 0.000 0.000 0.000 0.000 1.000 0.000 0.000 -1.000 0.000 0.000 0.000 0.000 0.094 1.000]]
		[0.5 [1.000 0.000 0.000 0.000 0.000 0.000 1.000 0.000 0.000 -1.000 0.000 0.000 0.000 0.000 0.100 1.000]]
		[0.525 [1.000 0.000 0.000 0.000 0.000 0.000 1.000 0.000 0.000 -1.000 0.000 0.000 0.000 0.000 0.096 1.000]]
		[0.55 [1.000 0.000 0.000 0.000 0.000 0.000 1.000 0.000 0.000 -1.000 0.000 0.000 0.000 0.000 0.085 1.000]]
		[0.575 [1.000 0.000 0.000 0.000 0.000 0.000 1.000 0.000 0.000 -1.000 0.000 0.000 0.000 0.000 0.069 1.000]]
		[0.6 [1.000 0.000 0.000 0.000 0.000 0.000 1.000 0.000 0.000 -1.000 0.000 0.000 0.000 0.000 0.050 1.000]]
		[0.625 [1.000 0.000 0.000 0.000 0.000 0.000 1.000 0.000 0.000 -1.000 0.000 0.000 0.000 0.000 0.030 1.000]]
		[0.65 [1.000 0.000 0.000 0.000 0.000 0.000 1.000 0.000 0.000 -1.000 0.000 0.000 0.000 0.000 0.011 1.000]]
		[0.675 [1.000 0.000 0.000 0.000 0.000 0.000 1.000 0.000 0.000 -1.000 0.000 0.000 0.000 0.000 0.000 1.000]]
		[0.7 [1.000 0.000 0.000 0.000 0.000 0.000 1.000 0.000 0.000 -1.000 0.000 0.000 0.000 0.000 0.000 1.000]]
		[0.725 [1.000 0.000 0.000 0.000 0.000 0.000 1.000 0.000 0.000 -1.000 0.000 0.000 0.000 0.000 0.000 1.000]]
		[0.75 [1.000 0.000 0.000 0.000 0.000 0.000 1.000 0.000 0.000 -1.000 0.000 0.000 0.000 0.000 0.000 1.000]]
		[0.775 [1.000 0.000 0.000 0.000 0.000 0.000 1.000 0.000 0.000 -1.000 0.000 0.000 0.000 0.000 0.000 1.000]]
		[0.8 [1.000 0.000 0.000 0.000 0.000 0.000 1.000 0.000 0.000 -1.000 0.000 0.000 0.000 0.000 0.000 1.000]]
		[0.825 [1.000 0.000 0.000 0.000 0.000 0.000 1.000 0.000 0.000 -1.000 0.000 0.000 0.000 0.000 0.000 1.000]]
		[0.85 [1.000 0.000 0.000 0.000 0.000 0.000 1.000 0.000 0.000 -1.000 0.000 0.000 0.000 0.000 0.000 1.000]]
		[0.875 [1.000 0.000 0.000 0.000 0.000 0.000 1.000 0.000 0.000 -1.000 0.000 0.000 0.000 0.000 0.000 1.000]]
		[0.9 [1.000 0.000 0.000 0.000 0.000 0.000 1.000 0.000 0.000 -1.000 0.000 0.000 0.000 0.000 0.000 1.000]]
		[0.925 [1.000 0.000 0.000 0.000 0.000 0.000 1.000 0.000 0.000 -1.000 0.000 0.000 0.000 0.000 0.000 1.000]]
		[0.95 [1.000 0.000 0.000 0.000 0.000 0.000 1.000 0.000 0.000 -1.000 0.000 0.000 0.000 0.000 0.000 1.000]]
		[0.975 [1.000 0.000 0.000 0.000 0.000 0.000 1.000 0.000 0.000 -1.000 0.000 0.000 0.000 0.000 0.000 1.000]]
	]
	"Bedro_L" [
		[0 [0.000 -0.342 0.940 0.000 0.000 -0.940 -0.342 0.000 1.000 0.000 0.000 0.000 0.123 -0.038 0.000 1.000]]
		[0.025 [0.000 -0.397 0.918 0.000 0.000 -0.918 -0.397 0.000 1.000 0.000 0.000 0.000 0.123 -0.038 0.000 1.000]]
		[0.05 [0.000 -0.458 0.889 0.000 0.000 -0.889 -0.458 0.000 1.000 0.000 0.000 0.000 0.123 -0.038 0.000 1.000]]
		[0.075 [0.000 -0.518 0.855 0.000 0.000 -0.855 -0.518 0.000 1.000 0.000 0.000 0.000 0.123 -0.038 0.000 1.000]]
		[0.1 [0.000 -0.572 0.820 0.000 0.000 -0.820 -0.572 0.000 1.000 0.000 0.000 0.000 0.123 -0.038 0.000 1.000]]
		[0.125 [0.000 -0.613 0.790 0.000 0.000 -0.790 -0.613 0.000 1.000 0.000 0.000 0.000 0.123 -0.038 0.000 1.000]]
		[0.15 [0.000 -0.638 0.770 0.000 0.000 -0.770 -0.638 0.000 1.000 0.000 0.000 0.000 0.123 -0.038 0.000 1.000]]
		[0.175 [0.000 -0.643 0.766 0.000 0.000 -0.766 -0.643 0.000 1.000 0.000 0.000 0.000 0.123 -0.038 0.000 1.000]]
		[0.2 [0.000 -0.634 0.773 0.000 0.000 -0.773 -0.634 0.000 1.000 0.000 0.000 0.000 0.123 -0.038 0.000 1.000]]
		[0.225 [0.000 -0.596 0.803 0.000 0.000 -0.803 -0.596 0.000 1.000 0.000 0.000 0.000 0.123 -0.038 0.000 1.000]]
		[0.25 [0.000 -0.500 0.866 0.000 0.000 -0.866 -0.500 0.000 1.000 0.000 0.000 0.000 0.123 -0.038 0.000 1.000]]
		[0.275 [0.000 -0.287 0.958 0.000 0.000 -0.958 -0.287 0.000 1.000 0.000 0.000 0.000 0.123 -0.038 0.000 1.000]]
		[0.3 [0.000 0.017 1.000 0.000 0.000 -1.000 0.017 0.000 1.000 0.000 0.000 0.000 0.123 -0.038 0.000 1.000]]
		[0.325 [0.000 0.281 0.960 0.000 0.000 -0.960 0.281 0.000 1.000 0.000 0.000 0.000 0.123 -0.038 0.000 1.000]]
		[0.35 [0.000 0.432 0.902 0.000 0.000 -0.902 0.432 0.000 1.000 0.000 0.000 0.000 0.123 -0.038 0.000 1.000]]
		[0.375 [0.000 0.537 0.843 0.000 0.000 -0.843 0.537 0.000 1.000 0.000 0.000 0.000 0.123 -0.038 0.000 1.000]]
		[0.4 [0.000 0.610 0.792 0.000 0.000 -0.792 0.610 0.000 1.000 0.000 0.000 0.000 0.123 -0.038 0.000 1.000]]
		[0.425 [0.000 0.655 0.756 0.000 0.000 -0.756 0.655 0.000 1.000 0.000 0.000 0.000 0.123 -0.038 0.000 1.000]]
		[0.45 [0.000 0.674 0.738 0.000 0.000 -0.738 0.674 0.000 1.000 0.000 0.000 0.000 0.123 -0.038 0.000 1.000]]
		[0.475 [0.000 0.670 0.742 0.000 0.000 -0.742 0.670 0.000 1.000 0.000 0.000 0.000 0.123 -0.038 0.000 1.000]]
		[0.5 [0.000 0.643 0.766 0.000 0.000 -0.766 0.643 0.000 1.000 0.000 0.000 0.000 0.123 -0.038 0.000 1.000]]
		[0.525 [0.000 0.578 0.816 0.000 0.000 -0.816 0.578 0.000 1.000 0.000 0.000 0.000 0.123 -0.038 0.000 1.000]]
		[0.55 [0.000 0.468 0.884 0.000 0.000 -0.884 0.468 0.000 1.000 0.000 0.000 0.000 0.123 -0.038 0.000 1.000]]
		[0.575 [0.000 0.316 0.949 0.000 0.000 -0.949 0.316 0.000 1.000 0.000 0.000 0.000 0.123 -0.038 0.000 1.000]]
		[0.6 [0.000 0.136 0.991 0.000 0.000 -0.991 0.136 0.000 1.000 0.000 0.000 0.000 0.123 -0.038 0.000 1.000]]
		[0.625 [0.000 -0.055 0.999 0.000 0.000 -0.999 -0.055 0.000 1.000 0.000 0.000 0.000 0.123 -0.038 0.000 1.000]]
		[0.65 [0.000 -0.236 0.972 0.000 0.000 -0.972 -0.236 0.000 1.000 0.000 0.000 0.000 0.123 -0.038 0.000 1.000]]
		[0.675 [0.000 -0.342 0.940 0.000 0.000 -0.940 -0.342 0.000 1.000 0.000 0.000 0.000 0.123 -0.038 0.000 1.000]]
		[0.7 [0.000 -0.342 0.940 0.000 0.000 -0.940 -0.342 0.000 1.000 0.000 0.000 0.000 0.123 -0.038 0.000 1.000]]
		[0.725 [0.000 -0.342 0.940 0.000 0.000 -0.940 -0.342 0.000 1.000 0.000 0.000 0.000 0.123 -0.038 0.000 1.000]]
		[0.75 [0.000 -0.342 0.940 0.000 0.000 -0.940 -0.342 0.000 1.000 0.000 0.000 0.000 0.123 -0.038 0.000 1.000]]
		[0.775 [0.000 -0.342 0.940 0.000 0.000 -0.940 -0.342 0.000 1.000 0.000 0.000 0.000 0.123 -0.038 0.000 1.000]]
		[0.8 [0.000 -0.342 0.940 0.000 0.000 -0.940 -0.342 0.000 1.000 0.000 0.000 0.000 0.123 -0.038 0.000 1.000]]
		[0.825 [0.000 -0.342 0.940 0.000 0.000 -0.940 -0.342 0.000 1.000 0.000 0.000 0.000 0.123 -0.038 0.000 1.000]]
		[0.85 [0.000 -0.342 0.940 0.000 0.000 -0.940 -0.342 0.000 1.000 0.000 0.000 0.000 0.123 -0.038 0.000 1.000]]
		[0.875 [0.000 -0.342 0.940 0.000 0.000 -0.940 -0.342 0.000 1.000 0.000 0.000 0.000 0.123 -0.038 0.000 1.000]]
		[0.9 [0.000 -0.342 0.940 0.000 0.000 -0.940 -0.342 0.000 1.000 0.000 0.000 0.000 0.123 -0.038 0.000 1.000]]
		[0.925 [0.000 -0.342 0.940 0.000 0.000 -0.940 -0.342 0.000 1.000 0.000 0.000 0.000 0.123 -0.038 0.000 1.000]]
		[0.95 [0.000 -0.342 0.940 0.000 0.000 -0.940 -0.342 0.000 1.000 0.000 0.000 0.000 0.123 -0.038 0.000 1.000]]
		[0.975 [0.000 -0.342 0.940 0.000 0.000 -0.940 -0.342 0.000 1.000 0.000 0.000 0.000 0.123 -0.038 0.000 1.000]]
	]
	"Koleno_L" [
		[0 [0.174 0.985 0.000 0.000 0.985 -0.174 0.000 0.000 0.000 0.000 -1.000 0.000 0.000 0.532 0.000 1.000]]
		[0.025 [0.318 0.948 0.000 0.000 0.948 -0.318 0.000 0.000 0.000 0.000 -1.000 0.000 0.000 0.532 0.000 1.000]]
		[0.05 [0.466 0.885 0.000 0.000 0.885 -0.466 0.000 0.000 0.000 0.000 -1.000 0.000 0.000 0.532 0.000 1.000]]
		[0.075 [0.518 0.855 0.000 0.000 0.855 -0.518 0.000 0.000 0.000 0.000 -1.000 0.000 0.000 0.532 0.000 1.000]]
		[0.1 [0.390 0.921 0.000 0.000 0.921 -0.390 0.000 0.000 0.000 0.000 -1.000 0.000 0.000 0.532 0.000 1.000]]
		[0.125 [0.076 0.997 0.000 0.000 0.997 -0.076 0.000 0.000 0.000 0.000 -1.000 0.000 0.000 0.532 0.000 1.000]]
		[0.15 [-0.298 0.954 0.000 0.000 0.954 0.298 0.000 0.000 0.000 0.000 -1.000 0.000 0.000 0.532 0.000 1.000]]
		[0.175 [-0.584 0.812 0.000 0.000 0.812 0.584 0.000 0.000 0.000 0.000 -1.000 0.000 0.000 0.532 0.000 1.000]]
		[0.2 [-0.795 0.607 0.000 0.000 0.607 0.795 0.000 0.000 0.000 0.000 -1.000 0.000 0.000 0.532 0.000 1.000]]
		[0.225 [-0.929 0.371 0.000 0.000 0.371 0.929 0.000 0.000 0.000 0.000 -1.000 0.000 0.000 0.532 0.000 1.000]]
		[0.25 [-0.985 0.174 0.000 0.000 0.174 0.985 0.000 0.000 0.000 0.000 -1.000 0.000 0.000 0.532 0.000 1.000]]
		[0.275 [-0.998 0.060 0.000 0.000 0.060 0.998 0.000 0.000 0.000 0.000 -1.000 0.000 0.000 0.532 0.000 1.000]]
		[0.3 [-1.000 0.011 0.000 0.000 0.011 1.000 0.000 0.000 0.000 0.000 -1.000 0.000 0.000 0.532 0.000 1.000]]
		[0.325 [-1.000 0.000 0.000 0.000 0.000 1.000 0.000 0.000 0.000 0.000 -1.000 0.000 0.000 0.532 0.000 1.000]]
		[0.35 [-1.000 0.001 0.000 0.000 0.001 1.000 0.000 0.000 0.000 0.000 -1.000 0.000 0.000 0.532 0.000 1.000]]
		[0.375 [-1.000 0.022 0.000 0.000 0.022 1.000 0.000 0.000 0.000 0.000 -1.000 0.000 0.000 0.532 0.000 1.000]]
		[0.4 [-0.996 0.089 0.000 0.000 0.089 0.996 0.000 0.000 0.000 0.000 -1.000 0.000 0.000 0.532 0.000 1.000]]
		[0.425 [-0.972 0.234 0.000 0.000 0.234 0.972 0.000 0.000 0.000 0.000 -1.000 0.000 0.000 0.532 0.000 1.000]]
		[0.45 [-0.882 0.471 0.000 0.000 0.471 0.882 0.000 0.000 0.000 0.000 -1.000 0.000 0.000 0.532 0.000 1.000]]
		[0.475 [-0.705 0.710 0.000 0.000 0.710 0.705 0.000 0.000 0.000 0.000 -1.000 0.000 0.000 0.532 0.000 1.000]]
		[0.5 [-0.500 0.866 0.000 0.000 0.866 0.500 0.000 0.000 0.000 0.000 -1.000 0.000 0.000 0.532 0.000 1.000]]
		[0.525 [-0.324 0.946 0.000 0.000 0.946 0.324 0.000 0.000 0.000 0.000 -1.000 0.000 0.000 0.532 0.000 1.000]]
		[0.55 [-0.167 0.986 0.000 0.000 0.986 0.167 0.000 0.000 0.000 0.000 -1.000 0.000 0.000 0.532 0.000 1.000]]
		[0.575 [-0.036 0.999 0.000 0.000 0.999 0.036 0.000 0.000 0.000 0.000 -1.000 0.000 0.000 0.532 0.000 1.000]]
		[0.6 [0.057 0.998 0.000 0.000 0.998 -0.057 0.000 0.000 0.000 0.000 -1.000 0.000 0.000 0.532 0.000 1.000]]
		[0.625 [0.109 0.994 0.000 0.000 0.994 -0.109 0.000 0.000 0.000 0.000 -1.000 0.000 0.000 0.532 0.000 1.000]]
		[0.65 [0.145 0.989 0.000 0.000 0.989 -0.145 0.000 0.000 0.000 0.000 -1.000 0.000 0.000 0.532 0.000 1.000]]
		[0.675 [0.174 0.985 0.000 0.000 0.985 -0.174 0.000 0.000 0.000 0.000 -1.000 0.000 0.000 0.532 0.000 1.000]]
		[0.7 [0.174 0.985 0.000 0.000 0.985 -0.174 0.000 0.000 0.000 0.000 -1.000 0.000 0.000 0.532 0.000 1.000]]
		[0.725 [0.174 0.985 0.000 0.000 0.985 -0.174 0.000 0.000 0.000 0.000 -1.000 0.000 0.000 0.532 0.000 1.000]]
		[0.75 [0.174 0.985 0.000 0.000 0.985 -0.174 0.000 0.000 0.000 0.000 -1.000 0.000 0.000 0.532 0.000 1.000]]
		[0.775 [0.174 0.985 0.000 0.000 0.985 -0.174 0.000 0.000 0.000 0.000 -1.000 0.000 0.000 0.532 0.000 1.000]]
		[0.8 [0.174 0.985 0.000 0.000 0.985 -0.174 0.000 0.000 0.000 0.000 -1.000 0.000 0.000 0.532 0.000 1.000]]
		[0.825 [0.174 0.985 0.000 0.000 0.985 -0.174 0.000 0.000 0.000 0.000 -1.000 0.000 0.000 0.532 0.000 1.000]]
		[0.85 [0.174 0.985 0.000 0.000 0.985 -0.174 0.000 0.000 0.000 0.000 -1.000 0.000 0.000 0.532 0.000 1.000]]
		[0.875 [0.174 0.985 0.000 0.000 0.985 -0.174 0.000 0.000 0.000 0.000 -1.000 0.000 0.000 0.532 0.000 1.000]]
		[0.9 [0.174 0.985 0.000 0.000 0.985 -0.174 0.000 0.000 0.000 0.000 -1.000 0.000 0.000 0.532 0.000 1.000]]
		[0.925 [0.174 0.985 0.000 0.000 0.985 -0.174 0.000 0.000 0.000 0.000 -1.000 0.000 0.000 0.532 0.000 1.000]]
		[0.95 [0.174 0.985 0.000 0.000 0.985 -0.174 0.000 0.000 0.000 0.000 -1.000 0.000 0.000 0.532 0.000 1.000]]
		[0.975 [0.174 0.985 0.000 0.000 0.985 -0.174 0.000 0.000 0.000 0.000 -1.000 0.000 0.000 0.532 0.000 1.000]]
	]
	"Koleno_L_end" [
		[0 [1.000 0.000 0.000 0.000 0.000 1.000 0.000 0.000 0.000 0.000 1.000 0.000 0.000 0.578 0.000 1.000]]
	]
	"Bedro_P" [
		[0 [0.000 0.342 0.940 0.000 0.000 -0.940 0.342 0.000 1.000 0.000 0.000 0.000 -0.123 -0.038 0.000 1.000]]
		[0.025 [0.000 0.403 0.915 0.000 0.000 -0.915 0.403 0.000 1.000 0.000 0.000 0.000 -0.123 -0.038 0.000 1.000]]
		[0.05 [0.000 0.477 0.879 0.000 0.000 -0.879 0.477 0.000 1.000 0.000 0.000 0.000 -0.123 -0.038 0.000 1.000]]
		[0.075 [0.000 0.551 0.834 0.000 0.000 -0.834 0.551 0.000 1.000 0.000 0.000 0.000 -0.123 -0.038 0.000 1.000]]
		[0.1 [0.000 0.612 0.791 0.000 0.000 -0.791 0.612 0.000 1.000 0.000 0.000 0.000 -0.123 -0.038 0.000 1.000]]
		[0.125 [0.000 0.651 0.759 0.000 0.000 -0.759 0.651 0.000 1.000 0.000 0.000 0.000 -0.123 -0.038 0.000 1.000]]
		[0.15 [0.000 0.659 0.752 0.000 0.000 -0.752 0.659 0.000 1.000 0.000 0.000 0.000 -0.123 -0.038 0.000 1.000]]
		[0.175 [0.000 0.626 0.780 0.000 0.000 -0.780 0.626 0.000 1.000 0.000 0.000 0.000 -0.123 -0.038 0.000 1.000]]
		[0.2 [0.000 0.537 0.844 0.000 0.000 -0.844 0.537 0.000 1.000 0.000 0.000 0.000 -0.123 -0.038 0.000 1.000]]
		[0.225 [0.000 0.396 0.918 0.000 0.000 -0.918 0.396 0.000 1.000 0.000 0.000 0.000 -0.123 -0.038 0.000 1.000]]
		[0.25 [0.000 0.216 0.976 0.000 0.000 -0.976 0.216 0.000 1.000 0.000 0.000 0.000 -0.123 -0.038 0.000 1.000]]
		[0.275 [0.000 0.021 1.000 0.000 0.000 -1.000 0.021 0.000 1.000 0.000 0.000 0.000 -0.123 -0.038 0.000 1.000]]
		[0.3 [0.000 -0.161 0.987 0.000 0.000 -0.987 -0.161 0.000 1.000 0.000 0.000 0.000 -0.123 -0.038 0.000 1.000]]
		[0.325 [0.000 -0.305 0.952 0.000 0.000 -0.952 -0.305 0.000 1.000 0.000 0.000 0.000 -0.123 -0.038 0.000 1.000]]
		[0.35 [0.000 -0.404 0.915 0.000 0.000 -0.915 -0.404 0.000 1.000 0.000 0.000 0.000 -0.123 -0.038 0.000 1.000]]
		[0.375 [0.000 -0.481 0.877 0.000 0.000 -0.877 -0.481 0.000 1.000 0.000 0.000 0.000 -0.123 -0.038 0.000 1.000]]
		[0.4 [0.000 -0.542 0.841 0.000 0.000 -0.841 -0.542 0.000 1.000 0.000 0.000 0.000 -0.123 -0.038 0.000 1.000]]
		[0.425 [0.000 -0.587 0.810 0.000 0.000 -0.810 -0.587 0.000 1.000 0.000 0.000 0.000 -0.123 -0.038 0.000 1.000]]
		[0.45 [0.000 -0.618 0.786 0.000 0.000 -0.786 -0.618 0.000 1.000 0.000 0.000 0.000 -0.123 -0.038 0.000 1.000]]
		[0.475 [0.000 -0.637 0.771 0.000 0.000 -0.771 -0.637 0.000 1.000 0.000 0.000 0.000 -0.123 -0.038 0.000 1.000]]
		[0.5 [0.000 -0.643 0.766 0.000 0.000 -0.766 -0.643 0.000 1.000 0.000 0.000 0.000 -0.123 -0.038 0.000 1.000]]
		[0.525 [0.000 -0.639 0.769 0.000 0.000 -0.769 -0.639 0.000 1.000 0.000 0.000 0.000 -0.123 -0.038 0.000 1.000]]
		[0.55 [0.000 -0.613 0.790 0.000 0.000 -0.790 -0.613 0.000 1.000 0.000 0.000 0.000 -0.123 -0.038 0.000 1.000]]
		[0.575 [0.000 -0.541 0.841 0.000 0.000 -0.841 -0.541 0.000 1.000 0.000 0.000 0.000 -0.123 -0.038 0.000 1.000]]
		[0.6 [0.000 -0.384 0.923 0.000 0.000 -0.923 -0.384 0.000 1.000 0.000 0.000 0.000 -0.123 -0.038 0.000 1.000]]
		[0.625 [0.000 -0.131 0.991 0.000 0.000 -0.991 -0.131 0.000 1.000 0.000 0.000 0.000 -0.123 -0.038 0.000 1.000]]
		[0.65 [0.000 0.163 0.987 0.000 0.000 -0.987 0.163 0.000 1.000 0.000 0.000 0.000 -0.123 -0.038 0.000 1.000]]
		[0.675 [0.000 0.342 0.940 0.000 0.000 -0.940 0.342 0.000 1.000 0.000 0.000 0.000 -0.123 -0.038 0.000 1.000]]
		[0.7 [0.000 0.342 0.940 0.000 0.000 -0.940 0.342 0.000 1.000 0.000 0.000 0.000 -0.123 -0.038 0.000 1.000]]
		[0.725 [0.000 0.342 0.940 0.000 0.000 -0.940 0.342 0.000 1.000 0.000 0.000 0.000 -0.123 -0.038 0.000 1.000]]
		[0.75 [0.000 0.342 0.940 0.000 0.000 -0.940 0.342 0.000 1.000 0.000 0.000 0.000 -0.123 -0.038 0.000 1.000]]
		[0.775 [0.000 0.342 0.940 0.000 0.000 -0.940 0.342 0.000 1.000 0.000 0.000 0.000 -0.123 -0.038 0.000 1.000]]
		[0.8 [0.000 0.342 0.940 0.000 0.000 -0.940 0.342 0.000 1.000 0.000 0.000 0.000 -0.123 -0.038 0.000 1.000]]
		[0.825 [0.000 0.342 0.940 0.000 0.000 -0.940 0.342 0.000 1.000 0.000 0.000 0.000 -0.123 -0.038 0.000 1.000]]
		[0.85 [0.000 0.342 0.940 0.000 0.000 -0.940 0.342 0.000 1.000 0.000 0.000 0.000 -0.123 -0.038 0.000 1.000]]
		[0.875 [0.000 0.342 0.940 0.000 0.000 -0.940 0.342 0.000 1.000 0.000 0.000 0.000 -0.123 -0.038 0.000 1.000]]
		[0.9 [0.000 0.342 0.940 0.000 0.000 -0.940 0.342 0.000 1.000 0.000 0.000 0.000 -0.123 -0.038 0.000 1.000]]
		[0.925 [0.000 0.342 0.940 0.000 0.000 -0.940 0.342 0.000 1.000 0.000 0.000 0.000 -0.123 -0.038 0.000 1.000]]
		[0.95 [0.000 0.342 0.940 0.000 0.000 -0.940 0.342 0.000 1.000 0.000 0.000 0.000 -0.123 -0.038 0.000 1.000]]
		[0.975 [0.000 0.342 0.940 0.000 0.000 -0.940 0.342 0.000 1.000 0.000 0.000 0.000 -0.123 -0.038 0.000 1.000]]
	]
	"Koleno_P" [
		[0 [-1.000 0.000 0.000 0.000 0.000 1.000 0.000 0.000 0.000 0.000 -1.000 0.000 0.000 0.532 0.000 1.000]]
		[0.025 [-1.000 0.030 0.000 0.000 0.030 1.000 0.000 0.000 0.000 0.000 -1.000 0.000 0.000 0.532 0.000 1.000]]
		[0.05 [-0.999 0.054 0.000 0.000 0.054 0.999 0.000 0.000 0.000 0.000 -1.000 0.000 0.000 0.532 0.000 1.000]]
		[0.075 [-0.992 0.128 0.000 0.000 0.128 0.992 0.000 0.000 0.000 0.000 -1.000 0.000 0.000 0.532 0.000 1.000]]
		[0.1 [-0.952 0.305 0.000 0.000 0.305 0.952 0.000 0.000 0.000 0.000 -1.000 0.000 0.000 0.532 0.000 1.000]]
		[0.125 [-0.831 0.556 0.000 0.000 0.556 0.831 0.000 0.000 0.000 0.000 -1.000 0.000 0.000 0.532 0.000 1.000]]
		[0.15 [-0.634 0.773 0.000 0.000 0.773 0.634 0.000 0.000 0.000 0.000 -1.000 0.000 0.000 0.532 0.000 1.000]]
		[0.175 [-0.439 0.898 0.000 0.000 0.898 0.439 0.000 0.000 0.000 0.000 -1.000 0.000 0.000 0.532 0.000 1.000]]
		[0.2 [-0.269 0.963 0.000 0.000 0.963 0.269 0.000 0.000 0.000 0.000 -1.000 0.000 0.000 0.532 0.000 1.000]]
		[0.225 [-0.120 0.993 0.000 0.000 0.993 0.120 0.000 0.000 0.000 0.000 -1.000 0.000 0.000 0.532 0.000 1.000]]
		[0.25 [0.000 1.000 0.000 0.000 1.000 0.000 0.000 0.000 0.000 0.000 -1.000 0.000 0.000 0.532 0.000 1.000]]
		[0.275 [0.072 0.997 0.000 0.000 0.997 -0.072 0.000 0.000 0.000 0.000 -1.000 0.000 0.000 0.532 0.000 1.000]]
		[0.3 [0.109 0.994 0.000 0.000 0.994 -0.109 0.000 0.000 0.000 0.000 -1.000 0.000 0.000 0.532 0.000 1.000]]
		[0.325 [0.150 0.989 0.000 0.000 0.989 -0.150 0.000 0.000 0.000 0.000 -1.000 0.000 0.000 0.532 0.000 1.000]]
		[0.35 [0.253 0.968 0.000 0.000 0.968 -0.253 0.000 0.000 0.000 0.000 -1.000 0.000 0.000 0.532 0.000 1.000]]
		[0.375 [0.413 0.911 0.000 0.000 0.911 -0.413 0.000 0.000 0.000 0.000 -1.000 0.000 0.000 0.532 0.000 1.000]]
		[0.4 [0.514 0.858 0.000 0.000 0.858 -0.514 0.000 0.000 0.000 0.000 -1.000 0.000 0.000 0.532 0.000 1.000]]
		[0.425 [0.456 0.890 0.000 0.000 0.890 -0.456 0.000 0.000 0.000 0.000 -1.000 0.000 0.000 0.532 0.000 1.000]]
		[0.45 [0.196 0.981 0.000 0.000 0.981 -0.196 0.000 0.000 0.000 0.000 -1.000 0.000 0.000 0.532 0.000 1.000]]
		[0.475 [-0.177 0.984 0.000 0.000 0.984 0.177 0.000 0.000 0.000 0.000 -1.000 0.000 0.000 0.532 0.000 1.000]]
		[0.5 [-0.500 0.866 0.000 0.000 0.866 0.500 0.000 0.000 0.000 0.000 -1.000 0.000 0.000 0.532 0.000 1.000]]
		[0.525 [-0.731 0.682 0.000 0.000 0.682 0.731 0.000 0.000 0.000 0.000 -1.000 0.000 0.000 0.532 0.000 1.000]]
		[0.55 [-0.894 0.448 0.000 0.000 0.448 0.894 0.000 0.000 0.000 0.000 -1.000 0.000 0.000 0.532 0.000 1.000]]
		[0.575 [-0.973 0.231 0.000 0.000 0.231 0.973 0.000 0.000 0.000 0.000 -1.000 0.000 0.000 0.532 0.000 1.000]]
		[0.6 [-0.995 0.095 0.000 0.000 0.095 0.995 0.000 0.000 0.000 0.000 -1.000 0.000 0.000 0.532 0.000 1.000]]
		[0.625 [-0.999 0.044 0.000 0.000 0.044 0.999 0.000 0.000 0.000 0.000 -1.000 0.000 0.000 0.532 0.000 1.000]]
		[0.65 [-1.000 0.024 0.000 0.000 0.024 1.000 0.000 0.000 0.000 0.000 -1.000 0.000 0.000 0.532 0.000 1.000]]
		[0.675 [-1.000 0.000 0.000 0.000 0.000 1.000 0.000 0.000 0.000 0.000 -1.000 0.000 0.000 0.532 0.000 1.000]]
		[0.7 [-1.000 0.000 0.000 0.000 0.000 1.000 0.000 0.000 0.000 0.000 -1.000 0.000 0.000 0.532 0.000 1.000]]
		[0.725 [-1.000 0.000 0.000 0.000 0.000 1.000 0.000 0.000 0.000 0.000 -1.000 0.000 0.000 0.532 0.000 1.000]]
		[0.75 [-1.000 0.000 0.000 0.000 0.000 1.000 0.000 0.000 0.000 0.000 -1.000 0.000 0.000 0.532 0.000 1.000]]
		[0.775 [-1.000 0.000 0.000 0.000 0.000 1.000 0.000 0.000 0.000 0.000 -1.000 0.000 0.000 0.532 0.000 1.000]]
		[0.8 [-1.000 0.000 0.000 0.000 0.000 1.000 0.000 0.000 0.000 0.000 -1.000 0.000 0.000 0.532 0.000 1.000]]
		[0.825 [-1.000 0.000 0.000 0.000 0.000 1.000 0.000 0.000 0.000 0.000 -1.000 0.000 0.000 0.532 0.000 1.000]]
		[0.85 [-1.000 0.000 0.000 0.000 0.000 1.000 0.000 0.000 0.000 0.000 -1.000 0.000 0.000 0.532 0.000 1.000]]
		[0.875 [-1.000 0.000 0.000 0.000 0.000 1.000 0.000 0.000 0.000 0.000 -1.000 0.000 0.000 0.532 0.000 1.000]]
		[0.9 [-1.000 0.000 0.000 0.000 0.000 1.000 0.000 0.000 0.000 0.000 -1.000 0.000 0.000 0.532 0.000 1.000]]
		[0.925 [-1.000 0.000 0.000 0.000 0.000 1.000 0.000 0.000 0.000 0.000 -1.000 0.000 0.000 0.532 0.000 1.000]]
		[0.95 [-1.000 0.000 0.000 0.000 0.000 1.000 0.000 0.000 0.000 0.000 -1.000 0.000 0.000 0.532 0.000 1.000]]
		[0.975 [-1.000 0.000 0.000 0.000 0.000 1.000 0.000 0.000 0.000 0.000 -1.000 0.000 0.000 0.532 0.000 1.000]]
	]
	"Koleno_P_end" [
		[0 [1.000 0.000 0.000 0.000 0.000 1.000 0.000 0.000 0.000 0.000 1.000 0.000 0.000 0.578 0.000 1.000]]
	]
	"Tors" [
		[0 [1.000 0.000 0.000 0.000 0.000 0.766 -0.643 0.000 0.000 0.643 0.766 0.000 0.000 0.130 0.000 1.000]]
		[0.025 [0.999 0.011 0.050 0.000 0.023 0.766 -0.642 0.000 -0.045 0.643 0.765 0.000 0.000 0.130 0.000 1.000]]
		[0.05 [0.994 0.024 0.106 0.000 0.050 0.766 -0.641 0.000 -0.097 0.643 0.760 0.000 0.000 0.130 0.000 1.000]]
		[0.075 [0.986 0.038 0.164 0.000 0.077 0.765 -0.639 0.000 -0.149 0.643 0.751 0.000 0.000 0.130 0.000 1.000]]
		[0.1 [0.975 0.050 0.216 0.000 0.102 0.764 -0.637 0.000 -0.197 0.643 0.740 0.000 0.000 0.130 0.000 1.000]]
		[0.125 [0.964 0.059 0.257 0.000 0.122 0.764 -0.634 0.000 -0.234 0.643 0.729 0.000 0.000 0.130 0.000 1.000]]
		[0.15 [0.957 0.065 0.283 0.000 0.135 0.763 -0.632 0.000 -0.257 0.643 0.722 0.000 0.000 0.130 0.000 1.000]]
		[0.175 [0.956 0.066 0.287 0.000 0.136 0.763 -0.632 0.000 -0.261 0.643 0.720 0.000 0.000 0.130 0.000 1.000]]
		[0.2 [0.961 0.062 0.268 0.000 0.127 0.764 -0.633 0.000 -0.244 0.643 0.726 0.000 0.000 0.130 0.000 1.000]]
		[0.225 [0.971 0.053 0.231 0.000 0.109 0.764 -0.636 0.000 -0.211 0.643 0.737 0.000 0.000 0.130 0.000 1.000]]
		[0.25 [0.982 0.042 0.182 0.000 0.086 0.765 -0.638 0.000 -0.166 0.643 0.748 0.000 0.000 0.130 0.000 1.000]]
		[0.275 [0.992 0.029 0.125 0.000 0.059 0.766 -0.641 0.000 -0.114 0.643 0.757 0.000 0.000 0.130 0.000 1.000]]
		[0.3 [0.998 0.016 0.068 0.000 0.032 0.766 -0.642 0.000 -0.062 0.643 0.764 0.000 0.000 0.130 0.000 1.000]]
		[0.325 [1.000 0.004 0.016 0.000 0.007 0.766 -0.643 0.000 -0.014 0.643 0.766 0.000 0.000 0.130 0.000 1.000]]
		[0.35 [0.999 -0.007 -0.032 0.000 -0.015 0.766 -0.643 0.000 0.029 0.643 0.765 0.000 0.000 0.130 0.000 1.000]]
		[0.375 [0.996 -0.020 -0.087 0.000 -0.041 0.766 -0.642 0.000 0.079 0.643 0.762 0.000 0.000 0.130 0.000 1.000]]
		[0.4 [0.989 -0.033 -0.145 0.000 -0.068 0.765 -0.640 0.000 0.132 0.643 0.755 0.000 0.000 0.130 0.000 1.000]]
		[0.425 [0.979 -0.046 -0.199 0.000 -0.094 0.765 -0.638 0.000 0.182 0.643 0.744 0.000 0.000 0.130 0.000 1.000]]
		[0.45 [0.968 -0.057 -0.245 0.000 -0.116 0.764 -0.635 0.000 0.223 0.643 0.733 0.000 0.000 0.130 0.000 1.000]]
		[0.475 [0.959 -0.064 -0.276 0.000 -0.131 0.763 -0.632 0.000 0.252 0.643 0.724 0.000 0.000 0.130 0.000 1.000]]
		[0.5 [0.955 -0.067 -0.288 0.000 -0.137 0.763 -0.632 0.000 0.262 0.643 0.720 0.000 0.000 0.130 0.000 1.000]]
		[0.525 [0.959 -0.064 -0.276 0.000 -0.131 0.763 -0.632 0.000 0.252 0.643 0.724 0.000 0.000 0.130 0.000 1.000]]
		[0.55 [0.968 -0.057 -0.245 0.000 -0.116 0.764 -0.635 0.000 0.223 0.643 0.733 0.000 0.000 0.130 0.000 1.000]]
		[0.575 [0.979 -0.046 -0.199 0.000 -0.094 0.765 -0.638 0.000 0.182 0.643 0.744 0.000 0.000 0.130 0.000 1.000]]
		[0.6 [0.989 -0.033 -0.145 0.000 -0.068 0.765 -0.640 0.000 0.132 0.643 0.755 0.000 0.000 0.130 0.000 1.000]]
		[0.625 [0.996 -0.020 -0.087 0.000 -0.041 0.766 -0.642 0.000 0.079 0.643 0.762 0.000 0.000 0.130 0.000 1.000]]
		[0.65 [0.999 -0.007 -0.032 0.000 -0.015 0.766 -0.643 0.000 0.029 0.643 0.765 0.000 0.000 0.130 0.000 1.000]]
		[0.675 [1.000 0.000 0.000 0.000 0.000 0.766 -0.643 0.000 0.000 0.643 0.766 0.000 0.000 0.130 0.000 1.000]]
		[0.7 [1.000 0.000 0.000 0.000 0.000 0.766 -0.643 0.000 0.000 0.643 0.766 0.000 0.000 0.130 0.000 1.000]]
		[0.725 [1.000 0.000 0.000 0.000 0.000 0.766 -0.643 0.000 0.000 0.643 0.766 0.000 0.000 0.130 0.000 1.000]]
		[0.75 [1.000 0.000 0.000 0.000 0.000 0.766 -0.643 0.000 0.000 0.643 0.766 0.000 0.000 0.130 0.000 1.000]]
		[0.775 [1.000 0.000 0.000 0.000 0.000 0.766 -0.643 0.000 0.000 0.643 0.766 0.000 0.000 0.130 0.000 1.000]]
		[0.8 [1.000 0.000 0.000 0.000 0.000 0.766 -0.643 0.000 0.000 0.643 0.766 0.000 0.000 0.130 0.000 1.000]]
		[0.825 [1.000 0.000 0.000 0.000 0.000 0.766 -0.643 0.000 0.000 0.643 0.766 0.000 0.000 0.130 0.000 1.000]]
		[0.85 [1.000 0.000 0.000 0.000 0.000 0.766 -0.643 0.000 0.000 0.643 0.766 0.000 0.000 0.130 0.000 1.000]]
		[0.875 [1.000 0.000 0.000 0.000 0.000 0.766 -0.643 0.000 0.000 0.643 0.766 0.000 0.000 0.130 0.000 1.000]]
		[0.9 [1.000 0.000 0.000 0.000 0.000 0.766 -0.643 0.000 0.000 0.643 0.766 0.000 0.000 0.130 0.000 1.000]]
		[0.925 [1.000 0.000 0.000 0.000 0.000 0.766 -0.643 0.000 0.000 0.643 0.766 0.000 0.000 0.130 0.000 1.000]]
		[0.95 [1.000 0.000 0.000 0.000 0.000 0.766 -0.643 0.000 0.000 0.643 0.766 0.000 0.000 0.130 0.000 1.000]]
		[0.975 [1.000 0.000 0.000 0.000 0.000 0.766 -0.643 0.000 0.000 0.643 0.766 0.000 0.000 0.130 0.000 1.000]]
	]
	"Golova" [
		[0 [1.000 0.000 0.000 0.000 0.000 0.940 0.342 0.000 0.000 -0.342 0.940 0.000 0.000 0.596 0.000 1.000]]
	]
	"Golova_end" [
		[0 [1.000 0.000 0.000 0.000 0.000 1.000 0.000 0.000 0.000 0.000 1.000 0.000 0.000 0.315 0.000 1.000]]
	]
	"Kluchitsa_L" [
		[0 [0.000 0.000 1.000 0.000 1.000 0.000 0.000 0.000 0.000 1.000 0.000 0.000 0.000 0.470 0.000 1.000]]
	]
	"Kluchitsa_L_end" [
		[0 [1.000 0.000 0.000 0.000 0.000 1.000 0.000 0.000 0.000 0.000 1.000 0.000 0.000 0.300 0.000 1.000]]
	]
	"Kluchitsa_P" [
		[0 [0.000 0.000 -1.000 0.000 -1.000 0.000 0.000 0.000 0.000 1.000 0.000 0.000 0.000 0.470 0.000 1.000]]
	]
	"Kluchitsa_P_end" [
		[0 [1.000 0.000 0.000 0.000 0.000 1.000 0.000 0.000 0.000 0.000 1.000 0.000 0.000 0.300 0.000 1.000]]
	]
	"Ruka_L" [
		[0 [-0.450 0.557 0.699 0.000 0.266 -0.663 0.700 0.000 0.853 0.500 0.150 0.000 0.279 0.394 -0.035 1.000]]
		[0.025 [-0.411 0.557 0.722 0.000 0.303 -0.663 0.684 0.000 0.860 0.500 0.104 0.000 0.279 0.394 -0.035 1.000]]
		[0.05 [-0.370 0.557 0.744 0.000 0.341 -0.663 0.666 0.000 0.864 0.500 0.056 0.000 0.279 0.394 -0.035 1.000]]
		[0.075 [-0.327 0.557 0.764 0.000 0.378 -0.663 0.646 0.000 0.866 0.500 0.007 0.000 0.279 0.394 -0.035 1.000]]
		[0.1 [-0.285 0.557 0.780 0.000 0.413 -0.663 0.624 0.000 0.865 0.500 -0.041 0.000 0.279 0.394 -0.035 1.000]]
		[0.125 [-0.244 0.557 0.794 0.000 0.445 -0.663 0.602 0.000 0.862 0.500 -0.086 0.000 0.279 0.394 -0.035 1.000]]
		[0.15 [-0.206 0.557 0.805 0.000 0.473 -0.663 0.580 0.000 0.857 0.500 -0.127 0.000 0.279 0.394 -0.035 1.000]]
		[0.175 [-0.174 0.557 0.812 0.000 0.496 -0.663 0.561 0.000 0.851 0.500 -0.161 0.000 0.279 0.394 -0.035 1.000]]
		[0.2 [-0.151 0.557 0.817 0.000 0.511 -0.663 0.546 0.000 0.846 0.500 -0.185 0.000 0.279 0.394 -0.035 1.000]]
		[0.225 [-0.134 0.557 0.820 0.000 0.522 -0.663 0.536 0.000 0.842 0.500 -0.201 0.000 0.279 0.394 -0.035 1.000]]
		[0.25 [-0.121 0.557 0.822 0.000 0.531 -0.663 0.528 0.000 0.839 0.500 -0.215 0.000 0.279 0.394 -0.035 1.000]]
		[0.275 [-0.106 0.557 0.824 0.000 0.540 -0.663 0.518 0.000 0.835 0.500 -0.230 0.000 0.279 0.394 -0.035 1.000]]
		[0.3 [-0.085 0.557 0.826 0.000 0.553 -0.663 0.504 0.000 0.829 0.500 -0.251 0.000 0.279 0.394 -0.035 1.000]]
		[0.325 [-0.054 0.557 0.829 0.000 0.572 -0.663 0.483 0.000 0.819 0.500 -0.283 0.000 0.279 0.394 -0.035 1.000]]
		[0.35 [-0.002 0.557 0.831 0.000 0.601 -0.663 0.446 0.000 0.800 0.500 -0.333 0.000 0.279 0.394 -0.035 1.000]]
		[0.375 [0.079 0.557 0.827 0.000 0.641 -0.663 0.385 0.000 0.763 0.500 -0.409 0.000 0.279 0.394 -0.035 1.000]]
		[0.4 [0.174 0.557 0.812 0.000 0.682 -0.663 0.308 0.000 0.710 0.500 -0.495 0.000 0.279 0.394 -0.035 1.000]]
		[0.425 [0.267 0.557 0.787 0.000 0.713 -0.663 0.227 0.000 0.648 0.500 -0.574 0.000 0.279 0.394 -0.035 1.000]]
		[0.45 [0.341 0.557 0.758 0.000 0.731 -0.663 0.158 0.000 0.591 0.500 -0.633 0.000 0.279 0.394 -0.035 1.000]]
		[0.475 [0.383 0.557 0.737 0.000 0.739 -0.663 0.117 0.000 0.555 0.500 -0.665 0.000 0.279 0.394 -0.035 1.000]]
		[0.5 [0.380 0.557 0.739 0.000 0.739 -0.663 0.120 0.000 0.557 0.500 -0.663 0.000 0.279 0.394 -0.035 1.000]]
		[0.525 [0.326 0.557 0.764 0.000 0.728 -0.663 0.173 0.000 0.603 0.500 -0.622 0.000 0.279 0.394 -0.035 1.000]]
		[0.55 [0.227 0.557 0.799 0.000 0.700 -0.663 0.263 0.000 0.677 0.500 -0.540 0.000 0.279 0.394 -0.035 1.000]]
		[0.575 [0.092 0.557 0.826 0.000 0.647 -0.663 0.375 0.000 0.757 0.500 -0.422 0.000 0.279 0.394 -0.035 1.000]]
		[0.6 [-0.064 0.557 0.828 0.000 0.566 -0.663 0.490 0.000 0.822 0.500 -0.272 0.000 0.279 0.394 -0.035 1.000]]
		[0.625 [-0.224 0.557 0.800 0.000 0.460 -0.663 0.590 0.000 0.859 0.500 -0.107 0.000 0.279 0.394 -0.035 1.000]]
		[0.65 [-0.369 0.557 0.744 0.000 0.342 -0.663 0.666 0.000 0.864 0.500 0.054 0.000 0.279 0.394 -0.035 1.000]]
		[0.675 [-0.450 0.557 0.699 0.000 0.266 -0.663 0.700 0.000 0.853 0.500 0.150 0.000 0.279 0.394 -0.035 1.000]]
		[0.7 [-0.450 0.557 0.699 0.000 0.266 -0.663 0.700 0.000 0.853 0.500 0.150 0.000 0.279 0.394 -0.035 1.000]]
		[0.725 [-0.450 0.557 0.699 0.000 0.266 -0.663 0.700 0.000 0.853 0.500 0.150 0.000 0.279 0.394 -0.035 1.000]]
		[0.75 [-0.450 0.557 0.699 0.000 0.266 -0.663 0.700 0.000 0.853 0.500 0.150 0.000 0.279 0.394 -0.035 1.000]]
		[0.775 [-0.450 0.557 0.699 0.000 0.266 -0.663 0.700 0.000 0.853 0.500 0.150 0.000 0.279 0.394 -0.035 1.000]]
		[0.8 [-0.450 0.557 0.699 0.000 0.266 -0.663 0.700 0.000 0.853 0.500 0.150 0.000 0.279 0.394 -0.035 1.000]]
		[0.825 [-0.450 0.557 0.699 0.000 0.266 -0.663 0.700 0.000 0.853 0.500 0.150 0.000 0.279 0.394 -0.035 1.000]]
		[0.85 [-0.450 0.557 0.699 0.000 0.266 -0.663 0.700 0.000 0.853 0.500 0.150 0.000 0.279 0.394 -0.035 1.000]]
		[0.875 [-0.450 0.557 0.699 0.000 0.266 -0.663 0.700 0.000 0.853 0.500 0.150 0.000 0.279 0.394 -0.035 1.000]]
		[0.9 [-0.450 0.557 0.699 0.000 0.266 -0.663 0.700 0.000 0.853 0.500 0.150 0.000 0.279 0.394 -0.035 1.000]]
		[0.925 [-0.450 0.557 0.699 0.000 0.266 -0.663 0.700 0.000 0.853 0.500 0.150 0.000 0.279 0.394 -0.035 1.000]]
		[0.95 [-0.450 0.557 0.699 0.000 0.266 -0.663 0.700 0.000 0.853 0.500 0.150 0.000 0.279 0.394 -0.035 1.000]]
		[0.975 [-0.450 0.557 0.699 0.000 0.266 -0.663 0.700 0.000 0.853 0.500 0.150 0.000 0.279 0.394 -0.035 1.000]]
	]
	"Lokot_L" [
		[0 [0.643 0.766 0.000 0.000 -0.766 0.643 0.000 0.000 0.000 0.000 1.000 0.000 0.000 0.316 0.000 1.000]]
		[0.025 [0.646 0.764 0.000 0.000 -0.764 0.646 0.000 0.000 0.000 0.000 1.000 0.000 0.000 0.316 0.000 1.000]]
		[0.05 [0.653 0.757 0.000 0.000 -0.757 0.653 0.000 0.000 0.000 0.000 1.000 0.000 0.000 0.316 0.000 1.000]]
		[0.075 [0.664 0.748 0.000 0.000 -0.748 0.664 0.000 0.000 0.000 0.000 1.000 0.000 0.000 0.316 0.000 1.000]]
		[0.1 [0.676 0.737 0.000 0.000 -0.737 0.676 0.000 0.000 0.000 0.000 1.000 0.000 0.000 0.316 0.000 1.000]]
		[0.125 [0.689 0.725 0.000 0.000 -0.725 0.689 0.000 0.000 0.000 0.000 1.000 0.000 0.000 0.316 0.000 1.000]]
		[0.15 [0.700 0.714 0.000 0.000 -0.714 0.700 0.000 0.000 0.000 0.000 1.000 0.000 0.000 0.316 0.000 1.000]]
		[0.175 [0.710 0.704 0.000 0.000 -0.704 0.710 0.000 0.000 0.000 0.000 1.000 0.000 0.000 0.316 0.000 1.000]]
		[0.2 [0.716 0.698 0.000 0.000 -0.698 0.716 0.000 0.000 0.000 0.000 1.000 0.000 0.000 0.316 0.000 1.000]]
		[0.225 [0.718 0.696 0.000 0.000 -0.696 0.718 0.000 0.000 0.000 0.000 1.000 0.000 0.000 0.316 0.000 1.000]]
		[0.25 [0.715 0.699 0.000 0.000 -0.699 0.715 0.000 0.000 0.000 0.000 1.000 0.000 0.000 0.316 0.000 1.000]]
		[0.275 [0.704 0.710 0.000 0.000 -0.710 0.704 0.000 0.000 0.000 0.000 1.000 0.000 0.000 0.316 0.000 1.000]]
		[0.3 [0.685 0.728 0.000 0.000 -0.728 0.685 0.000 0.000 0.000 0.000 1.000 0.000 0.000 0.316 0.000 1.000]]
		[0.325 [0.656 0.755 0.000 0.000 -0.755 0.656 0.000 0.000 0.000 0.000 1.000 0.000 0.000 0.316 0.000 1.000]]
		[0.35 [0.605 0.796 0.000 0.000 -0.796 0.605 0.000 0.000 0.000 0.000 1.000 0.000 0.000 0.316 0.000 1.000]]
		[0.375 [0.514 0.858 0.000 0.000 -0.858 0.514 0.000 0.000 0.000 0.000 1.000 0.000 0.000 0.316 0.000 1.000]]
		[0.4 [0.391 0.920 0.000 0.000 -0.920 0.391 0.000 0.000 0.000 0.000 1.000 0.000 0.000 0.316 0.000 1.000]]
		[0.425 [0.255 0.967 0.000 0.000 -0.967 0.255 0.000 0.000 0.000 0.000 1.000 0.000 0.000 0.316 0.000 1.000]]
		[0.45 [0.128 0.992 0.000 0.000 -0.992 0.128 0.000 0.000 0.000 0.000 1.000 0.000 0.000 0.316 0.000 1.000]]
		[0.475 [0.036 0.999 0.000 0.000 -0.999 0.036 0.000 0.000 0.000 0.000 1.000 0.000 0.000 0.316 0.000 1.000]]
		[0.5 [0.000 1.000 0.000 0.000 -1.000 0.000 0.000 0.000 0.000 0.000 1.000 0.000 0.000 0.316 0.000 1.000]]
		[0.525 [0.029 1.000 0.000 0.000 -1.000 0.029 0.000 0.000 0.000 0.000 1.000 0.000 0.000 0.316 0.000 1.000]]
		[0.55 [0.107 0.994 0.000 0.000 -0.994 0.107 0.000 0.000 0.000 0.000 1.000 0.000 0.000 0.316 0.000 1.000]]
		[0.575 [0.217 0.976 0.000 0.000 -0.976 0.217 0.000 0.000 0.000 0.000 1.000 0.000 0.000 0.316 0.000 1.000]]
		[0.6 [0.345 0.939 0.000 0.000 -0.939 0.345 0.000 0.000 0.000 0.000 1.000 0.000 0.000 0.316 0.000 1.000]]
		[0.625 [0.471 0.882 0.000 0.000 -0.882 0.471 0.000 0.000 0.000 0.000 1.000 0.000 0.000 0.316 0.000 1.000]]
		[0.65 [0.583 0.813 0.000 0.000 -0.813 0.583 0.000 0.000 0.000 0.000 1.000 0.000 0.000 0.316 0.000 1.000]]
		[0.675 [0.643 0.766 0.000 0.000 -0.766 0.643 0.000 0.000 0.000 0.000 1.000 0.000 0.000 0.316 0.000 1.000]]
		[0.7 [0.643 0.766 0.000 0.000 -0.766 0.643 0.000 0.000 0.000 0.000 1.000 0.000 0.000 0.316 0.000 1.000]]
		[0.725 [0.643 0.766 0.000 0.000 -0.766 0.643 0.000 0.000 0.000 0.000 1.000 0.000 0.000 0.316 0.000 1.000]]
		[0.75 [0.643 0.766 0.000 0.000 -0.766 0.643 0.000 0.000 0.000 0.000 1.000 0.000 0.000 0.316 0.000 1.000]]
		[0.775 [0.643 0.766 0.000 0.000 -0.766 0.643 0.000 0.000 0.000 0.000 1.000 0.000 0.000 0.316 0.000 1.000]]
		[0.8 [0.643 0.766 0.000 0.000 -0.766 0.643 0.000 0.000 0.000 0.000 1.000 0.000 0.000 0.316 0.000 1.000]]
		[0.825 [0.643 0.766 0.000 0.000 -0.766 0.643 0.000 0.000 0.000 0.000 1.000 0.000 0.000 0.316 0.000 1.000]]
		[0.85 [0.643 0.766 0.000 0.000 -0.766 0.643 0.000 0.000 0.000 0.000 1.000 0.000 0.000 0.316 0.000 1.000]]
		[0.875 [0.643 0.766 0.000 0.000 -0.766 0.643 0.000 0.000 0.000 0.000 1.000 0.000 0.000 0.316 0.000 1.000]]
		[0.9 [0.643 0.766 0.000 0.000 -0.766 0.643 0.000 0.000 0.000 0.000 1.000 0.000 0.000 0.316 0.000 1.000]]
		[0.925 [0.643 0.766 0.000 0.000 -0.766 0.643 0.000 0.000 0.000 0.000 1.000 0.000 0.000 0.316 0.000 1.000]]
		[0.95 [0.643 0.766 0.000 0.000 -0.766 0.643 0.000 0.000 0.000 0.000 1.000 0.000 0.000 0.316 0.000 1.000]]
		[0.975 [0.643 0.766 0.000 0.000 -0.766 0.643 0.000 0.000 0.000 0.000 1.000 0.000 0.000 0.316 0.000 1.000]]
	]
	"Lokot_L_end" [
		[0 [1.000 0.000 0.000 0.000 0.000 1.000 0.000 0.000 0.000 0.000 1.000 0.000 0.000 0.469 0.000 1.000]]
	]
	"Ruka_P" [
		[0 [0.040 0.557 0.830 0.000 -0.580 -0.663 0.473 0.000 0.814 -0.500 0.296 0.000 -0.279 0.394 -0.035 1.000]]
		[0.025 [-0.038 0.557 0.830 0.000 -0.621 -0.663 0.417 0.000 0.783 -0.500 0.371 0.000 -0.279 0.394 -0.035 1.000]]
		[0.05 [-0.131 0.557 0.820 0.000 -0.664 -0.663 0.344 0.000 0.736 -0.500 0.457 0.000 -0.279 0.394 -0.035 1.000]]
		[0.075 [-0.226 0.557 0.800 0.000 -0.700 -0.663 0.264 0.000 0.678 -0.500 0.539 0.000 -0.279 0.394 -0.035 1.000]]
		[0.1 [-0.307 0.557 0.772 0.000 -0.724 -0.663 0.190 0.000 0.618 -0.500 0.607 0.000 -0.279 0.394 -0.035 1.000]]
		[0.125 [-0.365 0.557 0.746 0.000 -0.736 -0.663 0.135 0.000 0.570 -0.500 0.652 0.000 -0.279 0.394 -0.035 1.000]]
		[0.15 [-0.389 0.557 0.734 0.000 -0.740 -0.663 0.111 0.000 0.549 -0.500 0.670 0.000 -0.279 0.394 -0.035 1.000]]
		[0.175 [-0.366 0.557 0.746 0.000 -0.736 -0.663 0.134 0.000 0.569 -0.500 0.653 0.000 -0.279 0.394 -0.035 1.000]]
		[0.2 [-0.280 0.557 0.782 0.000 -0.717 -0.663 0.215 0.000 0.639 -0.500 0.585 0.000 -0.279 0.394 -0.035 1.000]]
		[0.225 [-0.140 0.557 0.819 0.000 -0.668 -0.663 0.337 0.000 0.731 -0.500 0.465 0.000 -0.279 0.394 -0.035 1.000]]
		[0.25 [0.031 0.557 0.830 0.000 -0.585 -0.663 0.467 0.000 0.811 -0.500 0.305 0.000 -0.279 0.394 -0.035 1.000]]
		[0.275 [0.202 0.557 0.806 0.000 -0.476 -0.663 0.578 0.000 0.856 -0.500 0.131 0.000 -0.279 0.394 -0.035 1.000]]
		[0.3 [0.344 0.557 0.756 0.000 -0.364 -0.663 0.654 0.000 0.866 -0.500 -0.025 0.000 -0.279 0.394 -0.035 1.000]]
		[0.325 [0.433 0.557 0.709 0.000 -0.282 -0.663 0.693 0.000 0.856 -0.500 -0.130 0.000 -0.279 0.394 -0.035 1.000]]
		[0.35 [0.464 0.557 0.689 0.000 -0.251 -0.663 0.705 0.000 0.850 -0.500 -0.168 0.000 -0.279 0.394 -0.035 1.000]]
		[0.375 [0.454 0.557 0.696 0.000 -0.261 -0.663 0.701 0.000 0.852 -0.500 -0.156 0.000 -0.279 0.394 -0.035 1.000]]
		[0.4 [0.416 0.557 0.719 0.000 -0.298 -0.663 0.686 0.000 0.859 -0.500 -0.110 0.000 -0.279 0.394 -0.035 1.000]]
		[0.425 [0.358 0.557 0.750 0.000 -0.351 -0.663 0.661 0.000 0.865 -0.500 -0.042 0.000 -0.279 0.394 -0.035 1.000]]
		[0.45 [0.292 0.557 0.778 0.000 -0.408 -0.663 0.628 0.000 0.865 -0.500 0.033 0.000 -0.279 0.394 -0.035 1.000]]
		[0.475 [0.229 0.557 0.799 0.000 -0.456 -0.663 0.593 0.000 0.860 -0.500 0.102 0.000 -0.279 0.394 -0.035 1.000]]
		[0.5 [0.183 0.557 0.810 0.000 -0.489 -0.663 0.567 0.000 0.853 -0.500 0.150 0.000 -0.279 0.394 -0.035 1.000]]
		[0.525 [0.155 0.557 0.816 0.000 -0.509 -0.663 0.549 0.000 0.847 -0.500 0.181 0.000 -0.279 0.394 -0.035 1.000]]
		[0.55 [0.130 0.557 0.820 0.000 -0.525 -0.663 0.533 0.000 0.841 -0.500 0.206 0.000 -0.279 0.394 -0.035 1.000]]
		[0.575 [0.110 0.557 0.823 0.000 -0.538 -0.663 0.520 0.000 0.836 -0.500 0.227 0.000 -0.279 0.394 -0.035 1.000]]
		[0.6 [0.091 0.557 0.826 0.000 -0.550 -0.663 0.508 0.000 0.830 -0.500 0.246 0.000 -0.279 0.394 -0.035 1.000]]
		[0.625 [0.073 0.557 0.828 0.000 -0.561 -0.663 0.496 0.000 0.825 -0.500 0.264 0.000 -0.279 0.394 -0.035 1.000]]
		[0.65 [0.054 0.557 0.829 0.000 -0.572 -0.663 0.483 0.000 0.819 -0.500 0.283 0.000 -0.279 0.394 -0.035 1.000]]
		[0.675 [0.040 0.557 0.830 0.000 -0.580 -0.663 0.473 0.000 0.814 -0.500 0.296 0.000 -0.279 0.394 -0.035 1.000]]
		[0.7 [0.040 0.557 0.830 0.000 -0.580 -0.663 0.473 0.000 0.814 -0.500 0.296 0.000 -0.279 0.394 -0.035 1.000]]
		[0.725 [0.040 0.557 0.830 0.000 -0.580 -0.663 0.473 0.000 0.814 -0.500 0.296 0.000 -0.279 0.394 -0.035 1.000]]
		[0.75 [0.040 0.557 0.830 0.000 -0.580 -0.663 0.473 0.000 0.814 -0.500 0.296 0.000 -0.279 0.394 -0.035 1.000]]
		[0.775 [0.040 0.557 0.830 0.000 -0.580 -0.663 0.473 0.000 0.814 -0.500 0.296 0.000 -0.279 0.394 -0.035 1.000]]
