{ :name "Walk" :length 0.6666667 :bones { 
	"Skelet" [
		[ 0 [ 0 1 2 3 ] ]
		[ 0.025 [ 0 1 2 4 ] ]
		[ 0.05 [ 0 1 2 5 ] ]
		[ 0.075 [ 0 1 2 6 ] ]
		[ 0.1 [ 0 1 2 7 ] ]
		[ 0.125 [ 0 1 2 8 ] ]
		[ 0.15 [ 0 1 2 9 ] ]
		[ 0.175 [ 0 1 2 10 ] ]
		[ 0.2 [ 0 1 2 11 ] ]
		[ 0.225 [ 0 1 2 12 ] ]
		[ 0.25 [ 0 1 2 13 ] ]
		[ 0.275 [ 0 1 2 14 ] ]
		[ 0.3 [ 0 1 2 15 ] ]
		[ 0.325 [ 0 1 2 16 ] ]
		[ 0.35 [ 0 1 2 17 ] ]
		[ 0.375 [ 0 1 2 18 ] ]
		[ 0.4 [ 0 1 2 19 ] ]
		[ 0.425 [ 0 1 2 20 ] ]
		[ 0.45 [ 0 1 2 21 ] ]
		[ 0.475 [ 0 1 2 22 ] ]
		[ 0.5 [ 0 1 2 23 ] ]
		[ 0.525 [ 0 1 2 24 ] ]
		[ 0.55 [ 0 1 2 25 ] ]
		[ 0.575 [ 0 1 2 26 ] ]
		[ 0.6 [ 0 1 2 13 ] ]
		[ 0.625 [ 0 1 2 27 ] ]
		[ 0.65 [ 0 1 2 28 ] ]
		[ 0.675 [ 0 1 2 3 ] ]
		[ 0.7 [ 0 1 2 3 ] ]
		[ 0.725 [ 0 1 2 3 ] ]
		[ 0.75 [ 0 1 2 3 ] ]
		[ 0.775 [ 0 1 2 3 ] ]
		[ 0.8 [ 0 1 2 3 ] ]
		[ 0.825 [ 0 1 2 3 ] ]
		[ 0.85 [ 0 1 2 3 ] ]
		[ 0.875 [ 0 1 2 3 ] ]
		[ 0.9 [ 0 1 2 3 ] ]
		[ 0.925 [ 0 1 2 3 ] ]
		[ 0.95 [ 0 1 2 3 ] ]
		[ 0.975 [ 0 1 2 3 ] ]
	]
	"Bedro_L" [
		[ 0 [ 29 30 0 31 ] ]
		[ 0.025 [ 32 33 0 31 ] ]
		[ 0.05 [ 34 35 0 31 ] ]
		[ 0.075 [ 36 37 0 31 ] ]
		[ 0.1 [ 38 39 0 31 ] ]
		[ 0.125 [ 40 41 0 31 ] ]
		[ 0.15 [ 42 43 0 31 ] ]
		[ 0.175 [ 44 45 0 31 ] ]
		[ 0.2 [ 46 47 0 31 ] ]
		[ 0.225 [ 48 49 0 31 ] ]
		[ 0.25 [ 50 51 0 31 ] ]
		[ 0.275 [ 52 53 0 31 ] ]
		[ 0.3 [ 54 55 0 31 ] ]
		[ 0.325 [ 56 57 0 31 ] ]
		[ 0.35 [ 58 59 0 31 ] ]
		[ 0.375 [ 60 61 0 31 ] ]
		[ 0.4 [ 62 63 0 31 ] ]
		[ 0.425 [ 64 65 0 31 ] ]
		[ 0.45 [ 66 67 0 31 ] ]
		[ 0.475 [ 68 69 0 31 ] ]
		[ 0.5 [ 70 71 0 31 ] ]
		[ 0.525 [ 72 73 0 31 ] ]
		[ 0.55 [ 74 75 0 31 ] ]
		[ 0.575 [ 76 77 0 31 ] ]
		[ 0.6 [ 78 79 0 31 ] ]
		[ 0.625 [ 80 81 0 31 ] ]
		[ 0.65 [ 82 83 0 31 ] ]
		[ 0.675 [ 29 30 0 31 ] ]
		[ 0.7 [ 29 30 0 31 ] ]
		[ 0.725 [ 29 30 0 31 ] ]
		[ 0.75 [ 29 30 0 31 ] ]
		[ 0.775 [ 29 30 0 31 ] ]
		[ 0.8 [ 29 30 0 31 ] ]
		[ 0.825 [ 29 30 0 31 ] ]
		[ 0.85 [ 29 30 0 31 ] ]
		[ 0.875 [ 29 30 0 31 ] ]
		[ 0.9 [ 29 30 0 31 ] ]
		[ 0.925 [ 29 30 0 31 ] ]
		[ 0.95 [ 29 30 0 31 ] ]
		[ 0.975 [ 29 30 0 31 ] ]
	]
	"Koleno_L" [
		[ 0 [ 84 85 86 87 ] ]
		[ 0.025 [ 88 89 86 87 ] ]
		[ 0.05 [ 90 91 86 87 ] ]
		[ 0.075 [ 92 93 86 87 ] ]
		[ 0.1 [ 94 95 86 87 ] ]
		[ 0.125 [ 96 97 86 87 ] ]
		[ 0.15 [ 98 99 86 87 ] ]
		[ 0.175 [ 100 101 86 87 ] ]
		[ 0.2 [ 102 103 86 87 ] ]
		[ 0.225 [ 104 105 86 87 ] ]
		[ 0.25 [ 106 84 86 87 ] ]
		[ 0.275 [ 107 108 86 87 ] ]
		[ 0.3 [ 109 110 86 87 ] ]
		[ 0.325 [ 111 112 86 87 ] ]
		[ 0.35 [ 113 114 86 87 ] ]
		[ 0.375 [ 115 116 86 87 ] ]
		[ 0.4 [ 117 118 86 87 ] ]
		[ 0.425 [ 119 120 86 87 ] ]
		[ 0.45 [ 121 122 86 87 ] ]
		[ 0.475 [ 123 124 86 87 ] ]
		[ 0.5 [ 125 126 86 87 ] ]
		[ 0.525 [ 127 128 86 87 ] ]
		[ 0.55 [ 129 130 86 87 ] ]
		[ 0.575 [ 131 132 86 87 ] ]
		[ 0.6 [ 133 134 86 87 ] ]
		[ 0.625 [ 135 136 86 87 ] ]
		[ 0.65 [ 137 138 86 87 ] ]
		[ 0.675 [ 84 85 86 87 ] ]
		[ 0.7 [ 84 85 86 87 ] ]
		[ 0.725 [ 84 85 86 87 ] ]
		[ 0.75 [ 84 85 86 87 ] ]
		[ 0.775 [ 84 85 86 87 ] ]
		[ 0.8 [ 84 85 86 87 ] ]
		[ 0.825 [ 84 85 86 87 ] ]
		[ 0.85 [ 84 85 86 87 ] ]
		[ 0.875 [ 84 85 86 87 ] ]
		[ 0.9 [ 84 85 86 87 ] ]
		[ 0.925 [ 84 85 86 87 ] ]
		[ 0.95 [ 84 85 86 87 ] ]
		[ 0.975 [ 84 85 86 87 ] ]
	]
	"Koleno_L_end" [
		[ 0 [ 0 112 1 139 ] ]
	]
	"Bedro_P" [
		[ 0 [ 140 141 0 142 ] ]
		[ 0.025 [ 143 144 0 142 ] ]
		[ 0.05 [ 145 146 0 142 ] ]
		[ 0.075 [ 147 148 0 142 ] ]
		[ 0.1 [ 149 150 0 142 ] ]
		[ 0.125 [ 151 152 0 142 ] ]
		[ 0.15 [ 153 154 0 142 ] ]
		[ 0.175 [ 155 156 0 142 ] ]
		[ 0.2 [ 157 158 0 142 ] ]
		[ 0.225 [ 159 160 0 142 ] ]
		[ 0.25 [ 161 162 0 142 ] ]
		[ 0.275 [ 163 164 0 142 ] ]
		[ 0.3 [ 165 166 0 142 ] ]
		[ 0.325 [ 167 168 0 142 ] ]
		[ 0.35 [ 169 170 0 142 ] ]
		[ 0.375 [ 171 172 0 142 ] ]
		[ 0.4 [ 173 174 0 142 ] ]
		[ 0.425 [ 175 176 0 142 ] ]
		[ 0.45 [ 177 178 0 142 ] ]
		[ 0.475 [ 179 180 0 142 ] ]
		[ 0.5 [ 44 45 0 142 ] ]
		[ 0.525 [ 181 182 0 142 ] ]
		[ 0.55 [ 40 41 0 142 ] ]
		[ 0.575 [ 183 184 0 142 ] ]
		[ 0.6 [ 185 186 0 142 ] ]
		[ 0.625 [ 187 188 0 142 ] ]
		[ 0.65 [ 189 190 0 142 ] ]
		[ 0.675 [ 140 141 0 142 ] ]
		[ 0.7 [ 140 141 0 142 ] ]
		[ 0.725 [ 140 141 0 142 ] ]
		[ 0.75 [ 140 141 0 142 ] ]
		[ 0.775 [ 140 141 0 142 ] ]
		[ 0.8 [ 140 141 0 142 ] ]
		[ 0.825 [ 140 141 0 142 ] ]
		[ 0.85 [ 140 141 0 142 ] ]
		[ 0.875 [ 140 141 0 142 ] ]
		[ 0.9 [ 140 141 0 142 ] ]
		[ 0.925 [ 140 141 0 142 ] ]
		[ 0.95 [ 140 141 0 142 ] ]
		[ 0.975 [ 140 141 0 142 ] ]
	]
	"Koleno_P" [
		[ 0 [ 111 112 86 87 ] ]
		[ 0.025 [ 191 192 86 87 ] ]
		[ 0.05 [ 193 194 86 87 ] ]
		[ 0.075 [ 195 196 86 87 ] ]
		[ 0.1 [ 197 198 86 87 ] ]
		[ 0.125 [ 199 200 86 87 ] ]
		[ 0.15 [ 201 202 86 87 ] ]
		[ 0.175 [ 203 204 86 87 ] ]
		[ 0.2 [ 205 206 86 87 ] ]
		[ 0.225 [ 207 208 86 87 ] ]
		[ 0.25 [ 112 0 86 87 ] ]
		[ 0.275 [ 209 210 86 87 ] ]
		[ 0.3 [ 135 136 86 87 ] ]
		[ 0.325 [ 211 212 86 87 ] ]
		[ 0.35 [ 213 214 86 87 ] ]
		[ 0.375 [ 215 216 86 87 ] ]
		[ 0.4 [ 217 218 86 87 ] ]
		[ 0.425 [ 219 220 86 87 ] ]
		[ 0.45 [ 221 222 86 87 ] ]
		[ 0.475 [ 223 224 86 87 ] ]
		[ 0.5 [ 125 126 86 87 ] ]
		[ 0.525 [ 225 226 86 87 ] ]
		[ 0.55 [ 227 228 86 87 ] ]
		[ 0.575 [ 229 230 86 87 ] ]
		[ 0.6 [ 231 232 86 87 ] ]
		[ 0.625 [ 233 234 86 87 ] ]
		[ 0.65 [ 235 236 86 87 ] ]
		[ 0.675 [ 111 112 86 87 ] ]
		[ 0.7 [ 111 112 86 87 ] ]
		[ 0.725 [ 111 112 86 87 ] ]
		[ 0.75 [ 111 112 86 87 ] ]
		[ 0.775 [ 111 112 86 87 ] ]
		[ 0.8 [ 111 112 86 87 ] ]
		[ 0.825 [ 111 112 86 87 ] ]
		[ 0.85 [ 111 112 86 87 ] ]
		[ 0.875 [ 111 112 86 87 ] ]
		[ 0.9 [ 111 112 86 87 ] ]
		[ 0.925 [ 111 112 86 87 ] ]
		[ 0.95 [ 111 112 86 87 ] ]
		[ 0.975 [ 111 112 86 87 ] ]
	]
	"Koleno_P_end" [
		[ 0 [ 0 112 1 139 ] ]
	]
	"Tors" [
		[ 0 [ 0 237 70 238 ] ]
		[ 0.025 [ 239 240 241 238 ] ]
		[ 0.05 [ 242 243 244 238 ] ]
		[ 0.075 [ 245 246 247 238 ] ]
		[ 0.1 [ 248 249 250 238 ] ]
		[ 0.125 [ 251 252 253 238 ] ]
		[ 0.15 [ 254 255 256 238 ] ]
		[ 0.175 [ 257 258 259 238 ] ]
		[ 0.2 [ 260 261 262 238 ] ]
		[ 0.225 [ 263 264 265 238 ] ]
		[ 0.25 [ 266 267 268 238 ] ]
		[ 0.275 [ 269 270 271 238 ] ]
		[ 0.3 [ 272 273 274 238 ] ]
		[ 0.325 [ 275 276 277 238 ] ]
		[ 0.35 [ 278 279 280 238 ] ]
		[ 0.375 [ 281 282 283 238 ] ]
		[ 0.4 [ 284 285 286 238 ] ]
		[ 0.425 [ 287 288 289 238 ] ]
		[ 0.45 [ 290 291 292 238 ] ]
		[ 0.475 [ 293 294 295 238 ] ]
		[ 0.5 [ 296 297 298 238 ] ]
		[ 0.525 [ 293 294 295 238 ] ]
		[ 0.55 [ 290 291 292 238 ] ]
		[ 0.575 [ 287 288 289 238 ] ]
		[ 0.6 [ 284 285 286 238 ] ]
		[ 0.625 [ 281 282 283 238 ] ]
		[ 0.65 [ 278 279 280 238 ] ]
		[ 0.675 [ 0 237 70 238 ] ]
		[ 0.7 [ 0 237 70 238 ] ]
		[ 0.725 [ 0 237 70 238 ] ]
		[ 0.75 [ 0 237 70 238 ] ]
		[ 0.775 [ 0 237 70 238 ] ]
		[ 0.8 [ 0 237 70 238 ] ]
		[ 0.825 [ 0 237 70 238 ] ]
		[ 0.85 [ 0 237 70 238 ] ]
		[ 0.875 [ 0 237 70 238 ] ]
		[ 0.9 [ 0 237 70 238 ] ]
		[ 0.925 [ 0 237 70 238 ] ]
		[ 0.95 [ 0 237 70 238 ] ]
		[ 0.975 [ 0 237 70 238 ] ]
	]
	"Golova" [
		[ 0 [ 0 299 29 300 ] ]
	]
	"Golova_end" [
		[ 0 [ 0 112 1 301 ] ]
	]
	"Kluchitsa_L" [
		[ 0 [ 1 0 112 302 ] ]
	]
	"Kluchitsa_L_end" [
		[ 0 [ 0 112 1 303 ] ]
	]
	"Kluchitsa_P" [
		[ 0 [ 86 111 112 302 ] ]
	]
	"Kluchitsa_P_end" [
		[ 0 [ 0 112 1 303 ] ]
	]
	"Ruka_L" [
		[ 0 [ 304 305 306 307 ] ]
		[ 0.025 [ 308 309 310 307 ] ]
		[ 0.05 [ 311 312 313 307 ] ]
		[ 0.075 [ 314 315 316 307 ] ]
		[ 0.1 [ 317 318 319 307 ] ]
		[ 0.125 [ 320 321 322 307 ] ]
		[ 0.15 [ 323 324 325 307 ] ]
		[ 0.175 [ 326 327 328 307 ] ]
		[ 0.2 [ 329 330 331 307 ] ]
		[ 0.225 [ 332 333 334 307 ] ]
		[ 0.25 [ 335 336 337 307 ] ]
		[ 0.275 [ 338 339 340 307 ] ]
		[ 0.3 [ 341 342 343 307 ] ]
		[ 0.325 [ 344 345 346 307 ] ]
		[ 0.35 [ 347 348 349 307 ] ]
		[ 0.375 [ 350 351 352 307 ] ]
		[ 0.4 [ 353 354 355 307 ] ]
		[ 0.425 [ 356 357 358 307 ] ]
		[ 0.45 [ 359 360 361 307 ] ]
		[ 0.475 [ 362 363 364 307 ] ]
		[ 0.5 [ 365 366 367 307 ] ]
		[ 0.525 [ 368 369 370 307 ] ]
		[ 0.55 [ 371 372 373 307 ] ]
		[ 0.575 [ 374 375 376 307 ] ]
		[ 0.6 [ 377 378 379 307 ] ]
		[ 0.625 [ 380 381 382 307 ] ]
		[ 0.65 [ 383 384 385 307 ] ]
		[ 0.675 [ 304 305 306 307 ] ]
		[ 0.7 [ 304 305 306 307 ] ]
		[ 0.725 [ 304 305 306 307 ] ]
		[ 0.75 [ 304 305 306 307 ] ]
		[ 0.775 [ 304 305 306 307 ] ]
		[ 0.8 [ 304 305 306 307 ] ]
		[ 0.825 [ 304 305 306 307 ] ]
		[ 0.85 [ 304 305 306 307 ] ]
		[ 0.875 [ 304 305 306 307 ] ]
		[ 0.9 [ 304 305 306 307 ] ]
		[ 0.925 [ 304 305 306 307 ] ]
		[ 0.95 [ 304 305 306 307 ] ]
		[ 0.975 [ 304 305 306 307 ] ]
	]
	"Lokot_L" [
		[ 0 [ 386 387 1 388 ] ]
		[ 0.025 [ 389 390 1 388 ] ]
		[ 0.05 [ 391 392 1 388 ] ]
		[ 0.075 [ 393 394 1 388 ] ]
		[ 0.1 [ 395 396 1 388 ] ]
		[ 0.125 [ 397 398 1 388 ] ]
		[ 0.15 [ 399 400 1 388 ] ]
		[ 0.175 [ 401 402 1 388 ] ]
		[ 0.2 [ 403 404 1 388 ] ]
		[ 0.225 [ 405 406 1 388 ] ]
		[ 0.25 [ 407 408 1 388 ] ]
		[ 0.275 [ 409 410 1 388 ] ]
		[ 0.3 [ 411 412 1 388 ] ]
		[ 0.325 [ 413 414 1 388 ] ]
		[ 0.35 [ 415 416 1 388 ] ]
		[ 0.375 [ 217 417 1 388 ] ]
		[ 0.4 [ 418 419 1 388 ] ]
		[ 0.425 [ 420 421 1 388 ] ]
		[ 0.45 [ 196 195 1 388 ] ]
		[ 0.475 [ 422 423 1 388 ] ]
		[ 0.5 [ 112 111 1 388 ] ]
		[ 0.525 [ 424 425 1 388 ] ]
		[ 0.55 [ 426 427 1 388 ] ]
		[ 0.575 [ 428 429 1 388 ] ]
		[ 0.6 [ 430 431 1 388 ] ]
		[ 0.625 [ 122 121 1 388 ] ]
		[ 0.65 [ 432 433 1 388 ] ]
		[ 0.675 [ 386 387 1 388 ] ]
		[ 0.7 [ 386 387 1 388 ] ]
		[ 0.725 [ 386 387 1 388 ] ]
		[ 0.75 [ 386 387 1 388 ] ]
		[ 0.775 [ 386 387 1 388 ] ]
		[ 0.8 [ 386 387 1 388 ] ]
		[ 0.825 [ 386 387 1 388 ] ]
		[ 0.85 [ 386 387 1 388 ] ]
		[ 0.875 [ 386 387 1 388 ] ]
		[ 0.9 [ 386 387 1 388 ] ]
		[ 0.925 [ 386 387 1 388 ] ]
		[ 0.95 [ 386 387 1 388 ] ]
		[ 0.975 [ 386 387 1 388 ] ]
	]
	"Lokot_L_end" [
		[ 0 [ 0 112 1 434 ] ]
	]
	"Ruka_P" [
		[ 0 [ 435 436 437 438 ] ]
		[ 0.025 [ 439 440 441 438 ] ]
		[ 0.05 [ 442 443 444 438 ] ]
		[ 0.075 [ 445 446 447 438 ] ]
		[ 0.1 [ 448 449 450 438 ] ]
		[ 0.125 [ 451 452 453 438 ] ]
		[ 0.15 [ 454 455 456 438 ] ]
		[ 0.175 [ 457 458 459 438 ] ]
		[ 0.2 [ 460 461 462 438 ] ]
		[ 0.225 [ 463 464 465 438 ] ]
		[ 0.25 [ 466 467 468 438 ] ]
		[ 0.275 [ 469 470 471 438 ] ]
		[ 0.3 [ 472 473 474 438 ] ]
		[ 0.325 [ 475 476 477 438 ] ]
		[ 0.35 [ 478 479 480 438 ] ]
		[ 0.375 [ 481 482 483 438 ] ]
		[ 0.4 [ 484 485 486 438 ] ]
		[ 0.425 [ 487 488 489 438 ] ]
		[ 0.45 [ 490 491 492 438 ] ]
		[ 0.475 [ 493 494 495 438 ] ]
		[ 0.5 [ 496 497 498 438 ] ]
		[ 0.525 [ 499 500 501 438 ] ]
		[ 0.55 [ 502 503 504 438 ] ]
		[ 0.575 [ 505 506 507 438 ] ]
		[ 0.6 [ 508 509 510 438 ] ]
		[ 0.625 [ 511 512 513 438 ] ]
		[ 0.65 [ 514 515 516 438 ] ]
		[ 0.675 [ 435 436 437 438 ] ]
		[ 0.7 [ 435 436 437 438 ] ]
		[ 0.725 [ 435 436 437 438 ] ]
		[ 0.75 [ 435 436 437 438 ] ]
		[ 0.775 [ 435 436 437 438 ] ]
		[ 0.8 [ 435 436 437 438 ] ]
		[ 0.825 [ 435 436 437 438 ] ]
		[ 0.85 [ 435 436 437 438 ] ]
		[ 0.875 [ 435 436 437 438 ] ]
		[ 0.9 [ 435 436 437 438 ] ]
		[ 0.925 [ 435 436 437 438 ] ]
		[ 0.95 [ 435 436 437 438 ] ]
		[ 0.975 [ 435 436 437 438 ] ]
	]
	"Lokot_P" [
		[ 0 [ 386 387 1 388 ] ]
		[ 0.025 [ 517 518 1 388 ] ]
		[ 0.05 [ 519 520 1 388 ] ]
		[ 0.075 [ 521 522 1 388 ] ]
		[ 0.1 [ 523 524 1 388 ] ]
		[ 0.125 [ 96 525 1 388 ] ]
		[ 0.15 [ 526 527 1 388 ] ]
		[ 0.175 [ 528 529 1 388 ] ]
		[ 0.2 [ 530 531 1 388 ] ]
		[ 0.225 [ 532 533 1 388 ] ]
		[ 0.25 [ 534 535 1 388 ] ]
		[ 0.275 [ 536 537 1 388 ] ]
		[ 0.3 [ 538 539 1 388 ] ]
		[ 0.325 [ 540 541 1 388 ] ]
		[ 0.35 [ 542 543 1 388 ] ]
		[ 0.375 [ 544 545 1 388 ] ]
		[ 0.4 [ 546 547 1 388 ] ]
		[ 0.425 [ 548 549 1 388 ] ]
		[ 0.45 [ 405 406 1 388 ] ]
		[ 0.475 [ 407 408 1 388 ] ]
		[ 0.5 [ 550 551 1 388 ] ]
		[ 0.525 [ 552 553 1 388 ] ]
		[ 0.55 [ 554 555 1 388 ] ]
		[ 0.575 [ 556 557 1 388 ] ]
		[ 0.6 [ 558 559 1 388 ] ]
		[ 0.625 [ 560 561 1 388 ] ]
		[ 0.65 [ 562 563 1 388 ] ]
		[ 0.675 [ 386 387 1 388 ] ]
		[ 0.7 [ 386 387 1 388 ] ]
		[ 0.725 [ 386 387 1 388 ] ]
		[ 0.75 [ 386 387 1 388 ] ]
		[ 0.775 [ 386 387 1 388 ] ]
		[ 0.8 [ 386 387 1 388 ] ]
		[ 0.825 [ 386 387 1 388 ] ]
		[ 0.85 [ 386 387 1 388 ] ]
		[ 0.875 [ 386 387 1 388 ] ]
		[ 0.9 [ 386 387 1 388 ] ]
		[ 0.925 [ 386 387 1 388 ] ]
		[ 0.95 [ 386 387 1 388 ] ]
		[ 0.975 [ 386 387 1 388 ] ]
	]
	"Lokot_P_end" [
		[ 0 [ 0 112 1 434 ] ]
	]
	"Woin" [
		[ 0 [ 564 565 566 566 ] ]
	]
	"Cube" [
		[ 0 [ 567 568 569 570 ] ]
		[ 0.025 [ 571 572 573 574 ] ]
		[ 0.05 [ 575 576 577 578 ] ]
		[ 0.075 [ 579 580 581 582 ] ]
		[ 0.1 [ 583 584 585 586 ] ]
		[ 0.125 [ 587 588 589 590 ] ]
		[ 0.15 [ 591 592 593 594 ] ]
		[ 0.175 [ 595 596 597 598 ] ]
		[ 0.2 [ 599 600 601 602 ] ]
		[ 0.225 [ 603 604 605 606 ] ]
		[ 0.25 [ 607 608 609 610 ] ]
		[ 0.275 [ 611 612 613 614 ] ]
		[ 0.3 [ 615 616 617 618 ] ]
		[ 0.325 [ 619 620 621 622 ] ]
		[ 0.35 [ 623 624 625 626 ] ]
		[ 0.375 [ 627 628 629 630 ] ]
		[ 0.4 [ 631 632 633 634 ] ]
		[ 0.425 [ 635 636 637 638 ] ]
		[ 0.45 [ 639 640 641 642 ] ]
		[ 0.475 [ 643 644 645 646 ] ]
		[ 0.5 [ 647 648 649 650 ] ]
		[ 0.525 [ 651 652 653 654 ] ]
		[ 0.55 [ 655 656 657 658 ] ]
		[ 0.575 [ 659 660 661 662 ] ]
		[ 0.6 [ 663 664 665 666 ] ]
		[ 0.625 [ 667 668 669 670 ] ]
		[ 0.65 [ 671 672 673 674 ] ]
		[ 0.675 [ 567 568 569 570 ] ]
		[ 0.7 [ 567 568 569 570 ] ]
		[ 0.725 [ 567 568 569 570 ] ]
		[ 0.75 [ 567 568 569 570 ] ]
		[ 0.775 [ 567 568 569 570 ] ]
		[ 0.8 [ 567 568 569 570 ] ]
		[ 0.825 [ 567 568 569 570 ] ]
		[ 0.85 [ 567 568 569 570 ] ]
		[ 0.875 [ 567 568 569 570 ] ]
		[ 0.9 [ 567 568 569 570 ] ]
		[ 0.925 [ 567 568 569 570 ] ]
		[ 0.95 [ 567 568 569 570 ] ]
		[ 0.975 [ 567 568 569 570 ] ]
	]
	"Cube.001" [
		[ 0 [ 675 676 677 678 ] ]
		[ 0.025 [ 679 680 681 682 ] ]
		[ 0.05 [ 683 684 685 686 ] ]
		[ 0.075 [ 687 688 689 690 ] ]
		[ 0.1 [ 691 692 693 694 ] ]
		[ 0.125 [ 695 696 697 698 ] ]
		[ 0.15 [ 699 700 701 702 ] ]
		[ 0.175 [ 703 704 705 706 ] ]
		[ 0.2 [ 707 708 709 710 ] ]
		[ 0.225 [ 711 712 713 714 ] ]
		[ 0.25 [ 715 716 717 718 ] ]
		[ 0.275 [ 719 720 721 722 ] ]
		[ 0.3 [ 723 724 725 726 ] ]
		[ 0.325 [ 727 728 729 730 ] ]
		[ 0.35 [ 731 732 733 734 ] ]
		[ 0.375 [ 735 736 737 738 ] ]
		[ 0.4 [ 739 740 741 742 ] ]
		[ 0.425 [ 743 744 745 746 ] ]
		[ 0.45 [ 747 748 749 750 ] ]
		[ 0.475 [ 751 752 753 754 ] ]
		[ 0.5 [ 755 756 757 758 ] ]
		[ 0.525 [ 759 760 761 762 ] ]
		[ 0.55 [ 763 764 765 766 ] ]
		[ 0.575 [ 767 768 769 770 ] ]
		[ 0.6 [ 771 772 773 774 ] ]
		[ 0.625 [ 775 776 777 778 ] ]
		[ 0.65 [ 779 780 781 782 ] ]
		[ 0.675 [ 675 676 677 678 ] ]
		[ 0.7 [ 675 676 677 678 ] ]
		[ 0.725 [ 675 676 677 678 ] ]
		[ 0.75 [ 675 676 677 678 ] ]
		[ 0.775 [ 675 676 677 678 ] ]
		[ 0.8 [ 675 676 677 678 ] ]
		[ 0.825 [ 675 676 677 678 ] ]
		[ 0.85 [ 675 676 677 678 ] ]
		[ 0.875 [ 675 676 677 678 ] ]
		[ 0.9 [ 675 676 677 678 ] ]
		[ 0.925 [ 675 676 677 678 ] ]
		[ 0.95 [ 675 676 677 678 ] ]
		[ 0.975 [ 675 676 677 678 ] ]
	]
	}
	:resources [
		[1.000 0.000 0.000]
		[0.000 0.000 1.000]
		[0.000 -1.000 0.000]
		[0.000 0.000 0.000]
		[0.000 0.000 0.017]
		[0.000 0.000 0.036]
		[0.000 0.000 0.056]
		[0.000 0.000 0.074]
		[0.000 0.000 0.089]
		[0.000 0.000 0.098]
		[0.000 0.000 0.099]
		[0.000 0.000 0.090]
		[0.000 0.000 0.072]
		[0.000 0.000 0.050]
		[0.000 0.000 0.028]
		[0.000 0.000 0.010]
		[0.000 0.000 0.001]
		[0.000 0.000 0.003]
		[0.000 0.000 0.016]
		[0.000 0.000 0.035]
		[0.000 0.000 0.057]
		[0.000 0.000 0.078]
		[0.000 0.000 0.094]
		[0.000 0.000 0.100]
		[0.000 0.000 0.096]
		[0.000 0.000 0.085]
		[0.000 0.000 0.069]
		[0.000 0.000 0.030]
		[0.000 0.000 0.011]
		[0.000 -0.342 0.940]
		[0.000 -0.940 -0.342]
		[0.123 -0.038 0.000]
		[0.000 -0.397 0.918]
		[0.000 -0.918 -0.397]
		[0.000 -0.458 0.889]
		[0.000 -0.889 -0.458]
		[0.000 -0.518 0.855]
		[0.000 -0.855 -0.518]
		[0.000 -0.572 0.820]
		[0.000 -0.820 -0.572]
		[0.000 -0.613 0.790]
		[0.000 -0.790 -0.613]
		[0.000 -0.638 0.770]
		[0.000 -0.770 -0.638]
		[0.000 -0.643 0.766]
		[0.000 -0.766 -0.643]
		[0.000 -0.634 0.773]
		[0.000 -0.773 -0.634]
		[0.000 -0.596 0.803]
		[0.000 -0.803 -0.596]
		[0.000 -0.500 0.866]
		[0.000 -0.866 -0.500]
		[0.000 -0.287 0.958]
		[0.000 -0.958 -0.287]
		[0.000 0.017 1.000]
		[0.000 -1.000 0.017]
		[0.000 0.281 0.960]
		[0.000 -0.960 0.281]
		[0.000 0.432 0.902]
		[0.000 -0.902 0.432]
		[0.000 0.537 0.843]
		[0.000 -0.843 0.537]
		[0.000 0.610 0.792]
		[0.000 -0.792 0.610]
		[0.000 0.655 0.756]
		[0.000 -0.756 0.655]
		[0.000 0.674 0.738]
		[0.000 -0.738 0.674]
		[0.000 0.670 0.742]
		[0.000 -0.742 0.670]
		[0.000 0.643 0.766]
		[0.000 -0.766 0.643]
		[0.000 0.578 0.816]
		[0.000 -0.816 0.578]
		[0.000 0.468 0.884]
		[0.000 -0.884 0.468]
		[0.000 0.316 0.949]
		[0.000 -0.949 0.316]
		[0.000 0.136 0.991]
		[0.000 -0.991 0.136]
		[0.000 -0.055 0.999]
		[0.000 -0.999 -0.055]
		[0.000 -0.236 0.972]
		[0.000 -0.972 -0.236]
		[0.174 0.985 0.000]
		[0.985 -0.174 0.000]
		[0.000 0.000 -1.000]
		[0.000 0.532 0.000]
		[0.318 0.948 0.000]
		[0.948 -0.318 0.000]
		[0.466 0.885 0.000]
		[0.885 -0.466 0.000]
		[0.518 0.855 0.000]
		[0.855 -0.518 0.000]
		[0.390 0.921 0.000]
		[0.921 -0.390 0.000]
		[0.076 0.997 0.000]
		[0.997 -0.076 0.000]
		[-0.298 0.954 0.000]
		[0.954 0.298 0.000]
		[-0.584 0.812 0.000]
		[0.812 0.584 0.000]
		[-0.795 0.607 0.000]
		[0.607 0.795 0.000]
		[-0.929 0.371 0.000]
		[0.371 0.929 0.000]
		[-0.985 0.174 0.000]
		[-0.998 0.060 0.000]
		[0.060 0.998 0.000]
		[-1.000 0.011 0.000]
		[0.011 1.000 0.000]
		[-1.000 0.000 0.000]
		[0.000 1.000 0.000]
		[-1.000 0.001 0.000]
		[0.001 1.000 0.000]
		[-1.000 0.022 0.000]
		[0.022 1.000 0.000]
		[-0.996 0.089 0.000]
		[0.089 0.996 0.000]
		[-0.972 0.234 0.000]
		[0.234 0.972 0.000]
		[-0.882 0.471 0.000]
		[0.471 0.882 0.000]
		[-0.705 0.710 0.000]
		[0.710 0.705 0.000]
		[-0.500 0.866 0.000]
		[0.866 0.500 0.000]
		[-0.324 0.946 0.000]
		[0.946 0.324 0.000]
		[-0.167 0.986 0.000]
		[0.986 0.167 0.000]
		[-0.036 0.999 0.000]
		[0.999 0.036 0.000]
		[0.057 0.998 0.000]
		[0.998 -0.057 0.000]
		[0.109 0.994 0.000]
		[0.994 -0.109 0.000]
		[0.145 0.989 0.000]
		[0.989 -0.145 0.000]
		[0.000 0.578 0.000]
		[0.000 0.342 0.940]
		[0.000 -0.940 0.342]
		[-0.123 -0.038 0.000]
		[0.000 0.403 0.915]
		[0.000 -0.915 0.403]
		[0.000 0.477 0.879]
		[0.000 -0.879 0.477]
		[0.000 0.551 0.834]
		[0.000 -0.834 0.551]
		[0.000 0.612 0.791]
		[0.000 -0.791 0.612]
		[0.000 0.651 0.759]
		[0.000 -0.759 0.651]
		[0.000 0.659 0.752]
		[0.000 -0.752 0.659]
		[0.000 0.626 0.780]
		[0.000 -0.780 0.626]
		[0.000 0.537 0.844]
		[0.000 -0.844 0.537]
		[0.000 0.396 0.918]
		[0.000 -0.918 0.396]
		[0.000 0.216 0.976]
		[0.000 -0.976 0.216]
		[0.000 0.021 1.000]
		[0.000 -1.000 0.021]
		[0.000 -0.161 0.987]
		[0.000 -0.987 -0.161]
		[0.000 -0.305 0.952]
		[0.000 -0.952 -0.305]
		[0.000 -0.404 0.915]
		[0.000 -0.915 -0.404]
		[0.000 -0.481 0.877]
		[0.000 -0.877 -0.481]
		[0.000 -0.542 0.841]
		[0.000 -0.841 -0.542]
		[0.000 -0.587 0.810]
		[0.000 -0.810 -0.587]
		[0.000 -0.618 0.786]
		[0.000 -0.786 -0.618]
		[0.000 -0.637 0.771]
		[0.000 -0.771 -0.637]
		[0.000 -0.639 0.769]
		[0.000 -0.769 -0.639]
		[0.000 -0.541 0.841]
		[0.000 -0.841 -0.541]
		[0.000 -0.384 0.923]
		[0.000 -0.923 -0.384]
		[0.000 -0.131 0.991]
		[0.000 -0.991 -0.131]
		[0.000 0.163 0.987]
		[0.000 -0.987 0.163]
		[-1.000 0.030 0.000]
		[0.030 1.000 0.000]
		[-0.999 0.054 0.000]
		[0.054 0.999 0.000]
		[-0.992 0.128 0.000]
		[0.128 0.992 0.000]
		[-0.952 0.305 0.000]
		[0.305 0.952 0.000]
		[-0.831 0.556 0.000]
		[0.556 0.831 0.000]
		[-0.634 0.773 0.000]
		[0.773 0.634 0.000]
		[-0.439 0.898 0.000]
		[0.898 0.439 0.000]
		[-0.269 0.963 0.000]
		[0.963 0.269 0.000]
		[-0.120 0.993 0.000]
		[0.993 0.120 0.000]
		[0.072 0.997 0.000]
		[0.997 -0.072 0.000]
		[0.150 0.989 0.000]
		[0.989 -0.150 0.000]
		[0.253 0.968 0.000]
		[0.968 -0.253 0.000]
		[0.413 0.911 0.000]
		[0.911 -0.413 0.000]
		[0.514 0.858 0.000]
		[0.858 -0.514 0.000]
		[0.456 0.890 0.000]
		[0.890 -0.456 0.000]
		[0.196 0.981 0.000]
		[0.981 -0.196 0.000]
		[-0.177 0.984 0.000]
		[0.984 0.177 0.000]
		[-0.731 0.682 0.000]
		[0.682 0.731 0.000]
		[-0.894 0.448 0.000]
		[0.448 0.894 0.000]
		[-0.973 0.231 0.000]
		[0.231 0.973 0.000]
		[-0.995 0.095 0.000]
		[0.095 0.995 0.000]
		[-0.999 0.044 0.000]
		[0.044 0.999 0.000]
		[-1.000 0.024 0.000]
		[0.024 1.000 0.000]
		[0.000 0.766 -0.643]
		[0.000 0.130 0.000]
		[0.999 0.011 0.050]
		[0.023 0.766 -0.642]
		[-0.045 0.643 0.765]
		[0.994 0.024 0.106]
		[0.050 0.766 -0.641]
		[-0.097 0.643 0.760]
		[0.986 0.038 0.164]
		[0.077 0.765 -0.639]
		[-0.149 0.643 0.751]
		[0.975 0.050 0.216]
		[0.102 0.764 -0.637]
		[-0.197 0.643 0.740]
		[0.964 0.059 0.257]
		[0.122 0.764 -0.634]
		[-0.234 0.643 0.729]
		[0.957 0.065 0.283]
		[0.135 0.763 -0.632]
		[-0.257 0.643 0.722]
		[0.956 0.066 0.287]
		[0.136 0.763 -0.632]
		[-0.261 0.643 0.720]
		[0.961 0.062 0.268]
		[0.127 0.764 -0.633]
		[-0.244 0.643 0.726]
		[0.971 0.053 0.231]
		[0.109 0.764 -0.636]
		[-0.211 0.643 0.737]
		[0.982 0.042 0.182]
		[0.086 0.765 -0.638]
		[-0.166 0.643 0.748]
		[0.992 0.029 0.125]
		[0.059 0.766 -0.641]
		[-0.114 0.643 0.757]
		[0.998 0.016 0.068]
		[0.032 0.766 -0.642]
		[-0.062 0.643 0.764]
		[1.000 0.004 0.016]
		[0.007 0.766 -0.643]
		[-0.014 0.643 0.766]
		[0.999 -0.007 -0.032]
		[-0.015 0.766 -0.643]
		[0.029 0.643 0.765]
		[0.996 -0.020 -0.087]
		[-0.041 0.766 -0.642]
		[0.079 0.643 0.762]
		[0.989 -0.033 -0.145]
		[-0.068 0.765 -0.640]
		[0.132 0.643 0.755]
		[0.979 -0.046 -0.199]
		[-0.094 0.765 -0.638]
		[0.182 0.643 0.744]
		[0.968 -0.057 -0.245]
		[-0.116 0.764 -0.635]
		[0.223 0.643 0.733]
		[0.959 -0.064 -0.276]
		[-0.131 0.763 -0.632]
		[0.252 0.643 0.724]
		[0.955 -0.067 -0.288]
		[-0.137 0.763 -0.632]
		[0.262 0.643 0.720]
		[0.000 0.940 0.342]
		[0.000 0.596 0.000]
		[0.000 0.315 0.000]
		[0.000 0.470 0.000]
		[0.000 0.300 0.000]
		[-0.450 0.557 0.699]
		[0.266 -0.663 0.700]
		[0.853 0.500 0.150]
		[0.279 0.394 -0.035]
		[-0.411 0.557 0.722]
		[0.303 -0.663 0.684]
		[0.860 0.500 0.104]
		[-0.370 0.557 0.744]
		[0.341 -0.663 0.666]
		[0.864 0.500 0.056]
		[-0.327 0.557 0.764]
		[0.378 -0.663 0.646]
		[0.866 0.500 0.007]
		[-0.285 0.557 0.780]
		[0.413 -0.663 0.624]
		[0.865 0.500 -0.041]
		[-0.244 0.557 0.794]
		[0.445 -0.663 0.602]
		[0.862 0.500 -0.086]
		[-0.206 0.557 0.805]
		[0.473 -0.663 0.580]
		[0.857 0.500 -0.127]
		[-0.174 0.557 0.812]
		[0.496 -0.663 0.561]
		[0.851 0.500 -0.161]
		[-0.151 0.557 0.817]
		[0.511 -0.663 0.546]
		[0.846 0.500 -0.185]
		[-0.134 0.557 0.820]
		[0.522 -0.663 0.536]
		[0.842 0.500 -0.201]
		[-0.121 0.557 0.822]
		[0.531 -0.663 0.528]
		[0.839 0.500 -0.215]
		[-0.106 0.557 0.824]
		[0.540 -0.663 0.518]
		[0.835 0.500 -0.230]
		[-0.085 0.557 0.826]
		[0.553 -0.663 0.504]
		[0.829 0.500 -0.251]
		[-0.054 0.557 0.829]
		[0.572 -0.663 0.483]
		[0.819 0.500 -0.283]
		[-0.002 0.557 0.831]
		[0.601 -0.663 0.446]
		[0.800 0.500 -0.333]
		[0.079 0.557 0.827]
		[0.641 -0.663 0.385]
		[0.763 0.500 -0.409]
		[0.174 0.557 0.812]
		[0.682 -0.663 0.308]
		[0.710 0.500 -0.495]
		[0.267 0.557 0.787]
		[0.713 -0.663 0.227]
		[0.648 0.500 -0.574]
		[0.341 0.557 0.758]
		[0.731 -0.663 0.158]
		[0.591 0.500 -0.633]
		[0.383 0.557 0.737]
		[0.739 -0.663 0.117]
		[0.555 0.500 -0.665]
		[0.380 0.557 0.739]
		[0.739 -0.663 0.120]
		[0.557 0.500 -0.663]
		[0.326 0.557 0.764]
		[0.728 -0.663 0.173]
		[0.603 0.500 -0.622]
		[0.227 0.557 0.799]
		[0.700 -0.663 0.263]
		[0.677 0.500 -0.540]
		[0.092 0.557 0.826]
		[0.647 -0.663 0.375]
		[0.757 0.500 -0.422]
		[-0.064 0.557 0.828]
		[0.566 -0.663 0.490]
		[0.822 0.500 -0.272]
		[-0.224 0.557 0.800]
		[0.460 -0.663 0.590]
		[0.859 0.500 -0.107]
		[-0.369 0.557 0.744]
		[0.342 -0.663 0.666]
		[0.864 0.500 0.054]
		[0.643 0.766 0.000]
		[-0.766 0.643 0.000]
		[0.000 0.316 0.000]
		[0.646 0.764 0.000]
		[-0.764 0.646 0.000]
		[0.653 0.757 0.000]
		[-0.757 0.653 0.000]
		[0.664 0.748 0.000]
		[-0.748 0.664 0.000]
		[0.676 0.737 0.000]
		[-0.737 0.676 0.000]
		[0.689 0.725 0.000]
		[-0.725 0.689 0.000]
		[0.700 0.714 0.000]
		[-0.714 0.700 0.000]
		[0.710 0.704 0.000]
		[-0.704 0.710 0.000]
		[0.716 0.698 0.000]
		[-0.698 0.716 0.000]
		[0.718 0.696 0.000]
		[-0.696 0.718 0.000]
		[0.715 0.699 0.000]
		[-0.699 0.715 0.000]
		[0.704 0.710 0.000]
		[-0.710 0.704 0.000]
		[0.685 0.728 0.000]
		[-0.728 0.685 0.000]
		[0.656 0.755 0.000]
		[-0.755 0.656 0.000]
		[0.605 0.796 0.000]
		[-0.796 0.605 0.000]
		[-0.858 0.514 0.000]
		[0.391 0.920 0.000]
		[-0.920 0.391 0.000]
		[0.255 0.967 0.000]
		[-0.967 0.255 0.000]
		[0.036 0.999 0.000]
		[-0.999 0.036 0.000]
		[0.029 1.000 0.000]
		[-1.000 0.029 0.000]
		[0.107 0.994 0.000]
		[-0.994 0.107 0.000]
		[0.217 0.976 0.000]
		[-0.976 0.217 0.000]
		[0.345 0.939 0.000]
		[-0.939 0.345 0.000]
		[0.583 0.813 0.000]
		[-0.813 0.583 0.000]
		[0.000 0.469 0.000]
		[0.040 0.557 0.830]
		[-0.580 -0.663 0.473]
		[0.814 -0.500 0.296]
		[-0.279 0.394 -0.035]
		[-0.038 0.557 0.830]
		[-0.621 -0.663 0.417]
		[0.783 -0.500 0.371]
		[-0.131 0.557 0.820]
		[-0.664 -0.663 0.344]
		[0.736 -0.500 0.457]
		[-0.226 0.557 0.800]
		[-0.700 -0.663 0.264]
		[0.678 -0.500 0.539]
		[-0.307 0.557 0.772]
		[-0.724 -0.663 0.190]
		[0.618 -0.500 0.607]
		[-0.365 0.557 0.746]
		[-0.736 -0.663 0.135]
		[0.570 -0.500 0.652]
		[-0.389 0.557 0.734]
		[-0.740 -0.663 0.111]
		[0.549 -0.500 0.670]
		[-0.366 0.557 0.746]
		[-0.736 -0.663 0.134]
		[0.569 -0.500 0.653]
		[-0.280 0.557 0.782]
		[-0.717 -0.663 0.215]
		[0.639 -0.500 0.585]
		[-0.140 0.557 0.819]
		[-0.668 -0.663 0.337]
		[0.731 -0.500 0.465]
		[0.031 0.557 0.830]
		[-0.585 -0.663 0.467]
		[0.811 -0.500 0.305]
		[0.202 0.557 0.806]
		[-0.476 -0.663 0.578]
		[0.856 -0.500 0.131]
		[0.344 0.557 0.756]
		[-0.364 -0.663 0.654]
		[0.866 -0.500 -0.025]
		[0.433 0.557 0.709]
		[-0.282 -0.663 0.693]
		[0.856 -0.500 -0.130]
		[0.464 0.557 0.689]
		[-0.251 -0.663 0.705]
		[0.850 -0.500 -0.168]
		[0.454 0.557 0.696]
		[-0.261 -0.663 0.701]
		[0.852 -0.500 -0.156]
		[0.416 0.557 0.719]
		[-0.298 -0.663 0.686]
		[0.859 -0.500 -0.110]
		[0.358 0.557 0.750]
		[-0.351 -0.663 0.661]
		[0.865 -0.500 -0.042]
		[0.292 0.557 0.778]
		[-0.408 -0.663 0.628]
		[0.865 -0.500 0.033]
		[0.229 0.557 0.799]
		[-0.456 -0.663 0.593]
		[0.860 -0.500 0.102]
		[0.183 0.557 0.810]
		[-0.489 -0.663 0.567]
		[0.853 -0.500 0.150]
		[0.155 0.557 0.816]
		[-0.509 -0.663 0.549]
		[0.847 -0.500 0.181]
		[0.130 0.557 0.820]
		[-0.525 -0.663 0.533]
		[0.841 -0.500 0.206]
		[0.110 0.557 0.823]
		[-0.538 -0.663 0.520]
		[0.836 -0.500 0.227]
		[0.091 0.557 0.826]
		[-0.550 -0.663 0.508]
		[0.830 -0.500 0.246]
		[0.073 0.557 0.828]
		[-0.561 -0.663 0.496]
		[0.825 -0.500 0.264]
		[0.054 0.557 0.829]
		[-0.572 -0.663 0.483]
		[0.819 -0.500 0.283]
		[0.548 0.836 0.000]
		[-0.836 0.548 0.000]
		[0.430 0.903 0.000]
		[-0.903 0.430 0.000]
		[0.301 0.953 0.000]
		[-0.953 0.301 0.000]
		[0.178 0.984 0.000]
		[-0.984 0.178 0.000]
		[-0.997 0.076 0.000]
		[0.013 1.000 0.000]
		[-1.000 0.013 0.000]
		[0.005 1.000 0.000]
		[-1.000 0.005 0.000]
		[0.061 0.998 0.000]
		[-0.998 0.061 0.000]
		[0.168 0.986 0.000]
		[-0.986 0.168 0.000]
		[0.301 0.954 0.000]
		[-0.954 0.301 0.000]
		[0.435 0.901 0.000]
		[-0.901 0.435 0.000]
		[0.549 0.836 0.000]
		[-0.836 0.549 0.000]
		[0.626 0.780 0.000]
		[-0.780 0.626 0.000]
		[0.667 0.745 0.000]
		[-0.745 0.667 0.000]
		[0.692 0.721 0.000]
		[-0.721 0.692 0.000]
		[0.709 0.706 0.000]
		[-0.706 0.709 0.000]
		[0.717 0.697 0.000]
		[-0.697 0.717 0.000]
		[0.707 0.707 0.000]
		[-0.707 0.707 0.000]
		[0.697 0.717 0.000]
		[-0.717 0.697 0.000]
		[0.684 0.729 0.000]
		[-0.729 0.684 0.000]
		[0.672 0.741 0.000]
		[-0.741 0.672 0.000]
		[0.660 0.751 0.000]
		[-0.751 0.660 0.000]
		[0.650 0.760 0.000]
		[-0.760 0.650 0.000]
		[0.644 0.765 0.000]
		[-0.765 0.644 0.000]
		[100.000 0.000 0.000]
		[0.000 0.000 -100.000]
		[0.000 100.000 0.000]
		[0.163 -0.110 -0.039]
		[0.084 0.157 -0.092]
		[0.081 0.059 0.173]
		[-0.642 -0.100 1.159]
		[0.151 -0.129 -0.027]
		[0.116 0.150 -0.064]
		[0.061 0.032 0.188]
		[-0.611 -0.003 1.127]
		[0.132 -0.149 -0.014]
		[0.147 0.133 -0.027]
		[0.030 0.007 0.198]
		[-0.550 0.098 1.103]
		[0.110 -0.167 -0.002]
		[0.167 0.109 0.013]
		[-0.010 -0.009 0.200]
		[-0.464 0.184 1.096]
		[0.086 -0.180 0.008]
		[0.174 0.085 0.051]
		[-0.049 -0.015 0.193]
		[-0.372 0.242 1.106]
		[0.067 -0.188 0.014]
		[0.171 0.067 0.079]
		[-0.079 -0.014 0.183]
		[-0.297 0.275 1.127]
		[0.057 -0.191 0.017]
		[0.166 0.058 0.094]
		[-0.095 -0.013 0.176]
		[-0.254 0.290 1.145]
		[0.061 -0.190 0.015]
		[0.166 0.061 0.093]
		[-0.093 -0.016 0.176]
		[-0.259 0.293 1.148]
		[0.082 -0.182 0.007]
		[0.170 0.078 0.071]
		[-0.068 -0.023 0.187]
		[-0.320 0.280 1.135]
		[0.111 -0.166 -0.009]
		[0.165 0.109 0.033]
		[-0.022 -0.025 0.197]
		[-0.421 0.235 1.124]
		[0.141 -0.139 -0.031]
		[0.139 0.143 -0.014]
		[0.031 -0.012 0.197]
		[-0.528 0.144 1.135]
		[0.161 -0.105 -0.055]
		[0.092 0.169 -0.056]
		[0.076 0.020 0.184]
		[-0.600 0.017 1.172]
		[0.170 -0.072 -0.077]
		[0.037 0.177 -0.085]
		[0.099 0.058 0.164]
		[-0.618 -0.115 1.221]
		[0.171 -0.047 -0.093]
		[-0.007 0.173 -0.101]
		[0.104 0.089 0.146]
		[-0.600 -0.215 1.264]
		[0.170 -0.033 -0.099]
		[-0.031 0.166 -0.108]
		[0.100 0.107 0.136]
		[-0.578 -0.274 1.294]
		[0.171 -0.026 -0.100]
		[-0.042 0.160 -0.112]
		[0.095 0.117 0.132]
		[-0.563 -0.315 1.320]
		[0.174 -0.023 -0.096]
		[-0.044 0.157 -0.116]
		[0.089 0.122 0.131]
		[-0.555 -0.344 1.343]
		[0.177 -0.023 -0.090]
		[-0.040 0.156 -0.118]
		[0.084 0.123 0.134]
		[-0.554 -0.362 1.360]
		[0.181 -0.026 -0.082]
		[-0.032 0.157 -0.119]
		[0.080 0.121 0.138]
		[-0.557 -0.371 1.370]
		[0.183 -0.030 -0.074]
		[-0.021 0.160 -0.119]
		[0.077 0.117 0.143]
		[-0.564 -0.370 1.372]
		[0.185 -0.036 -0.068]
		[-0.012 0.162 -0.117]
		[0.076 0.112 0.147]
		[-0.571 -0.360 1.364]
		[0.185 -0.043 -0.064]
		[-0.001 0.165 -0.114]
		[0.077 0.105 0.152]
		[-0.582 -0.339 1.346]
		[0.184 -0.052 -0.059]
		[0.012 0.167 -0.110]
		[0.078 0.097 0.156]
		[-0.596 -0.306 1.319]
		[0.181 -0.064 -0.055]
		[0.027 0.168 -0.106]
		[0.080 0.088 0.161]
		[-0.611 -0.264 1.286]
		[0.178 -0.077 -0.050]
		[0.044 0.167 -0.101]
		[0.081 0.079 0.165]
		[-0.624 -0.217 1.249]
		[0.173 -0.090 -0.046]
		[0.060 0.164 -0.097]
		[0.082 0.070 0.169]
		[-0.633 -0.170 1.213]
		[0.167 -0.102 -0.041]
		[0.075 0.160 -0.094]
		[0.081 0.063 0.172]
		[-0.639 -0.125 1.179]
		[0.171 0.041 0.096]
		[0.017 0.170 -0.104]
		[-0.103 0.097 0.142]
		[0.593 -0.239 1.275]
		[0.173 0.040 0.092]
		[0.016 0.170 -0.104]
		[-0.099 0.098 0.144]
		[0.591 -0.257 1.288]
		[0.176 0.037 0.088]
		[0.017 0.169 -0.106]
		[-0.094 0.101 0.145]
		[0.586 -0.281 1.306]
		[0.178 0.035 0.084]
		[0.019 0.167 -0.108]
		[-0.089 0.104 0.146]
		[0.580 -0.307 1.326]
		[0.181 0.032 0.080]
		[0.019 0.165 -0.111]
		[-0.084 0.108 0.146]
		[0.573 -0.331 1.344]
		[0.182 0.032 0.076]
		[0.019 0.164 -0.113]
		[-0.080 0.110 0.146]
		[0.569 -0.350 1.358]
		[0.184 0.033 0.071]
		[0.016 0.163 -0.115]
		[-0.077 0.112 0.147]
		[0.568 -0.360 1.364]
		[0.185 0.038 0.067]
		[0.009 0.162 -0.117]
		[-0.076 0.111 0.148]
		[0.574 -0.358 1.360]
		[0.184 0.045 0.063]
		[0.001 0.162 -0.118]
		[-0.077 0.109 0.149]
		[0.586 -0.343 1.344]
		[0.183 0.054 0.060]
		[-0.010 0.162 -0.117]
		[-0.080 0.104 0.151]
		[0.601 -0.317 1.316]
		[0.181 0.065 0.056]
		[-0.023 0.162 -0.115]
		[-0.083 0.098 0.154]
		[0.618 -0.279 1.282]
		[0.177 0.078 0.052]
		[-0.039 0.161 -0.112]
		[-0.085 0.089 0.158]
		[0.632 -0.233 1.243]
		[0.172 0.091 0.047]
		[-0.057 0.160 -0.105]
		[-0.086 0.077 0.163]
		[0.642 -0.179 1.204]
		[0.165 0.105 0.041]
		[-0.076 0.158 -0.096]
		[-0.083 0.064 0.170]
		[0.644 -0.121 1.169]
		[0.156 0.120 0.033]
		[-0.101 0.153 -0.080]
		[-0.073 0.046 0.180]
		[0.632 -0.051 1.137]
		[0.141 0.140 0.021]
		[-0.132 0.141 -0.051]
		[-0.051 0.023 0.192]
		[0.592 0.044 1.104]
		[0.121 0.159 0.008]
		[-0.159 0.121 -0.013]
		[-0.015 0.001 0.199]
		[0.518 0.140 1.085]
		[0.097 0.175 -0.003]
		[-0.173 0.096 0.029]
		[0.027 -0.011 0.198]
		[0.422 0.216 1.088]
		[0.074 0.185 -0.012]
		[-0.174 0.074 0.066]
		[0.065 -0.014 0.189]
		[0.330 0.263 1.109]
		[0.060 0.190 -0.016]
		[-0.168 0.061 0.089]
		[0.090 -0.013 0.178]
		[0.267 0.286 1.136]
		[0.058 0.191 -0.016]
		[-0.166 0.058 0.096]
		[0.096 -0.014 0.175]
		[0.250 0.294 1.148]
		[0.071 0.187 -0.011]
		[-0.168 0.069 0.083]
		[0.081 -0.020 0.182]
		[0.287 0.288 1.142]
		[0.095 0.176 -0.001]
		[-0.169 0.092 0.055]
		[0.049 -0.026 0.192]
		[0.364 0.262 1.129]
		[0.123 0.157 0.015]
		[-0.157 0.122 0.016]
		[0.003 -0.022 0.199]
		[0.463 0.202 1.128]
		[0.149 0.129 0.036]
		[-0.126 0.153 -0.026]
		[-0.045 -0.003 0.195]
		[0.555 0.101 1.148]
		[0.165 0.095 0.059]
		[-0.077 0.173 -0.065]
		[-0.082 0.031 0.180]
		[0.610 -0.029 1.189]
		[0.172 0.061 0.082]
		[-0.019 0.176 -0.092]
		[-0.101 0.071 0.157]
		[0.614 -0.162 1.241]]
}