{ :name "walk_crowd" :length 1.666667 :bones { 
	"Skelet" [
		[ 0 [ 0 1 2 3 ] ]
		[ 0.04166667 [ 0 1 2 4 ] ]
		[ 0.08333334 [ 0 1 2 5 ] ]
		[ 0.125 [ 0 1 2 6 ] ]
		[ 0.1666667 [ 0 1 2 7 ] ]
		[ 0.2083333 [ 0 1 2 8 ] ]
		[ 0.25 [ 0 1 2 9 ] ]
		[ 0.2916667 [ 0 1 2 10 ] ]
		[ 0.3333333 [ 0 1 2 11 ] ]
		[ 0.375 [ 0 1 2 12 ] ]
		[ 0.4166667 [ 0 1 2 13 ] ]
		[ 0.4583333 [ 0 1 2 12 ] ]
		[ 0.5 [ 0 1 2 11 ] ]
		[ 0.5416667 [ 0 1 2 14 ] ]
		[ 0.5833334 [ 0 1 2 9 ] ]
		[ 0.625 [ 0 1 2 8 ] ]
		[ 0.6666667 [ 0 1 2 7 ] ]
		[ 0.7083334 [ 0 1 2 6 ] ]
		[ 0.7500001 [ 0 1 2 5 ] ]
		[ 0.7916667 [ 0 1 2 4 ] ]
		[ 0.8333334 [ 0 1 2 3 ] ]
		[ 0.8750001 [ 0 1 2 15 ] ]
		[ 0.9166667 [ 0 1 2 16 ] ]
		[ 0.9583334 [ 0 1 2 17 ] ]
		[ 1 [ 0 1 2 18 ] ]
		[ 1.041667 [ 0 1 2 19 ] ]
		[ 1.083333 [ 0 1 2 10 ] ]
		[ 1.125 [ 0 1 2 20 ] ]
		[ 1.166667 [ 0 1 2 21 ] ]
		[ 1.208333 [ 0 1 2 22 ] ]
		[ 1.25 [ 0 1 2 23 ] ]
		[ 1.291667 [ 0 1 2 22 ] ]
		[ 1.333333 [ 0 1 2 21 ] ]
		[ 1.375 [ 0 1 2 24 ] ]
		[ 1.416667 [ 0 1 2 10 ] ]
		[ 1.458333 [ 0 1 2 19 ] ]
		[ 1.5 [ 0 1 2 18 ] ]
		[ 1.541667 [ 0 1 2 17 ] ]
		[ 1.583333 [ 0 1 2 16 ] ]
		[ 1.625 [ 0 1 2 15 ] ]
	]
	"Bedro_L" [
		[ 0 [ 25 26 27 28 ] ]
		[ 0.04166667 [ 29 30 31 28 ] ]
		[ 0.08333334 [ 32 33 34 28 ] ]
		[ 0.125 [ 35 36 37 28 ] ]
		[ 0.1666667 [ 38 39 40 28 ] ]
		[ 0.2083333 [ 41 42 43 28 ] ]
		[ 0.25 [ 44 45 46 28 ] ]
		[ 0.2916667 [ 47 48 49 28 ] ]
		[ 0.3333333 [ 50 51 52 28 ] ]
		[ 0.375 [ 53 54 55 28 ] ]
		[ 0.4166667 [ 56 57 55 28 ] ]
		[ 0.4583333 [ 58 51 59 28 ] ]
		[ 0.5 [ 60 61 46 28 ] ]
		[ 0.5416667 [ 62 63 64 28 ] ]
		[ 0.5833334 [ 65 66 31 28 ] ]
		[ 0.625 [ 67 68 69 28 ] ]
		[ 0.6666667 [ 70 71 72 28 ] ]
		[ 0.7083334 [ 73 74 75 28 ] ]
		[ 0.7500001 [ 76 77 78 28 ] ]
		[ 0.7916667 [ 79 80 81 28 ] ]
		[ 0.8333334 [ 82 83 84 28 ] ]
		[ 0.8750001 [ 85 86 87 28 ] ]
		[ 0.9166667 [ 88 89 90 28 ] ]
		[ 0.9583334 [ 91 92 93 28 ] ]
		[ 1 [ 94 95 96 28 ] ]
		[ 1.041667 [ 97 98 99 28 ] ]
		[ 1.083333 [ 100 101 102 28 ] ]
		[ 1.125 [ 103 104 105 28 ] ]
		[ 1.166667 [ 106 107 108 28 ] ]
		[ 1.208333 [ 109 110 111 28 ] ]
		[ 1.25 [ 112 113 111 28 ] ]
		[ 1.291667 [ 114 115 116 28 ] ]
		[ 1.333333 [ 117 118 119 28 ] ]
		[ 1.375 [ 120 121 122 28 ] ]
		[ 1.416667 [ 123 124 125 28 ] ]
		[ 1.458333 [ 126 127 81 28 ] ]
		[ 1.5 [ 128 129 130 28 ] ]
		[ 1.541667 [ 131 132 133 28 ] ]
		[ 1.583333 [ 134 135 136 28 ] ]
		[ 1.625 [ 137 138 139 28 ] ]
	]
	"Koleno_L" [
		[ 0 [ 140 141 142 143 ] ]
		[ 0.04166667 [ 144 141 142 143 ] ]
		[ 0.08333334 [ 144 141 145 143 ] ]
		[ 0.125 [ 146 141 147 143 ] ]
		[ 0.1666667 [ 148 141 147 143 ] ]
		[ 0.2083333 [ 148 141 149 143 ] ]
		[ 0.25 [ 150 141 149 143 ] ]
		[ 0.2916667 [ 150 141 151 143 ] ]
		[ 0.3333333 [ 152 141 151 143 ] ]
		[ 0.375 [ 152 141 153 143 ] ]
		[ 0.4166667 [ 154 155 153 143 ] ]
		[ 0.4583333 [ 156 157 158 143 ] ]
		[ 0.5 [ 159 160 161 143 ] ]
		[ 0.5416667 [ 162 163 164 143 ] ]
		[ 0.5833334 [ 165 166 167 143 ] ]
		[ 0.625 [ 168 169 170 143 ] ]
		[ 0.6666667 [ 171 172 173 143 ] ]
		[ 0.7083334 [ 174 175 176 143 ] ]
		[ 0.7500001 [ 177 178 179 143 ] ]
		[ 0.7916667 [ 180 181 182 143 ] ]
		[ 0.8333334 [ 183 184 185 143 ] ]
		[ 0.8750001 [ 186 187 188 143 ] ]
		[ 0.9166667 [ 189 190 191 143 ] ]
		[ 0.9583334 [ 192 193 194 143 ] ]
		[ 1 [ 195 196 197 143 ] ]
		[ 1.041667 [ 198 199 200 143 ] ]
		[ 1.083333 [ 201 202 203 143 ] ]
		[ 1.125 [ 204 205 206 143 ] ]
		[ 1.166667 [ 207 208 209 143 ] ]
		[ 1.208333 [ 210 211 212 143 ] ]
		[ 1.25 [ 213 214 215 143 ] ]
		[ 1.291667 [ 216 217 218 143 ] ]
		[ 1.333333 [ 219 220 158 143 ] ]
		[ 1.375 [ 221 222 151 143 ] ]
		[ 1.416667 [ 223 224 149 143 ] ]
		[ 1.458333 [ 225 226 149 143 ] ]
		[ 1.5 [ 227 228 147 143 ] ]
		[ 1.541667 [ 229 230 145 143 ] ]
		[ 1.583333 [ 231 232 145 143 ] ]
		[ 1.625 [ 144 141 142 143 ] ]
	]
	"Koleno_L_end" [
		[ 0 [ 0 233 1 234 ] ]
	]
	"Bedro_P" [
		[ 0 [ 235 236 237 238 ] ]
		[ 0.04166667 [ 239 240 241 238 ] ]
		[ 0.08333334 [ 242 243 244 238 ] ]
		[ 0.125 [ 245 246 247 238 ] ]
		[ 0.1666667 [ 248 249 250 238 ] ]
		[ 0.2083333 [ 251 252 253 238 ] ]
		[ 0.25 [ 254 255 256 238 ] ]
		[ 0.2916667 [ 257 258 259 238 ] ]
		[ 0.3333333 [ 260 261 262 238 ] ]
		[ 0.375 [ 263 264 265 238 ] ]
		[ 0.4166667 [ 266 267 268 238 ] ]
		[ 0.4583333 [ 269 270 271 238 ] ]
		[ 0.5 [ 272 273 274 238 ] ]
		[ 0.5416667 [ 275 276 277 238 ] ]
		[ 0.5833334 [ 278 279 280 238 ] ]
		[ 0.625 [ 281 282 283 238 ] ]
		[ 0.6666667 [ 284 285 286 238 ] ]
		[ 0.7083334 [ 287 288 237 238 ] ]
		[ 0.7500001 [ 289 290 291 238 ] ]
		[ 0.7916667 [ 292 293 294 238 ] ]
		[ 0.8333334 [ 295 296 297 238 ] ]
		[ 0.8750001 [ 298 299 300 238 ] ]
		[ 0.9166667 [ 301 302 303 238 ] ]
		[ 0.9583334 [ 304 305 306 238 ] ]
		[ 1 [ 307 308 309 238 ] ]
		[ 1.041667 [ 310 311 312 238 ] ]
		[ 1.083333 [ 313 314 315 238 ] ]
		[ 1.125 [ 316 317 318 238 ] ]
		[ 1.166667 [ 319 320 321 238 ] ]
		[ 1.208333 [ 322 323 321 238 ] ]
		[ 1.25 [ 324 325 321 238 ] ]
		[ 1.291667 [ 326 327 318 238 ] ]
		[ 1.333333 [ 328 329 330 238 ] ]
		[ 1.375 [ 331 332 333 238 ] ]
		[ 1.416667 [ 334 335 336 238 ] ]
		[ 1.458333 [ 337 338 339 238 ] ]
		[ 1.5 [ 340 341 342 238 ] ]
		[ 1.541667 [ 343 344 345 238 ] ]
		[ 1.583333 [ 346 347 348 238 ] ]
		[ 1.625 [ 349 350 237 238 ] ]
	]
	"Koleno_P" [
		[ 0 [ 351 352 353 143 ] ]
		[ 0.04166667 [ 354 355 356 143 ] ]
		[ 0.08333334 [ 357 358 359 143 ] ]
		[ 0.125 [ 360 361 362 143 ] ]
		[ 0.1666667 [ 363 364 365 143 ] ]
		[ 0.2083333 [ 366 367 368 143 ] ]
		[ 0.25 [ 369 370 371 143 ] ]
		[ 0.2916667 [ 372 373 374 143 ] ]
		[ 0.3333333 [ 375 376 377 143 ] ]
		[ 0.375 [ 378 379 380 143 ] ]
		[ 0.4166667 [ 381 382 383 143 ] ]
		[ 0.4583333 [ 384 385 383 143 ] ]
		[ 0.5 [ 386 387 383 143 ] ]
		[ 0.5416667 [ 386 388 389 143 ] ]
		[ 0.5833334 [ 390 391 389 143 ] ]
		[ 0.625 [ 392 393 389 143 ] ]
		[ 0.6666667 [ 394 395 396 143 ] ]
		[ 0.7083334 [ 394 397 396 143 ] ]
		[ 0.7500001 [ 394 397 398 143 ] ]
		[ 0.7916667 [ 399 393 398 143 ] ]
		[ 0.8333334 [ 400 387 398 143 ] ]
		[ 0.8750001 [ 401 402 398 143 ] ]
		[ 0.9166667 [ 403 404 405 143 ] ]
		[ 0.9583334 [ 406 407 408 143 ] ]
		[ 1 [ 409 410 411 143 ] ]
		[ 1.041667 [ 412 413 414 143 ] ]
		[ 1.083333 [ 415 416 417 143 ] ]
		[ 1.125 [ 418 419 420 143 ] ]
		[ 1.166667 [ 421 422 423 143 ] ]
		[ 1.208333 [ 424 425 426 143 ] ]
		[ 1.25 [ 427 425 428 143 ] ]
		[ 1.291667 [ 429 430 431 143 ] ]
		[ 1.333333 [ 432 433 434 143 ] ]
		[ 1.375 [ 435 436 437 143 ] ]
		[ 1.416667 [ 438 439 440 143 ] ]
		[ 1.458333 [ 441 442 443 143 ] ]
		[ 1.5 [ 444 445 446 143 ] ]
		[ 1.541667 [ 447 448 449 143 ] ]
		[ 1.583333 [ 450 451 452 143 ] ]
		[ 1.625 [ 453 454 455 143 ] ]
	]
	"Koleno_P_end" [
		[ 0 [ 0 233 1 234 ] ]
	]
	"Tors" [
		[ 0 [ 0 456 457 458 ] ]
		[ 0.04166667 [ 459 460 461 458 ] ]
		[ 0.08333334 [ 462 463 464 458 ] ]
		[ 0.125 [ 465 466 467 458 ] ]
		[ 0.1666667 [ 468 469 470 458 ] ]
		[ 0.2083333 [ 471 472 473 458 ] ]
		[ 0.25 [ 474 475 476 458 ] ]
		[ 0.2916667 [ 477 478 479 458 ] ]
		[ 0.3333333 [ 480 481 482 458 ] ]
		[ 0.375 [ 483 484 485 458 ] ]
		[ 0.4166667 [ 486 487 488 458 ] ]
		[ 0.4583333 [ 489 490 491 458 ] ]
		[ 0.5 [ 492 493 494 458 ] ]
		[ 0.5416667 [ 495 496 497 458 ] ]
		[ 0.5833334 [ 498 499 500 458 ] ]
		[ 0.625 [ 501 502 503 458 ] ]
		[ 0.6666667 [ 504 505 506 458 ] ]
		[ 0.7083334 [ 507 508 509 458 ] ]
		[ 0.7500001 [ 510 511 512 458 ] ]
		[ 0.7916667 [ 513 514 515 458 ] ]
		[ 0.8333334 [ 516 517 518 458 ] ]
		[ 0.8750001 [ 519 520 521 458 ] ]
		[ 0.9166667 [ 522 523 524 458 ] ]
		[ 0.9583334 [ 525 526 527 458 ] ]
		[ 1 [ 528 529 530 458 ] ]
		[ 1.041667 [ 531 532 533 458 ] ]
		[ 1.083333 [ 534 535 536 458 ] ]
		[ 1.125 [ 537 538 539 458 ] ]
		[ 1.166667 [ 540 541 542 458 ] ]
		[ 1.208333 [ 543 544 545 458 ] ]
		[ 1.25 [ 543 546 547 458 ] ]
		[ 1.291667 [ 540 541 542 458 ] ]
		[ 1.333333 [ 548 549 550 458 ] ]
		[ 1.375 [ 551 552 553 458 ] ]
		[ 1.416667 [ 554 555 556 458 ] ]
		[ 1.458333 [ 557 558 559 458 ] ]
		[ 1.5 [ 560 561 562 458 ] ]
		[ 1.541667 [ 563 564 565 458 ] ]
		[ 1.583333 [ 566 567 568 458 ] ]
		[ 1.625 [ 569 570 571 458 ] ]
	]
	"Golova" [
		[ 0 [ 0 572 573 574 ] ]
		[ 0.04166667 [ 575 576 577 574 ] ]
		[ 0.08333334 [ 578 579 580 574 ] ]
		[ 0.125 [ 581 582 583 574 ] ]
		[ 0.1666667 [ 584 585 586 574 ] ]
		[ 0.2083333 [ 587 588 589 574 ] ]
		[ 0.25 [ 590 591 592 574 ] ]
		[ 0.2916667 [ 593 594 595 574 ] ]
		[ 0.3333333 [ 596 597 598 574 ] ]
		[ 0.375 [ 599 600 601 574 ] ]
		[ 0.4166667 [ 602 603 604 574 ] ]
		[ 0.4583333 [ 605 606 607 574 ] ]
		[ 0.5 [ 608 609 610 574 ] ]
		[ 0.5416667 [ 611 597 612 574 ] ]
		[ 0.5833334 [ 613 614 615 574 ] ]
		[ 0.625 [ 616 617 618 574 ] ]
		[ 0.6666667 [ 619 620 621 574 ] ]
		[ 0.7083334 [ 622 623 624 574 ] ]
		[ 0.7500001 [ 625 579 626 574 ] ]
		[ 0.7916667 [ 627 628 629 574 ] ]
		[ 0.8333334 [ 630 631 632 574 ] ]
		[ 0.8750001 [ 633 634 635 574 ] ]
		[ 0.9166667 [ 636 637 638 574 ] ]
		[ 0.9583334 [ 639 640 641 574 ] ]
		[ 1 [ 642 643 644 574 ] ]
		[ 1.041667 [ 645 646 647 574 ] ]
		[ 1.083333 [ 648 649 650 574 ] ]
		[ 1.125 [ 651 652 653 574 ] ]
		[ 1.166667 [ 654 655 656 574 ] ]
		[ 1.208333 [ 657 658 659 574 ] ]
		[ 1.25 [ 660 658 661 574 ] ]
		[ 1.291667 [ 662 655 663 574 ] ]
		[ 1.333333 [ 664 665 666 574 ] ]
		[ 1.375 [ 667 668 669 574 ] ]
		[ 1.416667 [ 670 671 672 574 ] ]
		[ 1.458333 [ 673 640 674 574 ] ]
		[ 1.5 [ 675 676 677 574 ] ]
		[ 1.541667 [ 678 679 680 574 ] ]
		[ 1.583333 [ 681 682 683 574 ] ]
		[ 1.625 [ 684 685 686 574 ] ]
	]
	"Golova_end" [
		[ 0 [ 0 233 1 687 ] ]
	]
	"Kluchitsa_L" [
		[ 0 [ 1 0 233 688 ] ]
	]
	"Kluchitsa_L_end" [
		[ 0 [ 0 233 1 689 ] ]
	]
	"Kluchitsa_P" [
		[ 0 [ 690 691 233 688 ] ]
	]
	"Kluchitsa_P_end" [
		[ 0 [ 0 233 1 689 ] ]
	]
	"Ruka_L" [
		[ 0 [ 692 693 694 695 ] ]
	]
	"Lokot_L" [
		[ 0 [ 696 697 698 699 ] ]
	]
	"Lokot_L_end" [
		[ 0 [ 0 233 1 700 ] ]
	]
	"Ruka_P" [
		[ 0 [ 701 702 703 704 ] ]
		[ 0.04166667 [ 705 706 707 704 ] ]
		[ 0.08333334 [ 708 709 710 704 ] ]
		[ 0.125 [ 711 712 713 704 ] ]
		[ 0.1666667 [ 714 715 716 704 ] ]
		[ 0.2083333 [ 717 718 719 704 ] ]
		[ 0.25 [ 720 721 722 704 ] ]
		[ 0.2916667 [ 723 724 725 704 ] ]
		[ 0.3333333 [ 726 727 728 704 ] ]
		[ 0.375 [ 729 730 731 704 ] ]
		[ 0.4166667 [ 732 733 734 704 ] ]
		[ 0.4583333 [ 735 736 737 704 ] ]
		[ 0.5 [ 738 739 740 704 ] ]
		[ 0.5416667 [ 741 742 743 704 ] ]
		[ 0.5833334 [ 744 745 746 704 ] ]
		[ 0.625 [ 747 748 749 704 ] ]
		[ 0.6666667 [ 750 751 752 704 ] ]
		[ 0.7083334 [ 753 754 755 704 ] ]
		[ 0.7500001 [ 756 757 758 704 ] ]
		[ 0.7916667 [ 759 760 761 704 ] ]
		[ 0.8333334 [ 762 763 764 704 ] ]
		[ 0.8750001 [ 765 766 767 704 ] ]
		[ 0.9166667 [ 768 769 770 704 ] ]
		[ 0.9583334 [ 771 772 773 704 ] ]
		[ 1 [ 774 775 776 704 ] ]
		[ 1.041667 [ 777 778 779 704 ] ]
		[ 1.083333 [ 780 781 782 704 ] ]
		[ 1.125 [ 783 784 785 704 ] ]
		[ 1.166667 [ 786 787 788 704 ] ]
		[ 1.208333 [ 789 790 791 704 ] ]
		[ 1.25 [ 792 793 794 704 ] ]
		[ 1.291667 [ 795 796 797 704 ] ]
		[ 1.333333 [ 798 799 800 704 ] ]
		[ 1.375 [ 801 802 803 704 ] ]
		[ 1.416667 [ 804 805 806 704 ] ]
		[ 1.458333 [ 807 808 809 704 ] ]
		[ 1.5 [ 810 811 812 704 ] ]
		[ 1.541667 [ 813 814 815 704 ] ]
		[ 1.583333 [ 816 817 818 704 ] ]
		[ 1.625 [ 819 820 821 704 ] ]
	]
	"Lokot_P" [
		[ 0 [ 822 823 824 699 ] ]
		[ 0.04166667 [ 822 823 824 699 ] ]
		[ 0.08333334 [ 822 823 824 699 ] ]
		[ 0.125 [ 822 823 824 699 ] ]
		[ 0.1666667 [ 822 823 824 699 ] ]
		[ 0.2083333 [ 822 823 824 699 ] ]
		[ 0.25 [ 822 823 824 699 ] ]
		[ 0.2916667 [ 822 823 824 699 ] ]
		[ 0.3333333 [ 822 823 824 699 ] ]
		[ 0.375 [ 822 823 824 699 ] ]
		[ 0.4166667 [ 822 823 824 699 ] ]
		[ 0.4583333 [ 822 823 824 699 ] ]
		[ 0.5 [ 822 823 824 699 ] ]
		[ 0.5416667 [ 822 823 824 699 ] ]
		[ 0.5833334 [ 822 823 824 699 ] ]
		[ 0.625 [ 822 823 824 699 ] ]
		[ 0.6666667 [ 822 823 824 699 ] ]
		[ 0.7083334 [ 822 823 824 699 ] ]
		[ 0.7500001 [ 822 823 824 699 ] ]
		[ 0.7916667 [ 822 823 824 699 ] ]
		[ 0.8333334 [ 825 826 827 699 ] ]
		[ 0.8750001 [ 828 829 830 699 ] ]
		[ 0.9166667 [ 831 832 833 699 ] ]
		[ 0.9583334 [ 834 835 836 699 ] ]
		[ 1 [ 837 838 839 699 ] ]
		[ 1.041667 [ 840 841 842 699 ] ]
		[ 1.083333 [ 843 844 845 699 ] ]
		[ 1.125 [ 846 847 848 699 ] ]
		[ 1.166667 [ 849 850 851 699 ] ]
		[ 1.208333 [ 852 853 854 699 ] ]
		[ 1.25 [ 855 856 857 699 ] ]
		[ 1.291667 [ 858 859 860 699 ] ]
		[ 1.333333 [ 861 862 863 699 ] ]
		[ 1.375 [ 864 865 866 699 ] ]
		[ 1.416667 [ 867 868 869 699 ] ]
		[ 1.458333 [ 870 841 842 699 ] ]
		[ 1.5 [ 871 872 873 699 ] ]
		[ 1.541667 [ 874 875 876 699 ] ]
		[ 1.583333 [ 877 878 879 699 ] ]
		[ 1.625 [ 880 829 881 699 ] ]
	]
	"Lokot_P_end" [
		[ 0 [ 0 233 1 700 ] ]
	]
	"Woin" [
		[ 0 [ 882 883 884 884 ] ]
	]
	"Cube" [
		[ 0 [ 885 886 887 888 ] ]
		[ 0.04166667 [ 889 890 891 892 ] ]
		[ 0.08333334 [ 893 894 895 896 ] ]
		[ 0.125 [ 897 898 899 900 ] ]
		[ 0.1666667 [ 901 902 903 904 ] ]
		[ 0.2083333 [ 905 906 907 908 ] ]
		[ 0.25 [ 909 910 911 912 ] ]
		[ 0.2916667 [ 913 914 915 916 ] ]
		[ 0.3333333 [ 917 918 919 920 ] ]
		[ 0.375 [ 921 922 923 924 ] ]
		[ 0.4166667 [ 925 926 927 928 ] ]
		[ 0.4583333 [ 921 926 923 929 ] ]
		[ 0.5 [ 930 922 931 932 ] ]
		[ 0.5416667 [ 933 934 935 936 ] ]
		[ 0.5833334 [ 937 938 939 940 ] ]
		[ 0.625 [ 941 942 943 944 ] ]
		[ 0.6666667 [ 945 946 947 948 ] ]
		[ 0.7083334 [ 949 950 951 952 ] ]
		[ 0.7500001 [ 953 894 895 954 ] ]
		[ 0.7916667 [ 955 956 957 958 ] ]
		[ 0.8333334 [ 959 960 961 962 ] ]
		[ 0.8750001 [ 963 964 965 966 ] ]
		[ 0.9166667 [ 967 968 969 970 ] ]
		[ 0.9583334 [ 971 972 973 974 ] ]
		[ 1 [ 975 976 977 978 ] ]
		[ 1.041667 [ 979 980 981 982 ] ]
		[ 1.083333 [ 983 984 985 986 ] ]
		[ 1.125 [ 987 988 989 990 ] ]
		[ 1.166667 [ 991 992 993 994 ] ]
		[ 1.208333 [ 995 996 997 998 ] ]
		[ 1.25 [ 995 996 997 999 ] ]
		[ 1.291667 [ 991 992 993 1000 ] ]
		[ 1.333333 [ 1001 988 989 1002 ] ]
		[ 1.375 [ 1003 1004 1005 1006 ] ]
		[ 1.416667 [ 1007 1008 1009 1010 ] ]
		[ 1.458333 [ 1011 1012 1013 1014 ] ]
		[ 1.5 [ 1015 1016 1017 1018 ] ]
		[ 1.541667 [ 1019 1020 1021 1022 ] ]
		[ 1.583333 [ 1023 1024 1025 1026 ] ]
		[ 1.625 [ 955 956 1027 958 ] ]
	]
	"Cube.001" [
		[ 0 [ 1028 1029 1030 1031 ] ]
		[ 0.04166667 [ 1032 1033 1034 1035 ] ]
		[ 0.08333334 [ 1036 1037 1038 1039 ] ]
		[ 0.125 [ 1040 1041 1042 1043 ] ]
		[ 0.1666667 [ 1044 1045 1046 1047 ] ]
		[ 0.2083333 [ 1048 1049 1050 1051 ] ]
		[ 0.25 [ 1052 1053 1054 1055 ] ]
		[ 0.2916667 [ 1056 1057 1058 1059 ] ]
		[ 0.3333333 [ 1060 1061 1062 1063 ] ]
		[ 0.375 [ 1064 1065 1066 1067 ] ]
		[ 0.4166667 [ 1068 1069 1070 1071 ] ]
		[ 0.4583333 [ 1072 1069 1070 1073 ] ]
		[ 0.5 [ 1074 1075 1066 1076 ] ]
		[ 0.5416667 [ 1077 1078 1062 1079 ] ]
		[ 0.5833334 [ 1080 1081 1082 1083 ] ]
		[ 0.625 [ 1084 1085 1054 1086 ] ]
		[ 0.6666667 [ 1087 1088 1089 1090 ] ]
		[ 0.7083334 [ 1091 1092 1093 1094 ] ]
		[ 0.7500001 [ 1095 1037 1038 1096 ] ]
		[ 0.7916667 [ 1097 1098 1030 1099 ] ]
		[ 0.8333334 [ 1100 1101 1102 1103 ] ]
		[ 0.8750001 [ 1104 1105 1106 1107 ] ]
		[ 0.9166667 [ 1108 1109 1110 1111 ] ]
		[ 0.9583334 [ 1112 1113 1114 1115 ] ]
		[ 1 [ 1116 1117 1118 1119 ] ]
		[ 1.041667 [ 1120 1121 1122 1123 ] ]
		[ 1.083333 [ 1124 1125 1126 1127 ] ]
		[ 1.125 [ 1128 1129 1130 1131 ] ]
		[ 1.166667 [ 1132 1133 1134 1135 ] ]
		[ 1.208333 [ 1136 1137 1138 1139 ] ]
		[ 1.25 [ 1136 1137 1138 1140 ] ]
		[ 1.291667 [ 1132 1141 1134 1142 ] ]
		[ 1.333333 [ 1143 1144 1145 1146 ] ]
		[ 1.375 [ 1147 1148 1149 1150 ] ]
		[ 1.416667 [ 1151 1152 1118 1153 ] ]
		[ 1.458333 [ 1154 1155 1114 1156 ] ]
		[ 1.5 [ 1157 1158 1159 1160 ] ]
		[ 1.541667 [ 1161 1162 1163 1164 ] ]
		[ 1.583333 [ 1165 1166 1167 1168 ] ]
		[ 1.625 [ 1169 1170 1171 1172 ] ]
	]
	}
	:resources [
		[1.000 0.000 0.000]
		[0.000 0.000 1.000]
		[0.000 -1.000 0.000]
		[-0.013 0.000 -0.063]
		[-0.013 0.000 -0.065]
		[-0.013 0.000 -0.070]
		[-0.013 0.000 -0.078]
		[-0.013 0.000 -0.087]
		[-0.013 0.000 -0.097]
		[-0.013 0.000 -0.106]
		[-0.013 0.000 -0.115]
		[-0.013 0.000 -0.123]
		[-0.013 0.000 -0.128]
		[-0.013 0.000 -0.130]
		[-0.013 0.000 -0.116]
		[-0.013 0.000 -0.066]
		[-0.013 0.000 -0.072]
		[-0.013 0.000 -0.081]
		[-0.013 0.000 -0.092]
		[-0.013 0.000 -0.104]
		[-0.013 0.000 -0.127]
		[-0.013 0.000 -0.136]
		[-0.013 0.000 -0.142]
		[-0.013 0.000 -0.144]
		[-0.013 0.000 -0.126]
		[0.018 0.186 0.982]
		[-0.059 -0.981 0.186]
		[0.998 -0.061 -0.007]
		[0.123 -0.038 0.000]
		[0.018 0.196 0.980]
		[-0.059 -0.979 0.197]
		[0.998 -0.062 -0.006]
		[0.018 0.214 0.977]
		[-0.059 -0.975 0.215]
		[0.998 -0.062 -0.005]
		[0.018 0.238 0.971]
		[-0.059 -0.969 0.239]
		[0.998 -0.062 -0.003]
		[0.018 0.266 0.964]
		[-0.059 -0.962 0.266]
		[0.998 -0.062 -0.002]
		[0.018 0.294 0.956]
		[-0.059 -0.954 0.295]
		[0.998 -0.062 0.000]
		[0.018 0.322 0.946]
		[-0.059 -0.945 0.323]
		[0.998 -0.062 0.002]
		[0.018 0.348 0.937]
		[-0.059 -0.936 0.348]
		[0.998 -0.061 0.003]
		[0.018 0.368 0.930]
		[-0.058 -0.928 0.369]
		[0.998 -0.061 0.005]
		[0.018 0.382 0.924]
		[-0.057 -0.922 0.383]
		[0.998 -0.060 0.005]
		[0.018 0.384 0.923]
		[-0.057 -0.921 0.385]
		[0.018 0.369 0.929]
		[0.998 -0.061 0.004]
		[0.018 0.334 0.942]
		[-0.059 -0.941 0.334]
		[0.018 0.277 0.961]
		[-0.059 -0.959 0.277]
		[0.998 -0.062 -0.001]
		[0.018 0.198 0.980]
		[-0.059 -0.978 0.199]
		[0.018 0.103 0.994]
		[-0.059 -0.993 0.104]
		[0.998 -0.061 -0.012]
		[0.018 -0.002 1.000]
		[-0.060 -0.998 -0.001]
		[0.998 -0.060 -0.018]
		[0.018 -0.111 0.994]
		[-0.060 -0.992 -0.110]
		[0.998 -0.057 -0.025]
		[0.018 -0.219 0.976]
		[-0.059 -0.974 -0.218]
		[0.998 -0.054 -0.031]
		[0.018 -0.317 0.948]
		[-0.059 -0.947 -0.316]
		[0.998 -0.050 -0.036]
		[0.019 -0.404 0.915]
		[-0.058 -0.914 -0.402]
		[0.998 -0.046 -0.041]
		[0.019 -0.478 0.878]
		[-0.057 -0.878 -0.476]
		[0.998 -0.041 -0.044]
		[0.020 -0.541 0.841]
		[-0.056 -0.840 -0.539]
		[0.998 -0.036 -0.047]
		[0.021 -0.593 0.805]
		[-0.055 -0.804 -0.592]
		[0.998 -0.032 -0.050]
		[0.022 -0.637 0.771]
		[-0.054 -0.771 -0.635]
		[0.998 -0.028 -0.052]
		[0.024 -0.671 0.741]
		[-0.053 -0.741 -0.670]
		[0.998 -0.024 -0.053]
		[0.025 -0.698 0.716]
		[-0.053 -0.716 -0.696]
		[0.998 -0.021 -0.055]
		[0.026 -0.719 0.694]
		[-0.052 -0.695 -0.717]
		[0.998 -0.018 -0.056]
		[0.027 -0.735 0.677]
		[-0.052 -0.678 -0.733]
		[0.998 -0.015 -0.056]
		[0.028 -0.744 0.668]
		[-0.052 -0.668 -0.742]
		[0.998 -0.014 -0.057]
		[0.028 -0.742 0.670]
		[-0.052 -0.670 -0.740]
		[0.027 -0.719 0.694]
		[-0.051 -0.695 -0.717]
		[0.998 -0.016 -0.056]
		[0.026 -0.666 0.745]
		[-0.051 -0.745 -0.665]
		[0.998 -0.021 -0.053]
		[0.023 -0.581 0.814]
		[-0.053 -0.814 -0.579]
		[0.998 -0.030 -0.049]
		[0.020 -0.461 0.887]
		[-0.056 -0.886 -0.460]
		[0.998 -0.041 -0.043]
		[0.018 -0.318 0.948]
		[-0.058 -0.947 -0.317]
		[0.018 -0.169 0.985]
		[-0.059 -0.984 -0.168]
		[0.998 -0.055 -0.028]
		[0.018 -0.031 0.999]
		[-0.059 -0.998 -0.030]
		[0.998 -0.059 -0.020]
		[0.018 0.083 0.996]
		[-0.059 -0.995 0.084]
		[0.998 -0.060 -0.013]
		[0.018 0.159 0.987]
		[-0.059 -0.985 0.159]
		[0.998 -0.061 -0.009]
		[-0.990 0.142 -0.001]
		[0.142 0.990 -0.011]
		[-0.001 -0.011 -1.000]
		[0.000 0.532 0.000]
		[-0.990 0.142 0.000]
		[-0.002 -0.011 -1.000]
		[-0.990 0.142 0.001]
		[-0.003 -0.011 -1.000]
		[-0.990 0.142 0.002]
		[-0.004 -0.011 -1.000]
		[-0.990 0.142 0.003]
		[-0.005 -0.011 -1.000]
		[-0.990 0.142 0.004]
		[-0.006 -0.011 -1.000]
		[-0.989 0.149 0.004]
		[0.149 0.989 -0.011]
		[-0.983 0.184 0.004]
		[0.184 0.983 -0.012]
		[-0.006 -0.012 -1.000]
		[-0.964 0.267 0.006]
		[0.266 0.964 -0.015]
		[-0.010 -0.013 -1.000]
		[-0.916 0.401 0.012]
		[0.401 0.916 -0.020]
		[-0.019 -0.014 -1.000]
		[-0.830 0.557 0.021]
		[0.557 0.830 -0.028]
		[-0.033 -0.012 -0.999]
		[-0.706 0.708 0.028]
		[0.707 0.707 -0.038]
		[-0.047 -0.008 -0.999]
		[-0.556 0.831 0.032]
		[0.829 0.556 -0.049]
		[-0.059 -0.001 -0.998]
		[-0.399 0.917 0.034]
		[0.915 0.400 -0.060]
		[-0.069 0.007 -0.998]
		[-0.264 0.964 0.033]
		[0.962 0.266 -0.069]
		[-0.075 0.014 -0.997]
		[-0.176 0.984 0.032]
		[0.981 0.178 -0.075]
		[-0.079 0.018 -0.997]
		[-0.143 0.989 0.031]
		[0.986 0.145 -0.077]
		[-0.080 0.020 -0.997]
		[-0.168 0.985 0.030]
		[0.983 0.170 -0.075]
		[-0.079 0.017 -0.997]
		[-0.248 0.968 0.029]
		[0.966 0.250 -0.070]
		[-0.075 0.011 -0.997]
		[-0.367 0.930 0.028]
		[0.928 0.368 -0.062]
		[-0.068 0.003 -0.998]
		[-0.505 0.862 0.027]
		[0.861 0.506 -0.053]
		[-0.059 -0.003 -0.998]
		[-0.644 0.765 0.026]
		[0.764 0.644 -0.043]
		[-0.050 -0.008 -0.999]
		[-0.766 0.642 0.023]
		[0.642 0.766 -0.034]
		[-0.039 -0.011 -0.999]
		[-0.861 0.509 0.018]
		[0.508 0.861 -0.026]
		[-0.028 -0.013 -1.000]
		[-0.922 0.386 0.012]
		[0.386 0.922 -0.020]
		[-0.019 -0.013 -1.000]
		[-0.955 0.297 0.008]
		[0.297 0.955 -0.016]
		[-0.012 -0.013 -1.000]
		[-0.970 0.243 0.005]
		[0.243 0.970 -0.014]
		[-0.009 -0.013 -1.000]
		[-0.977 0.212 0.004]
		[0.212 0.977 -0.013]
		[-0.007 -0.012 -1.000]
		[-0.982 0.191 0.003]
		[0.191 0.981 -0.013]
		[-0.985 0.175 0.003]
		[0.175 0.985 -0.012]
		[-0.987 0.163 0.002]
		[0.163 0.987 -0.012]
		[-0.988 0.154 0.002]
		[0.154 0.988 -0.012]
		[-0.989 0.148 0.001]
		[0.148 0.989 -0.011]
		[-0.989 0.145 0.001]
		[0.145 0.989 -0.011]
		[-0.990 0.143 0.000]
		[0.143 0.990 -0.011]
		[0.000 1.000 0.000]
		[0.000 0.578 0.000]
		[0.031 -0.328 0.944]
		[0.056 -0.942 -0.330]
		[0.998 0.063 -0.011]
		[-0.123 -0.038 0.000]
		[0.031 -0.344 0.939]
		[0.056 -0.937 -0.345]
		[0.998 0.063 -0.010]
		[0.031 -0.370 0.929]
		[0.056 -0.927 -0.371]
		[0.998 0.063 -0.008]
		[0.031 -0.404 0.914]
		[0.056 -0.912 -0.405]
		[0.998 0.063 -0.005]
		[0.031 -0.445 0.895]
		[0.056 -0.893 -0.446]
		[0.998 0.064 -0.003]
		[0.031 -0.489 0.872]
		[0.056 -0.870 -0.490]
		[0.998 0.064 0.001]
		[0.031 -0.533 0.846]
		[0.056 -0.844 -0.534]
		[0.998 0.063 0.004]
		[0.031 -0.572 0.820]
		[0.055 -0.818 -0.572]
		[0.998 0.063 0.006]
		[0.031 -0.602 0.798]
		[0.054 -0.796 -0.603]
		[0.998 0.062 0.008]
		[0.032 -0.624 0.781]
		[0.054 -0.779 -0.624]
		[0.998 0.062 0.009]
		[0.032 -0.633 0.774]
		[0.054 -0.772 -0.634]
		[0.998 0.062 0.010]
		[0.032 -0.628 0.778]
		[0.055 -0.776 -0.629]
		[0.998 0.063 0.010]
		[0.032 -0.609 0.792]
		[0.056 -0.790 -0.610]
		[0.998 0.064 0.009]
		[0.033 -0.579 0.815]
		[0.056 -0.813 -0.580]
		[0.998 0.065 0.006]
		[0.033 -0.538 0.843]
		[0.056 -0.841 -0.539]
		[0.998 0.065 0.003]
		[0.033 -0.486 0.873]
		[0.056 -0.871 -0.488]
		[0.998 0.064 -0.001]
		[0.032 -0.426 0.904]
		[0.055 -0.902 -0.428]
		[0.998 0.064 -0.006]
		[0.032 -0.359 0.933]
		[0.055 -0.931 -0.360]
		[0.032 -0.285 0.958]
		[0.054 -0.956 -0.287]
		[0.998 0.061 -0.015]
		[0.032 -0.208 0.978]
		[0.055 -0.976 -0.209]
		[0.998 0.060 -0.019]
		[0.031 -0.128 0.991]
		[0.056 -0.990 -0.129]
		[0.998 0.059 -0.023]
		[0.029 -0.047 0.998]
		[0.057 -0.997 -0.049]
		[0.998 0.058 -0.027]
		[0.028 0.032 0.999]
		[0.058 -0.998 0.030]
		[0.998 0.057 -0.029]
		[0.026 0.107 0.994]
		[0.059 -0.993 0.105]
		[0.998 0.056 -0.032]
		[0.024 0.177 0.984]
		[0.060 -0.983 0.175]
		[0.998 0.055 -0.034]
		[0.022 0.240 0.971]
		[0.061 -0.969 0.238]
		[0.998 0.054 -0.035]
		[0.020 0.294 0.956]
		[0.061 -0.954 0.292]
		[0.998 0.053 -0.037]
		[0.018 0.339 0.940]
		[0.062 -0.939 0.338]
		[0.998 0.052 -0.038]
		[0.016 0.376 0.927]
		[0.063 -0.925 0.374]
		[0.998 0.052 -0.039]
		[0.015 0.398 0.917]
		[0.063 -0.916 0.396]
		[0.015 0.400 0.916]
		[0.063 -0.915 0.399]
		[0.016 0.379 0.925]
		[0.062 -0.924 0.378]
		[0.017 0.327 0.945]
		[0.062 -0.943 0.326]
		[0.998 0.053 -0.036]
		[0.019 0.247 0.969]
		[0.061 -0.967 0.245]
		[0.998 0.055 -0.033]
		[0.021 0.147 0.989]
		[0.061 -0.987 0.146]
		[0.998 0.057 -0.030]
		[0.024 0.037 0.999]
		[0.061 -0.998 0.036]
		[0.998 0.060 -0.026]
		[0.026 -0.073 0.997]
		[0.059 -0.995 -0.074]
		[0.998 0.061 -0.021]
		[0.028 -0.174 0.984]
		[0.058 -0.983 -0.175]
		[0.998 0.062 -0.017]
		[0.029 -0.256 0.966]
		[0.057 -0.965 -0.257]
		[0.998 0.063 -0.014]
		[0.030 -0.309 0.951]
		[0.056 -0.949 -0.310]
		[-0.110 0.994 -0.023]
		[0.993 0.111 0.031]
		[0.033 -0.019 -0.999]
		[-0.146 0.989 -0.020]
		[0.989 0.147 0.029]
		[0.031 -0.015 -0.999]
		[-0.216 0.976 -0.016]
		[0.976 0.216 0.025]
		[0.028 -0.011 -1.000]
		[-0.329 0.944 -0.012]
		[0.944 0.329 0.020]
		[0.023 -0.005 -1.000]
		[-0.463 0.886 -0.006]
		[0.886 0.463 0.014]
		[0.015 0.002 -1.000]
		[-0.598 0.802 0.003]
		[0.802 0.598 0.009]
		[0.006 0.008 -1.000]
		[-0.716 0.698 0.012]
		[0.698 0.716 0.006]
		[-0.005 0.013 -1.000]
		[-0.810 0.586 0.021]
		[0.587 0.810 0.004]
		[-0.014 0.015 -1.000]
		[-0.874 0.486 0.028]
		[0.486 0.874 0.004]
		[-0.023 0.017 -1.000]
		[-0.909 0.416 0.032]
		[0.416 0.909 0.004]
		[-0.028 0.017 -0.999]
		[-0.921 0.387 0.035]
		[0.388 0.922 0.004]
		[-0.031 0.017 -0.999]
		[-0.922 0.386 0.035]
		[0.386 0.922 0.004]
		[-0.920 0.390 0.035]
		[0.390 0.921 0.004]
		[0.391 0.921 0.004]
		[-0.030 0.017 -0.999]
		[-0.920 0.391 0.034]
		[0.391 0.920 0.004]
		[-0.919 0.392 0.034]
		[0.392 0.920 0.004]
		[-0.919 0.393 0.033]
		[0.393 0.920 0.004]
		[-0.029 0.017 -0.999]
		[0.393 0.919 0.004]
		[-0.028 0.016 -0.999]
		[-0.919 0.392 0.032]
		[-0.920 0.390 0.032]
		[-0.923 0.382 0.031]
		[0.383 0.924 0.004]
		[-0.930 0.367 0.031]
		[0.367 0.930 0.004]
		[-0.028 0.015 -0.999]
		[-0.938 0.344 0.032]
		[0.345 0.939 0.003]
		[-0.028 0.014 -0.999]
		[-0.948 0.318 0.032]
		[0.318 0.948 0.003]
		[-0.029 0.013 -0.999]
		[-0.957 0.289 0.032]
		[0.290 0.957 0.003]
		[-0.030 0.012 -0.999]
		[-0.965 0.261 0.031]
		[0.261 0.965 0.003]
		[-0.030 0.011 -1.000]
		[-0.972 0.234 0.031]
		[0.234 0.972 0.003]
		[-0.029 0.010 -1.000]
		[-0.977 0.213 0.030]
		[0.213 0.977 0.002]
		[-0.029 0.009 -1.000]
		[-0.980 0.198 0.028]
		[0.198 0.980 0.002]
		[-0.027 0.008 -1.000]
		[-0.980 0.198 0.025]
		[-0.024 0.007 -1.000]
		[-0.973 0.232 0.021]
		[0.232 0.973 0.002]
		[-0.020 0.007 -1.000]
		[-0.949 0.313 0.016]
		[0.313 0.950 0.002]
		[-0.015 0.007 -1.000]
		[-0.896 0.443 0.010]
		[0.443 0.896 0.003]
		[-0.007 0.007 -1.000]
		[-0.805 0.593 0.002]
		[0.593 0.805 0.006]
		[0.002 0.005 -1.000]
		[-0.677 0.736 -0.006]
		[0.736 0.677 0.010]
		[0.011 0.002 -1.000]
		[-0.525 0.851 -0.013]
		[0.851 0.525 0.015]
		[0.019 -0.003 -1.000]
		[-0.368 0.930 -0.018]
		[0.930 0.368 0.021]
		[0.026 -0.009 -1.000]
		[-0.234 0.972 -0.021]
		[0.972 0.234 0.026]
		[0.030 -0.014 -0.999]
		[-0.144 0.989 -0.022]
		[0.989 0.144 0.029]
		[0.032 -0.017 -0.999]
		[0.000 0.941 -0.339]
		[0.000 0.339 0.941]
		[0.000 0.130 0.000]
		[1.000 0.000 -0.012]
		[-0.004 0.941 -0.339]
		[0.012 0.339 0.941]
		[0.999 0.000 -0.034]
		[-0.011 0.941 -0.339]
		[0.032 0.339 0.940]
		[0.998 0.000 -0.062]
		[-0.021 0.941 -0.339]
		[0.058 0.339 0.939]
		[0.996 0.000 -0.094]
		[-0.032 0.941 -0.338]
		[0.089 0.339 0.936]
		[0.992 0.000 -0.129]
		[-0.044 0.941 -0.336]
		[0.121 0.339 0.933]
		[0.987 0.000 -0.163]
		[-0.055 0.941 -0.335]
		[0.153 0.339 0.928]
		[0.981 0.000 -0.194]
		[-0.066 0.941 -0.333]
		[0.182 0.339 0.923]
		[0.976 0.000 -0.220]
		[-0.075 0.941 -0.331]
		[0.207 0.339 0.918]
		[0.972 0.000 -0.237]
		[-0.080 0.941 -0.330]
		[0.223 0.339 0.914]
		[0.970 0.000 -0.244]
		[-0.083 0.941 -0.329]
		[0.229 0.339 0.912]
		[0.970 0.000 -0.241]
		[-0.082 0.941 -0.329]
		[0.227 0.339 0.913]
		[0.973 0.000 -0.230]
		[-0.078 0.941 -0.330]
		[0.217 0.339 0.915]
		[0.977 0.000 -0.212]
		[-0.072 0.941 -0.332]
		[0.199 0.339 0.919]
		[0.982 0.000 -0.187]
		[-0.063 0.941 -0.333]
		[0.176 0.339 0.924]
		[0.988 0.000 -0.156]
		[-0.053 0.941 -0.335]
		[0.147 0.339 0.929]
		[0.993 0.000 -0.120]
		[-0.041 0.941 -0.337]
		[0.113 0.339 0.934]
		[0.997 0.000 -0.080]
		[-0.027 0.941 -0.338]
		[0.075 0.339 0.938]
		[0.999 0.000 -0.037]
		[-0.013 0.941 -0.339]
		[0.035 0.339 0.940]
		[1.000 0.000 0.008]
		[0.003 0.941 -0.339]
		[-0.008 0.339 0.941]
		[0.998 0.000 0.055]
		[0.019 0.941 -0.339]
		[-0.052 0.339 0.939]
		[0.995 0.000 0.101]
		[0.034 0.941 -0.338]
		[-0.095 0.339 0.936]
		[0.989 0.000 0.147]
		[0.050 0.941 -0.336]
		[-0.138 0.339 0.930]
		[0.981 0.000 0.192]
		[0.065 0.941 -0.333]
		[-0.180 0.339 0.923]
		[0.972 0.000 0.235]
		[0.080 0.941 -0.330]
		[-0.221 0.339 0.914]
		[0.962 0.000 0.274]
		[0.093 0.941 -0.326]
		[-0.258 0.339 0.905]
		[0.951 0.000 0.309]
		[0.105 0.941 -0.323]
		[-0.290 0.339 0.895]
		[0.942 0.000 0.337]
		[0.114 0.941 -0.320]
		[-0.317 0.339 0.886]
		[0.934 0.000 0.357]
		[0.121 0.941 -0.317]
		[-0.336 0.339 0.879]
		[0.930 0.000 0.368]
		[0.125 0.941 -0.316]
		[-0.346 0.339 0.875]
		[0.125 0.941 -0.315]
		[-0.347 0.339 0.875]
		[0.944 0.000 0.331]
		[0.112 0.941 -0.320]
		[-0.311 0.339 0.888]
		[0.957 0.000 0.291]
		[0.099 0.941 -0.325]
		[-0.274 0.339 0.900]
		[0.970 0.000 0.242]
		[0.082 0.941 -0.329]
		[-0.228 0.339 0.913]
		[0.982 0.000 0.187]
		[0.063 0.941 -0.333]
		[-0.176 0.339 0.924]
		[0.991 0.000 0.132]
		[0.045 0.941 -0.336]
		[-0.124 0.339 0.932]
		[0.997 0.000 0.081]
		[0.027 0.941 -0.338]
		[-0.076 0.339 0.938]
		[0.999 0.000 0.039]
		[0.013 0.941 -0.339]
		[-0.037 0.339 0.940]
		[1.000 0.000 0.013]
		[0.005 0.941 -0.339]
		[-0.012 0.339 0.941]
		[0.000 0.976 0.219]
		[0.000 -0.219 0.976]
		[0.000 0.596 0.000]
		[1.000 -0.004 0.010]
		[0.001 0.976 0.219]
		[-0.010 -0.219 0.976]
		[1.000 -0.010 0.027]
		[0.004 0.976 0.219]
		[-0.029 -0.219 0.975]
		[0.999 -0.018 0.050]
		[0.007 0.976 0.220]
		[-0.053 -0.219 0.974]
		[0.997 -0.028 0.076]
		[0.010 0.975 0.220]
		[-0.080 -0.218 0.973]
		[0.994 -0.038 0.104]
		[0.014 0.975 0.220]
		[-0.110 -0.217 0.970]
		[0.990 -0.047 0.131]
		[0.017 0.975 0.221]
		[-0.138 -0.216 0.967]
		[0.986 -0.056 0.156]
		[0.021 0.975 0.221]
		[-0.164 -0.215 0.963]
		[0.982 -0.063 0.176]
		[0.023 0.975 0.221]
		[-0.186 -0.213 0.959]
		[0.979 -0.068 0.190]
		[0.025 0.975 0.222]
		[-0.200 -0.212 0.957]
		[0.978 -0.071 0.196]
		[0.026 0.975 0.222]
		[-0.207 -0.212 0.955]
		[0.978 -0.070 0.194]
		[0.026 0.975 0.221]
		[-0.205 -0.212 0.956]
		[0.980 -0.067 0.186]
		[0.025 0.975 0.221]
		[-0.197 -0.212 0.957]
		[0.983 -0.062 0.172]
		[-0.182 -0.213 0.960]
		[0.987 -0.055 0.153]
		[0.020 0.975 0.220]
		[-0.161 -0.214 0.963]
		[0.991 -0.046 0.128]
		[0.017 0.975 0.220]
		[-0.135 -0.216 0.967]
		[0.994 -0.036 0.100]
		[0.013 0.976 0.220]
		[-0.105 -0.217 0.970]
		[0.997 -0.024 0.068]
		[0.009 0.976 0.219]
		[-0.071 -0.218 0.973]
		[0.999 -0.012 0.033]
		[-0.035 -0.219 0.975]
		[1.000 0.002 -0.004]
		[-0.001 0.976 0.219]
		[0.004 -0.219 0.976]
		[0.999 0.015 -0.042]
		[-0.006 0.976 0.219]
		[0.045 -0.219 0.975]
		[0.996 0.029 -0.081]
		[-0.011 0.976 0.220]
		[0.086 -0.218 0.972]
		[0.992 0.043 -0.120]
		[-0.016 0.975 0.220]
		[0.127 -0.216 0.968]
		[0.986 0.057 -0.158]
		[-0.021 0.975 0.221]
		[0.167 -0.214 0.962]
		[0.978 0.070 -0.195]
		[-0.026 0.975 0.222]
		[0.206 -0.212 0.955]
		[0.970 0.083 -0.230]
		[-0.031 0.974 0.223]
		[0.242 -0.209 0.947]
		[0.961 0.094 -0.260]
		[-0.035 0.974 0.224]
		[0.274 -0.206 0.939]
		[0.953 0.103 -0.285]
		[-0.038 0.974 0.225]
		[0.300 -0.203 0.932]
		[0.947 0.109 -0.303]
		[-0.040 0.973 0.225]
		[0.320 -0.201 0.926]
		[0.943 0.113 -0.313]
		[-0.042 0.973 0.226]
		[0.330 -0.200 0.922]
		[0.943 0.113 -0.314]
		[0.331 -0.200 0.922]
		[0.946 0.110 -0.304]
		[0.321 -0.201 0.926]
		[0.954 0.102 -0.282]
		[-0.037 0.974 0.225]
		[0.298 -0.204 0.933]
		[0.965 0.090 -0.248]
		[-0.033 0.974 0.223]
		[0.262 -0.207 0.943]
		[0.976 0.074 -0.206]
		[-0.027 0.975 0.222]
		[0.217 -0.211 0.953]
		[0.986 0.057 -0.159]
		[0.168 -0.214 0.962]
		[0.993 0.040 -0.112]
		[-0.015 0.975 0.220]
		[0.118 -0.217 0.969]
		[0.997 0.025 -0.069]
		[-0.009 0.976 0.219]
		[0.072 -0.218 0.973]
		[0.999 0.012 -0.033]
		[-0.004 0.976 0.219]
		[0.035 -0.219 0.975]
		[1.000 0.004 -0.011]
		[-0.002 0.976 0.219]
		[0.012 -0.219 0.976]
		[0.000 0.315 0.000]
		[0.000 0.470 0.000]
		[0.000 0.300 0.000]
		[0.000 0.000 -1.000]
		[-1.000 0.000 0.000]
		[0.211 0.863 0.458]
		[0.825 -0.409 0.391]
		[0.525 0.295 -0.798]
		[0.279 0.394 -0.035]
		[-0.237 0.958 -0.163]
		[-0.953 -0.261 -0.152]
		[-0.188 0.119 0.975]
		[0.000 0.316 0.000]
		[0.000 0.469 0.000]
		[-0.086 0.129 0.988]
		[-0.199 -0.974 0.110]
		[0.976 -0.187 0.109]
		[-0.279 0.394 -0.035]
		[-0.077 0.141 0.987]
		[-0.202 -0.972 0.123]
		[0.976 -0.190 0.103]
		[-0.061 0.161 0.985]
		[-0.207 -0.967 0.145]
		[0.976 -0.195 0.092]
		[-0.039 0.187 0.982]
		[-0.214 -0.961 0.175]
		[0.976 -0.203 0.078]
		[-0.014 0.217 0.976]
		[-0.221 -0.953 0.209]
		[0.975 -0.213 0.062]
		[0.013 0.250 0.968]
		[-0.229 -0.942 0.246]
		[0.973 -0.225 0.044]
		[0.042 0.282 0.958]
		[-0.237 -0.929 0.284]
		[0.971 -0.239 0.028]
		[0.069 0.310 0.948]
		[-0.246 -0.916 0.318]
		[0.967 -0.255 0.013]
		[0.092 0.332 0.939]
		[-0.254 -0.904 0.344]
		[0.963 -0.270 0.001]
		[0.107 0.346 0.932]
		[-0.264 -0.894 0.362]
		[0.959 -0.285 -0.005]
		[0.114 0.352 0.929]
		[-0.276 -0.887 0.370]
		[0.954 -0.298 -0.004]
		[0.110 0.350 0.930]
		[-0.289 -0.884 0.367]
		[0.951 -0.310 0.004]
		[0.093 0.340 0.936]
		[-0.306 -0.885 0.352]
		[0.948 -0.319 0.022]
		[0.063 0.323 0.944]
		[-0.324 -0.888 0.326]
		[0.944 -0.326 0.049]
		[0.022 0.301 0.953]
		[-0.344 -0.893 0.290]
		[0.939 -0.334 0.084]
		[-0.029 0.275 0.961]
		[-0.365 -0.898 0.246]
		[0.930 -0.344 0.127]
		[-0.088 0.247 0.965]
		[-0.386 -0.901 0.196]
		[0.918 -0.356 0.175]
		[-0.153 0.219 0.964]
		[-0.407 -0.903 0.140]
		[0.901 -0.371 0.227]
		[-0.221 0.191 0.956]
		[-0.427 -0.901 0.081]
		[0.877 -0.390 0.281]
		[-0.292 0.166 0.942]
		[-0.446 -0.895 0.020]
		[0.846 -0.414 0.335]
		[-0.362 0.146 0.921]
		[-0.465 -0.884 -0.042]
		[0.808 -0.443 0.388]
		[-0.431 0.133 0.892]
		[-0.483 -0.869 -0.104]
		[0.762 -0.476 0.439]
		[-0.498 0.127 0.858]
		[-0.501 -0.850 -0.165]
		[0.708 -0.512 0.486]
		[-0.559 0.126 0.819]
		[-0.515 -0.827 -0.224]
		[0.649 -0.548 0.528]
		[-0.615 0.131 0.777]
		[-0.526 -0.803 -0.281]
		[0.587 -0.582 0.563]
		[-0.663 0.140 0.735]
		[-0.533 -0.778 -0.333]
		[0.525 -0.612 0.591]
		[-0.703 0.151 0.695]
		[-0.536 -0.755 -0.378]
		[0.467 -0.638 0.612]
		[-0.736 0.163 0.658]
		[-0.537 -0.733 -0.418]
		[0.414 -0.660 0.627]
		[-0.759 0.176 0.627]
		[-0.536 -0.715 -0.449]
		[0.369 -0.677 0.637]
		[-0.773 0.184 0.607]
		[-0.536 -0.703 -0.469]
		[0.340 -0.687 0.642]
		[-0.776 0.186 0.603]
		[-0.536 -0.700 -0.472]
		[0.334 -0.689 0.643]
		[-0.761 0.177 0.624]
		[-0.536 -0.713 -0.452]
		[0.365 -0.678 0.638]
		[-0.725 0.158 0.670]
		[-0.535 -0.743 -0.403]
		[0.434 -0.651 0.623]
		[-0.666 0.134 0.734]
		[-0.524 -0.784 -0.333]
		[0.531 -0.606 0.592]
		[-0.583 0.112 0.805]
		[-0.499 -0.831 -0.246]
		[0.641 -0.545 0.541]
		[-0.479 0.097 0.872]
		[-0.454 -0.878 -0.151]
		[0.751 -0.468 0.465]
		[-0.365 0.094 0.926]
		[-0.392 -0.918 -0.061]
		[0.844 -0.386 0.372]
		[-0.257 0.101 0.961]
		[-0.324 -0.946 0.013]
		[0.911 -0.308 0.275]
		[-0.167 0.113 0.979]
		[-0.261 -0.963 0.067]
		[0.951 -0.245 0.191]
		[-0.107 0.125 0.986]
		[-0.216 -0.971 0.099]
		[0.970 -0.203 0.131]
		[0.967 0.182 0.180]
		[-0.184 0.983 -0.009]
		[-0.179 -0.024 0.984]
		[0.966 0.185 0.180]
		[-0.186 0.982 -0.012]
		[-0.179 -0.022 0.984]
		[0.964 0.196 0.179]
		[-0.195 0.981 -0.021]
		[-0.180 -0.014 0.984]
		[0.960 0.215 0.178]
		[-0.211 0.977 -0.039]
		[-0.182 0.000 0.983]
		[0.954 0.244 0.174]
		[-0.236 0.970 -0.066]
		[-0.185 0.022 0.982]
		[0.945 0.282 0.168]
		[-0.268 0.958 -0.102]
		[-0.190 0.051 0.980]
		[0.933 0.323 0.161]
		[-0.302 0.943 -0.141]
		[-0.197 0.083 0.977]
		[0.919 0.363 0.151]
		[-0.336 0.925 -0.180]
		[-0.205 0.114 0.972]
		[0.906 0.400 0.141]
		[-0.366 0.905 -0.215]
		[-0.213 0.143 0.967]
		[0.894 0.429 0.131]
		[-0.390 0.888 -0.243]
		[-0.221 0.166 0.961]
		[0.885 0.448 0.124]
		[-0.406 0.876 -0.261]
		[-0.226 0.181 0.957]
		[0.883 0.453 0.122]
		[-0.411 0.872 -0.266]
		[-0.227 0.185 0.956]
		[0.887 0.445 0.126]
		[-0.404 0.878 -0.258]
		[-0.225 0.178 0.958]
		[0.895 0.425 0.133]
		[-0.387 0.890 -0.239]
		[-0.220 0.163 0.962]
		[0.907 0.397 0.142]
		[-0.364 0.907 -0.212]
		[-0.212 0.140 0.967]
		[0.920 0.361 0.151]
		[-0.334 0.926 -0.178]
		[-0.204 0.113 0.972]
		[0.933 0.322 0.161]
		[0.944 0.282 0.168]
		[-0.268 0.958 -0.103]
		[-0.190 0.052 0.980]
		[0.954 0.246 0.174]
		[-0.237 0.969 -0.068]
		[-0.185 0.024 0.982]
		[0.960 0.216 0.177]
		[-0.213 0.976 -0.041]
		[-0.182 0.001 0.983]
		[0.964 0.195 0.179]
		[-0.180 -0.015 0.984]
		[100.000 0.000 0.000]
		[0.000 0.000 -100.000]
		[0.000 100.000 0.000]
		[0.000 0.188 -0.068]
		[-0.111 -0.056 -0.156]
		[-0.166 0.038 0.105]
		[0.175 0.061 1.913]
		[-0.002 0.188 -0.068]
		[-0.111 -0.058 -0.156]
		[-0.167 0.036 0.105]
		[0.175 0.063 1.911]
		[-0.006 0.188 -0.068]
		[-0.109 -0.060 -0.156]
		[-0.167 0.032 0.105]
		[0.173 0.067 1.906]
		[-0.012 0.188 -0.068]
		[-0.108 -0.063 -0.156]
		[-0.168 0.027 0.105]
		[0.171 0.073 1.899]
		[-0.018 0.187 -0.068]
		[-0.105 -0.067 -0.156]
		[-0.169 0.022 0.105]
		[0.169 0.078 1.890]
		[-0.024 0.187 -0.068]
		[-0.103 -0.070 -0.156]
		[-0.170 0.016 0.105]
		[0.166 0.085 1.880]
		[-0.031 0.186 -0.068]
		[-0.101 -0.074 -0.156]
		[-0.170 0.010 0.105]
		[0.163 0.091 1.871]
		[-0.036 0.185 -0.068]
		[-0.098 -0.077 -0.156]
		[-0.170 0.005 0.105]
		[0.160 0.096 1.862]
		[-0.041 0.184 -0.068]
		[-0.096 -0.079 -0.156]
		[-0.170 0.000 0.105]
		[0.157 0.101 1.853]
		[-0.045 0.183 -0.068]
		[-0.095 -0.081 -0.156]
		[-0.170 -0.003 0.105]
		[0.156 0.104 1.848]
		[-0.046 0.182 -0.068]
		[-0.094 -0.082 -0.156]
		[-0.170 -0.004 0.105]
		[0.155 0.105 1.847]
		[0.155 0.105 1.848]
		[-0.043 0.183 -0.068]
		[-0.170 -0.002 0.105]
		[0.156 0.103 1.854]
		[-0.040 0.184 -0.068]
		[-0.097 -0.079 -0.156]
		[-0.170 0.002 0.105]
		[0.158 0.100 1.861]
		[-0.035 0.185 -0.068]
		[-0.099 -0.076 -0.156]
		[-0.170 0.006 0.105]
		[0.161 0.095 1.870]
		[-0.029 0.186 -0.068]
		[-0.101 -0.073 -0.156]
		[-0.170 0.011 0.105]
		[0.164 0.090 1.880]
		[-0.023 0.187 -0.068]
		[-0.104 -0.069 -0.156]
		[-0.170 0.018 0.105]
		[0.167 0.083 1.890]
		[-0.015 0.188 -0.068]
		[-0.106 -0.065 -0.156]
		[-0.169 0.024 0.105]
		[0.170 0.076 1.899]
		[-0.007 0.188 -0.068]
		[0.173 0.068 1.906]
		[0.002 0.188 -0.068]
		[-0.112 -0.055 -0.156]
		[-0.166 0.039 0.105]
		[0.176 0.059 1.911]
		[0.010 0.188 -0.068]
		[-0.114 -0.050 -0.156]
		[-0.164 0.047 0.105]
		[0.178 0.051 1.913]
		[0.019 0.187 -0.068]
		[-0.116 -0.045 -0.156]
		[-0.162 0.054 0.105]
		[0.181 0.042 1.911]
		[0.028 0.186 -0.068]
		[-0.118 -0.039 -0.156]
		[-0.159 0.062 0.105]
		[0.182 0.033 1.905]
		[0.036 0.185 -0.068]
		[-0.120 -0.034 -0.156]
		[-0.156 0.069 0.105]
		[0.184 0.024 1.896]
		[0.044 0.183 -0.068]
		[-0.121 -0.029 -0.156]
		[-0.153 0.076 0.105]
		[0.184 0.015 1.885]
		[0.052 0.181 -0.068]
		[-0.122 -0.024 -0.156]
		[-0.149 0.082 0.105]
		[0.185 0.007 1.873]
		[0.058 0.179 -0.068]
		[-0.123 -0.019 -0.156]
		[-0.146 0.087 0.105]
		[0.185 0.000 1.861]
		[0.063 0.177 -0.068]
		[-0.124 -0.016 -0.156]
		[-0.144 0.091 0.105]
		[0.185 -0.006 1.850]
		[0.067 0.176 -0.068]
		[-0.124 -0.013 -0.156]
		[-0.142 0.095 0.105]
		[0.185 -0.010 1.841]
		[0.069 0.175 -0.068]
		[-0.124 -0.011 -0.156]
		[-0.141 0.096 0.105]
		[0.185 -0.012 1.835]
		[0.185 -0.013 1.832]
		[0.185 -0.010 1.835]
		[0.062 0.178 -0.068]
		[0.185 -0.005 1.841]
		[0.055 0.180 -0.068]
		[-0.123 -0.022 -0.156]
		[-0.148 0.085 0.105]
		[0.185 0.004 1.851]
		[0.046 0.183 -0.068]
		[-0.122 -0.028 -0.156]
		[-0.152 0.077 0.105]
		[0.185 0.014 1.861]
		[0.035 0.185 -0.068]
		[-0.120 -0.035 -0.156]
		[-0.156 0.068 0.105]
		[0.183 0.025 1.873]
		[0.025 0.186 -0.068]
		[-0.118 -0.041 -0.156]
		[-0.160 0.059 0.105]
		[0.182 0.036 1.885]
		[0.015 0.188 -0.068]
		[-0.115 -0.047 -0.156]
		[-0.163 0.051 0.105]
		[0.180 0.046 1.896]
		[0.007 0.188 -0.068]
		[-0.113 -0.052 -0.156]
		[-0.165 0.044 0.105]
		[0.178 0.054 1.905]
		[-0.166 0.040 0.105]
		[-0.199 -0.012 -0.009]
		[0.014 -0.190 -0.059]
		[-0.005 -0.060 0.191]
		[0.213 0.087 1.165]
		[-0.199 -0.015 -0.009]
		[0.017 -0.190 -0.059]
		[-0.004 -0.060 0.191]
		[0.212 0.089 1.163]
		[-0.199 -0.019 -0.009]
		[0.021 -0.190 -0.059]
		[-0.003 -0.060 0.191]
		[0.210 0.094 1.158]
		[-0.198 -0.025 -0.009]
		[0.026 -0.189 -0.059]
		[-0.001 -0.060 0.191]
		[0.208 0.101 1.151]
		[-0.197 -0.031 -0.009]
		[0.032 -0.188 -0.059]
		[0.001 -0.060 0.191]
		[0.204 0.108 1.141]
		[-0.196 -0.038 -0.009]
