{ :name "Walk" :length 0.6666667 :bones { 
	"Armature" [
		[0 [1 0 0 0 0 0.9999998 2.007283E-15 0 0 -2.007283E-15 0.9999998 0 0 -1.24345E-17 -8.195644E-11 1]]
	]
	"Skelet" [
		[0 [1 0 0 0 0 0.9999996 0 0 0 0 0.9999996 0 0 -2.68221E-10 0 1]]
		[0.025 [1 0 0 0 0 0.9999996 0 0 0 0 0.9999996 0 0 0.0001691243 -2.016127E-11 1]]
		[0.05 [1 0 0 0 0 0.9999996 0 0 0 0 0.9999996 0 0 0.0003629991 -4.327296E-11 1]]
		[0.075 [1 0 0 0 0 0.9999996 0 0 0 0 0.9999996 0 0 0.0005613741 -6.69211E-11 1]]
		[0.1 [1 0 0 0 0 0.9999996 0 0 0 0 0.9999996 0 0 0.000743999 -8.869169E-11 1]]
		[0.125 [1 0 0 0 0 0.9999996 0 0 0 0 0.9999996 0 0 0.0008906241 -1.061707E-10 1]]
		[0.15 [1 0 0 0 0 0.9999996 0 0 0 0 0.9999996 0 0 0.000980999 -1.169443E-10 1]]
		[0.175 [1 0 0 0 0 0.9999996 0 0 0 0 0.9999996 0 0 0.0009927495 -1.18345E-10 1]]
		[0.2 [1 0 0 0 0 0.9999996 0 0 0 0 0.9999996 0 0 0.0008959992 -1.068115E-10 1]]
		[0.225 [1 0 0 0 0 0.9999996 0 0 0 0 0.9999996 0 0 0.0007182499 -8.562208E-11 1]]
		[0.25 [1 0 0 0 0 0.9999996 0 0 0 0 0.9999996 0 0 0.0004999992 -5.960465E-11 1]]
		[0.275 [1 0 0 0 0 0.9999996 0 0 0 0 0.9999996 0 0 0.0002817496 -3.358723E-11 1]]
		[0.3 [1 0 0 0 0 0.9999996 0 0 0 0 0.9999996 0 0 0.0001040003 -1.239778E-11 1]]
		[0.325 [1 0 0 0 0 0.9999996 0 0 0 0 0.9999996 0 0 7.250039E-06 -8.642946E-13 1]]
		[0.35 [1 0 0 0 0 0.9999996 0 0 0 0 0.9999996 0 0 2.79996E-05 -3.337854E-12 1]]
		[0.375 [1 0 0 0 0 0.9999996 0 0 0 0 0.9999996 0 0 0.0001562497 -1.862644E-11 1]]
		[0.4 [1 0 0 0 0 0.9999996 0 0 0 0 0.9999996 0 0 0.0003519997 -4.196166E-11 1]]
		[0.425 [1 0 0 0 0 0.9999996 0 0 0 0 0.9999996 0 0 0.0005747493 -6.851555E-11 1]]
		[0.45 [1 0 0 0 0 0.9999996 0 0 0 0 0.9999996 0 0 0.0007839997 -9.346007E-11 1]]
		[0.475 [1 0 0 0 0 0.9999996 0 0 0 0 0.9999996 0 0 0.0009392495 -1.119673E-10 1]]
		[0.5 [1 0 0 0 0 0.9999996 0 0 0 0 0.9999996 0 0 0.0009999998 -1.192093E-10 1]]
		[0.525 [1 0 0 0 0 0.9999996 0 0 0 0 0.9999996 0 0 0.0009583743 -1.142472E-10 1]]
		[0.55 [1 0 0 0 0 0.9999996 0 0 0 0 0.9999996 0 0 0.0008469995 -1.009703E-10 1]]
		[0.575 [1 0 0 0 0 0.9999996 0 0 0 0 0.9999996 0 0 0.0006861254 -8.179248E-11 1]]
		[0.6 [1 0 0 0 0 0.9999996 0 0 0 0 0.9999996 0 0 0.0004959997 -5.91278E-11 1]]
		[0.625 [1 0 0 0 0 0.9999996 0 0 0 0 0.9999996 0 0 0.0002968749 -3.539029E-11 1]]
		[0.65 [1 0 0 0 0 0.9999996 0 0 0 0 0.9999996 0 0 0.0001089999 -1.299388E-11 1]]
		[0.675 [1 0 0 0 0 0.9999996 0 0 0 0 0.9999996 0 0 -2.68221E-10 0 1]]
		[0.7 [1 0 0 0 0 0.9999996 0 0 0 0 0.9999996 0 0 -2.68221E-10 0 1]]
		[0.725 [1 0 0 0 0 0.9999996 0 0 0 0 0.9999996 0 0 -2.68221E-10 0 1]]
		[0.75 [1 0 0 0 0 0.9999996 0 0 0 0 0.9999996 0 0 -2.68221E-10 0 1]]
		[0.775 [1 0 0 0 0 0.9999996 0 0 0 0 0.9999996 0 0 -2.68221E-10 0 1]]
		[0.8 [1 0 0 0 0 0.9999996 0 0 0 0 0.9999996 0 0 -2.68221E-10 0 1]]
		[0.825 [1 0 0 0 0 0.9999996 0 0 0 0 0.9999996 0 0 -2.68221E-10 0 1]]
		[0.85 [1 0 0 0 0 0.9999996 0 0 0 0 0.9999996 0 0 -2.68221E-10 0 1]]
		[0.875 [1 0 0 0 0 0.9999996 0 0 0 0 0.9999996 0 0 -2.68221E-10 0 1]]
		[0.9 [1 0 0 0 0 0.9999996 0 0 0 0 0.9999996 0 0 -2.68221E-10 0 1]]
		[0.925 [1 0 0 0 0 0.9999996 0 0 0 0 0.9999996 0 0 -2.68221E-10 0 1]]
		[0.95 [1 0 0 0 0 0.9999996 0 0 0 0 0.9999996 0 0 -2.68221E-10 0 1]]
		[0.975 [1 0 0 0 0 0.9999996 0 0 0 0 0.9999996 0 0 -2.68221E-10 0 1]]
	]
	"Bedro_L" [
		[0 [0.9624944 0.271146 -0.009158954 0 -0.2712944 0.9621681 -0.0251491 0 0.001993093 0.02668979 0.9996419 0 -9.995291E-11 2.694046E-10 -7.558136E-10 1]]
		[0.025 [0.9448109 0.3274429 -0.01062683 0 -0.3276106 0.9444937 -0.0245649 0 0.001993093 0.02668979 0.9996419 0 -1.255929E-05 -0.0001685966 4.525853E-06 1]]
		[0.05 [0.920494 0.390563 -0.01226354 0 -0.3907519 0.9201888 -0.02379005 0 0.001993211 0.02668977 0.9996418 0 -2.695644E-05 -0.0003618665 9.714901E-06 1]]
		[0.075 [0.8912519 0.4532951 -0.01388031 0 -0.453505 0.8909603 -0.02288452 0 0.001993093 0.02668979 0.9996419 0 -4.168785E-05 -0.0005596237 1.502443E-05 1]]
		[0.1 [0.8605509 0.5091332 -0.01530998 0 -0.5093614 0.8602731 -0.02195379 0 0.001993093 0.02668979 0.9996419 0 -5.52495E-05 -0.0007416778 1.991234E-05 1]]
		[0.125 [0.8333655 0.5524772 -0.01641295 0 -0.5527195 0.8330998 -0.0211418 0 0.001993211 0.02668977 0.9996418 0 -6.613787E-05 -0.0008878453 2.383675E-05 1]]
		[0.15 [0.8155172 0.5784797 -0.01707163 0 -0.5787304 0.8152592 -0.02061359 0 0.001993211 0.02668977 0.9996418 0 -7.284911E-05 -0.0009779383 2.625563E-05 1]]
		[0.175 [0.8114697 0.5841396 -0.0172148 0 -0.5843921 0.8112135 -0.02049428 0 0.001993093 0.02668979 0.9996419 0 -7.37217E-05 -0.000989652 2.657013E-05 1]]
		[0.2 [0.8181349 0.5747743 -0.01697791 0 -0.5750238 0.8178757 -0.02069084 0 0.001993211 0.02668977 0.9996418 0 -6.653702E-05 -0.0008932037 2.398062E-05 1]]
		[0.225 [0.8451564 0.5342798 -0.0159507 0 -0.5345163 0.8448856 -0.02149278 0 0.001993093 0.02668979 0.9996419 0 -5.333736E-05 -0.0007160089 1.922317E-05 1]]
		[0.25 [0.9007623 0.434105 -0.0133869 0 -0.4343085 0.9004664 -0.02317661 0 0.001993093 0.02668979 0.9996419 0 -3.713015E-05 -0.0004984403 1.338173E-05 1]]
		[0.275 [0.9765984 0.2149324 -0.007686045 0 -0.2150614 0.9762639 -0.02563759 0 0.001993211 0.02668977 0.9996418 0 -2.092285E-05 -0.0002808706 7.540264E-06 1]]
		[0.3 [0.9958527 -0.09097788 0.0004434212 0 0.09095749 0.9954951 -0.02676126 0 0.001993211 0.02668977 0.9996418 0 -7.723182E-06 -0.0001036758 2.782813E-06 1]]
		[0.325 [0.9363539 -0.3509763 0.007503945 0 0.3510523 0.9360036 -0.02569145 0 0.001993093 0.02668979 0.9996419 0 -5.385078E-07 -7.227417E-06 1.932982E-07 1]]
		[0.35 [0.8672541 -0.4977303 0.01156008 0 0.4978625 0.8669205 -0.02413965 0 0.001993093 0.02668979 0.9996419 0 -2.079371E-06 -2.791224E-05 7.486591E-07 1]]
		[0.375 [0.8011627 -0.5982724 0.01437636 0 0.5984442 0.8008473 -0.02257604 0 0.001993093 0.02668979 0.9996419 0 -1.160322E-05 -0.0001557622 4.181265E-06 1]]
		[0.4 [0.7447911 -0.6670962 0.01632649 0 0.6672956 0.7444918 -0.02120863 0 0.001993211 0.02668977 0.9996418 0 -2.613962E-05 -0.0003509014 9.420502E-06 1]]
		[0.425 [0.7051443 -0.7088457 0.01752015 0 0.7090622 0.7048569 -0.02023366 0 0.001993093 0.02668979 0.9996419 0 -4.268101E-05 -0.0005729561 1.538238E-05 1]]
		[0.45 [0.6863412 -0.727054 0.01804392 0 0.7272781 0.6860595 -0.01976808 0 0.001993211 0.02668977 0.9996418 0 -5.821995E-05 -0.0007815536 2.098296E-05 1]]
		[0.475 [0.6901399 -0.7234518 0.01794017 0 0.7236743 0.6898569 -0.01986229 0 0.001993211 0.02668977 0.9996418 0 -6.97488E-05 -0.0009363191 2.513821E-05 1]]
		[0.5 [0.7161945 -0.6976872 0.01720018 0 0.6978992 0.7159036 -0.02050634 0 0.001993093 0.02668979 0.9996419 0 -7.426011E-05 -0.0009968798 2.676419E-05 1]]
		[0.525 [0.770584 -0.6371489 0.01547546 0 0.6373362 0.7702773 -0.02183737 0 0.001993211 0.02668977 0.9996418 0 -7.1169E-05 -0.0009553841 2.565008E-05 1]]
		[0.55 [0.846761 -0.531825 0.0125114 0 0.5319706 0.8464327 -0.02366064 0 0.001993211 0.02668977 0.9996418 0 -6.28983E-05 -0.0008443568 2.266914E-05 1]]
		[0.575 [0.9225128 -0.3858726 0.008463399 0 0.3859618 0.9221655 -0.02539158 0 0.001993211 0.02668977 0.9996418 0 -5.095179E-05 -0.0006839846 1.836336E-05 1]]
		[0.6 [0.9777859 -0.2095731 0.00364596 0 0.2095962 0.9774284 -0.02651544 0 0.001993211 0.02668977 0.9996418 0 -3.683306E-05 -0.0004944521 1.327465E-05 1]]
		[0.625 [0.9998021 -0.01983359 -0.001464138 0 0.0197875 0.999447 -0.02672486 0 0.001993093 0.02668979 0.9996419 0 -2.204605E-05 -0.0002959486 7.945091E-06 1]]
		[0.65 [0.9866232 0.162893 -0.006316572 0 -0.1630039 0.9862825 -0.02600889 0 0.001993211 0.02668977 0.9996418 0 -8.094455E-06 -0.0001086598 2.916628E-06 1]]
		[0.675 [0.9624944 0.271146 -0.009158954 0 -0.2712944 0.9621681 -0.0251491 0 0.001993093 0.02668979 0.9996419 0 -9.995291E-11 2.694046E-10 -7.558136E-10 1]]
		[0.7 [0.9624944 0.271146 -0.009158954 0 -0.2712944 0.9621681 -0.0251491 0 0.001993093 0.02668979 0.9996419 0 -9.995291E-11 2.694046E-10 -7.558136E-10 1]]
		[0.725 [0.9624944 0.271146 -0.009158954 0 -0.2712944 0.9621681 -0.0251491 0 0.001993093 0.02668979 0.9996419 0 -9.995291E-11 2.694046E-10 -7.558136E-10 1]]
		[0.75 [0.9624944 0.271146 -0.009158954 0 -0.2712944 0.9621681 -0.0251491 0 0.001993093 0.02668979 0.9996419 0 -9.995291E-11 2.694046E-10 -7.558136E-10 1]]
		[0.775 [0.9624944 0.271146 -0.009158954 0 -0.2712944 0.9621681 -0.0251491 0 0.001993093 0.02668979 0.9996419 0 -9.995291E-11 2.694046E-10 -7.558136E-10 1]]
		[0.8 [0.9624944 0.271146 -0.009158954 0 -0.2712944 0.9621681 -0.0251491 0 0.001993093 0.02668979 0.9996419 0 -9.995291E-11 2.694046E-10 -7.558136E-10 1]]
		[0.825 [0.9624944 0.271146 -0.009158954 0 -0.2712944 0.9621681 -0.0251491 0 0.001993093 0.02668979 0.9996419 0 -9.995291E-11 2.694046E-10 -7.558136E-10 1]]
		[0.85 [0.9624944 0.271146 -0.009158954 0 -0.2712944 0.9621681 -0.0251491 0 0.001993093 0.02668979 0.9996419 0 -9.995291E-11 2.694046E-10 -7.558136E-10 1]]
		[0.875 [0.9624944 0.271146 -0.009158954 0 -0.2712944 0.9621681 -0.0251491 0 0.001993093 0.02668979 0.9996419 0 -9.995291E-11 2.694046E-10 -7.558136E-10 1]]
		[0.9 [0.9624944 0.271146 -0.009158954 0 -0.2712944 0.9621681 -0.0251491 0 0.001993093 0.02668979 0.9996419 0 -9.995291E-11 2.694046E-10 -7.558136E-10 1]]
		[0.925 [0.9624944 0.271146 -0.009158954 0 -0.2712944 0.9621681 -0.0251491 0 0.001993093 0.02668979 0.9996419 0 -9.995291E-11 2.694046E-10 -7.558136E-10 1]]
		[0.95 [0.9624944 0.271146 -0.009158954 0 -0.2712944 0.9621681 -0.0251491 0 0.001993093 0.02668979 0.9996419 0 -9.995291E-11 2.694046E-10 -7.558136E-10 1]]
		[0.975 [0.9624944 0.271146 -0.009158954 0 -0.2712944 0.9621681 -0.0251491 0 0.001993093 0.02668979 0.9996419 0 -9.995291E-11 2.694046E-10 -7.558136E-10 1]]
	]
	"Koleno_L" [
		[0 [0.2403869 0.9705575 0.01524037 0 -0.9706771 0.2403727 0.002714383 0 -0.00102906 -0.01544508 0.9998804 0 0.00139987 -0.0004027247 0.0001372019 1]]
		[0.025 [0.152499 0.988183 0.01542221 0 -0.9883038 0.1524953 0.001338728 0 -0.001029058 -0.01544508 0.9998807 0 0.001671481 -0.0007070872 0.0001327797 1]]
		[0.05 [0.05946963 0.9981095 0.01547977 0 -0.9982301 0.05947721 -0.0001085194 0 -0.001028936 -0.01544507 0.9998803 0 0.001972326 -0.001076217 0.000127387 1]]
		[0.075 [0.06849131 0.997531 0.01548017 0 -0.9976522 0.06849737 3.152175E-05 0 -0.001029052 -0.01544507 0.9998807 0 0.002267099 -0.00147547 0.0001215228 1]]
		[0.1 [0.2727738 0.9619586 0.01514087 0 -0.9620784 0.2727551 0.003223466 0 -0.001029048 -0.01544506 0.9998804 0 0.002525532 -0.00186148 0.0001158257 1]]
		[0.125 [0.6066762 0.7948448 0.01290291 0 -0.7949494 0.6066145 0.008552733 0 -0.001028926 -0.01544506 0.9998803 0 0.002723272 -0.002183625 0.0001110527 1]]
		[0.15 [0.8736823 0.4864261 0.008413314 0 -0.4864975 0.8735839 0.01299424 0 -0.001028924 -0.01544506 0.9998803 0 0.00284057 -0.002387396 0.0001080256 1]]
		[0.175 [0.9837205 0.1796733 0.003787845 0 -0.1797094 0.9836041 0.01500963 0 -0.001029043 -0.01544506 0.9998807 0 0.00286652 -0.002424703 0.000107476 1]]
		[0.2 [0.9946863 -0.1029574 -0.0005668084 0 0.1029554 0.9945648 0.01546974 0 -0.001028925 -0.01544506 0.9998803 0 0.002828828 -0.002286023 0.0001095795 1]]
		[0.225 [0.9470276 -0.321128 -0.003986211 0 0.321153 0.946909 0.01495817 0 -0.001029047 -0.01544506 0.9998804 0 0.002648094 -0.001935844 0.0001148031 1]]
		[0.25 [0.9141877 -0.4052561 -0.005319601 0 0.4052914 0.9140721 0.01453749 0 -0.001029053 -0.01544506 0.9998804 0 0.002177401 -0.001349672 0.0001233738 1]]
		[0.275 [0.9554995 -0.2949703 -0.003573297 0 0.2949911 0.9553812 0.01506211 0 -0.001028943 -0.01544509 0.9998803 0 0.001095252 -0.0005670422 0.0001343501 1]]
		[0.3 [0.9991874 -0.04030608 0.0004056665 0 0.04029461 0.9990679 0.01547488 0 -0.001028949 -0.01544512 0.9998805 0 -0.0004892724 -5.710826E-05 0.0001405969 1]]
		[0.325 [0.9767329 0.2144148 0.004317321 0 -0.2144572 0.9766206 0.01486596 0 -0.001029066 -0.01544513 0.9998804 0 -0.001897042 -7.726648E-05 0.0001388368 1]]
		[0.35 [0.9286754 0.3708321 0.006684172 0 -0.3708929 0.9285712 0.01396273 0 -0.001029061 -0.01544514 0.9998804 0 -0.002723633 -0.000350787 0.0001337609 1]]
		[0.375 [0.867413 0.4975137 0.008578084 0 -0.4975891 0.8673182 0.01288612 0 -0.001029057 -0.01544516 0.9998807 0 -0.003311886 -0.000750644 0.0001269787 1]]
		[0.4 [0.7792205 0.6266602 0.01048248 0 -0.6267498 0.7791385 0.01139102 0 -0.001028934 -0.01544517 0.9998803 0 -0.003730336 -0.001190646 0.000119751 1]]
		[0.425 [0.6356412 0.7718804 0.01257794 0 -0.771985 0.635579 0.009023896 0 -0.00102905 -0.01544517 0.9998807 0 -0.003995385 -0.001590004 0.000113309 1]]
		[0.45 [0.3976168 0.9174339 0.01458159 0 -0.9175518 0.3975858 0.005197578 0 -0.001028929 -0.01544517 0.9998803 0 -0.004119766 -0.001883962 0.00010864 1]]
		[0.475 [0.1149464 0.9932501 0.01546189 0 -0.9933718 0.1149508 0.0007534408 0 -0.00102893 -0.01544517 0.9998803 0 -0.004108507 -0.002021558 0.000106526 1]]
		[0.5 [-0.1061031 0.9942377 0.0152496 0 -0.9943553 -0.1060721 -0.002661802 0 -0.001029051 -0.01544516 0.9998804 0 -0.003957253 -0.001964477 0.0001075635 1]]
		[0.525 [-0.2168671 0.976088 0.01485529 0 -0.9762011 -0.2168234 -0.004354096 0 -0.001028936 -0.01544517 0.9998805 0 -0.003594448 -0.001682393 0.0001122944 1]]
		[0.55 [-0.2481949 0.9685985 0.01470734 0 -0.96871 -0.2481478 -0.004830284 0 -0.001028941 -0.01544515 0.9998803 0 -0.002974536 -0.001249893 0.0001196135 1]]
		[0.575 [-0.2156774 0.9763516 0.01486056 0 -0.9764643 -0.2156347 -0.004336008 0 -0.001028946 -0.01544514 0.9998803 0 -0.002137585 -0.0008009651 0.0001274097 1]]
		[0.6 [-0.1255181 0.9919749 0.01519467 0 -0.9920908 -0.1254867 -0.002959499 0 -0.001028948 -0.01544512 0.9998803 0 -0.001154285 -0.0004536044 0.0001337876 1]]
		[0.625 [0.013687 0.9997866 0.01545861 0 -0.9999058 0.0137014 -0.000817271 0 -0.001029067 -0.0154451 0.9998804 0 -0.0001247267 -0.0002825031 0.0001374902 1]]
		[0.65 [0.1603871 0.9869336 0.015411 0 -0.987054 0.1603829 0.001461745 0 -0.001028945 -0.0154451 0.9998805 0 0.0008405216 -0.0003026012 0.000138173 1]]
		[0.675 [0.2403869 0.9705575 0.01524037 0 -0.9706771 0.2403727 0.002714383 0 -0.00102906 -0.01544508 0.9998804 0 0.00139987 -0.0004027247 0.0001372019 1]]
		[0.7 [0.2403869 0.9705575 0.01524037 0 -0.9706771 0.2403727 0.002714383 0 -0.00102906 -0.01544508 0.9998804 0 0.00139987 -0.0004027247 0.0001372019 1]]
		[0.725 [0.2403869 0.9705575 0.01524037 0 -0.9706771 0.2403727 0.002714383 0 -0.00102906 -0.01544508 0.9998804 0 0.00139987 -0.0004027247 0.0001372019 1]]
		[0.75 [0.2403869 0.9705575 0.01524037 0 -0.9706771 0.2403727 0.002714383 0 -0.00102906 -0.01544508 0.9998804 0 0.00139987 -0.0004027247 0.0001372019 1]]
		[0.775 [0.2403869 0.9705575 0.01524037 0 -0.9706771 0.2403727 0.002714383 0 -0.00102906 -0.01544508 0.9998804 0 0.00139987 -0.0004027247 0.0001372019 1]]
		[0.8 [0.2403869 0.9705575 0.01524037 0 -0.9706771 0.2403727 0.002714383 0 -0.00102906 -0.01544508 0.9998804 0 0.00139987 -0.0004027247 0.0001372019 1]]
		[0.825 [0.2403869 0.9705575 0.01524037 0 -0.9706771 0.2403727 0.002714383 0 -0.00102906 -0.01544508 0.9998804 0 0.00139987 -0.0004027247 0.0001372019 1]]
		[0.85 [0.2403869 0.9705575 0.01524037 0 -0.9706771 0.2403727 0.002714383 0 -0.00102906 -0.01544508 0.9998804 0 0.00139987 -0.0004027247 0.0001372019 1]]
		[0.875 [0.2403869 0.9705575 0.01524037 0 -0.9706771 0.2403727 0.002714383 0 -0.00102906 -0.01544508 0.9998804 0 0.00139987 -0.0004027247 0.0001372019 1]]
		[0.9 [0.2403869 0.9705575 0.01524037 0 -0.9706771 0.2403727 0.002714383 0 -0.00102906 -0.01544508 0.9998804 0 0.00139987 -0.0004027247 0.0001372019 1]]
		[0.925 [0.2403869 0.9705575 0.01524037 0 -0.9706771 0.2403727 0.002714383 0 -0.00102906 -0.01544508 0.9998804 0 0.00139987 -0.0004027247 0.0001372019 1]]
		[0.95 [0.2403869 0.9705575 0.01524037 0 -0.9706771 0.2403727 0.002714383 0 -0.00102906 -0.01544508 0.9998804 0 0.00139987 -0.0004027247 0.0001372019 1]]
		[0.975 [0.2403869 0.9705575 0.01524037 0 -0.9706771 0.2403727 0.002714383 0 -0.00102906 -0.01544508 0.9998804 0 0.00139987 -0.0004027247 0.0001372019 1]]
	]
	"Koleno_L_end" [
		[0 [0.2403869 0.9705575 0.01524037 0 -0.9706771 0.2403727 0.002714383 0 -0.00102906 -0.01544508 0.9998804 0 -0.004207246 -0.004790712 0.0001528814 1]]
		[0.025 [0.152499 0.988183 0.01542221 0 -0.9883038 0.1524953 0.001338728 0 -0.001029058 -0.01544508 0.9998807 0 -0.004037455 -0.005602699 0.0001405127 1]]
		[0.05 [0.05946963 0.9981095 0.01547977 0 -0.9982301 0.05947721 -0.0001085194 0 -0.001028936 -0.01544507 0.9998803 0 -0.003793949 -0.006509146 0.0001267594 1]]
		[0.075 [0.06849131 0.997531 0.01548017 0 -0.9976522 0.06849737 3.152175E-05 0 -0.001029052 -0.01544507 0.9998807 0 -0.003495838 -0.006856295 0.0001217047 1]]
		[0.1 [0.2727738 0.9619586 0.01514087 0 -0.9620784 0.2727551 0.003223466 0 -0.001029048 -0.01544506 0.9998804 0 -0.003031913 -0.006062411 0.0001344459 1]]
		[0.125 [0.6066762 0.7948448 0.01290291 0 -0.7949494 0.6066145 0.008552733 0 -0.001028926 -0.01544506 0.9998803 0 -0.001868753 -0.004456016 0.0001604569 1]]
		[0.15 [0.8736823 0.4864261 0.008413314 0 -0.4864975 0.8735839 0.01299424 0 -0.001028924 -0.01544506 0.9998803 0 3.031743E-05 -0.003117639 0.0001830862 1]]
		[0.175 [0.9837205 0.1796733 0.003787845 0 -0.1797094 0.9836041 0.01500963 0 -0.001029043 -0.01544506 0.9998807 0 0.001828428 -0.002519413 0.000194179 1]]
		[0.2 [0.9946863 -0.1029574 -0.0005668084 0 0.1029554 0.9945648 0.01546974 0 -0.001028925 -0.01544506 0.9998803 0 0.00342355 -0.002317419 0.0001989408 1]]
		[0.225 [0.9470276 -0.321128 -0.003986211 0 0.321153 0.946909 0.01495817 0 -0.001029047 -0.01544506 0.9998804 0 0.004503236 -0.002242525 0.0002012089 1]]
		[0.25 [0.9141877 -0.4052561 -0.005319601 0 0.4052914 0.9140721 0.01453749 0 -0.001029053 -0.01544506 0.9998804 0 0.004518567 -0.001846034 0.0002073495 1]]
		[0.275 [0.9554995 -0.2949703 -0.003573297 0 0.2949911 0.9553812 0.01506211 0 -0.001028943 -0.01544509 0.9998803 0 0.002799268 -0.0008247826 0.0002213564 1]]
		[0.3 [0.9991874 -0.04030608 0.0004056665 0 0.04029461 0.9990679 0.01547488 0 -0.001028949 -0.01544512 0.9998805 0 -0.0002565106 -6.249336E-05 0.0002299875 1]]
		[0.325 [0.9767329 0.2144148 0.004317321 0 -0.2144572 0.9766206 0.01486596 0 -0.001029066 -0.01544513 0.9998804 0 -0.003135854 -0.0002123188 0.00022471 1]]
		[0.35 [0.9286754 0.3708321 0.006684172 0 -0.3708929 0.9285712 0.01396273 0 -0.001029061 -0.01544514 0.9998804 0 -0.004866096 -0.0007633955 0.0002144166 1]]
		[0.375 [0.867413 0.4975137 0.008578084 0 -0.4975891 0.8673182 0.01288612 0 -0.001029057 -0.01544516 0.9998807 0 -0.00618621 -0.001517082 0.0002014153 1]]
		[0.4 [0.7792205 0.6266602 0.01048248 0 -0.6267498 0.7791385 0.01139102 0 -0.001028934 -0.01544517 0.9998803 0 -0.007350756 -0.002466453 0.0001855512 1]]
		[0.425 [0.6356412 0.7718804 0.01257794 0 -0.771985 0.635579 0.009023896 0 -0.00102905 -0.01544517 0.9998807 0 -0.008454756 -0.003695082 0.0001654355 1]]
		[0.45 [0.3976168 0.9174339 0.01458159 0 -0.9175518 0.3975858 0.005197578 0 -0.001028929 -0.01544517 0.9998803 0 -0.009420004 -0.005363809 0.000138664 1]]
		[0.475 [0.1149464 0.9932501 0.01546189 0 -0.9933718 0.1149508 0.0007534408 0 -0.00102893 -0.01544517 0.9998803 0 -0.009846719 -0.007134045 0.0001108775 1]]
		[0.5 [-0.1061031 0.9942377 0.0152496 0 -0.9943553 -0.1060721 -0.002661802 0 -0.001029051 -0.01544516 0.9998804 0 -0.009701147 -0.008353703 9.218741E-05 1]]
		[0.525 [-0.2168671 0.976088 0.01485529 0 -0.9762011 -0.2168234 -0.004354096 0 -0.001028936 -0.01544517 0.9998805 0 -0.009233473 -0.008711375 8.714223E-05 1]]
		[0.55 [-0.2481949 0.9685985 0.01470734 0 -0.96871 -0.2481478 -0.004830284 0 -0.001028941 -0.01544515 0.9998803 0 -0.008570288 -0.008459819 9.171067E-05 1]]
		[0.575 [-0.2156774 0.9763516 0.01486056 0 -0.9764643 -0.2156347 -0.004336008 0 -0.001028946 -0.01544514 0.9998803 0 -0.00777813 -0.007823079 0.0001023621 1]]
		[0.6 [-0.1255181 0.9919749 0.01519467 0 -0.9920908 -0.1254867 -0.002959499 0 -0.001028948 -0.01544512 0.9998803 0 -0.006885098 -0.006954978 0.0001166913 1]]
		[0.625 [0.013687 0.9997866 0.01545861 0 -0.9999058 0.0137014 -0.000817271 0 -0.001029067 -0.0154451 0.9998804 0 -0.005900682 -0.005979857 0.000132769 1]]
		[0.65 [0.1603871 0.9869336 0.015411 0 -0.987054 0.1603829 0.001461745 0 -0.001028945 -0.0154451 0.9998805 0 -0.004861195 -0.00515265 0.0001466161 1]]
		[0.675 [0.2403869 0.9705575 0.01524037 0 -0.9706771 0.2403727 0.002714383 0 -0.00102906 -0.01544508 0.9998804 0 -0.004207246 -0.004790712 0.0001528814 1]]
		[0.7 [0.2403869 0.9705575 0.01524037 0 -0.9706771 0.2403727 0.002714383 0 -0.00102906 -0.01544508 0.9998804 0 -0.004207246 -0.004790712 0.0001528814 1]]
		[0.725 [0.2403869 0.9705575 0.01524037 0 -0.9706771 0.2403727 0.002714383 0 -0.00102906 -0.01544508 0.9998804 0 -0.004207246 -0.004790712 0.0001528814 1]]
		[0.75 [0.2403869 0.9705575 0.01524037 0 -0.9706771 0.2403727 0.002714383 0 -0.00102906 -0.01544508 0.9998804 0 -0.004207246 -0.004790712 0.0001528814 1]]
		[0.775 [0.2403869 0.9705575 0.01524037 0 -0.9706771 0.2403727 0.002714383 0 -0.00102906 -0.01544508 0.9998804 0 -0.004207246 -0.004790712 0.0001528814 1]]
		[0.8 [0.2403869 0.9705575 0.01524037 0 -0.9706771 0.2403727 0.002714383 0 -0.00102906 -0.01544508 0.9998804 0 -0.004207246 -0.004790712 0.0001528814 1]]
		[0.825 [0.2403869 0.9705575 0.01524037 0 -0.9706771 0.2403727 0.002714383 0 -0.00102906 -0.01544508 0.9998804 0 -0.004207246 -0.004790712 0.0001528814 1]]
		[0.85 [0.2403869 0.9705575 0.01524037 0 -0.9706771 0.2403727 0.002714383 0 -0.00102906 -0.01544508 0.9998804 0 -0.004207246 -0.004790712 0.0001528814 1]]
		[0.875 [0.2403869 0.9705575 0.01524037 0 -0.9706771 0.2403727 0.002714383 0 -0.00102906 -0.01544508 0.9998804 0 -0.004207246 -0.004790712 0.0001528814 1]]
		[0.9 [0.2403869 0.9705575 0.01524037 0 -0.9706771 0.2403727 0.002714383 0 -0.00102906 -0.01544508 0.9998804 0 -0.004207246 -0.004790712 0.0001528814 1]]
		[0.925 [0.2403869 0.9705575 0.01524037 0 -0.9706771 0.2403727 0.002714383 0 -0.00102906 -0.01544508 0.9998804 0 -0.004207246 -0.004790712 0.0001528814 1]]
		[0.95 [0.2403869 0.9705575 0.01524037 0 -0.9706771 0.2403727 0.002714383 0 -0.00102906 -0.01544508 0.9998804 0 -0.004207246 -0.004790712 0.0001528814 1]]
		[0.975 [0.2403869 0.9705575 0.01524037 0 -0.9706771 0.2403727 0.002714383 0 -0.00102906 -0.01544508 0.9998804 0 -0.004207246 -0.004790712 0.0001528814 1]]
	]
	"Bedro_P" [
		[0 [0.9117971 -0.4104389 -0.01284828 0 0.4106366 0.9114933 0.02362611 0 0.002013716 -0.0268173 0.9996386 0 -8.623134E-11 -2.429424E-10 -3.51312E-10 1]]
		[0.025 [0.8828647 -0.469406 -0.01437183 0 0.4696235 0.8825743 0.02273144 0 0.002013835 -0.02681731 0.9996384 0 -1.251847E-05 -0.0001686009 -4.498325E-06 1]]
		[0.05 [0.840897 -0.5409511 -0.01620668 0 0.5411922 0.8406255 0.02146186 0 0.002013835 -0.02681731 0.9996384 0 -2.686884E-05 -0.0003618752 -9.654547E-06 1]]
		[0.075 [0.7912238 -0.6112604 -0.01799285 0 0.6115242 0.7909738 0.01998811 0 0.002013835 -0.02681731 0.9996384 0 -4.155239E-05 -0.0005596369 -1.493048E-05 1]]
		[0.1 [0.7430868 -0.668911 -0.01944264 0 0.6691931 0.7428573 0.01858106 0 0.002013716 -0.0268173 0.9996386 0 -5.506998E-05 -0.0007416949 -1.978748E-05 1]]
		[0.125 [0.70871 -0.7052048 -0.02034706 0 0.7054982 0.7084948 0.01758605 0 0.002013716 -0.0268173 0.9996386 0 -6.592298E-05 -0.0008878658 -2.368706E-05 1]]
		[0.15 [0.7010965 -0.7127691 -0.02053454 0 0.7130648 0.7008842 0.01736663 0 0.002013835 -0.02681731 0.9996384 0 -7.261242E-05 -0.0009779608 -2.609064E-05 1]]
		[0.175 [0.7315494 -0.6815005 -0.01975702 0 0.6817865 0.7313246 0.0182463 0 0.002013835 -0.02681731 0.9996384 0 -7.348217E-05 -0.0009896748 -2.640315E-05 1]]
		[0.2 [0.8015147 -0.597713 -0.01765026 0 0.5979725 0.8012604 0.02029138 0 0.002013716 -0.0268173 0.9996386 0 -6.632084E-05 -0.0008932243 -2.383002E-05 1]]
		[0.225 [0.8864684 -0.46257 -0.0141957 0 0.4627852 0.8861763 0.02284185 0 0.002013835 -0.02681731 0.9996384 0 -5.316406E-05 -0.0007160255 -1.910266E-05 1]]
		[0.25 [0.9575952 -0.287954 -0.009654421 0 0.2881099 0.9572683 0.02510101 0 0.002013835 -0.02681731 0.9996384 0 -3.70095E-05 -0.000498452 -1.329818E-05 1]]
		[0.275 [0.9954399 -0.09528011 -0.004561758 0 0.09536837 0.9950891 0.02650397 0 0.002013716 -0.0268173 0.9996386 0 -2.085486E-05 -0.0002808774 -7.493667E-06 1]]
		[0.3 [0.9961389 0.08778909 0.0003481874 0 -0.08776702 0.995778 0.02689141 0 0.002013716 -0.0268173 0.9996386 0 -7.698076E-06 -0.0001036786 -2.766311E-06 1]]
		[0.325 [0.9722816 0.233772 0.004312658 0 -0.233804 0.9719214 0.0265456 0 0.002013716 -0.0268173 0.9996386 0 -5.367449E-07 -7.228092E-06 -1.931778E-07 1]]
		[0.35 [0.9423177 0.3346441 0.00707921 0 -0.3347142 0.9419627 0.02594517 0 0.002013716 -0.0268173 0.9996386 0 -2.072602E-06 -2.791338E-05 -7.450254E-07 1]]
		[0.375 [0.9099222 0.4146736 0.009291613 0 -0.4147744 0.9095744 0.02523756 0 0.002013835 -0.02681731 0.9996384 0 -1.156551E-05 -0.0001557662 -4.155917E-06 1]]
		[0.4 [0.8783553 0.4778792 0.01105088 0 -0.4780046 0.8780152 0.02451828 0 0.002013835 -0.02681731 0.9996384 0 -2.605468E-05 -0.0003509098 -9.36201E-06 1]]
		[0.425 [0.8507621 0.5254039 0.01238134 0 -0.525548 0.8504294 0.023874 0 0.002013716 -0.0268173 0.9996386 0 -4.254233E-05 -0.0005729695 -1.528618E-05 1]]
		[0.45 [0.8294731 0.5583867 0.01330909 0 -0.5585439 0.8291464 0.02336949 0 0.002013716 -0.0268173 0.9996386 0 -5.803078E-05 -0.0007815717 -2.085132E-05 1]]
		[0.475 [0.8160838 0.5777661 0.01385597 0 -0.577931 0.8157608 0.02304945 0 0.002013716 -0.0268173 0.9996386 0 -6.952218E-05 -0.0009363407 -2.498029E-05 1]]
		[0.5 [0.8115195 0.5841554 0.01403669 0 -0.5843228 0.8111978 0.02293991 0 0.002013835 -0.02681731 0.9996384 0 -7.401883E-05 -0.0009969027 -2.659598E-05 1]]
		[0.525 [0.8142641 0.580326 0.01392843 0 -0.5804919 0.8139414 0.0230058 0 0.002013835 -0.02681731 0.9996384 0 -7.093776E-05 -0.0009554061 -2.548892E-05 1]]
		[0.55 [0.8329662 0.553166 0.01316211 0 -0.5533211 0.8326384 0.02345266 0 0.002013835 -0.02681731 0.9996384 0 -6.269394E-05 -0.0008443763 -2.252684E-05 1]]
		[0.575 [0.8790274 0.4766428 0.01101636 0 -0.4767677 0.8786871 0.02453382 0 0.002013835 -0.02681731 0.9996384 0 -5.078624E-05 -0.0006840005 -1.824829E-05 1]]
		[0.6 [0.9493405 0.3141811 0.006516083 0 -0.3142435 0.948984 0.0260923 0 0.002013716 -0.0268173 0.9996386 0 -3.671338E-05 -0.0004944638 -1.319178E-05 1]]
		[0.625 [0.9983854 0.05679946 -0.0004877235 0 -0.05676604 0.9980254 0.02688924 0 0.002013716 -0.0268173 0.9996386 0 -2.197441E-05 -0.0002959558 -7.895933E-06 1]]
		[0.65 [0.9719391 -0.2350861 -0.008265105 0 0.2352237 0.9716043 0.02559216 0 0.002013716 -0.0268173 0.9996386 0 -8.068143E-06 -0.0001086628 -2.899279E-06 1]]
		[0.675 [0.9117971 -0.4104389 -0.01284828 0 0.4106366 0.9114933 0.02362611 0 0.002013716 -0.0268173 0.9996386 0 -8.623134E-11 -2.429424E-10 -3.51312E-10 1]]
		[0.7 [0.9117971 -0.4104389 -0.01284828 0 0.4106366 0.9114933 0.02362611 0 0.002013716 -0.0268173 0.9996386 0 -8.623134E-11 -2.429424E-10 -3.51312E-10 1]]
		[0.725 [0.9117971 -0.4104389 -0.01284828 0 0.4106366 0.9114933 0.02362611 0 0.002013716 -0.0268173 0.9996386 0 -8.623134E-11 -2.429424E-10 -3.51312E-10 1]]
		[0.75 [0.9117971 -0.4104389 -0.01284828 0 0.4106366 0.9114933 0.02362611 0 0.002013716 -0.0268173 0.9996386 0 -8.623134E-11 -2.429424E-10 -3.51312E-10 1]]
		[0.775 [0.9117971 -0.4104389 -0.01284828 0 0.4106366 0.9114933 0.02362611 0 0.002013716 -0.0268173 0.9996386 0 -8.623134E-11 -2.429424E-10 -3.51312E-10 1]]
		[0.8 [0.9117971 -0.4104389 -0.01284828 0 0.4106366 0.9114933 0.02362611 0 0.002013716 -0.0268173 0.9996386 0 -8.623134E-11 -2.429424E-10 -3.51312E-10 1]]
		[0.825 [0.9117971 -0.4104389 -0.01284828 0 0.4106366 0.9114933 0.02362611 0 0.002013716 -0.0268173 0.9996386 0 -8.623134E-11 -2.429424E-10 -3.51312E-10 1]]
		[0.85 [0.9117971 -0.4104389 -0.01284828 0 0.4106366 0.9114933 0.02362611 0 0.002013716 -0.0268173 0.9996386 0 -8.623134E-11 -2.429424E-10 -3.51312E-10 1]]
		[0.875 [0.9117971 -0.4104389 -0.01284828 0 0.4106366 0.9114933 0.02362611 0 0.002013716 -0.0268173 0.9996386 0 -8.623134E-11 -2.429424E-10 -3.51312E-10 1]]
		[0.9 [0.9117971 -0.4104389 -0.01284828 0 0.4106366 0.9114933 0.02362611 0 0.002013716 -0.0268173 0.9996386 0 -8.623134E-11 -2.429424E-10 -3.51312E-10 1]]
		[0.925 [0.9117971 -0.4104389 -0.01284828 0 0.4106366 0.9114933 0.02362611 0 0.002013716 -0.0268173 0.9996386 0 -8.623134E-11 -2.429424E-10 -3.51312E-10 1]]
		[0.95 [0.9117971 -0.4104389 -0.01284828 0 0.4106366 0.9114933 0.02362611 0 0.002013716 -0.0268173 0.9996386 0 -8.623134E-11 -2.429424E-10 -3.51312E-10 1]]
		[0.975 [0.9117971 -0.4104389 -0.01284828 0 0.4106366 0.9114933 0.02362611 0 0.002013716 -0.0268173 0.9996386 0 -8.623134E-11 -2.429424E-10 -3.51312E-10 1]]
	]
	"Koleno_P" [
		[0 [0.9609289 0.2767732 -0.003387691 0 -0.2767939 0.9608091 -0.01522136 0 -0.0009583968 0.0155635 0.9998786 0 -0.002227988 -0.0001541345 -0.000142398 1]]
		[0.025 [0.9299433 0.36767 -0.004832179 0 -0.3677022 0.9298255 -0.01482617 0 -0.0009582762 0.01556349 0.9998787 0 -0.002572028 -0.0004305405 -0.0001384251 1]]
		[0.05 [0.8853205 0.4649355 -0.006388989 0 -0.4649805 0.8852072 -0.01422483 0 -0.0009582732 0.01556348 0.9998785 0 -0.002993868 -0.0007907418 -0.0001332222 1]]
		[0.075 [0.7996354 0.6004226 -0.008580106 0 -0.6004855 0.7995304 -0.013021 0 -0.0009582698 0.01556347 0.9998785 0 -0.003415334 -0.001196931 -0.0001273032 1]]
		[0.1 [0.6212988 0.7834864 -0.0116007 0 -0.7835739 0.6212132 -0.01042067 0 -0.0009583856 0.01556348 0.9998789 0 -0.003767888 -0.001588897 -0.0001215396 1]]
		[0.125 [0.3347203 0.9422067 -0.01434594 0 -0.9423175 0.3346678 -0.006112321 0 -0.0009583829 0.01556347 0.9998786 0 -0.003995087 -0.001888674 -0.0001170908 1]]
		[0.15 [0.03578947 0.999238 -0.01552002 0 -0.9993595 0.03577261 -0.001514387 0 -0.0009582635 0.01556346 0.9998787 0 -0.004046878 -0.002013183 -0.0001152023 1]]
		[0.175 [-0.1524113 0.9881949 -0.01552845 0 -0.9883173 -0.1524051 0.001425398 0 -0.0009582655 0.01556346 0.9998785 0 -0.003859971 -0.001888246 -0.000116968 1]]
		[0.2 [-0.2240831 0.9744489 -0.01538319 0 -0.97457 -0.2240684 0.002554206 0 -0.0009583898 0.01556349 0.9998789 0 -0.003359142 -0.001486802 -0.0001227372 1]]
		[0.225 [-0.2162839 0.976209 -0.0154031 0 -0.9763301 -0.2162706 0.00243102 0 -0.0009582762 0.01556348 0.9998785 0 -0.002570946 -0.0009645087 -0.0001301122 1]]
		[0.25 [-0.1489992 0.9887154 -0.01553332 0 -0.9888368 -0.148995 0.001371809 0 -0.0009582804 0.0155635 0.9998787 0 -0.001582532 -0.000504466 -0.0001363263 1]]
		[0.275 [-0.02533162 0.9995577 -0.01558361 0 -0.9996786 -0.02534321 -0.0005632509 0 -0.0009584001 0.01556353 0.9998786 0 -0.0005241761 -0.0002332926 -0.0001395334 1]]
		[0.3 [0.1213685 0.992489 -0.01533302 0 -0.9926071 0.1213388 -0.002839761 0 -0.0009583979 0.01556354 0.9998786 0 0.0004527295 -0.000190799 -0.0001392589 1]]
		[0.325 [0.2259192 0.9740313 -0.01494554 0 -0.9741457 0.2258766 -0.004449332 0 -0.000958394 0.01556356 0.9998786 0 0.001210187 -0.0003303215 -0.0001363614 1]]
		[0.35 [0.2265004 0.9738963 -0.01494287 0 -0.9740109 0.2264574 -0.004458245 0 -0.0009583902 0.01556356 0.9998786 0 0.001717382 -0.0005850738 -0.0001319099 1]]
		[0.375 [0.144469 0.9893911 -0.01526271 0 -0.9895094 0.1444352 -0.003196428 0 -0.0009582675 0.01556356 0.9998787 0 0.002105595 -0.0009440915 -0.0001259494 1]]
		[0.4 [0.100555 0.9948116 -0.01538917 0 -0.9949315 0.1005266 -0.002518128 0 -0.0009582638 0.01556357 0.9998785 0 0.002401198 -0.001353354 -0.0001192955 1]]
		[0.425 [0.2204233 0.975289 -0.01497037 0 -0.9754047 0.2203803 -0.004364986 0 -0.0009583799 0.01556358 0.9998786 0 0.002615366 -0.001756767 -0.0001128107 1]]
		[0.45 [0.5128095 0.8584062 -0.01287082 0 -0.8585027 0.5127327 -0.008803803 0 -0.0009583777 0.01556358 0.9998786 0 0.002758637 -0.002102523 -0.0001072913 1]]
		[0.475 [0.8058727 0.5920298 -0.008443578 0 -0.5920892 0.8057644 -0.01310995 0 -0.0009583763 0.01556358 0.9998786 0 0.002839937 -0.002342536 -0.0001034774 1]]
		[0.5 [0.96093 0.2767743 -0.003387632 0 -0.2767925 0.9608077 -0.01522142 0 -0.0009582567 0.01556357 0.9998785 0 0.002865972 -0.002431997 -0.0001020598 1]]
		[0.525 [0.9999349 -0.011427 0.001135965 0 0.01144462 0.9998124 -0.0155524 0 -0.0009582572 0.01556358 0.9998787 0 0.002850733 -0.002373131 -0.0001029908 1]]
		[0.55 [0.9653311 -0.2609817 0.004987451 0 0.2610294 0.9652172 -0.01477474 0 -0.0009582589 0.01556357 0.9998785 0 0.002729463 -0.002143029 -0.0001066888 1]]
		[0.575 [0.9183833 -0.3956296 0.007038438 0 0.3956926 0.9182773 -0.01391502 0 -0.0009582641 0.01556357 0.9998787 0 0.002372287 -0.00168218 -0.0001142047 1]]
		[0.6 [0.9332602 -0.3591422 0.006484604 0 0.3592007 0.9331526 -0.01418152 0 -0.0009583911 0.01556356 0.9998786 0 0.001582833 -0.0009994658 -0.0001255883 1]]
		[0.625 [0.987878 -0.1551961 0.003362261 0 0.1552297 0.987761 -0.01522699 0 -0.0009583987 0.01556354 0.9998789 0 0.0002779887 -0.0003479277 -0.0001369805 1]]
		[0.65 [0.9929879 0.1182113 -0.0008887649 0 -0.1182117 0.9928665 -0.01556844 0 -0.0009584001 0.01556352 0.9998789 0 -0.001266435 -7.891737E-05 -0.0001426476 1]]
		[0.675 [0.9609289 0.2767732 -0.003387691 0 -0.2767939 0.9608091 -0.01522136 0 -0.0009583968 0.0155635 0.9998786 0 -0.002227988 -0.0001541345 -0.000142398 1]]
		[0.7 [0.9609289 0.2767732 -0.003387691 0 -0.2767939 0.9608091 -0.01522136 0 -0.0009583968 0.0155635 0.9998786 0 -0.002227988 -0.0001541345 -0.000142398 1]]
		[0.725 [0.9609289 0.2767732 -0.003387691 0 -0.2767939 0.9608091 -0.01522136 0 -0.0009583968 0.0155635 0.9998786 0 -0.002227988 -0.0001541345 -0.000142398 1]]
		[0.75 [0.9609289 0.2767732 -0.003387691 0 -0.2767939 0.9608091 -0.01522136 0 -0.0009583968 0.0155635 0.9998786 0 -0.002227988 -0.0001541345 -0.000142398 1]]
		[0.775 [0.9609289 0.2767732 -0.003387691 0 -0.2767939 0.9608091 -0.01522136 0 -0.0009583968 0.0155635 0.9998786 0 -0.002227988 -0.0001541345 -0.000142398 1]]
		[0.8 [0.9609289 0.2767732 -0.003387691 0 -0.2767939 0.9608091 -0.01522136 0 -0.0009583968 0.0155635 0.9998786 0 -0.002227988 -0.0001541345 -0.000142398 1]]
		[0.825 [0.9609289 0.2767732 -0.003387691 0 -0.2767939 0.9608091 -0.01522136 0 -0.0009583968 0.0155635 0.9998786 0 -0.002227988 -0.0001541345 -0.000142398 1]]
		[0.85 [0.9609289 0.2767732 -0.003387691 0 -0.2767939 0.9608091 -0.01522136 0 -0.0009583968 0.0155635 0.9998786 0 -0.002227988 -0.0001541345 -0.000142398 1]]
		[0.875 [0.9609289 0.2767732 -0.003387691 0 -0.2767939 0.9608091 -0.01522136 0 -0.0009583968 0.0155635 0.9998786 0 -0.002227988 -0.0001541345 -0.000142398 1]]
		[0.9 [0.9609289 0.2767732 -0.003387691 0 -0.2767939 0.9608091 -0.01522136 0 -0.0009583968 0.0155635 0.9998786 0 -0.002227988 -0.0001541345 -0.000142398 1]]
		[0.925 [0.9609289 0.2767732 -0.003387691 0 -0.2767939 0.9608091 -0.01522136 0 -0.0009583968 0.0155635 0.9998786 0 -0.002227988 -0.0001541345 -0.000142398 1]]
		[0.95 [0.9609289 0.2767732 -0.003387691 0 -0.2767939 0.9608091 -0.01522136 0 -0.0009583968 0.0155635 0.9998786 0 -0.002227988 -0.0001541345 -0.000142398 1]]
		[0.975 [0.9609289 0.2767732 -0.003387691 0 -0.2767939 0.9608091 -0.01522136 0 -0.0009583968 0.0155635 0.9998786 0 -0.002227988 -0.0001541345 -0.000142398 1]]
	]
	"Koleno_P_end" [
		[0 [0.9609289 0.2767732 -0.003387691 0 -0.2767939 0.9608091 -0.01522136 0 -0.0009583968 0.0155635 0.9998786 0 -0.003826888 -0.00038052 -0.0002303243 1]]
		[0.025 [0.9299433 0.36767 -0.004832179 0 -0.3677022 0.9298255 -0.01482617 0 -0.0009582762 0.01556349 0.9998787 0 -0.00469606 -0.0008359026 -0.0002240684 1]]
		[0.05 [0.8853205 0.4649355 -0.006388989 0 -0.4649805 0.8852072 -0.01422483 0 -0.0009582732 0.01556348 0.9998785 0 -0.005679829 -0.001453841 -0.000215392 1]]
		[0.075 [0.7996354 0.6004226 -0.008580106 0 -0.6004855 0.7995304 -0.013021 0 -0.0009582698 0.01556347 0.9998785 0 -0.006884038 -0.002354942 -0.000202519 1]]
		[0.1 [0.6212988 0.7834864 -0.0116007 0 -0.7835739 0.6212132 -0.01042067 0 -0.0009583856 0.01556348 0.9998789 0 -0.008294201 -0.003776961 -0.0001817346 1]]
		[0.125 [0.3347203 0.9422067 -0.01434594 0 -0.9423175 0.3346678 -0.006112321 0 -0.0009583829 0.01556347 0.9998786 0 -0.009438384 -0.005731964 -0.0001523988 1]]
		[0.15 [0.03578947 0.999238 -0.01552002 0 -0.9993595 0.03577261 -0.001514387 0 -0.0009582635 0.01556346 0.9998787 0 -0.009819677 -0.007583043 -0.0001239498 1]]
		[0.175 [-0.1524113 0.9881949 -0.01552845 0 -0.9883173 -0.1524051 0.001425398 0 -0.0009582655 0.01556346 0.9998785 0 -0.009568986 -0.008545113 -0.0001087338 1]]
		[0.2 [-0.2240831 0.9744489 -0.01538319 0 -0.97457 -0.2240684 0.002554206 0 -0.0009583898 0.01556349 0.9998789 0 -0.008988744 -0.008557633 -0.000107983 1]]
		[0.225 [-0.2162839 0.976209 -0.0154031 0 -0.9763301 -0.2162706 0.00243102 0 -0.0009582762 0.01556348 0.9998785 0 -0.008210716 -0.007990295 -0.0001160689 1]]
		[0.25 [-0.1489992 0.9887154 -0.01553332 0 -0.9888368 -0.148995 0.001371809 0 -0.0009582804 0.0155635 0.9998787 0 -0.007294547 -0.007141635 -0.0001284015 1]]
		[0.275 [-0.02533162 0.9995577 -0.01558361 0 -0.9996786 -0.02534321 -0.0005632509 0 -0.0009584001 0.01556353 0.9998786 0 -0.006298819 -0.006156186 -0.0001427872 1]]
		[0.3 [0.1213685 0.992489 -0.01533302 0 -0.9926071 0.1213388 -0.002839761 0 -0.0009583979 0.01556354 0.9998786 0 -0.005281064 -0.005266385 -0.000155663 1]]
		[0.325 [0.2259192 0.9740313 -0.01494554 0 -0.9741457 0.2258766 -0.004449332 0 -0.000958394 0.01556356 0.9998786 0 -0.004416965 -0.004802044 -0.0001620631 1]]
		[0.35 [0.2265004 0.9738963 -0.01494287 0 -0.9740109 0.2264574 -0.004458245 0 -0.0009583902 0.01556356 0.9998786 0 -0.003908991 -0.005053441 -0.0001576632 1]]
		[0.375 [0.144469 0.9893911 -0.01526271 0 -0.9895094 0.1444352 -0.003196428 0 -0.0009582675 0.01556356 0.9998787 0 -0.003610306 -0.005886261 -0.0001444131 1]]
		[0.4 [0.100555 0.9948116 -0.01538917 0 -0.9949315 0.1005266 -0.002518128 0 -0.0009582638 0.01556357 0.9998785 0 -0.003346024 -0.00654916 -0.0001338411 1]]
		[0.425 [0.2204233 0.975289 -0.01497037 0 -0.9754047 0.2203803 -0.004364986 0 -0.0009583799 0.01556358 0.9998786 0 -0.003019059 -0.006260239 -0.0001380253 1]]
		[0.45 [0.5128095 0.8584062 -0.01287082 0 -0.8585027 0.5127327 -0.008803803 0 -0.0009583777 0.01556358 0.9998786 0 -0.002200504 -0.004917222 -0.0001581467 1]]
		[0.475 [0.8058727 0.5920298 -0.008443578 0 -0.5920892 0.8057644 -0.01310995 0 -0.0009583763 0.01556358 0.9998786 0 -0.0005802661 -0.003464537 -0.0001792072 1]]
		[0.5 [0.96093 0.2767743 -0.003387632 0 -0.2767925 0.9608077 -0.01522142 0 -0.0009582567 0.01556357 0.9998785 0 0.00126708 -0.00265839 -0.0001899859 1]]
		[0.525 [0.9999349 -0.011427 0.001135965 0 0.01144462 0.9998124 -0.0155524 0 -0.0009582572 0.01556358 0.9998787 0 0.002916842 -0.002374212 -0.0001928289 1]]
		[0.55 [0.9653311 -0.2609817 0.004987451 0 0.2610294 0.9652172 -0.01477474 0 -0.0009582589 0.01556357 0.9998785 0 0.004237299 -0.00234395 -0.0001920348 1]]
		[0.575 [0.9183833 -0.3956296 0.007038438 0 0.3956926 0.9182773 -0.01391502 0 -0.0009582641 0.01556357 0.9998787 0 0.004658006 -0.00215425 -0.0001945847 1]]
		[0.6 [0.9332602 -0.3591422 0.006484604 0 0.3592007 0.9331526 -0.01418152 0 -0.0009583911 0.01556356 0.9998786 0 0.003657756 -0.001385609 -0.0002075079 1]]
		[0.625 [0.987878 -0.1551961 0.003362261 0 0.1552297 0.987761 -0.01522699 0 -0.0009583987 0.01556354 0.9998789 0 0.001174673 -0.0004186255 -0.0002249392 1]]
		[0.65 [0.9929879 0.1182113 -0.0008887649 0 -0.1182117 0.9928665 -0.01556844 0 -0.0009584001 0.01556352 0.9998789 0 -0.001949285 -0.0001201245 -0.0002325787 1]]
		[0.675 [0.9609289 0.2767732 -0.003387691 0 -0.2767939 0.9608091 -0.01522136 0 -0.0009583968 0.0155635 0.9998786 0 -0.003826888 -0.00038052 -0.0002303243 1]]
		[0.7 [0.9609289 0.2767732 -0.003387691 0 -0.2767939 0.9608091 -0.01522136 0 -0.0009583968 0.0155635 0.9998786 0 -0.003826888 -0.00038052 -0.0002303243 1]]
		[0.725 [0.9609289 0.2767732 -0.003387691 0 -0.2767939 0.9608091 -0.01522136 0 -0.0009583968 0.0155635 0.9998786 0 -0.003826888 -0.00038052 -0.0002303243 1]]
		[0.75 [0.9609289 0.2767732 -0.003387691 0 -0.2767939 0.9608091 -0.01522136 0 -0.0009583968 0.0155635 0.9998786 0 -0.003826888 -0.00038052 -0.0002303243 1]]
		[0.775 [0.9609289 0.2767732 -0.003387691 0 -0.2767939 0.9608091 -0.01522136 0 -0.0009583968 0.0155635 0.9998786 0 -0.003826888 -0.00038052 -0.0002303243 1]]
